Column1,Column2,Column3,Column4,Column5
1,2,3,4,5
2,4,6,8,10
3,6,9,12,15
4,8,12,16,20
5,10,15,20,25
6,12,18,24,30
7,14,21,28,35
8,16,24,32,40
9,18,27,36,45
10,20,30,40,50
11,22,33,44,55
12,24,36,48,60
13,26,39,52,65
14,28,42,56,70
15,30,45,60,75
16,32,48,64,80
17,34,51,68,85
18,36,54,72,90
19,38,57,76,95
20,40,60,80,100
21,42,63,84,105
22,44,66,88,110
23,46,69,92,115
24,48,72,96,120
25,50,75,100,125
26,52,78,104,130
27,54,81,108,135
28,56,84,112,140
29,58,87,116,145
30,60,90,120,150
31,62,93,124,155
32,64,96,128,160
33,66,99,132,165
34,68,102,136,170
35,70,105,140,175
36,72,108,144,180
37,74,111,148,185
38,76,114,152,190
39,78,117,156,195
40,80,120,160,200
41,82,123,164,205
42,84,126,168,210
43,86,129,172,215
44,88,132,176,220
45,90,135,180,225
46,92,138,184,230
47,94,141,188,235
48,96,144,192,240
49,98,147,196,245
50,100,150,200,250
51,102,153,204,255
52,104,156,208,260
53,106,159,212,265
54,108,162,216,270
55,110,165,220,275
56,112,168,224,280
57,114,171,228,285
58,116,174,232,290
59,118,177,236,295
60,120,180,240,300
61,122,183,244,305
62,124,186,248,310
63,126,189,252,315
64,128,192,256,320
65,130,195,260,325
66,132,198,264,330
67,134,201,268,335
68,136,204,272,340
69,138,207,276,345
70,140,210,280,350
71,142,213,284,355
72,144,216,288,360
73,146,219,292,365
74,148,222,296,370
75,150,225,300,375
76,152,228,304,380
77,154,231,308,385
78,156,234,312,390
79,158,237,316,395
80,160,240,320,400
81,162,243,324,405
82,164,246,328,410
83,166,249,332,415
84,168,252,336,420
85,170,255,340,425
86,172,258,344,430
87,174,261,348,435
88,176,264,352,440
89,178,267,356,445
90,180,270,360,450
91,182,273,364,455
92,184,276,368,460
93,186,279,372,465
94,188,282,376,470
95,190,285,380,475
96,192,288,384,480
97,194,291,388,485
98,196,294,392,490
99,198,297,396,495
100,200,300,400,500
101,202,303,404,505
102,204,306,408,510
103,206,309,412,515
104,208,312,416,520
105,210,315,420,525
106,212,318,424,530
107,214,321,428,535
108,216,324,432,540
109,218,327,436,545
110,220,330,440,550
111,222,333,444,555
112,224,336,448,560
113,226,339,452,565
114,228,342,456,570
115,230,345,460,575
116,232,348,464,580
117,234,351,468,585
118,236,354,472,590
119,238,357,476,595
120,240,360,480,600
121,242,363,484,605
122,244,366,488,610
123,246,369,492,615
124,248,372,496,620
125,250,375,500,625
126,252,378,504,630
127,254,381,508,635
128,256,384,512,640
129,258,387,516,645
130,260,390,520,650
131,262,393,524,655
132,264,396,528,660
133,266,399,532,665
134,268,402,536,670
135,270,405,540,675
136,272,408,544,680
137,274,411,548,685
138,276,414,552,690
139,278,417,556,695
140,280,420,560,700
141,282,423,564,705
142,284,426,568,710
143,286,429,572,715
144,288,432,576,720
145,290,435,580,725
146,292,438,584,730
147,294,441,588,735
148,296,444,592,740
149,298,447,596,745
150,300,450,600,750
151,302,453,604,755
152,304,456,608,760
153,306,459,612,765
154,308,462,616,770
155,310,465,620,775
156,312,468,624,780
157,314,471,628,785
158,316,474,632,790
159,318,477,636,795
160,320,480,640,800
161,322,483,644,805
162,324,486,648,810
163,326,489,652,815
164,328,492,656,820
165,330,495,660,825
166,332,498,664,830
167,334,501,668,835
168,336,504,672,840
169,338,507,676,845
170,340,510,680,850
171,342,513,684,855
172,344,516,688,860
173,346,519,692,865
174,348,522,696,870
175,350,525,700,875
176,352,528,704,880
177,354,531,708,885
178,356,534,712,890
179,358,537,716,895
180,360,540,720,900
181,362,543,724,905
182,364,546,728,910
183,366,549,732,915
184,368,552,736,920
185,370,555,740,925
186,372,558,744,930
187,374,561,748,935
188,376,564,752,940
189,378,567,756,945
190,380,570,760,950
191,382,573,764,955
192,384,576,768,960
193,386,579,772,965
194,388,582,776,970
195,390,585,780,975
196,392,588,784,980
197,394,591,788,985
198,396,594,792,990
199,398,597,796,995
200,400,600,800,1000
201,402,603,804,1005
202,404,606,808,1010
203,406,609,812,1015
204,408,612,816,1020
205,410,615,820,1025
206,412,618,824,1030
207,414,621,828,1035
208,416,624,832,1040
209,418,627,836,1045
210,420,630,840,1050
211,422,633,844,1055
212,424,636,848,1060
213,426,639,852,1065
214,428,642,856,1070
215,430,645,860,1075
216,432,648,864,1080
217,434,651,868,1085
218,436,654,872,1090
219,438,657,876,1095
220,440,660,880,1100
221,442,663,884,1105
222,444,666,888,1110
223,446,669,892,1115
224,448,672,896,1120
225,450,675,900,1125
226,452,678,904,1130
227,454,681,908,1135
228,456,684,912,1140
229,458,687,916,1145
230,460,690,920,1150
231,462,693,924,1155
232,464,696,928,1160
233,466,699,932,1165
234,468,702,936,1170
235,470,705,940,1175
236,472,708,944,1180
237,474,711,948,1185
238,476,714,952,1190
239,478,717,956,1195
240,480,720,960,1200
241,482,723,964,1205
242,484,726,968,1210
243,486,729,972,1215
244,488,732,976,1220
245,490,735,980,1225
246,492,738,984,1230
247,494,741,988,1235
248,496,744,992,1240
249,498,747,996,1245
250,500,750,1000,1250
251,502,753,1004,1255
252,504,756,1008,1260
253,506,759,1012,1265
254,508,762,1016,1270
255,510,765,1020,1275
256,512,768,1024,1280
257,514,771,1028,1285
258,516,774,1032,1290
259,518,777,1036,1295
260,520,780,1040,1300
261,522,783,1044,1305
262,524,786,1048,1310
263,526,789,1052,1315
264,528,792,1056,1320
265,530,795,1060,1325
266,532,798,1064,1330
267,534,801,1068,1335
268,536,804,1072,1340
269,538,807,1076,1345
270,540,810,1080,1350
271,542,813,1084,1355
272,544,816,1088,1360
273,546,819,1092,1365
274,548,822,1096,1370
275,550,825,1100,1375
276,552,828,1104,1380
277,554,831,1108,1385
278,556,834,1112,1390
279,558,837,1116,1395
280,560,840,1120,1400
281,562,843,1124,1405
282,564,846,1128,1410
283,566,849,1132,1415
284,568,852,1136,1420
285,570,855,1140,1425
286,572,858,1144,1430
287,574,861,1148,1435
288,576,864,1152,1440
289,578,867,1156,1445
290,580,870,1160,1450
291,582,873,1164,1455
292,584,876,1168,1460
293,586,879,1172,1465
294,588,882,1176,1470
295,590,885,1180,1475
296,592,888,1184,1480
297,594,891,1188,1485
298,596,894,1192,1490
299,598,897,1196,1495
300,600,900,1200,1500
301,602,903,1204,1505
302,604,906,1208,1510
303,606,909,1212,1515
304,608,912,1216,1520
305,610,915,1220,1525
306,612,918,1224,1530
307,614,921,1228,1535
308,616,924,1232,1540
309,618,927,1236,1545
310,620,930,1240,1550
311,622,933,1244,1555
312,624,936,1248,1560
313,626,939,1252,1565
314,628,942,1256,1570
315,630,945,1260,1575
316,632,948,1264,1580
317,634,951,1268,1585
318,636,954,1272,1590
319,638,957,1276,1595
320,640,960,1280,1600
321,642,963,1284,1605
322,644,966,1288,1610
323,646,969,1292,1615
324,648,972,1296,1620
325,650,975,1300,1625
326,652,978,1304,1630
327,654,981,1308,1635
328,656,984,1312,1640
329,658,987,1316,1645
330,660,990,1320,1650
331,662,993,1324,1655
332,664,996,1328,1660
333,666,999,1332,1665
334,668,1002,1336,1670
335,670,1005,1340,1675
336,672,1008,1344,1680
337,674,1011,1348,1685
338,676,1014,1352,1690
339,678,1017,1356,1695
340,680,1020,1360,1700
341,682,1023,1364,1705
342,684,1026,1368,1710
343,686,1029,1372,1715
344,688,1032,1376,1720
345,690,1035,1380,1725
346,692,1038,1384,1730
347,694,1041,1388,1735
348,696,1044,1392,1740
349,698,1047,1396,1745
350,700,1050,1400,1750
351,702,1053,1404,1755
352,704,1056,1408,1760
353,706,1059,1412,1765
354,708,1062,1416,1770
355,710,1065,1420,1775
356,712,1068,1424,1780
357,714,1071,1428,1785
358,716,1074,1432,1790
359,718,1077,1436,1795
360,720,1080,1440,1800
361,722,1083,1444,1805
362,724,1086,1448,1810
363,726,1089,1452,1815
364,728,1092,1456,1820
365,730,1095,1460,1825
366,732,1098,1464,1830
367,734,1101,1468,1835
368,736,1104,1472,1840
369,738,1107,1476,1845
370,740,1110,1480,1850
371,742,1113,1484,1855
372,744,1116,1488,1860
373,746,1119,1492,1865
374,748,1122,1496,1870
375,750,1125,1500,1875
376,752,1128,1504,1880
377,754,1131,1508,1885
378,756,1134,1512,1890
379,758,1137,1516,1895
380,760,1140,1520,1900
381,762,1143,1524,1905
382,764,1146,1528,1910
383,766,1149,1532,1915
384,768,1152,1536,1920
385,770,1155,1540,1925
386,772,1158,1544,1930
387,774,1161,1548,1935
388,776,1164,1552,1940
389,778,1167,1556,1945
390,780,1170,1560,1950
391,782,1173,1564,1955
392,784,1176,1568,1960
393,786,1179,1572,1965
394,788,1182,1576,1970
395,790,1185,1580,1975
396,792,1188,1584,1980
397,794,1191,1588,1985
398,796,1194,1592,1990
399,798,1197,1596,1995
400,800,1200,1600,2000
401,802,1203,1604,2005
402,804,1206,1608,2010
403,806,1209,1612,2015
404,808,1212,1616,2020
405,810,1215,1620,2025
406,812,1218,1624,2030
407,814,1221,1628,2035
408,816,1224,1632,2040
409,818,1227,1636,2045
410,820,1230,1640,2050
411,822,1233,1644,2055
412,824,1236,1648,2060
413,826,1239,1652,2065
414,828,1242,1656,2070
415,830,1245,1660,2075
416,832,1248,1664,2080
417,834,1251,1668,2085
418,836,1254,1672,2090
419,838,1257,1676,2095
420,840,1260,1680,2100
421,842,1263,1684,2105
422,844,1266,1688,2110
423,846,1269,1692,2115
424,848,1272,1696,2120
425,850,1275,1700,2125
426,852,1278,1704,2130
427,854,1281,1708,2135
428,856,1284,1712,2140
429,858,1287,1716,2145
430,860,1290,1720,2150
431,862,1293,1724,2155
432,864,1296,1728,2160
433,866,1299,1732,2165
434,868,1302,1736,2170
435,870,1305,1740,2175
436,872,1308,1744,2180
437,874,1311,1748,2185
438,876,1314,1752,2190
439,878,1317,1756,2195
440,880,1320,1760,2200
441,882,1323,1764,2205
442,884,1326,1768,2210
443,886,1329,1772,2215
444,888,1332,1776,2220
445,890,1335,1780,2225
446,892,1338,1784,2230
447,894,1341,1788,2235
448,896,1344,1792,2240
449,898,1347,1796,2245
450,900,1350,1800,2250
451,902,1353,1804,2255
452,904,1356,1808,2260
453,906,1359,1812,2265
454,908,1362,1816,2270
455,910,1365,1820,2275
456,912,1368,1824,2280
457,914,1371,1828,2285
458,916,1374,1832,2290
459,918,1377,1836,2295
460,920,1380,1840,2300
461,922,1383,1844,2305
462,924,1386,1848,2310
463,926,1389,1852,2315
464,928,1392,1856,2320
465,930,1395,1860,2325
466,932,1398,1864,2330
467,934,1401,1868,2335
468,936,1404,1872,2340
469,938,1407,1876,2345
470,940,1410,1880,2350
471,942,1413,1884,2355
472,944,1416,1888,2360
473,946,1419,1892,2365
474,948,1422,1896,2370
475,950,1425,1900,2375
476,952,1428,1904,2380
477,954,1431,1908,2385
478,956,1434,1912,2390
479,958,1437,1916,2395
480,960,1440,1920,2400
481,962,1443,1924,2405
482,964,1446,1928,2410
483,966,1449,1932,2415
484,968,1452,1936,2420
485,970,1455,1940,2425
486,972,1458,1944,2430
487,974,1461,1948,2435
488,976,1464,1952,2440
489,978,1467,1956,2445
490,980,1470,1960,2450
491,982,1473,1964,2455
492,984,1476,1968,2460
493,986,1479,1972,2465
494,988,1482,1976,2470
495,990,1485,1980,2475
496,992,1488,1984,2480
497,994,1491,1988,2485
498,996,1494,1992,2490
499,998,1497,1996,2495
500,1000,1500,2000,2500
501,1002,1503,2004,2505
502,1004,1506,2008,2510
503,1006,1509,2012,2515
504,1008,1512,2016,2520
505,1010,1515,2020,2525
506,1012,1518,2024,2530
507,1014,1521,2028,2535
508,1016,1524,2032,2540
509,1018,1527,2036,2545
510,1020,1530,2040,2550
511,1022,1533,2044,2555
512,1024,1536,2048,2560
513,1026,1539,2052,2565
514,1028,1542,2056,2570
515,1030,1545,2060,2575
516,1032,1548,2064,2580
517,1034,1551,2068,2585
518,1036,1554,2072,2590
519,1038,1557,2076,2595
520,1040,1560,2080,2600
521,1042,1563,2084,2605
522,1044,1566,2088,2610
523,1046,1569,2092,2615
524,1048,1572,2096,2620
525,1050,1575,2100,2625
526,1052,1578,2104,2630
527,1054,1581,2108,2635
528,1056,1584,2112,2640
529,1058,1587,2116,2645
530,1060,1590,2120,2650
531,1062,1593,2124,2655
532,1064,1596,2128,2660
533,1066,1599,2132,2665
534,1068,1602,2136,2670
535,1070,1605,2140,2675
536,1072,1608,2144,2680
537,1074,1611,2148,2685
538,1076,1614,2152,2690
539,1078,1617,2156,2695
540,1080,1620,2160,2700
541,1082,1623,2164,2705
542,1084,1626,2168,2710
543,1086,1629,2172,2715
544,1088,1632,2176,2720
545,1090,1635,2180,2725
546,1092,1638,2184,2730
547,1094,1641,2188,2735
548,1096,1644,2192,2740
549,1098,1647,2196,2745
550,1100,1650,2200,2750
551,1102,1653,2204,2755
552,1104,1656,2208,2760
553,1106,1659,2212,2765
554,1108,1662,2216,2770
555,1110,1665,2220,2775
556,1112,1668,2224,2780
557,1114,1671,2228,2785
558,1116,1674,2232,2790
559,1118,1677,2236,2795
560,1120,1680,2240,2800
561,1122,1683,2244,2805
562,1124,1686,2248,2810
563,1126,1689,2252,2815
564,1128,1692,2256,2820
565,1130,1695,2260,2825
566,1132,1698,2264,2830
567,1134,1701,2268,2835
568,1136,1704,2272,2840
569,1138,1707,2276,2845
570,1140,1710,2280,2850
571,1142,1713,2284,2855
572,1144,1716,2288,2860
573,1146,1719,2292,2865
574,1148,1722,2296,2870
575,1150,1725,2300,2875
576,1152,1728,2304,2880
577,1154,1731,2308,2885
578,1156,1734,2312,2890
579,1158,1737,2316,2895
580,1160,1740,2320,2900
581,1162,1743,2324,2905
582,1164,1746,2328,2910
583,1166,1749,2332,2915
584,1168,1752,2336,2920
585,1170,1755,2340,2925
586,1172,1758,2344,2930
587,1174,1761,2348,2935
588,1176,1764,2352,2940
589,1178,1767,2356,2945
590,1180,1770,2360,2950
591,1182,1773,2364,2955
592,1184,1776,2368,2960
593,1186,1779,2372,2965
594,1188,1782,2376,2970
595,1190,1785,2380,2975
596,1192,1788,2384,2980
597,1194,1791,2388,2985
598,1196,1794,2392,2990
599,1198,1797,2396,2995
600,1200,1800,2400,3000
601,1202,1803,2404,3005
602,1204,1806,2408,3010
603,1206,1809,2412,3015
604,1208,1812,2416,3020
605,1210,1815,2420,3025
606,1212,1818,2424,3030
607,1214,1821,2428,3035
608,1216,1824,2432,3040
609,1218,1827,2436,3045
610,1220,1830,2440,3050
611,1222,1833,2444,3055
612,1224,1836,2448,3060
613,1226,1839,2452,3065
614,1228,1842,2456,3070
615,1230,1845,2460,3075
616,1232,1848,2464,3080
617,1234,1851,2468,3085
618,1236,1854,2472,3090
619,1238,1857,2476,3095
620,1240,1860,2480,3100
621,1242,1863,2484,3105
622,1244,1866,2488,3110
623,1246,1869,2492,3115
624,1248,1872,2496,3120
625,1250,1875,2500,3125
626,1252,1878,2504,3130
627,1254,1881,2508,3135
628,1256,1884,2512,3140
629,1258,1887,2516,3145
630,1260,1890,2520,3150
631,1262,1893,2524,3155
632,1264,1896,2528,3160
633,1266,1899,2532,3165
634,1268,1902,2536,3170
635,1270,1905,2540,3175
636,1272,1908,2544,3180
637,1274,1911,2548,3185
638,1276,1914,2552,3190
639,1278,1917,2556,3195
640,1280,1920,2560,3200
641,1282,1923,2564,3205
642,1284,1926,2568,3210
643,1286,1929,2572,3215
644,1288,1932,2576,3220
645,1290,1935,2580,3225
646,1292,1938,2584,3230
647,1294,1941,2588,3235
648,1296,1944,2592,3240
649,1298,1947,2596,3245
650,1300,1950,2600,3250
651,1302,1953,2604,3255
652,1304,1956,2608,3260
653,1306,1959,2612,3265
654,1308,1962,2616,3270
655,1310,1965,2620,3275
656,1312,1968,2624,3280
657,1314,1971,2628,3285
658,1316,1974,2632,3290
659,1318,1977,2636,3295
660,1320,1980,2640,3300
661,1322,1983,2644,3305
662,1324,1986,2648,3310
663,1326,1989,2652,3315
664,1328,1992,2656,3320
665,1330,1995,2660,3325
666,1332,1998,2664,3330
667,1334,2001,2668,3335
668,1336,2004,2672,3340
669,1338,2007,2676,3345
670,1340,2010,2680,3350
671,1342,2013,2684,3355
672,1344,2016,2688,3360
673,1346,2019,2692,3365
674,1348,2022,2696,3370
675,1350,2025,2700,3375
676,1352,2028,2704,3380
677,1354,2031,2708,3385
678,1356,2034,2712,3390
679,1358,2037,2716,3395
680,1360,2040,2720,3400
681,1362,2043,2724,3405
682,1364,2046,2728,3410
683,1366,2049,2732,3415
684,1368,2052,2736,3420
685,1370,2055,2740,3425
686,1372,2058,2744,3430
687,1374,2061,2748,3435
688,1376,2064,2752,3440
689,1378,2067,2756,3445
690,1380,2070,2760,3450
691,1382,2073,2764,3455
692,1384,2076,2768,3460
693,1386,2079,2772,3465
694,1388,2082,2776,3470
695,1390,2085,2780,3475
696,1392,2088,2784,3480
697,1394,2091,2788,3485
698,1396,2094,2792,3490
699,1398,2097,2796,3495
700,1400,2100,2800,3500
701,1402,2103,2804,3505
702,1404,2106,2808,3510
703,1406,2109,2812,3515
704,1408,2112,2816,3520
705,1410,2115,2820,3525
706,1412,2118,2824,3530
707,1414,2121,2828,3535
708,1416,2124,2832,3540
709,1418,2127,2836,3545
710,1420,2130,2840,3550
711,1422,2133,2844,3555
712,1424,2136,2848,3560
713,1426,2139,2852,3565
714,1428,2142,2856,3570
715,1430,2145,2860,3575
716,1432,2148,2864,3580
717,1434,2151,2868,3585
718,1436,2154,2872,3590
719,1438,2157,2876,3595
720,1440,2160,2880,3600
721,1442,2163,2884,3605
722,1444,2166,2888,3610
723,1446,2169,2892,3615
724,1448,2172,2896,3620
725,1450,2175,2900,3625
726,1452,2178,2904,3630
727,1454,2181,2908,3635
728,1456,2184,2912,3640
729,1458,2187,2916,3645
730,1460,2190,2920,3650
731,1462,2193,2924,3655
732,1464,2196,2928,3660
733,1466,2199,2932,3665
734,1468,2202,2936,3670
735,1470,2205,2940,3675
736,1472,2208,2944,3680
737,1474,2211,2948,3685
738,1476,2214,2952,3690
739,1478,2217,2956,3695
740,1480,2220,2960,3700
741,1482,2223,2964,3705
742,1484,2226,2968,3710
743,1486,2229,2972,3715
744,1488,2232,2976,3720
745,1490,2235,2980,3725
746,1492,2238,2984,3730
747,1494,2241,2988,3735
748,1496,2244,2992,3740
749,1498,2247,2996,3745
750,1500,2250,3000,3750
751,1502,2253,3004,3755
752,1504,2256,3008,3760
753,1506,2259,3012,3765
754,1508,2262,3016,3770
755,1510,2265,3020,3775
756,1512,2268,3024,3780
757,1514,2271,3028,3785
758,1516,2274,3032,3790
759,1518,2277,3036,3795
760,1520,2280,3040,3800
761,1522,2283,3044,3805
762,1524,2286,3048,3810
763,1526,2289,3052,3815
764,1528,2292,3056,3820
765,1530,2295,3060,3825
766,1532,2298,3064,3830
767,1534,2301,3068,3835
768,1536,2304,3072,3840
769,1538,2307,3076,3845
770,1540,2310,3080,3850
771,1542,2313,3084,3855
772,1544,2316,3088,3860
773,1546,2319,3092,3865
774,1548,2322,3096,3870
775,1550,2325,3100,3875
776,1552,2328,3104,3880
777,1554,2331,3108,3885
778,1556,2334,3112,3890
779,1558,2337,3116,3895
780,1560,2340,3120,3900
781,1562,2343,3124,3905
782,1564,2346,3128,3910
783,1566,2349,3132,3915
784,1568,2352,3136,3920
785,1570,2355,3140,3925
786,1572,2358,3144,3930
787,1574,2361,3148,3935
788,1576,2364,3152,3940
789,1578,2367,3156,3945
790,1580,2370,3160,3950
791,1582,2373,3164,3955
792,1584,2376,3168,3960
793,1586,2379,3172,3965
794,1588,2382,3176,3970
795,1590,2385,3180,3975
796,1592,2388,3184,3980
797,1594,2391,3188,3985
798,1596,2394,3192,3990
799,1598,2397,3196,3995
800,1600,2400,3200,4000
801,1602,2403,3204,4005
802,1604,2406,3208,4010
803,1606,2409,3212,4015
804,1608,2412,3216,4020
805,1610,2415,3220,4025
806,1612,2418,3224,4030
807,1614,2421,3228,4035
808,1616,2424,3232,4040
809,1618,2427,3236,4045
810,1620,2430,3240,4050
811,1622,2433,3244,4055
812,1624,2436,3248,4060
813,1626,2439,3252,4065
814,1628,2442,3256,4070
815,1630,2445,3260,4075
816,1632,2448,3264,4080
817,1634,2451,3268,4085
818,1636,2454,3272,4090
819,1638,2457,3276,4095
820,1640,2460,3280,4100
821,1642,2463,3284,4105
822,1644,2466,3288,4110
823,1646,2469,3292,4115
824,1648,2472,3296,4120
825,1650,2475,3300,4125
826,1652,2478,3304,4130
827,1654,2481,3308,4135
828,1656,2484,3312,4140
829,1658,2487,3316,4145
830,1660,2490,3320,4150
831,1662,2493,3324,4155
832,1664,2496,3328,4160
833,1666,2499,3332,4165
834,1668,2502,3336,4170
835,1670,2505,3340,4175
836,1672,2508,3344,4180
837,1674,2511,3348,4185
838,1676,2514,3352,4190
839,1678,2517,3356,4195
840,1680,2520,3360,4200
841,1682,2523,3364,4205
842,1684,2526,3368,4210
843,1686,2529,3372,4215
844,1688,2532,3376,4220
845,1690,2535,3380,4225
846,1692,2538,3384,4230
847,1694,2541,3388,4235
848,1696,2544,3392,4240
849,1698,2547,3396,4245
850,1700,2550,3400,4250
851,1702,2553,3404,4255
852,1704,2556,3408,4260
853,1706,2559,3412,4265
854,1708,2562,3416,4270
855,1710,2565,3420,4275
856,1712,2568,3424,4280
857,1714,2571,3428,4285
858,1716,2574,3432,4290
859,1718,2577,3436,4295
860,1720,2580,3440,4300
861,1722,2583,3444,4305
862,1724,2586,3448,4310
863,1726,2589,3452,4315
864,1728,2592,3456,4320
865,1730,2595,3460,4325
866,1732,2598,3464,4330
867,1734,2601,3468,4335
868,1736,2604,3472,4340
869,1738,2607,3476,4345
870,1740,2610,3480,4350
871,1742,2613,3484,4355
872,1744,2616,3488,4360
873,1746,2619,3492,4365
874,1748,2622,3496,4370
875,1750,2625,3500,4375
876,1752,2628,3504,4380
877,1754,2631,3508,4385
878,1756,2634,3512,4390
879,1758,2637,3516,4395
880,1760,2640,3520,4400
881,1762,2643,3524,4405
882,1764,2646,3528,4410
883,1766,2649,3532,4415
884,1768,2652,3536,4420
885,1770,2655,3540,4425
886,1772,2658,3544,4430
887,1774,2661,3548,4435
888,1776,2664,3552,4440
889,1778,2667,3556,4445
890,1780,2670,3560,4450
891,1782,2673,3564,4455
892,1784,2676,3568,4460
893,1786,2679,3572,4465
894,1788,2682,3576,4470
895,1790,2685,3580,4475
896,1792,2688,3584,4480
897,1794,2691,3588,4485
898,1796,2694,3592,4490
899,1798,2697,3596,4495
900,1800,2700,3600,4500
901,1802,2703,3604,4505
902,1804,2706,3608,4510
903,1806,2709,3612,4515
904,1808,2712,3616,4520
905,1810,2715,3620,4525
906,1812,2718,3624,4530
907,1814,2721,3628,4535
908,1816,2724,3632,4540
909,1818,2727,3636,4545
910,1820,2730,3640,4550
911,1822,2733,3644,4555
912,1824,2736,3648,4560
913,1826,2739,3652,4565
914,1828,2742,3656,4570
915,1830,2745,3660,4575
916,1832,2748,3664,4580
917,1834,2751,3668,4585
918,1836,2754,3672,4590
919,1838,2757,3676,4595
920,1840,2760,3680,4600
921,1842,2763,3684,4605
922,1844,2766,3688,4610
923,1846,2769,3692,4615
924,1848,2772,3696,4620
925,1850,2775,3700,4625
926,1852,2778,3704,4630
927,1854,2781,3708,4635
928,1856,2784,3712,4640
929,1858,2787,3716,4645
930,1860,2790,3720,4650
931,1862,2793,3724,4655
932,1864,2796,3728,4660
933,1866,2799,3732,4665
934,1868,2802,3736,4670
935,1870,2805,3740,4675
936,1872,2808,3744,4680
937,1874,2811,3748,4685
938,1876,2814,3752,4690
939,1878,2817,3756,4695
940,1880,2820,3760,4700
941,1882,2823,3764,4705
942,1884,2826,3768,4710
943,1886,2829,3772,4715
944,1888,2832,3776,4720
945,1890,2835,3780,4725
946,1892,2838,3784,4730
947,1894,2841,3788,4735
948,1896,2844,3792,4740
949,1898,2847,3796,4745
950,1900,2850,3800,4750
951,1902,2853,3804,4755
952,1904,2856,3808,4760
953,1906,2859,3812,4765
954,1908,2862,3816,4770
955,1910,2865,3820,4775
956,1912,2868,3824,4780
957,1914,2871,3828,4785
958,1916,2874,3832,4790
959,1918,2877,3836,4795
960,1920,2880,3840,4800
961,1922,2883,3844,4805
962,1924,2886,3848,4810
963,1926,2889,3852,4815
964,1928,2892,3856,4820
965,1930,2895,3860,4825
966,1932,2898,3864,4830
967,1934,2901,3868,4835
968,1936,2904,3872,4840
969,1938,2907,3876,4845
970,1940,2910,3880,4850
971,1942,2913,3884,4855
972,1944,2916,3888,4860
973,1946,2919,3892,4865
974,1948,2922,3896,4870
975,1950,2925,3900,4875
976,1952,2928,3904,4880
977,1954,2931,3908,4885
978,1956,2934,3912,4890
979,1958,2937,3916,4895
980,1960,2940,3920,4900
981,1962,2943,3924,4905
982,1964,2946,3928,4910
983,1966,2949,3932,4915
984,1968,2952,3936,4920
985,1970,2955,3940,4925
986,1972,2958,3944,4930
987,1974,2961,3948,4935
988,1976,2964,3952,4940
989,1978,2967,3956,4945
990,1980,2970,3960,4950
991,1982,2973,3964,4955
992,1984,2976,3968,4960
993,1986,2979,3972,4965
994,1988,2982,3976,4970
995,1990,2985,3980,4975
996,1992,2988,3984,4980
997,1994,2991,3988,4985
998,1996,2994,3992,4990
999,1998,2997,3996,4995
1000,2000,3000,4000,5000
1001,2002,3003,4004,5005
1002,2004,3006,4008,5010
1003,2006,3009,4012,5015
1004,2008,3012,4016,5020
1005,2010,3015,4020,5025
1006,2012,3018,4024,5030
1007,2014,3021,4028,5035
1008,2016,3024,4032,5040
1009,2018,3027,4036,5045
1010,2020,3030,4040,5050
1011,2022,3033,4044,5055
1012,2024,3036,4048,5060
1013,2026,3039,4052,5065
1014,2028,3042,4056,5070
1015,2030,3045,4060,5075
1016,2032,3048,4064,5080
1017,2034,3051,4068,5085
1018,2036,3054,4072,5090
1019,2038,3057,4076,5095
1020,2040,3060,4080,5100
1021,2042,3063,4084,5105
1022,2044,3066,4088,5110
1023,2046,3069,4092,5115
1024,2048,3072,4096,5120
1025,2050,3075,4100,5125
1026,2052,3078,4104,5130
1027,2054,3081,4108,5135
1028,2056,3084,4112,5140
1029,2058,3087,4116,5145
1030,2060,3090,4120,5150
1031,2062,3093,4124,5155
1032,2064,3096,4128,5160
1033,2066,3099,4132,5165
1034,2068,3102,4136,5170
1035,2070,3105,4140,5175
1036,2072,3108,4144,5180
1037,2074,3111,4148,5185
1038,2076,3114,4152,5190
1039,2078,3117,4156,5195
1040,2080,3120,4160,5200
1041,2082,3123,4164,5205
1042,2084,3126,4168,5210
1043,2086,3129,4172,5215
1044,2088,3132,4176,5220
1045,2090,3135,4180,5225
1046,2092,3138,4184,5230
1047,2094,3141,4188,5235
1048,2096,3144,4192,5240
1049,2098,3147,4196,5245
1050,2100,3150,4200,5250
1051,2102,3153,4204,5255
1052,2104,3156,4208,5260
1053,2106,3159,4212,5265
1054,2108,3162,4216,5270
1055,2110,3165,4220,5275
1056,2112,3168,4224,5280
1057,2114,3171,4228,5285
1058,2116,3174,4232,5290
1059,2118,3177,4236,5295
1060,2120,3180,4240,5300
1061,2122,3183,4244,5305
1062,2124,3186,4248,5310
1063,2126,3189,4252,5315
1064,2128,3192,4256,5320
1065,2130,3195,4260,5325
1066,2132,3198,4264,5330
1067,2134,3201,4268,5335
1068,2136,3204,4272,5340
1069,2138,3207,4276,5345
1070,2140,3210,4280,5350
1071,2142,3213,4284,5355
1072,2144,3216,4288,5360
1073,2146,3219,4292,5365
1074,2148,3222,4296,5370
1075,2150,3225,4300,5375
1076,2152,3228,4304,5380
1077,2154,3231,4308,5385
1078,2156,3234,4312,5390
1079,2158,3237,4316,5395
1080,2160,3240,4320,5400
1081,2162,3243,4324,5405
1082,2164,3246,4328,5410
1083,2166,3249,4332,5415
1084,2168,3252,4336,5420
1085,2170,3255,4340,5425
1086,2172,3258,4344,5430
1087,2174,3261,4348,5435
1088,2176,3264,4352,5440
1089,2178,3267,4356,5445
1090,2180,3270,4360,5450
1091,2182,3273,4364,5455
1092,2184,3276,4368,5460
1093,2186,3279,4372,5465
1094,2188,3282,4376,5470
1095,2190,3285,4380,5475
1096,2192,3288,4384,5480
1097,2194,3291,4388,5485
1098,2196,3294,4392,5490
1099,2198,3297,4396,5495
1100,2200,3300,4400,5500
1101,2202,3303,4404,5505
1102,2204,3306,4408,5510
1103,2206,3309,4412,5515
1104,2208,3312,4416,5520
1105,2210,3315,4420,5525
1106,2212,3318,4424,5530
1107,2214,3321,4428,5535
1108,2216,3324,4432,5540
1109,2218,3327,4436,5545
1110,2220,3330,4440,5550
1111,2222,3333,4444,5555
1112,2224,3336,4448,5560
1113,2226,3339,4452,5565
1114,2228,3342,4456,5570
1115,2230,3345,4460,5575
1116,2232,3348,4464,5580
1117,2234,3351,4468,5585
1118,2236,3354,4472,5590
1119,2238,3357,4476,5595
1120,2240,3360,4480,5600
1121,2242,3363,4484,5605
1122,2244,3366,4488,5610
1123,2246,3369,4492,5615
1124,2248,3372,4496,5620
1125,2250,3375,4500,5625
1126,2252,3378,4504,5630
1127,2254,3381,4508,5635
1128,2256,3384,4512,5640
1129,2258,3387,4516,5645
1130,2260,3390,4520,5650
1131,2262,3393,4524,5655
1132,2264,3396,4528,5660
1133,2266,3399,4532,5665
1134,2268,3402,4536,5670
1135,2270,3405,4540,5675
1136,2272,3408,4544,5680
1137,2274,3411,4548,5685
1138,2276,3414,4552,5690
1139,2278,3417,4556,5695
1140,2280,3420,4560,5700
1141,2282,3423,4564,5705
1142,2284,3426,4568,5710
1143,2286,3429,4572,5715
1144,2288,3432,4576,5720
1145,2290,3435,4580,5725
1146,2292,3438,4584,5730
1147,2294,3441,4588,5735
1148,2296,3444,4592,5740
1149,2298,3447,4596,5745
1150,2300,3450,4600,5750
1151,2302,3453,4604,5755
1152,2304,3456,4608,5760
1153,2306,3459,4612,5765
1154,2308,3462,4616,5770
1155,2310,3465,4620,5775
1156,2312,3468,4624,5780
1157,2314,3471,4628,5785
1158,2316,3474,4632,5790
1159,2318,3477,4636,5795
1160,2320,3480,4640,5800
1161,2322,3483,4644,5805
1162,2324,3486,4648,5810
1163,2326,3489,4652,5815
1164,2328,3492,4656,5820
1165,2330,3495,4660,5825
1166,2332,3498,4664,5830
1167,2334,3501,4668,5835
1168,2336,3504,4672,5840
1169,2338,3507,4676,5845
1170,2340,3510,4680,5850
1171,2342,3513,4684,5855
1172,2344,3516,4688,5860
1173,2346,3519,4692,5865
1174,2348,3522,4696,5870
1175,2350,3525,4700,5875
1176,2352,3528,4704,5880
1177,2354,3531,4708,5885
1178,2356,3534,4712,5890
1179,2358,3537,4716,5895
1180,2360,3540,4720,5900
1181,2362,3543,4724,5905
1182,2364,3546,4728,5910
1183,2366,3549,4732,5915
1184,2368,3552,4736,5920
1185,2370,3555,4740,5925
1186,2372,3558,4744,5930
1187,2374,3561,4748,5935
1188,2376,3564,4752,5940
1189,2378,3567,4756,5945
1190,2380,3570,4760,5950
1191,2382,3573,4764,5955
1192,2384,3576,4768,5960
1193,2386,3579,4772,5965
1194,2388,3582,4776,5970
1195,2390,3585,4780,5975
1196,2392,3588,4784,5980
1197,2394,3591,4788,5985
1198,2396,3594,4792,5990
1199,2398,3597,4796,5995
1200,2400,3600,4800,6000
1201,2402,3603,4804,6005
1202,2404,3606,4808,6010
1203,2406,3609,4812,6015
1204,2408,3612,4816,6020
1205,2410,3615,4820,6025
1206,2412,3618,4824,6030
1207,2414,3621,4828,6035
1208,2416,3624,4832,6040
1209,2418,3627,4836,6045
1210,2420,3630,4840,6050
1211,2422,3633,4844,6055
1212,2424,3636,4848,6060
1213,2426,3639,4852,6065
1214,2428,3642,4856,6070
1215,2430,3645,4860,6075
1216,2432,3648,4864,6080
1217,2434,3651,4868,6085
1218,2436,3654,4872,6090
1219,2438,3657,4876,6095
1220,2440,3660,4880,6100
1221,2442,3663,4884,6105
1222,2444,3666,4888,6110
1223,2446,3669,4892,6115
1224,2448,3672,4896,6120
1225,2450,3675,4900,6125
1226,2452,3678,4904,6130
1227,2454,3681,4908,6135
1228,2456,3684,4912,6140
1229,2458,3687,4916,6145
1230,2460,3690,4920,6150
1231,2462,3693,4924,6155
1232,2464,3696,4928,6160
1233,2466,3699,4932,6165
1234,2468,3702,4936,6170
1235,2470,3705,4940,6175
1236,2472,3708,4944,6180
1237,2474,3711,4948,6185
1238,2476,3714,4952,6190
1239,2478,3717,4956,6195
1240,2480,3720,4960,6200
1241,2482,3723,4964,6205
1242,2484,3726,4968,6210
1243,2486,3729,4972,6215
1244,2488,3732,4976,6220
1245,2490,3735,4980,6225
1246,2492,3738,4984,6230
1247,2494,3741,4988,6235
1248,2496,3744,4992,6240
1249,2498,3747,4996,6245
1250,2500,3750,5000,6250
1251,2502,3753,5004,6255
1252,2504,3756,5008,6260
1253,2506,3759,5012,6265
1254,2508,3762,5016,6270
1255,2510,3765,5020,6275
1256,2512,3768,5024,6280
1257,2514,3771,5028,6285
1258,2516,3774,5032,6290
1259,2518,3777,5036,6295
1260,2520,3780,5040,6300
1261,2522,3783,5044,6305
1262,2524,3786,5048,6310
1263,2526,3789,5052,6315
1264,2528,3792,5056,6320
1265,2530,3795,5060,6325
1266,2532,3798,5064,6330
1267,2534,3801,5068,6335
1268,2536,3804,5072,6340
1269,2538,3807,5076,6345
1270,2540,3810,5080,6350
1271,2542,3813,5084,6355
1272,2544,3816,5088,6360
1273,2546,3819,5092,6365
1274,2548,3822,5096,6370
1275,2550,3825,5100,6375
1276,2552,3828,5104,6380
1277,2554,3831,5108,6385
1278,2556,3834,5112,6390
1279,2558,3837,5116,6395
1280,2560,3840,5120,6400
1281,2562,3843,5124,6405
1282,2564,3846,5128,6410
1283,2566,3849,5132,6415
1284,2568,3852,5136,6420
1285,2570,3855,5140,6425
1286,2572,3858,5144,6430
1287,2574,3861,5148,6435
1288,2576,3864,5152,6440
1289,2578,3867,5156,6445
1290,2580,3870,5160,6450
1291,2582,3873,5164,6455
1292,2584,3876,5168,6460
1293,2586,3879,5172,6465
1294,2588,3882,5176,6470
1295,2590,3885,5180,6475
1296,2592,3888,5184,6480
1297,2594,3891,5188,6485
1298,2596,3894,5192,6490
1299,2598,3897,5196,6495
1300,2600,3900,5200,6500
1301,2602,3903,5204,6505
1302,2604,3906,5208,6510
1303,2606,3909,5212,6515
1304,2608,3912,5216,6520
1305,2610,3915,5220,6525
1306,2612,3918,5224,6530
1307,2614,3921,5228,6535
1308,2616,3924,5232,6540
1309,2618,3927,5236,6545
1310,2620,3930,5240,6550
1311,2622,3933,5244,6555
1312,2624,3936,5248,6560
1313,2626,3939,5252,6565
1314,2628,3942,5256,6570
1315,2630,3945,5260,6575
1316,2632,3948,5264,6580
1317,2634,3951,5268,6585
1318,2636,3954,5272,6590
1319,2638,3957,5276,6595
1320,2640,3960,5280,6600
1321,2642,3963,5284,6605
1322,2644,3966,5288,6610
1323,2646,3969,5292,6615
1324,2648,3972,5296,6620
1325,2650,3975,5300,6625
1326,2652,3978,5304,6630
1327,2654,3981,5308,6635
1328,2656,3984,5312,6640
1329,2658,3987,5316,6645
1330,2660,3990,5320,6650
1331,2662,3993,5324,6655
1332,2664,3996,5328,6660
1333,2666,3999,5332,6665
1334,2668,4002,5336,6670
1335,2670,4005,5340,6675
1336,2672,4008,5344,6680
1337,2674,4011,5348,6685
1338,2676,4014,5352,6690
1339,2678,4017,5356,6695
1340,2680,4020,5360,6700
1341,2682,4023,5364,6705
1342,2684,4026,5368,6710
1343,2686,4029,5372,6715
1344,2688,4032,5376,6720
1345,2690,4035,5380,6725
1346,2692,4038,5384,6730
1347,2694,4041,5388,6735
1348,2696,4044,5392,6740
1349,2698,4047,5396,6745
1350,2700,4050,5400,6750
1351,2702,4053,5404,6755
1352,2704,4056,5408,6760
1353,2706,4059,5412,6765
1354,2708,4062,5416,6770
1355,2710,4065,5420,6775
1356,2712,4068,5424,6780
1357,2714,4071,5428,6785
1358,2716,4074,5432,6790
1359,2718,4077,5436,6795
1360,2720,4080,5440,6800
1361,2722,4083,5444,6805
1362,2724,4086,5448,6810
1363,2726,4089,5452,6815
1364,2728,4092,5456,6820
1365,2730,4095,5460,6825
1366,2732,4098,5464,6830
1367,2734,4101,5468,6835
1368,2736,4104,5472,6840
1369,2738,4107,5476,6845
1370,2740,4110,5480,6850
1371,2742,4113,5484,6855
1372,2744,4116,5488,6860
1373,2746,4119,5492,6865
1374,2748,4122,5496,6870
1375,2750,4125,5500,6875
1376,2752,4128,5504,6880
1377,2754,4131,5508,6885
1378,2756,4134,5512,6890
1379,2758,4137,5516,6895
1380,2760,4140,5520,6900
1381,2762,4143,5524,6905
1382,2764,4146,5528,6910
1383,2766,4149,5532,6915
1384,2768,4152,5536,6920
1385,2770,4155,5540,6925
1386,2772,4158,5544,6930
1387,2774,4161,5548,6935
1388,2776,4164,5552,6940
1389,2778,4167,5556,6945
1390,2780,4170,5560,6950
1391,2782,4173,5564,6955
1392,2784,4176,5568,6960
1393,2786,4179,5572,6965
1394,2788,4182,5576,6970
1395,2790,4185,5580,6975
1396,2792,4188,5584,6980
1397,2794,4191,5588,6985
1398,2796,4194,5592,6990
1399,2798,4197,5596,6995
1400,2800,4200,5600,7000
1401,2802,4203,5604,7005
1402,2804,4206,5608,7010
1403,2806,4209,5612,7015
1404,2808,4212,5616,7020
1405,2810,4215,5620,7025
1406,2812,4218,5624,7030
1407,2814,4221,5628,7035
1408,2816,4224,5632,7040
1409,2818,4227,5636,7045
1410,2820,4230,5640,7050
1411,2822,4233,5644,7055
1412,2824,4236,5648,7060
1413,2826,4239,5652,7065
1414,2828,4242,5656,7070
1415,2830,4245,5660,7075
1416,2832,4248,5664,7080
1417,2834,4251,5668,7085
1418,2836,4254,5672,7090
1419,2838,4257,5676,7095
1420,2840,4260,5680,7100
1421,2842,4263,5684,7105
1422,2844,4266,5688,7110
1423,2846,4269,5692,7115
1424,2848,4272,5696,7120
1425,2850,4275,5700,7125
1426,2852,4278,5704,7130
1427,2854,4281,5708,7135
1428,2856,4284,5712,7140
1429,2858,4287,5716,7145
1430,2860,4290,5720,7150
1431,2862,4293,5724,7155
1432,2864,4296,5728,7160
1433,2866,4299,5732,7165
1434,2868,4302,5736,7170
1435,2870,4305,5740,7175
1436,2872,4308,5744,7180
1437,2874,4311,5748,7185
1438,2876,4314,5752,7190
1439,2878,4317,5756,7195
1440,2880,4320,5760,7200
1441,2882,4323,5764,7205
1442,2884,4326,5768,7210
1443,2886,4329,5772,7215
1444,2888,4332,5776,7220
1445,2890,4335,5780,7225
1446,2892,4338,5784,7230
1447,2894,4341,5788,7235
1448,2896,4344,5792,7240
1449,2898,4347,5796,7245
1450,2900,4350,5800,7250
1451,2902,4353,5804,7255
1452,2904,4356,5808,7260
1453,2906,4359,5812,7265
1454,2908,4362,5816,7270
1455,2910,4365,5820,7275
1456,2912,4368,5824,7280
1457,2914,4371,5828,7285
1458,2916,4374,5832,7290
1459,2918,4377,5836,7295
1460,2920,4380,5840,7300
1461,2922,4383,5844,7305
1462,2924,4386,5848,7310
1463,2926,4389,5852,7315
1464,2928,4392,5856,7320
1465,2930,4395,5860,7325
1466,2932,4398,5864,7330
1467,2934,4401,5868,7335
1468,2936,4404,5872,7340
1469,2938,4407,5876,7345
1470,2940,4410,5880,7350
1471,2942,4413,5884,7355
1472,2944,4416,5888,7360
1473,2946,4419,5892,7365
1474,2948,4422,5896,7370
1475,2950,4425,5900,7375
1476,2952,4428,5904,7380
1477,2954,4431,5908,7385
1478,2956,4434,5912,7390
1479,2958,4437,5916,7395
1480,2960,4440,5920,7400
1481,2962,4443,5924,7405
1482,2964,4446,5928,7410
1483,2966,4449,5932,7415
1484,2968,4452,5936,7420
1485,2970,4455,5940,7425
1486,2972,4458,5944,7430
1487,2974,4461,5948,7435
1488,2976,4464,5952,7440
1489,2978,4467,5956,7445
1490,2980,4470,5960,7450
1491,2982,4473,5964,7455
1492,2984,4476,5968,7460
1493,2986,4479,5972,7465
1494,2988,4482,5976,7470
1495,2990,4485,5980,7475
1496,2992,4488,5984,7480
1497,2994,4491,5988,7485
1498,2996,4494,5992,7490
1499,2998,4497,5996,7495
1500,3000,4500,6000,7500
1501,3002,4503,6004,7505
1502,3004,4506,6008,7510
1503,3006,4509,6012,7515
1504,3008,4512,6016,7520
1505,3010,4515,6020,7525
1506,3012,4518,6024,7530
1507,3014,4521,6028,7535
1508,3016,4524,6032,7540
1509,3018,4527,6036,7545
1510,3020,4530,6040,7550
1511,3022,4533,6044,7555
1512,3024,4536,6048,7560
1513,3026,4539,6052,7565
1514,3028,4542,6056,7570
1515,3030,4545,6060,7575
1516,3032,4548,6064,7580
1517,3034,4551,6068,7585
1518,3036,4554,6072,7590
1519,3038,4557,6076,7595
1520,3040,4560,6080,7600
1521,3042,4563,6084,7605
1522,3044,4566,6088,7610
1523,3046,4569,6092,7615
1524,3048,4572,6096,7620
1525,3050,4575,6100,7625
1526,3052,4578,6104,7630
1527,3054,4581,6108,7635
1528,3056,4584,6112,7640
1529,3058,4587,6116,7645
1530,3060,4590,6120,7650
1531,3062,4593,6124,7655
1532,3064,4596,6128,7660
1533,3066,4599,6132,7665
1534,3068,4602,6136,7670
1535,3070,4605,6140,7675
1536,3072,4608,6144,7680
1537,3074,4611,6148,7685
1538,3076,4614,6152,7690
1539,3078,4617,6156,7695
1540,3080,4620,6160,7700
1541,3082,4623,6164,7705
1542,3084,4626,6168,7710
1543,3086,4629,6172,7715
1544,3088,4632,6176,7720
1545,3090,4635,6180,7725
1546,3092,4638,6184,7730
1547,3094,4641,6188,7735
1548,3096,4644,6192,7740
1549,3098,4647,6196,7745
1550,3100,4650,6200,7750
1551,3102,4653,6204,7755
1552,3104,4656,6208,7760
1553,3106,4659,6212,7765
1554,3108,4662,6216,7770
1555,3110,4665,6220,7775
1556,3112,4668,6224,7780
1557,3114,4671,6228,7785
1558,3116,4674,6232,7790
1559,3118,4677,6236,7795
1560,3120,4680,6240,7800
1561,3122,4683,6244,7805
1562,3124,4686,6248,7810
1563,3126,4689,6252,7815
1564,3128,4692,6256,7820
1565,3130,4695,6260,7825
1566,3132,4698,6264,7830
1567,3134,4701,6268,7835
1568,3136,4704,6272,7840
1569,3138,4707,6276,7845
1570,3140,4710,6280,7850
1571,3142,4713,6284,7855
1572,3144,4716,6288,7860
1573,3146,4719,6292,7865
1574,3148,4722,6296,7870
1575,3150,4725,6300,7875
1576,3152,4728,6304,7880
1577,3154,4731,6308,7885
1578,3156,4734,6312,7890
1579,3158,4737,6316,7895
1580,3160,4740,6320,7900
1581,3162,4743,6324,7905
1582,3164,4746,6328,7910
1583,3166,4749,6332,7915
1584,3168,4752,6336,7920
1585,3170,4755,6340,7925
1586,3172,4758,6344,7930
1587,3174,4761,6348,7935
1588,3176,4764,6352,7940
1589,3178,4767,6356,7945
1590,3180,4770,6360,7950
1591,3182,4773,6364,7955
1592,3184,4776,6368,7960
1593,3186,4779,6372,7965
1594,3188,4782,6376,7970
1595,3190,4785,6380,7975
1596,3192,4788,6384,7980
1597,3194,4791,6388,7985
1598,3196,4794,6392,7990
1599,3198,4797,6396,7995
1600,3200,4800,6400,8000
1601,3202,4803,6404,8005
1602,3204,4806,6408,8010
1603,3206,4809,6412,8015
1604,3208,4812,6416,8020
1605,3210,4815,6420,8025
1606,3212,4818,6424,8030
1607,3214,4821,6428,8035
1608,3216,4824,6432,8040
1609,3218,4827,6436,8045
1610,3220,4830,6440,8050
1611,3222,4833,6444,8055
1612,3224,4836,6448,8060
1613,3226,4839,6452,8065
1614,3228,4842,6456,8070
1615,3230,4845,6460,8075
1616,3232,4848,6464,8080
1617,3234,4851,6468,8085
1618,3236,4854,6472,8090
1619,3238,4857,6476,8095
1620,3240,4860,6480,8100
1621,3242,4863,6484,8105
1622,3244,4866,6488,8110
1623,3246,4869,6492,8115
1624,3248,4872,6496,8120
1625,3250,4875,6500,8125
1626,3252,4878,6504,8130
1627,3254,4881,6508,8135
1628,3256,4884,6512,8140
1629,3258,4887,6516,8145
1630,3260,4890,6520,8150
1631,3262,4893,6524,8155
1632,3264,4896,6528,8160
1633,3266,4899,6532,8165
1634,3268,4902,6536,8170
1635,3270,4905,6540,8175
1636,3272,4908,6544,8180
1637,3274,4911,6548,8185
1638,3276,4914,6552,8190
1639,3278,4917,6556,8195
1640,3280,4920,6560,8200
1641,3282,4923,6564,8205
1642,3284,4926,6568,8210
1643,3286,4929,6572,8215
1644,3288,4932,6576,8220
1645,3290,4935,6580,8225
1646,3292,4938,6584,8230
1647,3294,4941,6588,8235
1648,3296,4944,6592,8240
1649,3298,4947,6596,8245
1650,3300,4950,6600,8250
1651,3302,4953,6604,8255
1652,3304,4956,6608,8260
1653,3306,4959,6612,8265
1654,3308,4962,6616,8270
1655,3310,4965,6620,8275
1656,3312,4968,6624,8280
1657,3314,4971,6628,8285
1658,3316,4974,6632,8290
1659,3318,4977,6636,8295
1660,3320,4980,6640,8300
1661,3322,4983,6644,8305
1662,3324,4986,6648,8310
1663,3326,4989,6652,8315
1664,3328,4992,6656,8320
1665,3330,4995,6660,8325
1666,3332,4998,6664,8330
1667,3334,5001,6668,8335
1668,3336,5004,6672,8340
1669,3338,5007,6676,8345
1670,3340,5010,6680,8350
1671,3342,5013,6684,8355
1672,3344,5016,6688,8360
1673,3346,5019,6692,8365
1674,3348,5022,6696,8370
1675,3350,5025,6700,8375
1676,3352,5028,6704,8380
1677,3354,5031,6708,8385
1678,3356,5034,6712,8390
1679,3358,5037,6716,8395
1680,3360,5040,6720,8400
1681,3362,5043,6724,8405
1682,3364,5046,6728,8410
1683,3366,5049,6732,8415
1684,3368,5052,6736,8420
1685,3370,5055,6740,8425
1686,3372,5058,6744,8430
1687,3374,5061,6748,8435
1688,3376,5064,6752,8440
1689,3378,5067,6756,8445
1690,3380,5070,6760,8450
1691,3382,5073,6764,8455
1692,3384,5076,6768,8460
1693,3386,5079,6772,8465
1694,3388,5082,6776,8470
1695,3390,5085,6780,8475
1696,3392,5088,6784,8480
1697,3394,5091,6788,8485
1698,3396,5094,6792,8490
1699,3398,5097,6796,8495
1700,3400,5100,6800,8500
1701,3402,5103,6804,8505
1702,3404,5106,6808,8510
1703,3406,5109,6812,8515
1704,3408,5112,6816,8520
1705,3410,5115,6820,8525
1706,3412,5118,6824,8530
1707,3414,5121,6828,8535
1708,3416,5124,6832,8540
1709,3418,5127,6836,8545
1710,3420,5130,6840,8550
1711,3422,5133,6844,8555
1712,3424,5136,6848,8560
1713,3426,5139,6852,8565
1714,3428,5142,6856,8570
1715,3430,5145,6860,8575
1716,3432,5148,6864,8580
1717,3434,5151,6868,8585
1718,3436,5154,6872,8590
1719,3438,5157,6876,8595
1720,3440,5160,6880,8600
1721,3442,5163,6884,8605
1722,3444,5166,6888,8610
1723,3446,5169,6892,8615
1724,3448,5172,6896,8620
1725,3450,5175,6900,8625
1726,3452,5178,6904,8630
1727,3454,5181,6908,8635
1728,3456,5184,6912,8640
1729,3458,5187,6916,8645
1730,3460,5190,6920,8650
1731,3462,5193,6924,8655
1732,3464,5196,6928,8660
1733,3466,5199,6932,8665
1734,3468,5202,6936,8670
1735,3470,5205,6940,8675
1736,3472,5208,6944,8680
1737,3474,5211,6948,8685
1738,3476,5214,6952,8690
1739,3478,5217,6956,8695
1740,3480,5220,6960,8700
1741,3482,5223,6964,8705
1742,3484,5226,6968,8710
1743,3486,5229,6972,8715
1744,3488,5232,6976,8720
1745,3490,5235,6980,8725
1746,3492,5238,6984,8730
1747,3494,5241,6988,8735
1748,3496,5244,6992,8740
1749,3498,5247,6996,8745
1750,3500,5250,7000,8750
1751,3502,5253,7004,8755
1752,3504,5256,7008,8760
1753,3506,5259,7012,8765
1754,3508,5262,7016,8770
1755,3510,5265,7020,8775
1756,3512,5268,7024,8780
1757,3514,5271,7028,8785
1758,3516,5274,7032,8790
1759,3518,5277,7036,8795
1760,3520,5280,7040,8800
1761,3522,5283,7044,8805
1762,3524,5286,7048,8810
1763,3526,5289,7052,8815
1764,3528,5292,7056,8820
1765,3530,5295,7060,8825
1766,3532,5298,7064,8830
1767,3534,5301,7068,8835
1768,3536,5304,7072,8840
1769,3538,5307,7076,8845
1770,3540,5310,7080,8850
1771,3542,5313,7084,8855
1772,3544,5316,7088,8860
1773,3546,5319,7092,8865
1774,3548,5322,7096,8870
1775,3550,5325,7100,8875
1776,3552,5328,7104,8880
1777,3554,5331,7108,8885
1778,3556,5334,7112,8890
1779,3558,5337,7116,8895
1780,3560,5340,7120,8900
1781,3562,5343,7124,8905
1782,3564,5346,7128,8910
1783,3566,5349,7132,8915
1784,3568,5352,7136,8920
1785,3570,5355,7140,8925
1786,3572,5358,7144,8930
1787,3574,5361,7148,8935
1788,3576,5364,7152,8940
1789,3578,5367,7156,8945
1790,3580,5370,7160,8950
1791,3582,5373,7164,8955
1792,3584,5376,7168,8960
1793,3586,5379,7172,8965
1794,3588,5382,7176,8970
1795,3590,5385,7180,8975
1796,3592,5388,7184,8980
1797,3594,5391,7188,8985
1798,3596,5394,7192,8990
1799,3598,5397,7196,8995
1800,3600,5400,7200,9000
1801,3602,5403,7204,9005
1802,3604,5406,7208,9010
1803,3606,5409,7212,9015
1804,3608,5412,7216,9020
1805,3610,5415,7220,9025
1806,3612,5418,7224,9030
1807,3614,5421,7228,9035
1808,3616,5424,7232,9040
1809,3618,5427,7236,9045
1810,3620,5430,7240,9050
1811,3622,5433,7244,9055
1812,3624,5436,7248,9060
1813,3626,5439,7252,9065
1814,3628,5442,7256,9070
1815,3630,5445,7260,9075
1816,3632,5448,7264,9080
1817,3634,5451,7268,9085
1818,3636,5454,7272,9090
1819,3638,5457,7276,9095
1820,3640,5460,7280,9100
1821,3642,5463,7284,9105
1822,3644,5466,7288,9110
1823,3646,5469,7292,9115
1824,3648,5472,7296,9120
1825,3650,5475,7300,9125
1826,3652,5478,7304,9130
1827,3654,5481,7308,9135
1828,3656,5484,7312,9140
1829,3658,5487,7316,9145
1830,3660,5490,7320,9150
1831,3662,5493,7324,9155
1832,3664,5496,7328,9160
1833,3666,5499,7332,9165
1834,3668,5502,7336,9170
1835,3670,5505,7340,9175
1836,3672,5508,7344,9180
1837,3674,5511,7348,9185
1838,3676,5514,7352,9190
1839,3678,5517,7356,9195
1840,3680,5520,7360,9200
1841,3682,5523,7364,9205
1842,3684,5526,7368,9210
1843,3686,5529,7372,9215
1844,3688,5532,7376,9220
1845,3690,5535,7380,9225
1846,3692,5538,7384,9230
1847,3694,5541,7388,9235
1848,3696,5544,7392,9240
1849,3698,5547,7396,9245
1850,3700,5550,7400,9250
1851,3702,5553,7404,9255
1852,3704,5556,7408,9260
1853,3706,5559,7412,9265
1854,3708,5562,7416,9270
1855,3710,5565,7420,9275
1856,3712,5568,7424,9280
1857,3714,5571,7428,9285
1858,3716,5574,7432,9290
1859,3718,5577,7436,9295
1860,3720,5580,7440,9300
1861,3722,5583,7444,9305
1862,3724,5586,7448,9310
1863,3726,5589,7452,9315
1864,3728,5592,7456,9320
1865,3730,5595,7460,9325
1866,3732,5598,7464,9330
1867,3734,5601,7468,9335
1868,3736,5604,7472,9340
1869,3738,5607,7476,9345
1870,3740,5610,7480,9350
1871,3742,5613,7484,9355
1872,3744,5616,7488,9360
1873,3746,5619,7492,9365
1874,3748,5622,7496,9370
1875,3750,5625,7500,9375
1876,3752,5628,7504,9380
1877,3754,5631,7508,9385
1878,3756,5634,7512,9390
1879,3758,5637,7516,9395
1880,3760,5640,7520,9400
1881,3762,5643,7524,9405
1882,3764,5646,7528,9410
1883,3766,5649,7532,9415
1884,3768,5652,7536,9420
1885,3770,5655,7540,9425
1886,3772,5658,7544,9430
1887,3774,5661,7548,9435
1888,3776,5664,7552,9440
1889,3778,5667,7556,9445
1890,3780,5670,7560,9450
1891,3782,5673,7564,9455
1892,3784,5676,7568,9460
1893,3786,5679,7572,9465
1894,3788,5682,7576,9470
1895,3790,5685,7580,9475
1896,3792,5688,7584,9480
1897,3794,5691,7588,9485
1898,3796,5694,7592,9490
1899,3798,5697,7596,9495
1900,3800,5700,7600,9500
1901,3802,5703,7604,9505
1902,3804,5706,7608,9510
1903,3806,5709,7612,9515
1904,3808,5712,7616,9520
1905,3810,5715,7620,9525
1906,3812,5718,7624,9530
1907,3814,5721,7628,9535
1908,3816,5724,7632,9540
1909,3818,5727,7636,9545
1910,3820,5730,7640,9550
1911,3822,5733,7644,9555
1912,3824,5736,7648,9560
1913,3826,5739,7652,9565
1914,3828,5742,7656,9570
1915,3830,5745,7660,9575
1916,3832,5748,7664,9580
1917,3834,5751,7668,9585
1918,3836,5754,7672,9590
1919,3838,5757,7676,9595
1920,3840,5760,7680,9600
1921,3842,5763,7684,9605
1922,3844,5766,7688,9610
1923,3846,5769,7692,9615
1924,3848,5772,7696,9620
1925,3850,5775,7700,9625
1926,3852,5778,7704,9630
1927,3854,5781,7708,9635
1928,3856,5784,7712,9640
1929,3858,5787,7716,9645
1930,3860,5790,7720,9650
1931,3862,5793,7724,9655
1932,3864,5796,7728,9660
1933,3866,5799,7732,9665
1934,3868,5802,7736,9670
1935,3870,5805,7740,9675
1936,3872,5808,7744,9680
1937,3874,5811,7748,9685
1938,3876,5814,7752,9690
1939,3878,5817,7756,9695
1940,3880,5820,7760,9700
1941,3882,5823,7764,9705
1942,3884,5826,7768,9710
1943,3886,5829,7772,9715
1944,3888,5832,7776,9720
1945,3890,5835,7780,9725
1946,3892,5838,7784,9730
1947,3894,5841,7788,9735
1948,3896,5844,7792,9740
1949,3898,5847,7796,9745
1950,3900,5850,7800,9750
1951,3902,5853,7804,9755
1952,3904,5856,7808,9760
1953,3906,5859,7812,9765
1954,3908,5862,7816,9770
1955,3910,5865,7820,9775
1956,3912,5868,7824,9780
1957,3914,5871,7828,9785
1958,3916,5874,7832,9790
1959,3918,5877,7836,9795
1960,3920,5880,7840,9800
1961,3922,5883,7844,9805
1962,3924,5886,7848,9810
1963,3926,5889,7852,9815
1964,3928,5892,7856,9820
1965,3930,5895,7860,9825
1966,3932,5898,7864,9830
1967,3934,5901,7868,9835
1968,3936,5904,7872,9840
1969,3938,5907,7876,9845
1970,3940,5910,7880,9850
1971,3942,5913,7884,9855
1972,3944,5916,7888,9860
1973,3946,5919,7892,9865
1974,3948,5922,7896,9870
1975,3950,5925,7900,9875
1976,3952,5928,7904,9880
1977,3954,5931,7908,9885
1978,3956,5934,7912,9890
1979,3958,5937,7916,9895
1980,3960,5940,7920,9900
1981,3962,5943,7924,9905
1982,3964,5946,7928,9910
1983,3966,5949,7932,9915
1984,3968,5952,7936,9920
1985,3970,5955,7940,9925
1986,3972,5958,7944,9930
1987,3974,5961,7948,9935
1988,3976,5964,7952,9940
1989,3978,5967,7956,9945
1990,3980,5970,7960,9950
1991,3982,5973,7964,9955
1992,3984,5976,7968,9960
1993,3986,5979,7972,9965
1994,3988,5982,7976,9970
1995,3990,5985,7980,9975
1996,3992,5988,7984,9980
1997,3994,5991,7988,9985
1998,3996,5994,7992,9990
1999,3998,5997,7996,9995
2000,4000,6000,8000,10000
2001,4002,6003,8004,10005
2002,4004,6006,8008,10010
2003,4006,6009,8012,10015
2004,4008,6012,8016,10020
2005,4010,6015,8020,10025
2006,4012,6018,8024,10030
2007,4014,6021,8028,10035
2008,4016,6024,8032,10040
2009,4018,6027,8036,10045
2010,4020,6030,8040,10050
2011,4022,6033,8044,10055
2012,4024,6036,8048,10060
2013,4026,6039,8052,10065
2014,4028,6042,8056,10070
2015,4030,6045,8060,10075
2016,4032,6048,8064,10080
2017,4034,6051,8068,10085
2018,4036,6054,8072,10090
2019,4038,6057,8076,10095
2020,4040,6060,8080,10100
2021,4042,6063,8084,10105
2022,4044,6066,8088,10110
2023,4046,6069,8092,10115
2024,4048,6072,8096,10120
2025,4050,6075,8100,10125
2026,4052,6078,8104,10130
2027,4054,6081,8108,10135
2028,4056,6084,8112,10140
2029,4058,6087,8116,10145
2030,4060,6090,8120,10150
2031,4062,6093,8124,10155
2032,4064,6096,8128,10160
2033,4066,6099,8132,10165
2034,4068,6102,8136,10170
2035,4070,6105,8140,10175
2036,4072,6108,8144,10180
2037,4074,6111,8148,10185
2038,4076,6114,8152,10190
2039,4078,6117,8156,10195
2040,4080,6120,8160,10200
2041,4082,6123,8164,10205
2042,4084,6126,8168,10210
2043,4086,6129,8172,10215
2044,4088,6132,8176,10220
2045,4090,6135,8180,10225
2046,4092,6138,8184,10230
2047,4094,6141,8188,10235
2048,4096,6144,8192,10240
2049,4098,6147,8196,10245
2050,4100,6150,8200,10250
2051,4102,6153,8204,10255
2052,4104,6156,8208,10260
2053,4106,6159,8212,10265
2054,4108,6162,8216,10270
2055,4110,6165,8220,10275
2056,4112,6168,8224,10280
2057,4114,6171,8228,10285
2058,4116,6174,8232,10290
2059,4118,6177,8236,10295
2060,4120,6180,8240,10300
2061,4122,6183,8244,10305
2062,4124,6186,8248,10310
2063,4126,6189,8252,10315
2064,4128,6192,8256,10320
2065,4130,6195,8260,10325
2066,4132,6198,8264,10330
2067,4134,6201,8268,10335
2068,4136,6204,8272,10340
2069,4138,6207,8276,10345
2070,4140,6210,8280,10350
2071,4142,6213,8284,10355
2072,4144,6216,8288,10360
2073,4146,6219,8292,10365
2074,4148,6222,8296,10370
2075,4150,6225,8300,10375
2076,4152,6228,8304,10380
2077,4154,6231,8308,10385
2078,4156,6234,8312,10390
2079,4158,6237,8316,10395
2080,4160,6240,8320,10400
2081,4162,6243,8324,10405
2082,4164,6246,8328,10410
2083,4166,6249,8332,10415
2084,4168,6252,8336,10420
2085,4170,6255,8340,10425
2086,4172,6258,8344,10430
2087,4174,6261,8348,10435
2088,4176,6264,8352,10440
2089,4178,6267,8356,10445
2090,4180,6270,8360,10450
2091,4182,6273,8364,10455
2092,4184,6276,8368,10460
2093,4186,6279,8372,10465
2094,4188,6282,8376,10470
2095,4190,6285,8380,10475
2096,4192,6288,8384,10480
2097,4194,6291,8388,10485
2098,4196,6294,8392,10490
2099,4198,6297,8396,10495
2100,4200,6300,8400,10500
2101,4202,6303,8404,10505
2102,4204,6306,8408,10510
2103,4206,6309,8412,10515
2104,4208,6312,8416,10520
2105,4210,6315,8420,10525
2106,4212,6318,8424,10530
2107,4214,6321,8428,10535
2108,4216,6324,8432,10540
2109,4218,6327,8436,10545
2110,4220,6330,8440,10550
2111,4222,6333,8444,10555
2112,4224,6336,8448,10560
2113,4226,6339,8452,10565
2114,4228,6342,8456,10570
2115,4230,6345,8460,10575
2116,4232,6348,8464,10580
2117,4234,6351,8468,10585
2118,4236,6354,8472,10590
2119,4238,6357,8476,10595
2120,4240,6360,8480,10600
2121,4242,6363,8484,10605
2122,4244,6366,8488,10610
2123,4246,6369,8492,10615
2124,4248,6372,8496,10620
2125,4250,6375,8500,10625
2126,4252,6378,8504,10630
2127,4254,6381,8508,10635
2128,4256,6384,8512,10640
2129,4258,6387,8516,10645
2130,4260,6390,8520,10650
2131,4262,6393,8524,10655
2132,4264,6396,8528,10660
2133,4266,6399,8532,10665
2134,4268,6402,8536,10670
2135,4270,6405,8540,10675
2136,4272,6408,8544,10680
2137,4274,6411,8548,10685
2138,4276,6414,8552,10690
2139,4278,6417,8556,10695
2140,4280,6420,8560,10700
2141,4282,6423,8564,10705
2142,4284,6426,8568,10710
2143,4286,6429,8572,10715
2144,4288,6432,8576,10720
2145,4290,6435,8580,10725
2146,4292,6438,8584,10730
2147,4294,6441,8588,10735
2148,4296,6444,8592,10740
2149,4298,6447,8596,10745
2150,4300,6450,8600,10750
2151,4302,6453,8604,10755
2152,4304,6456,8608,10760
2153,4306,6459,8612,10765
2154,4308,6462,8616,10770
2155,4310,6465,8620,10775
2156,4312,6468,8624,10780
2157,4314,6471,8628,10785
2158,4316,6474,8632,10790
2159,4318,6477,8636,10795
2160,4320,6480,8640,10800
2161,4322,6483,8644,10805
2162,4324,6486,8648,10810
2163,4326,6489,8652,10815
2164,4328,6492,8656,10820
2165,4330,6495,8660,10825
2166,4332,6498,8664,10830
2167,4334,6501,8668,10835
2168,4336,6504,8672,10840
2169,4338,6507,8676,10845
2170,4340,6510,8680,10850
2171,4342,6513,8684,10855
2172,4344,6516,8688,10860
2173,4346,6519,8692,10865
2174,4348,6522,8696,10870
2175,4350,6525,8700,10875
2176,4352,6528,8704,10880
2177,4354,6531,8708,10885
2178,4356,6534,8712,10890
2179,4358,6537,8716,10895
2180,4360,6540,8720,10900
2181,4362,6543,8724,10905
2182,4364,6546,8728,10910
2183,4366,6549,8732,10915
2184,4368,6552,8736,10920
2185,4370,6555,8740,10925
2186,4372,6558,8744,10930
2187,4374,6561,8748,10935
2188,4376,6564,8752,10940
2189,4378,6567,8756,10945
2190,4380,6570,8760,10950
2191,4382,6573,8764,10955
2192,4384,6576,8768,10960
2193,4386,6579,8772,10965
2194,4388,6582,8776,10970
2195,4390,6585,8780,10975
2196,4392,6588,8784,10980
2197,4394,6591,8788,10985
2198,4396,6594,8792,10990
2199,4398,6597,8796,10995
2200,4400,6600,8800,11000
2201,4402,6603,8804,11005
2202,4404,6606,8808,11010
2203,4406,6609,8812,11015
2204,4408,6612,8816,11020
2205,4410,6615,8820,11025
2206,4412,6618,8824,11030
2207,4414,6621,8828,11035
2208,4416,6624,8832,11040
2209,4418,6627,8836,11045
2210,4420,6630,8840,11050
2211,4422,6633,8844,11055
2212,4424,6636,8848,11060
2213,4426,6639,8852,11065
2214,4428,6642,8856,11070
2215,4430,6645,8860,11075
2216,4432,6648,8864,11080
2217,4434,6651,8868,11085
2218,4436,6654,8872,11090
2219,4438,6657,8876,11095
2220,4440,6660,8880,11100
2221,4442,6663,8884,11105
2222,4444,6666,8888,11110
2223,4446,6669,8892,11115
2224,4448,6672,8896,11120
2225,4450,6675,8900,11125
2226,4452,6678,8904,11130
2227,4454,6681,8908,11135
2228,4456,6684,8912,11140
2229,4458,6687,8916,11145
2230,4460,6690,8920,11150
2231,4462,6693,8924,11155
2232,4464,6696,8928,11160
2233,4466,6699,8932,11165
2234,4468,6702,8936,11170
2235,4470,6705,8940,11175
2236,4472,6708,8944,11180
2237,4474,6711,8948,11185
2238,4476,6714,8952,11190
2239,4478,6717,8956,11195
2240,4480,6720,8960,11200
2241,4482,6723,8964,11205
2242,4484,6726,8968,11210
2243,4486,6729,8972,11215
2244,4488,6732,8976,11220
2245,4490,6735,8980,11225
2246,4492,6738,8984,11230
2247,4494,6741,8988,11235
2248,4496,6744,8992,11240
2249,4498,6747,8996,11245
2250,4500,6750,9000,11250
2251,4502,6753,9004,11255
2252,4504,6756,9008,11260
2253,4506,6759,9012,11265
2254,4508,6762,9016,11270
2255,4510,6765,9020,11275
2256,4512,6768,9024,11280
2257,4514,6771,9028,11285
2258,4516,6774,9032,11290
2259,4518,6777,9036,11295
2260,4520,6780,9040,11300
2261,4522,6783,9044,11305
2262,4524,6786,9048,11310
2263,4526,6789,9052,11315
2264,4528,6792,9056,11320
2265,4530,6795,9060,11325
2266,4532,6798,9064,11330
2267,4534,6801,9068,11335
2268,4536,6804,9072,11340
2269,4538,6807,9076,11345
2270,4540,6810,9080,11350
2271,4542,6813,9084,11355
2272,4544,6816,9088,11360
2273,4546,6819,9092,11365
2274,4548,6822,9096,11370
2275,4550,6825,9100,11375
2276,4552,6828,9104,11380
2277,4554,6831,9108,11385
2278,4556,6834,9112,11390
2279,4558,6837,9116,11395
2280,4560,6840,9120,11400
2281,4562,6843,9124,11405
2282,4564,6846,9128,11410
2283,4566,6849,9132,11415
2284,4568,6852,9136,11420
2285,4570,6855,9140,11425
2286,4572,6858,9144,11430
2287,4574,6861,9148,11435
2288,4576,6864,9152,11440
2289,4578,6867,9156,11445
2290,4580,6870,9160,11450
2291,4582,6873,9164,11455
2292,4584,6876,9168,11460
2293,4586,6879,9172,11465
2294,4588,6882,9176,11470
2295,4590,6885,9180,11475
2296,4592,6888,9184,11480
2297,4594,6891,9188,11485
2298,4596,6894,9192,11490
2299,4598,6897,9196,11495
2300,4600,6900,9200,11500
2301,4602,6903,9204,11505
2302,4604,6906,9208,11510
2303,4606,6909,9212,11515
2304,4608,6912,9216,11520
2305,4610,6915,9220,11525
2306,4612,6918,9224,11530
2307,4614,6921,9228,11535
2308,4616,6924,9232,11540
2309,4618,6927,9236,11545
2310,4620,6930,9240,11550
2311,4622,6933,9244,11555
2312,4624,6936,9248,11560
2313,4626,6939,9252,11565
2314,4628,6942,9256,11570
2315,4630,6945,9260,11575
2316,4632,6948,9264,11580
2317,4634,6951,9268,11585
2318,4636,6954,9272,11590
2319,4638,6957,9276,11595
2320,4640,6960,9280,11600
2321,4642,6963,9284,11605
2322,4644,6966,9288,11610
2323,4646,6969,9292,11615
2324,4648,6972,9296,11620
2325,4650,6975,9300,11625
2326,4652,6978,9304,11630
2327,4654,6981,9308,11635
2328,4656,6984,9312,11640
2329,4658,6987,9316,11645
2330,4660,6990,9320,11650
2331,4662,6993,9324,11655
2332,4664,6996,9328,11660
2333,4666,6999,9332,11665
2334,4668,7002,9336,11670
2335,4670,7005,9340,11675
2336,4672,7008,9344,11680
2337,4674,7011,9348,11685
2338,4676,7014,9352,11690
2339,4678,7017,9356,11695
2340,4680,7020,9360,11700
2341,4682,7023,9364,11705
2342,4684,7026,9368,11710
2343,4686,7029,9372,11715
2344,4688,7032,9376,11720
2345,4690,7035,9380,11725
2346,4692,7038,9384,11730
2347,4694,7041,9388,11735
2348,4696,7044,9392,11740
2349,4698,7047,9396,11745
2350,4700,7050,9400,11750
2351,4702,7053,9404,11755
2352,4704,7056,9408,11760
2353,4706,7059,9412,11765
2354,4708,7062,9416,11770
2355,4710,7065,9420,11775
2356,4712,7068,9424,11780
2357,4714,7071,9428,11785
2358,4716,7074,9432,11790
2359,4718,7077,9436,11795
2360,4720,7080,9440,11800
2361,4722,7083,9444,11805
2362,4724,7086,9448,11810
2363,4726,7089,9452,11815
2364,4728,7092,9456,11820
2365,4730,7095,9460,11825
2366,4732,7098,9464,11830
2367,4734,7101,9468,11835
2368,4736,7104,9472,11840
2369,4738,7107,9476,11845
2370,4740,7110,9480,11850
2371,4742,7113,9484,11855
2372,4744,7116,9488,11860
2373,4746,7119,9492,11865
2374,4748,7122,9496,11870
2375,4750,7125,9500,11875
2376,4752,7128,9504,11880
2377,4754,7131,9508,11885
2378,4756,7134,9512,11890
2379,4758,7137,9516,11895
2380,4760,7140,9520,11900
2381,4762,7143,9524,11905
2382,4764,7146,9528,11910
2383,4766,7149,9532,11915
2384,4768,7152,9536,11920
2385,4770,7155,9540,11925
2386,4772,7158,9544,11930
2387,4774,7161,9548,11935
2388,4776,7164,9552,11940
2389,4778,7167,9556,11945
2390,4780,7170,9560,11950
2391,4782,7173,9564,11955
2392,4784,7176,9568,11960
2393,4786,7179,9572,11965
2394,4788,7182,9576,11970
2395,4790,7185,9580,11975
2396,4792,7188,9584,11980
2397,4794,7191,9588,11985
2398,4796,7194,9592,11990
2399,4798,7197,9596,11995
2400,4800,7200,9600,12000
2401,4802,7203,9604,12005
2402,4804,7206,9608,12010
2403,4806,7209,9612,12015
2404,4808,7212,9616,12020
2405,4810,7215,9620,12025
2406,4812,7218,9624,12030
2407,4814,7221,9628,12035
2408,4816,7224,9632,12040
2409,4818,7227,9636,12045
2410,4820,7230,9640,12050
2411,4822,7233,9644,12055
2412,4824,7236,9648,12060
2413,4826,7239,9652,12065
2414,4828,7242,9656,12070
2415,4830,7245,9660,12075
2416,4832,7248,9664,12080
2417,4834,7251,9668,12085
2418,4836,7254,9672,12090
2419,4838,7257,9676,12095
2420,4840,7260,9680,12100
2421,4842,7263,9684,12105
2422,4844,7266,9688,12110
2423,4846,7269,9692,12115
2424,4848,7272,9696,12120
2425,4850,7275,9700,12125
2426,4852,7278,9704,12130
2427,4854,7281,9708,12135
2428,4856,7284,9712,12140
2429,4858,7287,9716,12145
2430,4860,7290,9720,12150
2431,4862,7293,9724,12155
2432,4864,7296,9728,12160
2433,4866,7299,9732,12165
2434,4868,7302,9736,12170
2435,4870,7305,9740,12175
2436,4872,7308,9744,12180
2437,4874,7311,9748,12185
2438,4876,7314,9752,12190
2439,4878,7317,9756,12195
2440,4880,7320,9760,12200
2441,4882,7323,9764,12205
2442,4884,7326,9768,12210
2443,4886,7329,9772,12215
2444,4888,7332,9776,12220
2445,4890,7335,9780,12225
2446,4892,7338,9784,12230
2447,4894,7341,9788,12235
2448,4896,7344,9792,12240
2449,4898,7347,9796,12245
2450,4900,7350,9800,12250
2451,4902,7353,9804,12255
2452,4904,7356,9808,12260
2453,4906,7359,9812,12265
2454,4908,7362,9816,12270
2455,4910,7365,9820,12275
2456,4912,7368,9824,12280
2457,4914,7371,9828,12285
2458,4916,7374,9832,12290
2459,4918,7377,9836,12295
2460,4920,7380,9840,12300
2461,4922,7383,9844,12305
2462,4924,7386,9848,12310
2463,4926,7389,9852,12315
2464,4928,7392,9856,12320
2465,4930,7395,9860,12325
2466,4932,7398,9864,12330
2467,4934,7401,9868,12335
2468,4936,7404,9872,12340
2469,4938,7407,9876,12345
2470,4940,7410,9880,12350
2471,4942,7413,9884,12355
2472,4944,7416,9888,12360
2473,4946,7419,9892,12365
2474,4948,7422,9896,12370
2475,4950,7425,9900,12375
2476,4952,7428,9904,12380
2477,4954,7431,9908,12385
2478,4956,7434,9912,12390
2479,4958,7437,9916,12395
2480,4960,7440,9920,12400
2481,4962,7443,9924,12405
2482,4964,7446,9928,12410
2483,4966,7449,9932,12415
2484,4968,7452,9936,12420
2485,4970,7455,9940,12425
2486,4972,7458,9944,12430
2487,4974,7461,9948,12435
2488,4976,7464,9952,12440
2489,4978,7467,9956,12445
2490,4980,7470,9960,12450
2491,4982,7473,9964,12455
2492,4984,7476,9968,12460
2493,4986,7479,9972,12465
2494,4988,7482,9976,12470
2495,4990,7485,9980,12475
2496,4992,7488,9984,12480
2497,4994,7491,9988,12485
2498,4996,7494,9992,12490
2499,4998,7497,9996,12495
2500,5000,7500,10000,12500
2501,5002,7503,10004,12505
2502,5004,7506,10008,12510
2503,5006,7509,10012,12515
2504,5008,7512,10016,12520
2505,5010,7515,10020,12525
2506,5012,7518,10024,12530
2507,5014,7521,10028,12535
2508,5016,7524,10032,12540
2509,5018,7527,10036,12545
2510,5020,7530,10040,12550
2511,5022,7533,10044,12555
2512,5024,7536,10048,12560
2513,5026,7539,10052,12565
2514,5028,7542,10056,12570
2515,5030,7545,10060,12575
2516,5032,7548,10064,12580
2517,5034,7551,10068,12585
2518,5036,7554,10072,12590
2519,5038,7557,10076,12595
2520,5040,7560,10080,12600
2521,5042,7563,10084,12605
2522,5044,7566,10088,12610
2523,5046,7569,10092,12615
2524,5048,7572,10096,12620
2525,5050,7575,10100,12625
2526,5052,7578,10104,12630
2527,5054,7581,10108,12635
2528,5056,7584,10112,12640
2529,5058,7587,10116,12645
2530,5060,7590,10120,12650
2531,5062,7593,10124,12655
2532,5064,7596,10128,12660
2533,5066,7599,10132,12665
2534,5068,7602,10136,12670
2535,5070,7605,10140,12675
2536,5072,7608,10144,12680
2537,5074,7611,10148,12685
2538,5076,7614,10152,12690
2539,5078,7617,10156,12695
2540,5080,7620,10160,12700
2541,5082,7623,10164,12705
2542,5084,7626,10168,12710
2543,5086,7629,10172,12715
2544,5088,7632,10176,12720
2545,5090,7635,10180,12725
2546,5092,7638,10184,12730
2547,5094,7641,10188,12735
2548,5096,7644,10192,12740
2549,5098,7647,10196,12745
2550,5100,7650,10200,12750
2551,5102,7653,10204,12755
2552,5104,7656,10208,12760
2553,5106,7659,10212,12765
2554,5108,7662,10216,12770
2555,5110,7665,10220,12775
2556,5112,7668,10224,12780
2557,5114,7671,10228,12785
2558,5116,7674,10232,12790
2559,5118,7677,10236,12795
2560,5120,7680,10240,12800
2561,5122,7683,10244,12805
2562,5124,7686,10248,12810
2563,5126,7689,10252,12815
2564,5128,7692,10256,12820
2565,5130,7695,10260,12825
2566,5132,7698,10264,12830
2567,5134,7701,10268,12835
2568,5136,7704,10272,12840
2569,5138,7707,10276,12845
2570,5140,7710,10280,12850
2571,5142,7713,10284,12855
2572,5144,7716,10288,12860
2573,5146,7719,10292,12865
2574,5148,7722,10296,12870
2575,5150,7725,10300,12875
2576,5152,7728,10304,12880
2577,5154,7731,10308,12885
2578,5156,7734,10312,12890
2579,5158,7737,10316,12895
2580,5160,7740,10320,12900
2581,5162,7743,10324,12905
2582,5164,7746,10328,12910
2583,5166,7749,10332,12915
2584,5168,7752,10336,12920
2585,5170,7755,10340,12925
2586,5172,7758,10344,12930
2587,5174,7761,10348,12935
2588,5176,7764,10352,12940
2589,5178,7767,10356,12945
2590,5180,7770,10360,12950
2591,5182,7773,10364,12955
2592,5184,7776,10368,12960
2593,5186,7779,10372,12965
2594,5188,7782,10376,12970
2595,5190,7785,10380,12975
2596,5192,7788,10384,12980
2597,5194,7791,10388,12985
2598,5196,7794,10392,12990
2599,5198,7797,10396,12995
2600,5200,7800,10400,13000
2601,5202,7803,10404,13005
2602,5204,7806,10408,13010
2603,5206,7809,10412,13015
2604,5208,7812,10416,13020
2605,5210,7815,10420,13025
2606,5212,7818,10424,13030
2607,5214,7821,10428,13035
2608,5216,7824,10432,13040
2609,5218,7827,10436,13045
2610,5220,7830,10440,13050
2611,5222,7833,10444,13055
2612,5224,7836,10448,13060
2613,5226,7839,10452,13065
2614,5228,7842,10456,13070
2615,5230,7845,10460,13075
2616,5232,7848,10464,13080
2617,5234,7851,10468,13085
2618,5236,7854,10472,13090
2619,5238,7857,10476,13095
2620,5240,7860,10480,13100
2621,5242,7863,10484,13105
2622,5244,7866,10488,13110
2623,5246,7869,10492,13115
2624,5248,7872,10496,13120
2625,5250,7875,10500,13125
2626,5252,7878,10504,13130
2627,5254,7881,10508,13135
2628,5256,7884,10512,13140
2629,5258,7887,10516,13145
2630,5260,7890,10520,13150
2631,5262,7893,10524,13155
2632,5264,7896,10528,13160
2633,5266,7899,10532,13165
2634,5268,7902,10536,13170
2635,5270,7905,10540,13175
2636,5272,7908,10544,13180
2637,5274,7911,10548,13185
2638,5276,7914,10552,13190
2639,5278,7917,10556,13195
2640,5280,7920,10560,13200
2641,5282,7923,10564,13205
2642,5284,7926,10568,13210
2643,5286,7929,10572,13215
2644,5288,7932,10576,13220
2645,5290,7935,10580,13225
2646,5292,7938,10584,13230
2647,5294,7941,10588,13235
2648,5296,7944,10592,13240
2649,5298,7947,10596,13245
2650,5300,7950,10600,13250
2651,5302,7953,10604,13255
2652,5304,7956,10608,13260
2653,5306,7959,10612,13265
2654,5308,7962,10616,13270
2655,5310,7965,10620,13275
2656,5312,7968,10624,13280
2657,5314,7971,10628,13285
2658,5316,7974,10632,13290
2659,5318,7977,10636,13295
2660,5320,7980,10640,13300
2661,5322,7983,10644,13305
2662,5324,7986,10648,13310
2663,5326,7989,10652,13315
2664,5328,7992,10656,13320
2665,5330,7995,10660,13325
2666,5332,7998,10664,13330
2667,5334,8001,10668,13335
2668,5336,8004,10672,13340
2669,5338,8007,10676,13345
2670,5340,8010,10680,13350
2671,5342,8013,10684,13355
2672,5344,8016,10688,13360
2673,5346,8019,10692,13365
2674,5348,8022,10696,13370
2675,5350,8025,10700,13375
2676,5352,8028,10704,13380
2677,5354,8031,10708,13385
2678,5356,8034,10712,13390
2679,5358,8037,10716,13395
2680,5360,8040,10720,13400
2681,5362,8043,10724,13405
2682,5364,8046,10728,13410
2683,5366,8049,10732,13415
2684,5368,8052,10736,13420
2685,5370,8055,10740,13425
2686,5372,8058,10744,13430
2687,5374,8061,10748,13435
2688,5376,8064,10752,13440
2689,5378,8067,10756,13445
2690,5380,8070,10760,13450
2691,5382,8073,10764,13455
2692,5384,8076,10768,13460
2693,5386,8079,10772,13465
2694,5388,8082,10776,13470
2695,5390,8085,10780,13475
2696,5392,8088,10784,13480
2697,5394,8091,10788,13485
2698,5396,8094,10792,13490
2699,5398,8097,10796,13495
2700,5400,8100,10800,13500
2701,5402,8103,10804,13505
2702,5404,8106,10808,13510
2703,5406,8109,10812,13515
2704,5408,8112,10816,13520
2705,5410,8115,10820,13525
2706,5412,8118,10824,13530
2707,5414,8121,10828,13535
2708,5416,8124,10832,13540
2709,5418,8127,10836,13545
2710,5420,8130,10840,13550
2711,5422,8133,10844,13555
2712,5424,8136,10848,13560
2713,5426,8139,10852,13565
2714,5428,8142,10856,13570
2715,5430,8145,10860,13575
2716,5432,8148,10864,13580
2717,5434,8151,10868,13585
2718,5436,8154,10872,13590
2719,5438,8157,10876,13595
2720,5440,8160,10880,13600
2721,5442,8163,10884,13605
2722,5444,8166,10888,13610
2723,5446,8169,10892,13615
2724,5448,8172,10896,13620
2725,5450,8175,10900,13625
2726,5452,8178,10904,13630
2727,5454,8181,10908,13635
2728,5456,8184,10912,13640
2729,5458,8187,10916,13645
2730,5460,8190,10920,13650
2731,5462,8193,10924,13655
2732,5464,8196,10928,13660
2733,5466,8199,10932,13665
2734,5468,8202,10936,13670
2735,5470,8205,10940,13675
2736,5472,8208,10944,13680
2737,5474,8211,10948,13685
2738,5476,8214,10952,13690
2739,5478,8217,10956,13695
2740,5480,8220,10960,13700
2741,5482,8223,10964,13705
2742,5484,8226,10968,13710
2743,5486,8229,10972,13715
2744,5488,8232,10976,13720
2745,5490,8235,10980,13725
2746,5492,8238,10984,13730
2747,5494,8241,10988,13735
2748,5496,8244,10992,13740
2749,5498,8247,10996,13745
2750,5500,8250,11000,13750
2751,5502,8253,11004,13755
2752,5504,8256,11008,13760
2753,5506,8259,11012,13765
2754,5508,8262,11016,13770
2755,5510,8265,11020,13775
2756,5512,8268,11024,13780
2757,5514,8271,11028,13785
2758,5516,8274,11032,13790
2759,5518,8277,11036,13795
2760,5520,8280,11040,13800
2761,5522,8283,11044,13805
2762,5524,8286,11048,13810
2763,5526,8289,11052,13815
2764,5528,8292,11056,13820
2765,5530,8295,11060,13825
2766,5532,8298,11064,13830
2767,5534,8301,11068,13835
2768,5536,8304,11072,13840
2769,5538,8307,11076,13845
2770,5540,8310,11080,13850
2771,5542,8313,11084,13855
2772,5544,8316,11088,13860
2773,5546,8319,11092,13865
2774,5548,8322,11096,13870
2775,5550,8325,11100,13875
2776,5552,8328,11104,13880
2777,5554,8331,11108,13885
2778,5556,8334,11112,13890
2779,5558,8337,11116,13895
2780,5560,8340,11120,13900
2781,5562,8343,11124,13905
2782,5564,8346,11128,13910
2783,5566,8349,11132,13915
2784,5568,8352,11136,13920
2785,5570,8355,11140,13925
2786,5572,8358,11144,13930
2787,5574,8361,11148,13935
2788,5576,8364,11152,13940
2789,5578,8367,11156,13945
2790,5580,8370,11160,13950
2791,5582,8373,11164,13955
2792,5584,8376,11168,13960
2793,5586,8379,11172,13965
2794,5588,8382,11176,13970
2795,5590,8385,11180,13975
2796,5592,8388,11184,13980
2797,5594,8391,11188,13985
2798,5596,8394,11192,13990
2799,5598,8397,11196,13995
2800,5600,8400,11200,14000
2801,5602,8403,11204,14005
2802,5604,8406,11208,14010
2803,5606,8409,11212,14015
2804,5608,8412,11216,14020
2805,5610,8415,11220,14025
2806,5612,8418,11224,14030
2807,5614,8421,11228,14035
2808,5616,8424,11232,14040
2809,5618,8427,11236,14045
2810,5620,8430,11240,14050
2811,5622,8433,11244,14055
2812,5624,8436,11248,14060
2813,5626,8439,11252,14065
2814,5628,8442,11256,14070
2815,5630,8445,11260,14075
2816,5632,8448,11264,14080
2817,5634,8451,11268,14085
2818,5636,8454,11272,14090
2819,5638,8457,11276,14095
2820,5640,8460,11280,14100
2821,5642,8463,11284,14105
2822,5644,8466,11288,14110
2823,5646,8469,11292,14115
2824,5648,8472,11296,14120
2825,5650,8475,11300,14125
2826,5652,8478,11304,14130
2827,5654,8481,11308,14135
2828,5656,8484,11312,14140
2829,5658,8487,11316,14145
2830,5660,8490,11320,14150
2831,5662,8493,11324,14155
2832,5664,8496,11328,14160
2833,5666,8499,11332,14165
2834,5668,8502,11336,14170
2835,5670,8505,11340,14175
2836,5672,8508,11344,14180
2837,5674,8511,11348,14185
2838,5676,8514,11352,14190
2839,5678,8517,11356,14195
2840,5680,8520,11360,14200
2841,5682,8523,11364,14205
2842,5684,8526,11368,14210
2843,5686,8529,11372,14215
2844,5688,8532,11376,14220
2845,5690,8535,11380,14225
2846,5692,8538,11384,14230
2847,5694,8541,11388,14235
2848,5696,8544,11392,14240
2849,5698,8547,11396,14245
2850,5700,8550,11400,14250
2851,5702,8553,11404,14255
2852,5704,8556,11408,14260
2853,5706,8559,11412,14265
2854,5708,8562,11416,14270
2855,5710,8565,11420,14275
2856,5712,8568,11424,14280
2857,5714,8571,11428,14285
2858,5716,8574,11432,14290
2859,5718,8577,11436,14295
2860,5720,8580,11440,14300
2861,5722,8583,11444,14305
2862,5724,8586,11448,14310
2863,5726,8589,11452,14315
2864,5728,8592,11456,14320
2865,5730,8595,11460,14325
2866,5732,8598,11464,14330
2867,5734,8601,11468,14335
2868,5736,8604,11472,14340
2869,5738,8607,11476,14345
2870,5740,8610,11480,14350
2871,5742,8613,11484,14355
2872,5744,8616,11488,14360
2873,5746,8619,11492,14365
2874,5748,8622,11496,14370
2875,5750,8625,11500,14375
2876,5752,8628,11504,14380
2877,5754,8631,11508,14385
2878,5756,8634,11512,14390
2879,5758,8637,11516,14395
2880,5760,8640,11520,14400
2881,5762,8643,11524,14405
2882,5764,8646,11528,14410
2883,5766,8649,11532,14415
2884,5768,8652,11536,14420
2885,5770,8655,11540,14425
2886,5772,8658,11544,14430
2887,5774,8661,11548,14435
2888,5776,8664,11552,14440
2889,5778,8667,11556,14445
2890,5780,8670,11560,14450
2891,5782,8673,11564,14455
2892,5784,8676,11568,14460
2893,5786,8679,11572,14465
2894,5788,8682,11576,14470
2895,5790,8685,11580,14475
2896,5792,8688,11584,14480
2897,5794,8691,11588,14485
2898,5796,8694,11592,14490
2899,5798,8697,11596,14495
2900,5800,8700,11600,14500
2901,5802,8703,11604,14505
2902,5804,8706,11608,14510
2903,5806,8709,11612,14515
2904,5808,8712,11616,14520
2905,5810,8715,11620,14525
2906,5812,8718,11624,14530
2907,5814,8721,11628,14535
2908,5816,8724,11632,14540
2909,5818,8727,11636,14545
2910,5820,8730,11640,14550
2911,5822,8733,11644,14555
2912,5824,8736,11648,14560
2913,5826,8739,11652,14565
2914,5828,8742,11656,14570
2915,5830,8745,11660,14575
2916,5832,8748,11664,14580
2917,5834,8751,11668,14585
2918,5836,8754,11672,14590
2919,5838,8757,11676,14595
2920,5840,8760,11680,14600
2921,5842,8763,11684,14605
2922,5844,8766,11688,14610
2923,5846,8769,11692,14615
2924,5848,8772,11696,14620
2925,5850,8775,11700,14625
2926,5852,8778,11704,14630
2927,5854,8781,11708,14635
2928,5856,8784,11712,14640
2929,5858,8787,11716,14645
2930,5860,8790,11720,14650
2931,5862,8793,11724,14655
2932,5864,8796,11728,14660
2933,5866,8799,11732,14665
2934,5868,8802,11736,14670
2935,5870,8805,11740,14675
2936,5872,8808,11744,14680
2937,5874,8811,11748,14685
2938,5876,8814,11752,14690
2939,5878,8817,11756,14695
2940,5880,8820,11760,14700
2941,5882,8823,11764,14705
2942,5884,8826,11768,14710
2943,5886,8829,11772,14715
2944,5888,8832,11776,14720
2945,5890,8835,11780,14725
2946,5892,8838,11784,14730
2947,5894,8841,11788,14735
2948,5896,8844,11792,14740
2949,5898,8847,11796,14745
2950,5900,8850,11800,14750
2951,5902,8853,11804,14755
2952,5904,8856,11808,14760
2953,5906,8859,11812,14765
2954,5908,8862,11816,14770
2955,5910,8865,11820,14775
2956,5912,8868,11824,14780
2957,5914,8871,11828,14785
2958,5916,8874,11832,14790
2959,5918,8877,11836,14795
2960,5920,8880,11840,14800
2961,5922,8883,11844,14805
2962,5924,8886,11848,14810
2963,5926,8889,11852,14815
2964,5928,8892,11856,14820
2965,5930,8895,11860,14825
2966,5932,8898,11864,14830
2967,5934,8901,11868,14835
2968,5936,8904,11872,14840
2969,5938,8907,11876,14845
2970,5940,8910,11880,14850
2971,5942,8913,11884,14855
2972,5944,8916,11888,14860
2973,5946,8919,11892,14865
2974,5948,8922,11896,14870
2975,5950,8925,11900,14875
2976,5952,8928,11904,14880
2977,5954,8931,11908,14885
2978,5956,8934,11912,14890
2979,5958,8937,11916,14895
2980,5960,8940,11920,14900
2981,5962,8943,11924,14905
2982,5964,8946,11928,14910
2983,5966,8949,11932,14915
2984,5968,8952,11936,14920
2985,5970,8955,11940,14925
2986,5972,8958,11944,14930
2987,5974,8961,11948,14935
2988,5976,8964,11952,14940
2989,5978,8967,11956,14945
2990,5980,8970,11960,14950
2991,5982,8973,11964,14955
2992,5984,8976,11968,14960
2993,5986,8979,11972,14965
2994,5988,8982,11976,14970
2995,5990,8985,11980,14975
2996,5992,8988,11984,14980
2997,5994,8991,11988,14985
2998,5996,8994,11992,14990
2999,5998,8997,11996,14995
3000,6000,9000,12000,15000
3001,6002,9003,12004,15005
3002,6004,9006,12008,15010
3003,6006,9009,12012,15015
3004,6008,9012,12016,15020
3005,6010,9015,12020,15025
3006,6012,9018,12024,15030
3007,6014,9021,12028,15035
3008,6016,9024,12032,15040
3009,6018,9027,12036,15045
3010,6020,9030,12040,15050
3011,6022,9033,12044,15055
3012,6024,9036,12048,15060
3013,6026,9039,12052,15065
3014,6028,9042,12056,15070
3015,6030,9045,12060,15075
3016,6032,9048,12064,15080
3017,6034,9051,12068,15085
3018,6036,9054,12072,15090
3019,6038,9057,12076,15095
3020,6040,9060,12080,15100
3021,6042,9063,12084,15105
3022,6044,9066,12088,15110
3023,6046,9069,12092,15115
3024,6048,9072,12096,15120
3025,6050,9075,12100,15125
3026,6052,9078,12104,15130
3027,6054,9081,12108,15135
3028,6056,9084,12112,15140
3029,6058,9087,12116,15145
3030,6060,9090,12120,15150
3031,6062,9093,12124,15155
3032,6064,9096,12128,15160
3033,6066,9099,12132,15165
3034,6068,9102,12136,15170
3035,6070,9105,12140,15175
3036,6072,9108,12144,15180
3037,6074,9111,12148,15185
3038,6076,9114,12152,15190
3039,6078,9117,12156,15195
3040,6080,9120,12160,15200
3041,6082,9123,12164,15205
3042,6084,9126,12168,15210
3043,6086,9129,12172,15215
3044,6088,9132,12176,15220
3045,6090,9135,12180,15225
3046,6092,9138,12184,15230
3047,6094,9141,12188,15235
3048,6096,9144,12192,15240
3049,6098,9147,12196,15245
3050,6100,9150,12200,15250
3051,6102,9153,12204,15255
3052,6104,9156,12208,15260
3053,6106,9159,12212,15265
3054,6108,9162,12216,15270
3055,6110,9165,12220,15275
3056,6112,9168,12224,15280
3057,6114,9171,12228,15285
3058,6116,9174,12232,15290
3059,6118,9177,12236,15295
3060,6120,9180,12240,15300
3061,6122,9183,12244,15305
3062,6124,9186,12248,15310
3063,6126,9189,12252,15315
3064,6128,9192,12256,15320
3065,6130,9195,12260,15325
3066,6132,9198,12264,15330
3067,6134,9201,12268,15335
3068,6136,9204,12272,15340
3069,6138,9207,12276,15345
3070,6140,9210,12280,15350
3071,6142,9213,12284,15355
3072,6144,9216,12288,15360
3073,6146,9219,12292,15365
3074,6148,9222,12296,15370
3075,6150,9225,12300,15375
3076,6152,9228,12304,15380
3077,6154,9231,12308,15385
3078,6156,9234,12312,15390
3079,6158,9237,12316,15395
3080,6160,9240,12320,15400
3081,6162,9243,12324,15405
3082,6164,9246,12328,15410
3083,6166,9249,12332,15415
3084,6168,9252,12336,15420
3085,6170,9255,12340,15425
3086,6172,9258,12344,15430
3087,6174,9261,12348,15435
3088,6176,9264,12352,15440
3089,6178,9267,12356,15445
3090,6180,9270,12360,15450
3091,6182,9273,12364,15455
3092,6184,9276,12368,15460
3093,6186,9279,12372,15465
3094,6188,9282,12376,15470
3095,6190,9285,12380,15475
3096,6192,9288,12384,15480
3097,6194,9291,12388,15485
3098,6196,9294,12392,15490
3099,6198,9297,12396,15495
3100,6200,9300,12400,15500
3101,6202,9303,12404,15505
3102,6204,9306,12408,15510
3103,6206,9309,12412,15515
3104,6208,9312,12416,15520
3105,6210,9315,12420,15525
3106,6212,9318,12424,15530
3107,6214,9321,12428,15535
3108,6216,9324,12432,15540
3109,6218,9327,12436,15545
3110,6220,9330,12440,15550
3111,6222,9333,12444,15555
3112,6224,9336,12448,15560
3113,6226,9339,12452,15565
3114,6228,9342,12456,15570
3115,6230,9345,12460,15575
3116,6232,9348,12464,15580
3117,6234,9351,12468,15585
3118,6236,9354,12472,15590
3119,6238,9357,12476,15595
3120,6240,9360,12480,15600
3121,6242,9363,12484,15605
3122,6244,9366,12488,15610
3123,6246,9369,12492,15615
3124,6248,9372,12496,15620
3125,6250,9375,12500,15625
3126,6252,9378,12504,15630
3127,6254,9381,12508,15635
3128,6256,9384,12512,15640
3129,6258,9387,12516,15645
3130,6260,9390,12520,15650
3131,6262,9393,12524,15655
3132,6264,9396,12528,15660
3133,6266,9399,12532,15665
3134,6268,9402,12536,15670
3135,6270,9405,12540,15675
3136,6272,9408,12544,15680
3137,6274,9411,12548,15685
3138,6276,9414,12552,15690
3139,6278,9417,12556,15695
3140,6280,9420,12560,15700
3141,6282,9423,12564,15705
3142,6284,9426,12568,15710
3143,6286,9429,12572,15715
3144,6288,9432,12576,15720
3145,6290,9435,12580,15725
3146,6292,9438,12584,15730
3147,6294,9441,12588,15735
3148,6296,9444,12592,15740
3149,6298,9447,12596,15745
3150,6300,9450,12600,15750
3151,6302,9453,12604,15755
3152,6304,9456,12608,15760
3153,6306,9459,12612,15765
3154,6308,9462,12616,15770
3155,6310,9465,12620,15775
3156,6312,9468,12624,15780
3157,6314,9471,12628,15785
3158,6316,9474,12632,15790
3159,6318,9477,12636,15795
3160,6320,9480,12640,15800
3161,6322,9483,12644,15805
3162,6324,9486,12648,15810
3163,6326,9489,12652,15815
3164,6328,9492,12656,15820
3165,6330,9495,12660,15825
3166,6332,9498,12664,15830
3167,6334,9501,12668,15835
3168,6336,9504,12672,15840
3169,6338,9507,12676,15845
3170,6340,9510,12680,15850
3171,6342,9513,12684,15855
3172,6344,9516,12688,15860
3173,6346,9519,12692,15865
3174,6348,9522,12696,15870
3175,6350,9525,12700,15875
3176,6352,9528,12704,15880
3177,6354,9531,12708,15885
3178,6356,9534,12712,15890
3179,6358,9537,12716,15895
3180,6360,9540,12720,15900
3181,6362,9543,12724,15905
3182,6364,9546,12728,15910
3183,6366,9549,12732,15915
3184,6368,9552,12736,15920
3185,6370,9555,12740,15925
3186,6372,9558,12744,15930
3187,6374,9561,12748,15935
3188,6376,9564,12752,15940
3189,6378,9567,12756,15945
3190,6380,9570,12760,15950
3191,6382,9573,12764,15955
3192,6384,9576,12768,15960
3193,6386,9579,12772,15965
3194,6388,9582,12776,15970
3195,6390,9585,12780,15975
3196,6392,9588,12784,15980
3197,6394,9591,12788,15985
3198,6396,9594,12792,15990
3199,6398,9597,12796,15995
3200,6400,9600,12800,16000
3201,6402,9603,12804,16005
3202,6404,9606,12808,16010
3203,6406,9609,12812,16015
3204,6408,9612,12816,16020
3205,6410,9615,12820,16025
3206,6412,9618,12824,16030
3207,6414,9621,12828,16035
3208,6416,9624,12832,16040
3209,6418,9627,12836,16045
3210,6420,9630,12840,16050
3211,6422,9633,12844,16055
3212,6424,9636,12848,16060
3213,6426,9639,12852,16065
3214,6428,9642,12856,16070
3215,6430,9645,12860,16075
3216,6432,9648,12864,16080
3217,6434,9651,12868,16085
3218,6436,9654,12872,16090
3219,6438,9657,12876,16095
3220,6440,9660,12880,16100
3221,6442,9663,12884,16105
3222,6444,9666,12888,16110
3223,6446,9669,12892,16115
3224,6448,9672,12896,16120
3225,6450,9675,12900,16125
3226,6452,9678,12904,16130
3227,6454,9681,12908,16135
3228,6456,9684,12912,16140
3229,6458,9687,12916,16145
3230,6460,9690,12920,16150
3231,6462,9693,12924,16155
3232,6464,9696,12928,16160
3233,6466,9699,12932,16165
3234,6468,9702,12936,16170
3235,6470,9705,12940,16175
3236,6472,9708,12944,16180
3237,6474,9711,12948,16185
3238,6476,9714,12952,16190
3239,6478,9717,12956,16195
3240,6480,9720,12960,16200
3241,6482,9723,12964,16205
3242,6484,9726,12968,16210
3243,6486,9729,12972,16215
3244,6488,9732,12976,16220
3245,6490,9735,12980,16225
3246,6492,9738,12984,16230
3247,6494,9741,12988,16235
3248,6496,9744,12992,16240
3249,6498,9747,12996,16245
3250,6500,9750,13000,16250
3251,6502,9753,13004,16255
3252,6504,9756,13008,16260
3253,6506,9759,13012,16265
3254,6508,9762,13016,16270
3255,6510,9765,13020,16275
3256,6512,9768,13024,16280
3257,6514,9771,13028,16285
3258,6516,9774,13032,16290
3259,6518,9777,13036,16295
3260,6520,9780,13040,16300
3261,6522,9783,13044,16305
3262,6524,9786,13048,16310
3263,6526,9789,13052,16315
3264,6528,9792,13056,16320
3265,6530,9795,13060,16325
3266,6532,9798,13064,16330
3267,6534,9801,13068,16335
3268,6536,9804,13072,16340
3269,6538,9807,13076,16345
3270,6540,9810,13080,16350
3271,6542,9813,13084,16355
3272,6544,9816,13088,16360
3273,6546,9819,13092,16365
3274,6548,9822,13096,16370
3275,6550,9825,13100,16375
3276,6552,9828,13104,16380
3277,6554,9831,13108,16385
3278,6556,9834,13112,16390
3279,6558,9837,13116,16395
3280,6560,9840,13120,16400
3281,6562,9843,13124,16405
3282,6564,9846,13128,16410
3283,6566,9849,13132,16415
3284,6568,9852,13136,16420
3285,6570,9855,13140,16425
3286,6572,9858,13144,16430
3287,6574,9861,13148,16435
3288,6576,9864,13152,16440
3289,6578,9867,13156,16445
3290,6580,9870,13160,16450
3291,6582,9873,13164,16455
3292,6584,9876,13168,16460
3293,6586,9879,13172,16465
3294,6588,9882,13176,16470
3295,6590,9885,13180,16475
3296,6592,9888,13184,16480
3297,6594,9891,13188,16485
3298,6596,9894,13192,16490
3299,6598,9897,13196,16495
3300,6600,9900,13200,16500
3301,6602,9903,13204,16505
3302,6604,9906,13208,16510
3303,6606,9909,13212,16515
3304,6608,9912,13216,16520
3305,6610,9915,13220,16525
3306,6612,9918,13224,16530
3307,6614,9921,13228,16535
3308,6616,9924,13232,16540
3309,6618,9927,13236,16545
3310,6620,9930,13240,16550
3311,6622,9933,13244,16555
3312,6624,9936,13248,16560
3313,6626,9939,13252,16565
3314,6628,9942,13256,16570
3315,6630,9945,13260,16575
3316,6632,9948,13264,16580
3317,6634,9951,13268,16585
3318,6636,9954,13272,16590
3319,6638,9957,13276,16595
3320,6640,9960,13280,16600
3321,6642,9963,13284,16605
3322,6644,9966,13288,16610
3323,6646,9969,13292,16615
3324,6648,9972,13296,16620
3325,6650,9975,13300,16625
3326,6652,9978,13304,16630
3327,6654,9981,13308,16635
3328,6656,9984,13312,16640
3329,6658,9987,13316,16645
3330,6660,9990,13320,16650
3331,6662,9993,13324,16655
3332,6664,9996,13328,16660
3333,6666,9999,13332,16665
3334,6668,10002,13336,16670
3335,6670,10005,13340,16675
3336,6672,10008,13344,16680
3337,6674,10011,13348,16685
3338,6676,10014,13352,16690
3339,6678,10017,13356,16695
3340,6680,10020,13360,16700
3341,6682,10023,13364,16705
3342,6684,10026,13368,16710
3343,6686,10029,13372,16715
3344,6688,10032,13376,16720
3345,6690,10035,13380,16725
3346,6692,10038,13384,16730
3347,6694,10041,13388,16735
3348,6696,10044,13392,16740
3349,6698,10047,13396,16745
3350,6700,10050,13400,16750
3351,6702,10053,13404,16755
3352,6704,10056,13408,16760
3353,6706,10059,13412,16765
3354,6708,10062,13416,16770
3355,6710,10065,13420,16775
3356,6712,10068,13424,16780
3357,6714,10071,13428,16785
3358,6716,10074,13432,16790
3359,6718,10077,13436,16795
3360,6720,10080,13440,16800
3361,6722,10083,13444,16805
3362,6724,10086,13448,16810
3363,6726,10089,13452,16815
3364,6728,10092,13456,16820
3365,6730,10095,13460,16825
3366,6732,10098,13464,16830
3367,6734,10101,13468,16835
3368,6736,10104,13472,16840
3369,6738,10107,13476,16845
3370,6740,10110,13480,16850
3371,6742,10113,13484,16855
3372,6744,10116,13488,16860
3373,6746,10119,13492,16865
3374,6748,10122,13496,16870
3375,6750,10125,13500,16875
3376,6752,10128,13504,16880
3377,6754,10131,13508,16885
3378,6756,10134,13512,16890
3379,6758,10137,13516,16895
3380,6760,10140,13520,16900
3381,6762,10143,13524,16905
3382,6764,10146,13528,16910
3383,6766,10149,13532,16915
3384,6768,10152,13536,16920
3385,6770,10155,13540,16925
3386,6772,10158,13544,16930
3387,6774,10161,13548,16935
3388,6776,10164,13552,16940
3389,6778,10167,13556,16945
3390,6780,10170,13560,16950
3391,6782,10173,13564,16955
3392,6784,10176,13568,16960
3393,6786,10179,13572,16965
3394,6788,10182,13576,16970
3395,6790,10185,13580,16975
3396,6792,10188,13584,16980
3397,6794,10191,13588,16985
3398,6796,10194,13592,16990
3399,6798,10197,13596,16995
3400,6800,10200,13600,17000
3401,6802,10203,13604,17005
3402,6804,10206,13608,17010
3403,6806,10209,13612,17015
3404,6808,10212,13616,17020
3405,6810,10215,13620,17025
3406,6812,10218,13624,17030
3407,6814,10221,13628,17035
3408,6816,10224,13632,17040
3409,6818,10227,13636,17045
3410,6820,10230,13640,17050
3411,6822,10233,13644,17055
3412,6824,10236,13648,17060
3413,6826,10239,13652,17065
3414,6828,10242,13656,17070
3415,6830,10245,13660,17075
3416,6832,10248,13664,17080
3417,6834,10251,13668,17085
3418,6836,10254,13672,17090
3419,6838,10257,13676,17095
3420,6840,10260,13680,17100
3421,6842,10263,13684,17105
3422,6844,10266,13688,17110
3423,6846,10269,13692,17115
3424,6848,10272,13696,17120
3425,6850,10275,13700,17125
3426,6852,10278,13704,17130
3427,6854,10281,13708,17135
3428,6856,10284,13712,17140
3429,6858,10287,13716,17145
3430,6860,10290,13720,17150
3431,6862,10293,13724,17155
3432,6864,10296,13728,17160
3433,6866,10299,13732,17165
3434,6868,10302,13736,17170
3435,6870,10305,13740,17175
3436,6872,10308,13744,17180
3437,6874,10311,13748,17185
3438,6876,10314,13752,17190
3439,6878,10317,13756,17195
3440,6880,10320,13760,17200
3441,6882,10323,13764,17205
3442,6884,10326,13768,17210
3443,6886,10329,13772,17215
3444,6888,10332,13776,17220
3445,6890,10335,13780,17225
3446,6892,10338,13784,17230
3447,6894,10341,13788,17235
3448,6896,10344,13792,17240
3449,6898,10347,13796,17245
3450,6900,10350,13800,17250
3451,6902,10353,13804,17255
3452,6904,10356,13808,17260
3453,6906,10359,13812,17265
3454,6908,10362,13816,17270
3455,6910,10365,13820,17275
3456,6912,10368,13824,17280
3457,6914,10371,13828,17285
3458,6916,10374,13832,17290
3459,6918,10377,13836,17295
3460,6920,10380,13840,17300
3461,6922,10383,13844,17305
3462,6924,10386,13848,17310
3463,6926,10389,13852,17315
3464,6928,10392,13856,17320
3465,6930,10395,13860,17325
3466,6932,10398,13864,17330
3467,6934,10401,13868,17335
3468,6936,10404,13872,17340
3469,6938,10407,13876,17345
3470,6940,10410,13880,17350
3471,6942,10413,13884,17355
3472,6944,10416,13888,17360
3473,6946,10419,13892,17365
3474,6948,10422,13896,17370
3475,6950,10425,13900,17375
3476,6952,10428,13904,17380
3477,6954,10431,13908,17385
3478,6956,10434,13912,17390
3479,6958,10437,13916,17395
3480,6960,10440,13920,17400
3481,6962,10443,13924,17405
3482,6964,10446,13928,17410
3483,6966,10449,13932,17415
3484,6968,10452,13936,17420
3485,6970,10455,13940,17425
3486,6972,10458,13944,17430
3487,6974,10461,13948,17435
3488,6976,10464,13952,17440
3489,6978,10467,13956,17445
3490,6980,10470,13960,17450
3491,6982,10473,13964,17455
3492,6984,10476,13968,17460
3493,6986,10479,13972,17465
3494,6988,10482,13976,17470
3495,6990,10485,13980,17475
3496,6992,10488,13984,17480
3497,6994,10491,13988,17485
3498,6996,10494,13992,17490
3499,6998,10497,13996,17495
3500,7000,10500,14000,17500
3501,7002,10503,14004,17505
3502,7004,10506,14008,17510
3503,7006,10509,14012,17515
3504,7008,10512,14016,17520
3505,7010,10515,14020,17525
3506,7012,10518,14024,17530
3507,7014,10521,14028,17535
3508,7016,10524,14032,17540
3509,7018,10527,14036,17545
3510,7020,10530,14040,17550
3511,7022,10533,14044,17555
3512,7024,10536,14048,17560
3513,7026,10539,14052,17565
3514,7028,10542,14056,17570
3515,7030,10545,14060,17575
3516,7032,10548,14064,17580
3517,7034,10551,14068,17585
3518,7036,10554,14072,17590
3519,7038,10557,14076,17595
3520,7040,10560,14080,17600
3521,7042,10563,14084,17605
3522,7044,10566,14088,17610
3523,7046,10569,14092,17615
3524,7048,10572,14096,17620
3525,7050,10575,14100,17625
3526,7052,10578,14104,17630
3527,7054,10581,14108,17635
3528,7056,10584,14112,17640
3529,7058,10587,14116,17645
3530,7060,10590,14120,17650
3531,7062,10593,14124,17655
3532,7064,10596,14128,17660
3533,7066,10599,14132,17665
3534,7068,10602,14136,17670
3535,7070,10605,14140,17675
3536,7072,10608,14144,17680
3537,7074,10611,14148,17685
3538,7076,10614,14152,17690
3539,7078,10617,14156,17695
3540,7080,10620,14160,17700
3541,7082,10623,14164,17705
3542,7084,10626,14168,17710
3543,7086,10629,14172,17715
3544,7088,10632,14176,17720
3545,7090,10635,14180,17725
3546,7092,10638,14184,17730
3547,7094,10641,14188,17735
3548,7096,10644,14192,17740
3549,7098,10647,14196,17745
3550,7100,10650,14200,17750
3551,7102,10653,14204,17755
3552,7104,10656,14208,17760
3553,7106,10659,14212,17765
3554,7108,10662,14216,17770
3555,7110,10665,14220,17775
3556,7112,10668,14224,17780
3557,7114,10671,14228,17785
3558,7116,10674,14232,17790
3559,7118,10677,14236,17795
3560,7120,10680,14240,17800
3561,7122,10683,14244,17805
3562,7124,10686,14248,17810
3563,7126,10689,14252,17815
3564,7128,10692,14256,17820
3565,7130,10695,14260,17825
3566,7132,10698,14264,17830
3567,7134,10701,14268,17835
3568,7136,10704,14272,17840
3569,7138,10707,14276,17845
3570,7140,10710,14280,17850
3571,7142,10713,14284,17855
3572,7144,10716,14288,17860
3573,7146,10719,14292,17865
3574,7148,10722,14296,17870
3575,7150,10725,14300,17875
3576,7152,10728,14304,17880
3577,7154,10731,14308,17885
3578,7156,10734,14312,17890
3579,7158,10737,14316,17895
3580,7160,10740,14320,17900
3581,7162,10743,14324,17905
3582,7164,10746,14328,17910
3583,7166,10749,14332,17915
3584,7168,10752,14336,17920
3585,7170,10755,14340,17925
3586,7172,10758,14344,17930
3587,7174,10761,14348,17935
3588,7176,10764,14352,17940
3589,7178,10767,14356,17945
3590,7180,10770,14360,17950
3591,7182,10773,14364,17955
3592,7184,10776,14368,17960
3593,7186,10779,14372,17965
3594,7188,10782,14376,17970
3595,7190,10785,14380,17975
3596,7192,10788,14384,17980
3597,7194,10791,14388,17985
3598,7196,10794,14392,17990
3599,7198,10797,14396,17995
3600,7200,10800,14400,18000
3601,7202,10803,14404,18005
3602,7204,10806,14408,18010
3603,7206,10809,14412,18015
3604,7208,10812,14416,18020
3605,7210,10815,14420,18025
3606,7212,10818,14424,18030
3607,7214,10821,14428,18035
3608,7216,10824,14432,18040
3609,7218,10827,14436,18045
3610,7220,10830,14440,18050
3611,7222,10833,14444,18055
3612,7224,10836,14448,18060
3613,7226,10839,14452,18065
3614,7228,10842,14456,18070
3615,7230,10845,14460,18075
3616,7232,10848,14464,18080
3617,7234,10851,14468,18085
3618,7236,10854,14472,18090
3619,7238,10857,14476,18095
3620,7240,10860,14480,18100
3621,7242,10863,14484,18105
3622,7244,10866,14488,18110
3623,7246,10869,14492,18115
3624,7248,10872,14496,18120
3625,7250,10875,14500,18125
3626,7252,10878,14504,18130
3627,7254,10881,14508,18135
3628,7256,10884,14512,18140
3629,7258,10887,14516,18145
3630,7260,10890,14520,18150
3631,7262,10893,14524,18155
3632,7264,10896,14528,18160
3633,7266,10899,14532,18165
3634,7268,10902,14536,18170
3635,7270,10905,14540,18175
3636,7272,10908,14544,18180
3637,7274,10911,14548,18185
3638,7276,10914,14552,18190
3639,7278,10917,14556,18195
3640,7280,10920,14560,18200
3641,7282,10923,14564,18205
3642,7284,10926,14568,18210
3643,7286,10929,14572,18215
3644,7288,10932,14576,18220
3645,7290,10935,14580,18225
3646,7292,10938,14584,18230
3647,7294,10941,14588,18235
3648,7296,10944,14592,18240
3649,7298,10947,14596,18245
3650,7300,10950,14600,18250
3651,7302,10953,14604,18255
3652,7304,10956,14608,18260
3653,7306,10959,14612,18265
3654,7308,10962,14616,18270
3655,7310,10965,14620,18275
3656,7312,10968,14624,18280
3657,7314,10971,14628,18285
3658,7316,10974,14632,18290
3659,7318,10977,14636,18295
3660,7320,10980,14640,18300
3661,7322,10983,14644,18305
3662,7324,10986,14648,18310
3663,7326,10989,14652,18315
3664,7328,10992,14656,18320
3665,7330,10995,14660,18325
3666,7332,10998,14664,18330
3667,7334,11001,14668,18335
3668,7336,11004,14672,18340
3669,7338,11007,14676,18345
3670,7340,11010,14680,18350
3671,7342,11013,14684,18355
3672,7344,11016,14688,18360
3673,7346,11019,14692,18365
3674,7348,11022,14696,18370
3675,7350,11025,14700,18375
3676,7352,11028,14704,18380
3677,7354,11031,14708,18385
3678,7356,11034,14712,18390
3679,7358,11037,14716,18395
3680,7360,11040,14720,18400
3681,7362,11043,14724,18405
3682,7364,11046,14728,18410
3683,7366,11049,14732,18415
3684,7368,11052,14736,18420
3685,7370,11055,14740,18425
3686,7372,11058,14744,18430
3687,7374,11061,14748,18435
3688,7376,11064,14752,18440
3689,7378,11067,14756,18445
3690,7380,11070,14760,18450
3691,7382,11073,14764,18455
3692,7384,11076,14768,18460
3693,7386,11079,14772,18465
3694,7388,11082,14776,18470
3695,7390,11085,14780,18475
3696,7392,11088,14784,18480
3697,7394,11091,14788,18485
3698,7396,11094,14792,18490
3699,7398,11097,14796,18495
3700,7400,11100,14800,18500
3701,7402,11103,14804,18505
3702,7404,11106,14808,18510
3703,7406,11109,14812,18515
3704,7408,11112,14816,18520
3705,7410,11115,14820,18525
3706,7412,11118,14824,18530
3707,7414,11121,14828,18535
3708,7416,11124,14832,18540
3709,7418,11127,14836,18545
3710,7420,11130,14840,18550
3711,7422,11133,14844,18555
3712,7424,11136,14848,18560
3713,7426,11139,14852,18565
3714,7428,11142,14856,18570
3715,7430,11145,14860,18575
3716,7432,11148,14864,18580
3717,7434,11151,14868,18585
3718,7436,11154,14872,18590
3719,7438,11157,14876,18595
3720,7440,11160,14880,18600
3721,7442,11163,14884,18605
3722,7444,11166,14888,18610
3723,7446,11169,14892,18615
3724,7448,11172,14896,18620
3725,7450,11175,14900,18625
3726,7452,11178,14904,18630
3727,7454,11181,14908,18635
3728,7456,11184,14912,18640
3729,7458,11187,14916,18645
3730,7460,11190,14920,18650
3731,7462,11193,14924,18655
3732,7464,11196,14928,18660
3733,7466,11199,14932,18665
3734,7468,11202,14936,18670
3735,7470,11205,14940,18675
3736,7472,11208,14944,18680
3737,7474,11211,14948,18685
3738,7476,11214,14952,18690
3739,7478,11217,14956,18695
3740,7480,11220,14960,18700
3741,7482,11223,14964,18705
3742,7484,11226,14968,18710
3743,7486,11229,14972,18715
3744,7488,11232,14976,18720
3745,7490,11235,14980,18725
3746,7492,11238,14984,18730
3747,7494,11241,14988,18735
3748,7496,11244,14992,18740
3749,7498,11247,14996,18745
3750,7500,11250,15000,18750
3751,7502,11253,15004,18755
3752,7504,11256,15008,18760
3753,7506,11259,15012,18765
3754,7508,11262,15016,18770
3755,7510,11265,15020,18775
3756,7512,11268,15024,18780
3757,7514,11271,15028,18785
3758,7516,11274,15032,18790
3759,7518,11277,15036,18795
3760,7520,11280,15040,18800
3761,7522,11283,15044,18805
3762,7524,11286,15048,18810
3763,7526,11289,15052,18815
3764,7528,11292,15056,18820
3765,7530,11295,15060,18825
3766,7532,11298,15064,18830
3767,7534,11301,15068,18835
3768,7536,11304,15072,18840
3769,7538,11307,15076,18845
3770,7540,11310,15080,18850
3771,7542,11313,15084,18855
3772,7544,11316,15088,18860
3773,7546,11319,15092,18865
3774,7548,11322,15096,18870
3775,7550,11325,15100,18875
3776,7552,11328,15104,18880
3777,7554,11331,15108,18885
3778,7556,11334,15112,18890
3779,7558,11337,15116,18895
3780,7560,11340,15120,18900
3781,7562,11343,15124,18905
3782,7564,11346,15128,18910
3783,7566,11349,15132,18915
3784,7568,11352,15136,18920
3785,7570,11355,15140,18925
3786,7572,11358,15144,18930
3787,7574,11361,15148,18935
3788,7576,11364,15152,18940
3789,7578,11367,15156,18945
3790,7580,11370,15160,18950
3791,7582,11373,15164,18955
3792,7584,11376,15168,18960
3793,7586,11379,15172,18965
3794,7588,11382,15176,18970
3795,7590,11385,15180,18975
3796,7592,11388,15184,18980
3797,7594,11391,15188,18985
3798,7596,11394,15192,18990
3799,7598,11397,15196,18995
3800,7600,11400,15200,19000
3801,7602,11403,15204,19005
3802,7604,11406,15208,19010
3803,7606,11409,15212,19015
3804,7608,11412,15216,19020
3805,7610,11415,15220,19025
3806,7612,11418,15224,19030
3807,7614,11421,15228,19035
3808,7616,11424,15232,19040
3809,7618,11427,15236,19045
3810,7620,11430,15240,19050
3811,7622,11433,15244,19055
3812,7624,11436,15248,19060
3813,7626,11439,15252,19065
3814,7628,11442,15256,19070
3815,7630,11445,15260,19075
3816,7632,11448,15264,19080
3817,7634,11451,15268,19085
3818,7636,11454,15272,19090
3819,7638,11457,15276,19095
3820,7640,11460,15280,19100
3821,7642,11463,15284,19105
3822,7644,11466,15288,19110
3823,7646,11469,15292,19115
3824,7648,11472,15296,19120
3825,7650,11475,15300,19125
3826,7652,11478,15304,19130
3827,7654,11481,15308,19135
3828,7656,11484,15312,19140
3829,7658,11487,15316,19145
3830,7660,11490,15320,19150
3831,7662,11493,15324,19155
3832,7664,11496,15328,19160
3833,7666,11499,15332,19165
3834,7668,11502,15336,19170
3835,7670,11505,15340,19175
3836,7672,11508,15344,19180
3837,7674,11511,15348,19185
3838,7676,11514,15352,19190
3839,7678,11517,15356,19195
3840,7680,11520,15360,19200
3841,7682,11523,15364,19205
3842,7684,11526,15368,19210
3843,7686,11529,15372,19215
3844,7688,11532,15376,19220
3845,7690,11535,15380,19225
3846,7692,11538,15384,19230
3847,7694,11541,15388,19235
3848,7696,11544,15392,19240
3849,7698,11547,15396,19245
3850,7700,11550,15400,19250
3851,7702,11553,15404,19255
3852,7704,11556,15408,19260
3853,7706,11559,15412,19265
3854,7708,11562,15416,19270
3855,7710,11565,15420,19275
3856,7712,11568,15424,19280
3857,7714,11571,15428,19285
3858,7716,11574,15432,19290
3859,7718,11577,15436,19295
3860,7720,11580,15440,19300
3861,7722,11583,15444,19305
3862,7724,11586,15448,19310
3863,7726,11589,15452,19315
3864,7728,11592,15456,19320
3865,7730,11595,15460,19325
3866,7732,11598,15464,19330
3867,7734,11601,15468,19335
3868,7736,11604,15472,19340
3869,7738,11607,15476,19345
3870,7740,11610,15480,19350
3871,7742,11613,15484,19355
3872,7744,11616,15488,19360
3873,7746,11619,15492,19365
3874,7748,11622,15496,19370
3875,7750,11625,15500,19375
3876,7752,11628,15504,19380
3877,7754,11631,15508,19385
3878,7756,11634,15512,19390
3879,7758,11637,15516,19395
3880,7760,11640,15520,19400
3881,7762,11643,15524,19405
3882,7764,11646,15528,19410
3883,7766,11649,15532,19415
3884,7768,11652,15536,19420
3885,7770,11655,15540,19425
3886,7772,11658,15544,19430
3887,7774,11661,15548,19435
3888,7776,11664,15552,19440
3889,7778,11667,15556,19445
3890,7780,11670,15560,19450
3891,7782,11673,15564,19455
3892,7784,11676,15568,19460
3893,7786,11679,15572,19465
3894,7788,11682,15576,19470
3895,7790,11685,15580,19475
3896,7792,11688,15584,19480
3897,7794,11691,15588,19485
3898,7796,11694,15592,19490
3899,7798,11697,15596,19495
3900,7800,11700,15600,19500
3901,7802,11703,15604,19505
3902,7804,11706,15608,19510
3903,7806,11709,15612,19515
3904,7808,11712,15616,19520
3905,7810,11715,15620,19525
3906,7812,11718,15624,19530
3907,7814,11721,15628,19535
3908,7816,11724,15632,19540
3909,7818,11727,15636,19545
3910,7820,11730,15640,19550
3911,7822,11733,15644,19555
3912,7824,11736,15648,19560
3913,7826,11739,15652,19565
3914,7828,11742,15656,19570
3915,7830,11745,15660,19575
3916,7832,11748,15664,19580
3917,7834,11751,15668,19585
3918,7836,11754,15672,19590
3919,7838,11757,15676,19595
3920,7840,11760,15680,19600
3921,7842,11763,15684,19605
3922,7844,11766,15688,19610
3923,7846,11769,15692,19615
3924,7848,11772,15696,19620
3925,7850,11775,15700,19625
3926,7852,11778,15704,19630
3927,7854,11781,15708,19635
3928,7856,11784,15712,19640
3929,7858,11787,15716,19645
3930,7860,11790,15720,19650
3931,7862,11793,15724,19655
3932,7864,11796,15728,19660
3933,7866,11799,15732,19665
3934,7868,11802,15736,19670
3935,7870,11805,15740,19675
3936,7872,11808,15744,19680
3937,7874,11811,15748,19685
3938,7876,11814,15752,19690
3939,7878,11817,15756,19695
3940,7880,11820,15760,19700
3941,7882,11823,15764,19705
3942,7884,11826,15768,19710
3943,7886,11829,15772,19715
3944,7888,11832,15776,19720
3945,7890,11835,15780,19725
3946,7892,11838,15784,19730
3947,7894,11841,15788,19735
3948,7896,11844,15792,19740
3949,7898,11847,15796,19745
3950,7900,11850,15800,19750
3951,7902,11853,15804,19755
3952,7904,11856,15808,19760
3953,7906,11859,15812,19765
3954,7908,11862,15816,19770
3955,7910,11865,15820,19775
3956,7912,11868,15824,19780
3957,7914,11871,15828,19785
3958,7916,11874,15832,19790
3959,7918,11877,15836,19795
3960,7920,11880,15840,19800
3961,7922,11883,15844,19805
3962,7924,11886,15848,19810
3963,7926,11889,15852,19815
3964,7928,11892,15856,19820
3965,7930,11895,15860,19825
3966,7932,11898,15864,19830
3967,7934,11901,15868,19835
3968,7936,11904,15872,19840
3969,7938,11907,15876,19845
3970,7940,11910,15880,19850
3971,7942,11913,15884,19855
3972,7944,11916,15888,19860
3973,7946,11919,15892,19865
3974,7948,11922,15896,19870
3975,7950,11925,15900,19875
3976,7952,11928,15904,19880
3977,7954,11931,15908,19885
3978,7956,11934,15912,19890
3979,7958,11937,15916,19895
3980,7960,11940,15920,19900
3981,7962,11943,15924,19905
3982,7964,11946,15928,19910
3983,7966,11949,15932,19915
3984,7968,11952,15936,19920
3985,7970,11955,15940,19925
3986,7972,11958,15944,19930
3987,7974,11961,15948,19935
3988,7976,11964,15952,19940
3989,7978,11967,15956,19945
3990,7980,11970,15960,19950
3991,7982,11973,15964,19955
3992,7984,11976,15968,19960
3993,7986,11979,15972,19965
3994,7988,11982,15976,19970
3995,7990,11985,15980,19975
3996,7992,11988,15984,19980
3997,7994,11991,15988,19985
3998,7996,11994,15992,19990
3999,7998,11997,15996,19995
4000,8000,12000,16000,20000
4001,8002,12003,16004,20005
4002,8004,12006,16008,20010
4003,8006,12009,16012,20015
4004,8008,12012,16016,20020
4005,8010,12015,16020,20025
4006,8012,12018,16024,20030
4007,8014,12021,16028,20035
4008,8016,12024,16032,20040
4009,8018,12027,16036,20045
4010,8020,12030,16040,20050
4011,8022,12033,16044,20055
4012,8024,12036,16048,20060
4013,8026,12039,16052,20065
4014,8028,12042,16056,20070
4015,8030,12045,16060,20075
4016,8032,12048,16064,20080
4017,8034,12051,16068,20085
4018,8036,12054,16072,20090
4019,8038,12057,16076,20095
4020,8040,12060,16080,20100
4021,8042,12063,16084,20105
4022,8044,12066,16088,20110
4023,8046,12069,16092,20115
4024,8048,12072,16096,20120
4025,8050,12075,16100,20125
4026,8052,12078,16104,20130
4027,8054,12081,16108,20135
4028,8056,12084,16112,20140
4029,8058,12087,16116,20145
4030,8060,12090,16120,20150
4031,8062,12093,16124,20155
4032,8064,12096,16128,20160
4033,8066,12099,16132,20165
4034,8068,12102,16136,20170
4035,8070,12105,16140,20175
4036,8072,12108,16144,20180
4037,8074,12111,16148,20185
4038,8076,12114,16152,20190
4039,8078,12117,16156,20195
4040,8080,12120,16160,20200
4041,8082,12123,16164,20205
4042,8084,12126,16168,20210
4043,8086,12129,16172,20215
4044,8088,12132,16176,20220
4045,8090,12135,16180,20225
4046,8092,12138,16184,20230
4047,8094,12141,16188,20235
4048,8096,12144,16192,20240
4049,8098,12147,16196,20245
4050,8100,12150,16200,20250
4051,8102,12153,16204,20255
4052,8104,12156,16208,20260
4053,8106,12159,16212,20265
4054,8108,12162,16216,20270
4055,8110,12165,16220,20275
4056,8112,12168,16224,20280
4057,8114,12171,16228,20285
4058,8116,12174,16232,20290
4059,8118,12177,16236,20295
4060,8120,12180,16240,20300
4061,8122,12183,16244,20305
4062,8124,12186,16248,20310
4063,8126,12189,16252,20315
4064,8128,12192,16256,20320
4065,8130,12195,16260,20325
4066,8132,12198,16264,20330
4067,8134,12201,16268,20335
4068,8136,12204,16272,20340
4069,8138,12207,16276,20345
4070,8140,12210,16280,20350
4071,8142,12213,16284,20355
4072,8144,12216,16288,20360
4073,8146,12219,16292,20365
4074,8148,12222,16296,20370
4075,8150,12225,16300,20375
4076,8152,12228,16304,20380
4077,8154,12231,16308,20385
4078,8156,12234,16312,20390
4079,8158,12237,16316,20395
4080,8160,12240,16320,20400
4081,8162,12243,16324,20405
4082,8164,12246,16328,20410
4083,8166,12249,16332,20415
4084,8168,12252,16336,20420
4085,8170,12255,16340,20425
4086,8172,12258,16344,20430
4087,8174,12261,16348,20435
4088,8176,12264,16352,20440
4089,8178,12267,16356,20445
4090,8180,12270,16360,20450
4091,8182,12273,16364,20455
4092,8184,12276,16368,20460
4093,8186,12279,16372,20465
4094,8188,12282,16376,20470
4095,8190,12285,16380,20475
4096,8192,12288,16384,20480
4097,8194,12291,16388,20485
4098,8196,12294,16392,20490
4099,8198,12297,16396,20495
4100,8200,12300,16400,20500
4101,8202,12303,16404,20505
4102,8204,12306,16408,20510
4103,8206,12309,16412,20515
4104,8208,12312,16416,20520
4105,8210,12315,16420,20525
4106,8212,12318,16424,20530
4107,8214,12321,16428,20535
4108,8216,12324,16432,20540
4109,8218,12327,16436,20545
4110,8220,12330,16440,20550
4111,8222,12333,16444,20555
4112,8224,12336,16448,20560
4113,8226,12339,16452,20565
4114,8228,12342,16456,20570
4115,8230,12345,16460,20575
4116,8232,12348,16464,20580
4117,8234,12351,16468,20585
4118,8236,12354,16472,20590
4119,8238,12357,16476,20595
4120,8240,12360,16480,20600
4121,8242,12363,16484,20605
4122,8244,12366,16488,20610
4123,8246,12369,16492,20615
4124,8248,12372,16496,20620
4125,8250,12375,16500,20625
4126,8252,12378,16504,20630
4127,8254,12381,16508,20635
4128,8256,12384,16512,20640
4129,8258,12387,16516,20645
4130,8260,12390,16520,20650
4131,8262,12393,16524,20655
4132,8264,12396,16528,20660
4133,8266,12399,16532,20665
4134,8268,12402,16536,20670
4135,8270,12405,16540,20675
4136,8272,12408,16544,20680
4137,8274,12411,16548,20685
4138,8276,12414,16552,20690
4139,8278,12417,16556,20695
4140,8280,12420,16560,20700
4141,8282,12423,16564,20705
4142,8284,12426,16568,20710
4143,8286,12429,16572,20715
4144,8288,12432,16576,20720
4145,8290,12435,16580,20725
4146,8292,12438,16584,20730
4147,8294,12441,16588,20735
4148,8296,12444,16592,20740
4149,8298,12447,16596,20745
4150,8300,12450,16600,20750
4151,8302,12453,16604,20755
4152,8304,12456,16608,20760
4153,8306,12459,16612,20765
4154,8308,12462,16616,20770
4155,8310,12465,16620,20775
4156,8312,12468,16624,20780
4157,8314,12471,16628,20785
4158,8316,12474,16632,20790
4159,8318,12477,16636,20795
4160,8320,12480,16640,20800
4161,8322,12483,16644,20805
4162,8324,12486,16648,20810
4163,8326,12489,16652,20815
4164,8328,12492,16656,20820
4165,8330,12495,16660,20825
4166,8332,12498,16664,20830
4167,8334,12501,16668,20835
4168,8336,12504,16672,20840
4169,8338,12507,16676,20845
4170,8340,12510,16680,20850
4171,8342,12513,16684,20855
4172,8344,12516,16688,20860
4173,8346,12519,16692,20865
4174,8348,12522,16696,20870
4175,8350,12525,16700,20875
4176,8352,12528,16704,20880
4177,8354,12531,16708,20885
4178,8356,12534,16712,20890
4179,8358,12537,16716,20895
4180,8360,12540,16720,20900
4181,8362,12543,16724,20905
4182,8364,12546,16728,20910
4183,8366,12549,16732,20915
4184,8368,12552,16736,20920
4185,8370,12555,16740,20925
4186,8372,12558,16744,20930
4187,8374,12561,16748,20935
4188,8376,12564,16752,20940
4189,8378,12567,16756,20945
4190,8380,12570,16760,20950
4191,8382,12573,16764,20955
4192,8384,12576,16768,20960
4193,8386,12579,16772,20965
4194,8388,12582,16776,20970
4195,8390,12585,16780,20975
4196,8392,12588,16784,20980
4197,8394,12591,16788,20985
4198,8396,12594,16792,20990
4199,8398,12597,16796,20995
4200,8400,12600,16800,21000
4201,8402,12603,16804,21005
4202,8404,12606,16808,21010
4203,8406,12609,16812,21015
4204,8408,12612,16816,21020
4205,8410,12615,16820,21025
4206,8412,12618,16824,21030
4207,8414,12621,16828,21035
4208,8416,12624,16832,21040
4209,8418,12627,16836,21045
4210,8420,12630,16840,21050
4211,8422,12633,16844,21055
4212,8424,12636,16848,21060
4213,8426,12639,16852,21065
4214,8428,12642,16856,21070
4215,8430,12645,16860,21075
4216,8432,12648,16864,21080
4217,8434,12651,16868,21085
4218,8436,12654,16872,21090
4219,8438,12657,16876,21095
4220,8440,12660,16880,21100
4221,8442,12663,16884,21105
4222,8444,12666,16888,21110
4223,8446,12669,16892,21115
4224,8448,12672,16896,21120
4225,8450,12675,16900,21125
4226,8452,12678,16904,21130
4227,8454,12681,16908,21135
4228,8456,12684,16912,21140
4229,8458,12687,16916,21145
4230,8460,12690,16920,21150
4231,8462,12693,16924,21155
4232,8464,12696,16928,21160
4233,8466,12699,16932,21165
4234,8468,12702,16936,21170
4235,8470,12705,16940,21175
4236,8472,12708,16944,21180
4237,8474,12711,16948,21185
4238,8476,12714,16952,21190
4239,8478,12717,16956,21195
4240,8480,12720,16960,21200
4241,8482,12723,16964,21205
4242,8484,12726,16968,21210
4243,8486,12729,16972,21215
4244,8488,12732,16976,21220
4245,8490,12735,16980,21225
4246,8492,12738,16984,21230
4247,8494,12741,16988,21235
4248,8496,12744,16992,21240
4249,8498,12747,16996,21245
4250,8500,12750,17000,21250
4251,8502,12753,17004,21255
4252,8504,12756,17008,21260
4253,8506,12759,17012,21265
4254,8508,12762,17016,21270
4255,8510,12765,17020,21275
4256,8512,12768,17024,21280
4257,8514,12771,17028,21285
4258,8516,12774,17032,21290
4259,8518,12777,17036,21295
4260,8520,12780,17040,21300
4261,8522,12783,17044,21305
4262,8524,12786,17048,21310
4263,8526,12789,17052,21315
4264,8528,12792,17056,21320
4265,8530,12795,17060,21325
4266,8532,12798,17064,21330
4267,8534,12801,17068,21335
4268,8536,12804,17072,21340
4269,8538,12807,17076,21345
4270,8540,12810,17080,21350
4271,8542,12813,17084,21355
4272,8544,12816,17088,21360
4273,8546,12819,17092,21365
4274,8548,12822,17096,21370
4275,8550,12825,17100,21375
4276,8552,12828,17104,21380
4277,8554,12831,17108,21385
4278,8556,12834,17112,21390
4279,8558,12837,17116,21395
4280,8560,12840,17120,21400
4281,8562,12843,17124,21405
4282,8564,12846,17128,21410
4283,8566,12849,17132,21415
4284,8568,12852,17136,21420
4285,8570,12855,17140,21425
4286,8572,12858,17144,21430
4287,8574,12861,17148,21435
4288,8576,12864,17152,21440
4289,8578,12867,17156,21445
4290,8580,12870,17160,21450
4291,8582,12873,17164,21455
4292,8584,12876,17168,21460
4293,8586,12879,17172,21465
4294,8588,12882,17176,21470
4295,8590,12885,17180,21475
4296,8592,12888,17184,21480
4297,8594,12891,17188,21485
4298,8596,12894,17192,21490
4299,8598,12897,17196,21495
4300,8600,12900,17200,21500
4301,8602,12903,17204,21505
4302,8604,12906,17208,21510
4303,8606,12909,17212,21515
4304,8608,12912,17216,21520
4305,8610,12915,17220,21525
4306,8612,12918,17224,21530
4307,8614,12921,17228,21535
4308,8616,12924,17232,21540
4309,8618,12927,17236,21545
4310,8620,12930,17240,21550
4311,8622,12933,17244,21555
4312,8624,12936,17248,21560
4313,8626,12939,17252,21565
4314,8628,12942,17256,21570
4315,8630,12945,17260,21575
4316,8632,12948,17264,21580
4317,8634,12951,17268,21585
4318,8636,12954,17272,21590
4319,8638,12957,17276,21595
4320,8640,12960,17280,21600
4321,8642,12963,17284,21605
4322,8644,12966,17288,21610
4323,8646,12969,17292,21615
4324,8648,12972,17296,21620
4325,8650,12975,17300,21625
4326,8652,12978,17304,21630
4327,8654,12981,17308,21635
4328,8656,12984,17312,21640
4329,8658,12987,17316,21645
4330,8660,12990,17320,21650
4331,8662,12993,17324,21655
4332,8664,12996,17328,21660
4333,8666,12999,17332,21665
4334,8668,13002,17336,21670
4335,8670,13005,17340,21675
4336,8672,13008,17344,21680
4337,8674,13011,17348,21685
4338,8676,13014,17352,21690
4339,8678,13017,17356,21695
4340,8680,13020,17360,21700
4341,8682,13023,17364,21705
4342,8684,13026,17368,21710
4343,8686,13029,17372,21715
4344,8688,13032,17376,21720
4345,8690,13035,17380,21725
4346,8692,13038,17384,21730
4347,8694,13041,17388,21735
4348,8696,13044,17392,21740
4349,8698,13047,17396,21745
4350,8700,13050,17400,21750
4351,8702,13053,17404,21755
4352,8704,13056,17408,21760
4353,8706,13059,17412,21765
4354,8708,13062,17416,21770
4355,8710,13065,17420,21775
4356,8712,13068,17424,21780
4357,8714,13071,17428,21785
4358,8716,13074,17432,21790
4359,8718,13077,17436,21795
4360,8720,13080,17440,21800
4361,8722,13083,17444,21805
4362,8724,13086,17448,21810
4363,8726,13089,17452,21815
4364,8728,13092,17456,21820
4365,8730,13095,17460,21825
4366,8732,13098,17464,21830
4367,8734,13101,17468,21835
4368,8736,13104,17472,21840
4369,8738,13107,17476,21845
4370,8740,13110,17480,21850
4371,8742,13113,17484,21855
4372,8744,13116,17488,21860
4373,8746,13119,17492,21865
4374,8748,13122,17496,21870
4375,8750,13125,17500,21875
4376,8752,13128,17504,21880
4377,8754,13131,17508,21885
4378,8756,13134,17512,21890
4379,8758,13137,17516,21895
4380,8760,13140,17520,21900
4381,8762,13143,17524,21905
4382,8764,13146,17528,21910
4383,8766,13149,17532,21915
4384,8768,13152,17536,21920
4385,8770,13155,17540,21925
4386,8772,13158,17544,21930
4387,8774,13161,17548,21935
4388,8776,13164,17552,21940
4389,8778,13167,17556,21945
4390,8780,13170,17560,21950
4391,8782,13173,17564,21955
4392,8784,13176,17568,21960
4393,8786,13179,17572,21965
4394,8788,13182,17576,21970
4395,8790,13185,17580,21975
4396,8792,13188,17584,21980
4397,8794,13191,17588,21985
4398,8796,13194,17592,21990
4399,8798,13197,17596,21995
4400,8800,13200,17600,22000
4401,8802,13203,17604,22005
4402,8804,13206,17608,22010
4403,8806,13209,17612,22015
4404,8808,13212,17616,22020
4405,8810,13215,17620,22025
4406,8812,13218,17624,22030
4407,8814,13221,17628,22035
4408,8816,13224,17632,22040
4409,8818,13227,17636,22045
4410,8820,13230,17640,22050
4411,8822,13233,17644,22055
4412,8824,13236,17648,22060
4413,8826,13239,17652,22065
4414,8828,13242,17656,22070
4415,8830,13245,17660,22075
4416,8832,13248,17664,22080
4417,8834,13251,17668,22085
4418,8836,13254,17672,22090
4419,8838,13257,17676,22095
4420,8840,13260,17680,22100
4421,8842,13263,17684,22105
4422,8844,13266,17688,22110
4423,8846,13269,17692,22115
4424,8848,13272,17696,22120
4425,8850,13275,17700,22125
4426,8852,13278,17704,22130
4427,8854,13281,17708,22135
4428,8856,13284,17712,22140
4429,8858,13287,17716,22145
4430,8860,13290,17720,22150
4431,8862,13293,17724,22155
4432,8864,13296,17728,22160
4433,8866,13299,17732,22165
4434,8868,13302,17736,22170
4435,8870,13305,17740,22175
4436,8872,13308,17744,22180
4437,8874,13311,17748,22185
4438,8876,13314,17752,22190
4439,8878,13317,17756,22195
4440,8880,13320,17760,22200
4441,8882,13323,17764,22205
4442,8884,13326,17768,22210
4443,8886,13329,17772,22215
4444,8888,13332,17776,22220
4445,8890,13335,17780,22225
4446,8892,13338,17784,22230
4447,8894,13341,17788,22235
4448,8896,13344,17792,22240
4449,8898,13347,17796,22245
4450,8900,13350,17800,22250
4451,8902,13353,17804,22255
4452,8904,13356,17808,22260
4453,8906,13359,17812,22265
4454,8908,13362,17816,22270
4455,8910,13365,17820,22275
4456,8912,13368,17824,22280
4457,8914,13371,17828,22285
4458,8916,13374,17832,22290
4459,8918,13377,17836,22295
4460,8920,13380,17840,22300
4461,8922,13383,17844,22305
4462,8924,13386,17848,22310
4463,8926,13389,17852,22315
4464,8928,13392,17856,22320
4465,8930,13395,17860,22325
4466,8932,13398,17864,22330
4467,8934,13401,17868,22335
4468,8936,13404,17872,22340
4469,8938,13407,17876,22345
4470,8940,13410,17880,22350
4471,8942,13413,17884,22355
4472,8944,13416,17888,22360
4473,8946,13419,17892,22365
4474,8948,13422,17896,22370
4475,8950,13425,17900,22375
4476,8952,13428,17904,22380
4477,8954,13431,17908,22385
4478,8956,13434,17912,22390
4479,8958,13437,17916,22395
4480,8960,13440,17920,22400
4481,8962,13443,17924,22405
4482,8964,13446,17928,22410
4483,8966,13449,17932,22415
4484,8968,13452,17936,22420
4485,8970,13455,17940,22425
4486,8972,13458,17944,22430
4487,8974,13461,17948,22435
4488,8976,13464,17952,22440
4489,8978,13467,17956,22445
4490,8980,13470,17960,22450
4491,8982,13473,17964,22455
4492,8984,13476,17968,22460
4493,8986,13479,17972,22465
4494,8988,13482,17976,22470
4495,8990,13485,17980,22475
4496,8992,13488,17984,22480
4497,8994,13491,17988,22485
4498,8996,13494,17992,22490
4499,8998,13497,17996,22495
4500,9000,13500,18000,22500
4501,9002,13503,18004,22505
4502,9004,13506,18008,22510
4503,9006,13509,18012,22515
4504,9008,13512,18016,22520
4505,9010,13515,18020,22525
4506,9012,13518,18024,22530
4507,9014,13521,18028,22535
4508,9016,13524,18032,22540
4509,9018,13527,18036,22545
4510,9020,13530,18040,22550
4511,9022,13533,18044,22555
4512,9024,13536,18048,22560
4513,9026,13539,18052,22565
4514,9028,13542,18056,22570
4515,9030,13545,18060,22575
4516,9032,13548,18064,22580
4517,9034,13551,18068,22585
4518,9036,13554,18072,22590
4519,9038,13557,18076,22595
4520,9040,13560,18080,22600
4521,9042,13563,18084,22605
4522,9044,13566,18088,22610
4523,9046,13569,18092,22615
4524,9048,13572,18096,22620
4525,9050,13575,18100,22625
4526,9052,13578,18104,22630
4527,9054,13581,18108,22635
4528,9056,13584,18112,22640
4529,9058,13587,18116,22645
4530,9060,13590,18120,22650
4531,9062,13593,18124,22655
4532,9064,13596,18128,22660
4533,9066,13599,18132,22665
4534,9068,13602,18136,22670
4535,9070,13605,18140,22675
4536,9072,13608,18144,22680
4537,9074,13611,18148,22685
4538,9076,13614,18152,22690
4539,9078,13617,18156,22695
4540,9080,13620,18160,22700
4541,9082,13623,18164,22705
4542,9084,13626,18168,22710
4543,9086,13629,18172,22715
4544,9088,13632,18176,22720
4545,9090,13635,18180,22725
4546,9092,13638,18184,22730
4547,9094,13641,18188,22735
4548,9096,13644,18192,22740
4549,9098,13647,18196,22745
4550,9100,13650,18200,22750
4551,9102,13653,18204,22755
4552,9104,13656,18208,22760
4553,9106,13659,18212,22765
4554,9108,13662,18216,22770
4555,9110,13665,18220,22775
4556,9112,13668,18224,22780
4557,9114,13671,18228,22785
4558,9116,13674,18232,22790
4559,9118,13677,18236,22795
4560,9120,13680,18240,22800
4561,9122,13683,18244,22805
4562,9124,13686,18248,22810
4563,9126,13689,18252,22815
4564,9128,13692,18256,22820
4565,9130,13695,18260,22825
4566,9132,13698,18264,22830
4567,9134,13701,18268,22835
4568,9136,13704,18272,22840
4569,9138,13707,18276,22845
4570,9140,13710,18280,22850
4571,9142,13713,18284,22855
4572,9144,13716,18288,22860
4573,9146,13719,18292,22865
4574,9148,13722,18296,22870
4575,9150,13725,18300,22875
4576,9152,13728,18304,22880
4577,9154,13731,18308,22885
4578,9156,13734,18312,22890
4579,9158,13737,18316,22895
4580,9160,13740,18320,22900
4581,9162,13743,18324,22905
4582,9164,13746,18328,22910
4583,9166,13749,18332,22915
4584,9168,13752,18336,22920
4585,9170,13755,18340,22925
4586,9172,13758,18344,22930
4587,9174,13761,18348,22935
4588,9176,13764,18352,22940
4589,9178,13767,18356,22945
4590,9180,13770,18360,22950
4591,9182,13773,18364,22955
4592,9184,13776,18368,22960
4593,9186,13779,18372,22965
4594,9188,13782,18376,22970
4595,9190,13785,18380,22975
4596,9192,13788,18384,22980
4597,9194,13791,18388,22985
4598,9196,13794,18392,22990
4599,9198,13797,18396,22995
4600,9200,13800,18400,23000
4601,9202,13803,18404,23005
4602,9204,13806,18408,23010
4603,9206,13809,18412,23015
4604,9208,13812,18416,23020
4605,9210,13815,18420,23025
4606,9212,13818,18424,23030
4607,9214,13821,18428,23035
4608,9216,13824,18432,23040
4609,9218,13827,18436,23045
4610,9220,13830,18440,23050
4611,9222,13833,18444,23055
4612,9224,13836,18448,23060
4613,9226,13839,18452,23065
4614,9228,13842,18456,23070
4615,9230,13845,18460,23075
4616,9232,13848,18464,23080
4617,9234,13851,18468,23085
4618,9236,13854,18472,23090
4619,9238,13857,18476,23095
4620,9240,13860,18480,23100
4621,9242,13863,18484,23105
4622,9244,13866,18488,23110
4623,9246,13869,18492,23115
4624,9248,13872,18496,23120
4625,9250,13875,18500,23125
4626,9252,13878,18504,23130
4627,9254,13881,18508,23135
4628,9256,13884,18512,23140
4629,9258,13887,18516,23145
4630,9260,13890,18520,23150
4631,9262,13893,18524,23155
4632,9264,13896,18528,23160
4633,9266,13899,18532,23165
4634,9268,13902,18536,23170
4635,9270,13905,18540,23175
4636,9272,13908,18544,23180
4637,9274,13911,18548,23185
4638,9276,13914,18552,23190
4639,9278,13917,18556,23195
4640,9280,13920,18560,23200
4641,9282,13923,18564,23205
4642,9284,13926,18568,23210
4643,9286,13929,18572,23215
4644,9288,13932,18576,23220
4645,9290,13935,18580,23225
4646,9292,13938,18584,23230
4647,9294,13941,18588,23235
4648,9296,13944,18592,23240
4649,9298,13947,18596,23245
4650,9300,13950,18600,23250
4651,9302,13953,18604,23255
4652,9304,13956,18608,23260
4653,9306,13959,18612,23265
4654,9308,13962,18616,23270
4655,9310,13965,18620,23275
4656,9312,13968,18624,23280
4657,9314,13971,18628,23285
4658,9316,13974,18632,23290
4659,9318,13977,18636,23295
4660,9320,13980,18640,23300
4661,9322,13983,18644,23305
4662,9324,13986,18648,23310
4663,9326,13989,18652,23315
4664,9328,13992,18656,23320
4665,9330,13995,18660,23325
4666,9332,13998,18664,23330
4667,9334,14001,18668,23335
4668,9336,14004,18672,23340
4669,9338,14007,18676,23345
4670,9340,14010,18680,23350
4671,9342,14013,18684,23355
4672,9344,14016,18688,23360
4673,9346,14019,18692,23365
4674,9348,14022,18696,23370
4675,9350,14025,18700,23375
4676,9352,14028,18704,23380
4677,9354,14031,18708,23385
4678,9356,14034,18712,23390
4679,9358,14037,18716,23395
4680,9360,14040,18720,23400
4681,9362,14043,18724,23405
4682,9364,14046,18728,23410
4683,9366,14049,18732,23415
4684,9368,14052,18736,23420
4685,9370,14055,18740,23425
4686,9372,14058,18744,23430
4687,9374,14061,18748,23435
4688,9376,14064,18752,23440
4689,9378,14067,18756,23445
4690,9380,14070,18760,23450
4691,9382,14073,18764,23455
4692,9384,14076,18768,23460
4693,9386,14079,18772,23465
4694,9388,14082,18776,23470
4695,9390,14085,18780,23475
4696,9392,14088,18784,23480
4697,9394,14091,18788,23485
4698,9396,14094,18792,23490
4699,9398,14097,18796,23495
4700,9400,14100,18800,23500
4701,9402,14103,18804,23505
4702,9404,14106,18808,23510
4703,9406,14109,18812,23515
4704,9408,14112,18816,23520
4705,9410,14115,18820,23525
4706,9412,14118,18824,23530
4707,9414,14121,18828,23535
4708,9416,14124,18832,23540
4709,9418,14127,18836,23545
4710,9420,14130,18840,23550
4711,9422,14133,18844,23555
4712,9424,14136,18848,23560
4713,9426,14139,18852,23565
4714,9428,14142,18856,23570
4715,9430,14145,18860,23575
4716,9432,14148,18864,23580
4717,9434,14151,18868,23585
4718,9436,14154,18872,23590
4719,9438,14157,18876,23595
4720,9440,14160,18880,23600
4721,9442,14163,18884,23605
4722,9444,14166,18888,23610
4723,9446,14169,18892,23615
4724,9448,14172,18896,23620
4725,9450,14175,18900,23625
4726,9452,14178,18904,23630
4727,9454,14181,18908,23635
4728,9456,14184,18912,23640
4729,9458,14187,18916,23645
4730,9460,14190,18920,23650
4731,9462,14193,18924,23655
4732,9464,14196,18928,23660
4733,9466,14199,18932,23665
4734,9468,14202,18936,23670
4735,9470,14205,18940,23675
4736,9472,14208,18944,23680
4737,9474,14211,18948,23685
4738,9476,14214,18952,23690
4739,9478,14217,18956,23695
4740,9480,14220,18960,23700
4741,9482,14223,18964,23705
4742,9484,14226,18968,23710
4743,9486,14229,18972,23715
4744,9488,14232,18976,23720
4745,9490,14235,18980,23725
4746,9492,14238,18984,23730
4747,9494,14241,18988,23735
4748,9496,14244,18992,23740
4749,9498,14247,18996,23745
4750,9500,14250,19000,23750
4751,9502,14253,19004,23755
4752,9504,14256,19008,23760
4753,9506,14259,19012,23765
4754,9508,14262,19016,23770
4755,9510,14265,19020,23775
4756,9512,14268,19024,23780
4757,9514,14271,19028,23785
4758,9516,14274,19032,23790
4759,9518,14277,19036,23795
4760,9520,14280,19040,23800
4761,9522,14283,19044,23805
4762,9524,14286,19048,23810
4763,9526,14289,19052,23815
4764,9528,14292,19056,23820
4765,9530,14295,19060,23825
4766,9532,14298,19064,23830
4767,9534,14301,19068,23835
4768,9536,14304,19072,23840
4769,9538,14307,19076,23845
4770,9540,14310,19080,23850
4771,9542,14313,19084,23855
4772,9544,14316,19088,23860
4773,9546,14319,19092,23865
4774,9548,14322,19096,23870
4775,9550,14325,19100,23875
4776,9552,14328,19104,23880
4777,9554,14331,19108,23885
4778,9556,14334,19112,23890
4779,9558,14337,19116,23895
4780,9560,14340,19120,23900
4781,9562,14343,19124,23905
4782,9564,14346,19128,23910
4783,9566,14349,19132,23915
4784,9568,14352,19136,23920
4785,9570,14355,19140,23925
4786,9572,14358,19144,23930
4787,9574,14361,19148,23935
4788,9576,14364,19152,23940
4789,9578,14367,19156,23945
4790,9580,14370,19160,23950
4791,9582,14373,19164,23955
4792,9584,14376,19168,23960
4793,9586,14379,19172,23965
4794,9588,14382,19176,23970
4795,9590,14385,19180,23975
4796,9592,14388,19184,23980
4797,9594,14391,19188,23985
4798,9596,14394,19192,23990
4799,9598,14397,19196,23995
4800,9600,14400,19200,24000
4801,9602,14403,19204,24005
4802,9604,14406,19208,24010
4803,9606,14409,19212,24015
4804,9608,14412,19216,24020
4805,9610,14415,19220,24025
4806,9612,14418,19224,24030
4807,9614,14421,19228,24035
4808,9616,14424,19232,24040
4809,9618,14427,19236,24045
4810,9620,14430,19240,24050
4811,9622,14433,19244,24055
4812,9624,14436,19248,24060
4813,9626,14439,19252,24065
4814,9628,14442,19256,24070
4815,9630,14445,19260,24075
4816,9632,14448,19264,24080
4817,9634,14451,19268,24085
4818,9636,14454,19272,24090
4819,9638,14457,19276,24095
4820,9640,14460,19280,24100
4821,9642,14463,19284,24105
4822,9644,14466,19288,24110
4823,9646,14469,19292,24115
4824,9648,14472,19296,24120
4825,9650,14475,19300,24125
4826,9652,14478,19304,24130
4827,9654,14481,19308,24135
4828,9656,14484,19312,24140
4829,9658,14487,19316,24145
4830,9660,14490,19320,24150
4831,9662,14493,19324,24155
4832,9664,14496,19328,24160
4833,9666,14499,19332,24165
4834,9668,14502,19336,24170
4835,9670,14505,19340,24175
4836,9672,14508,19344,24180
4837,9674,14511,19348,24185
4838,9676,14514,19352,24190
4839,9678,14517,19356,24195
4840,9680,14520,19360,24200
4841,9682,14523,19364,24205
4842,9684,14526,19368,24210
4843,9686,14529,19372,24215
4844,9688,14532,19376,24220
4845,9690,14535,19380,24225
4846,9692,14538,19384,24230
4847,9694,14541,19388,24235
4848,9696,14544,19392,24240
4849,9698,14547,19396,24245
4850,9700,14550,19400,24250
4851,9702,14553,19404,24255
4852,9704,14556,19408,24260
4853,9706,14559,19412,24265
4854,9708,14562,19416,24270
4855,9710,14565,19420,24275
4856,9712,14568,19424,24280
4857,9714,14571,19428,24285
4858,9716,14574,19432,24290
4859,9718,14577,19436,24295
4860,9720,14580,19440,24300
4861,9722,14583,19444,24305
4862,9724,14586,19448,24310
4863,9726,14589,19452,24315
4864,9728,14592,19456,24320
4865,9730,14595,19460,24325
4866,9732,14598,19464,24330
4867,9734,14601,19468,24335
4868,9736,14604,19472,24340
4869,9738,14607,19476,24345
4870,9740,14610,19480,24350
4871,9742,14613,19484,24355
4872,9744,14616,19488,24360
4873,9746,14619,19492,24365
4874,9748,14622,19496,24370
4875,9750,14625,19500,24375
4876,9752,14628,19504,24380
4877,9754,14631,19508,24385
4878,9756,14634,19512,24390
4879,9758,14637,19516,24395
4880,9760,14640,19520,24400
4881,9762,14643,19524,24405
4882,9764,14646,19528,24410
4883,9766,14649,19532,24415
4884,9768,14652,19536,24420
4885,9770,14655,19540,24425
4886,9772,14658,19544,24430
4887,9774,14661,19548,24435
4888,9776,14664,19552,24440
4889,9778,14667,19556,24445
4890,9780,14670,19560,24450
4891,9782,14673,19564,24455
4892,9784,14676,19568,24460
4893,9786,14679,19572,24465
4894,9788,14682,19576,24470
4895,9790,14685,19580,24475
4896,9792,14688,19584,24480
4897,9794,14691,19588,24485
4898,9796,14694,19592,24490
4899,9798,14697,19596,24495
4900,9800,14700,19600,24500
4901,9802,14703,19604,24505
4902,9804,14706,19608,24510
4903,9806,14709,19612,24515
4904,9808,14712,19616,24520
4905,9810,14715,19620,24525
4906,9812,14718,19624,24530
4907,9814,14721,19628,24535
4908,9816,14724,19632,24540
4909,9818,14727,19636,24545
4910,9820,14730,19640,24550
4911,9822,14733,19644,24555
4912,9824,14736,19648,24560
4913,9826,14739,19652,24565
4914,9828,14742,19656,24570
4915,9830,14745,19660,24575
4916,9832,14748,19664,24580
4917,9834,14751,19668,24585
4918,9836,14754,19672,24590
4919,9838,14757,19676,24595
4920,9840,14760,19680,24600
4921,9842,14763,19684,24605
4922,9844,14766,19688,24610
4923,9846,14769,19692,24615
4924,9848,14772,19696,24620
4925,9850,14775,19700,24625
4926,9852,14778,19704,24630
4927,9854,14781,19708,24635
4928,9856,14784,19712,24640
4929,9858,14787,19716,24645
4930,9860,14790,19720,24650
4931,9862,14793,19724,24655
4932,9864,14796,19728,24660
4933,9866,14799,19732,24665
4934,9868,14802,19736,24670
4935,9870,14805,19740,24675
4936,9872,14808,19744,24680
4937,9874,14811,19748,24685
4938,9876,14814,19752,24690
4939,9878,14817,19756,24695
4940,9880,14820,19760,24700
4941,9882,14823,19764,24705
4942,9884,14826,19768,24710
4943,9886,14829,19772,24715
4944,9888,14832,19776,24720
4945,9890,14835,19780,24725
4946,9892,14838,19784,24730
4947,9894,14841,19788,24735
4948,9896,14844,19792,24740
4949,9898,14847,19796,24745
4950,9900,14850,19800,24750
4951,9902,14853,19804,24755
4952,9904,14856,19808,24760
4953,9906,14859,19812,24765
4954,9908,14862,19816,24770
4955,9910,14865,19820,24775
4956,9912,14868,19824,24780
4957,9914,14871,19828,24785
4958,9916,14874,19832,24790
4959,9918,14877,19836,24795
4960,9920,14880,19840,24800
4961,9922,14883,19844,24805
4962,9924,14886,19848,24810
4963,9926,14889,19852,24815
4964,9928,14892,19856,24820
4965,9930,14895,19860,24825
4966,9932,14898,19864,24830
4967,9934,14901,19868,24835
4968,9936,14904,19872,24840
4969,9938,14907,19876,24845
4970,9940,14910,19880,24850
4971,9942,14913,19884,24855
4972,9944,14916,19888,24860
4973,9946,14919,19892,24865
4974,9948,14922,19896,24870
4975,9950,14925,19900,24875
4976,9952,14928,19904,24880
4977,9954,14931,19908,24885
4978,9956,14934,19912,24890
4979,9958,14937,19916,24895
4980,9960,14940,19920,24900
4981,9962,14943,19924,24905
4982,9964,14946,19928,24910
4983,9966,14949,19932,24915
4984,9968,14952,19936,24920
4985,9970,14955,19940,24925
4986,9972,14958,19944,24930
4987,9974,14961,19948,24935
4988,9976,14964,19952,24940
4989,9978,14967,19956,24945
4990,9980,14970,19960,24950
4991,9982,14973,19964,24955
4992,9984,14976,19968,24960
4993,9986,14979,19972,24965
4994,9988,14982,19976,24970
4995,9990,14985,19980,24975
4996,9992,14988,19984,24980
4997,9994,14991,19988,24985
4998,9996,14994,19992,24990
4999,9998,14997,19996,24995
5000,10000,15000,20000,25000
5001,10002,15003,20004,25005
5002,10004,15006,20008,25010
5003,10006,15009,20012,25015
5004,10008,15012,20016,25020
5005,10010,15015,20020,25025
5006,10012,15018,20024,25030
5007,10014,15021,20028,25035
5008,10016,15024,20032,25040
5009,10018,15027,20036,25045
5010,10020,15030,20040,25050
5011,10022,15033,20044,25055
5012,10024,15036,20048,25060
5013,10026,15039,20052,25065
5014,10028,15042,20056,25070
5015,10030,15045,20060,25075
5016,10032,15048,20064,25080
5017,10034,15051,20068,25085
5018,10036,15054,20072,25090
5019,10038,15057,20076,25095
5020,10040,15060,20080,25100
5021,10042,15063,20084,25105
5022,10044,15066,20088,25110
5023,10046,15069,20092,25115
5024,10048,15072,20096,25120
5025,10050,15075,20100,25125
5026,10052,15078,20104,25130
5027,10054,15081,20108,25135
5028,10056,15084,20112,25140
5029,10058,15087,20116,25145
5030,10060,15090,20120,25150
5031,10062,15093,20124,25155
5032,10064,15096,20128,25160
5033,10066,15099,20132,25165
5034,10068,15102,20136,25170
5035,10070,15105,20140,25175
5036,10072,15108,20144,25180
5037,10074,15111,20148,25185
5038,10076,15114,20152,25190
5039,10078,15117,20156,25195
5040,10080,15120,20160,25200
5041,10082,15123,20164,25205
5042,10084,15126,20168,25210
5043,10086,15129,20172,25215
5044,10088,15132,20176,25220
5045,10090,15135,20180,25225
5046,10092,15138,20184,25230
5047,10094,15141,20188,25235
5048,10096,15144,20192,25240
5049,10098,15147,20196,25245
5050,10100,15150,20200,25250
5051,10102,15153,20204,25255
5052,10104,15156,20208,25260
5053,10106,15159,20212,25265
5054,10108,15162,20216,25270
5055,10110,15165,20220,25275
5056,10112,15168,20224,25280
5057,10114,15171,20228,25285
5058,10116,15174,20232,25290
5059,10118,15177,20236,25295
5060,10120,15180,20240,25300
5061,10122,15183,20244,25305
5062,10124,15186,20248,25310
5063,10126,15189,20252,25315
5064,10128,15192,20256,25320
5065,10130,15195,20260,25325
5066,10132,15198,20264,25330
5067,10134,15201,20268,25335
5068,10136,15204,20272,25340
5069,10138,15207,20276,25345
5070,10140,15210,20280,25350
5071,10142,15213,20284,25355
5072,10144,15216,20288,25360
5073,10146,15219,20292,25365
5074,10148,15222,20296,25370
5075,10150,15225,20300,25375
5076,10152,15228,20304,25380
5077,10154,15231,20308,25385
5078,10156,15234,20312,25390
5079,10158,15237,20316,25395
5080,10160,15240,20320,25400
5081,10162,15243,20324,25405
5082,10164,15246,20328,25410
5083,10166,15249,20332,25415
5084,10168,15252,20336,25420
5085,10170,15255,20340,25425
5086,10172,15258,20344,25430
5087,10174,15261,20348,25435
5088,10176,15264,20352,25440
5089,10178,15267,20356,25445
5090,10180,15270,20360,25450
5091,10182,15273,20364,25455
5092,10184,15276,20368,25460
5093,10186,15279,20372,25465
5094,10188,15282,20376,25470
5095,10190,15285,20380,25475
5096,10192,15288,20384,25480
5097,10194,15291,20388,25485
5098,10196,15294,20392,25490
5099,10198,15297,20396,25495
5100,10200,15300,20400,25500
5101,10202,15303,20404,25505
5102,10204,15306,20408,25510
5103,10206,15309,20412,25515
5104,10208,15312,20416,25520
5105,10210,15315,20420,25525
5106,10212,15318,20424,25530
5107,10214,15321,20428,25535
5108,10216,15324,20432,25540
5109,10218,15327,20436,25545
5110,10220,15330,20440,25550
5111,10222,15333,20444,25555
5112,10224,15336,20448,25560
5113,10226,15339,20452,25565
5114,10228,15342,20456,25570
5115,10230,15345,20460,25575
5116,10232,15348,20464,25580
5117,10234,15351,20468,25585
5118,10236,15354,20472,25590
5119,10238,15357,20476,25595
5120,10240,15360,20480,25600
5121,10242,15363,20484,25605
5122,10244,15366,20488,25610
5123,10246,15369,20492,25615
5124,10248,15372,20496,25620
5125,10250,15375,20500,25625
5126,10252,15378,20504,25630
5127,10254,15381,20508,25635
5128,10256,15384,20512,25640
5129,10258,15387,20516,25645
5130,10260,15390,20520,25650
5131,10262,15393,20524,25655
5132,10264,15396,20528,25660
5133,10266,15399,20532,25665
5134,10268,15402,20536,25670
5135,10270,15405,20540,25675
5136,10272,15408,20544,25680
5137,10274,15411,20548,25685
5138,10276,15414,20552,25690
5139,10278,15417,20556,25695
5140,10280,15420,20560,25700
5141,10282,15423,20564,25705
5142,10284,15426,20568,25710
5143,10286,15429,20572,25715
5144,10288,15432,20576,25720
5145,10290,15435,20580,25725
5146,10292,15438,20584,25730
5147,10294,15441,20588,25735
5148,10296,15444,20592,25740
5149,10298,15447,20596,25745
5150,10300,15450,20600,25750
5151,10302,15453,20604,25755
5152,10304,15456,20608,25760
5153,10306,15459,20612,25765
5154,10308,15462,20616,25770
5155,10310,15465,20620,25775
5156,10312,15468,20624,25780
5157,10314,15471,20628,25785
5158,10316,15474,20632,25790
5159,10318,15477,20636,25795
5160,10320,15480,20640,25800
5161,10322,15483,20644,25805
5162,10324,15486,20648,25810
5163,10326,15489,20652,25815
5164,10328,15492,20656,25820
5165,10330,15495,20660,25825
5166,10332,15498,20664,25830
5167,10334,15501,20668,25835
5168,10336,15504,20672,25840
5169,10338,15507,20676,25845
5170,10340,15510,20680,25850
5171,10342,15513,20684,25855
5172,10344,15516,20688,25860
5173,10346,15519,20692,25865
5174,10348,15522,20696,25870
5175,10350,15525,20700,25875
5176,10352,15528,20704,25880
5177,10354,15531,20708,25885
5178,10356,15534,20712,25890
5179,10358,15537,20716,25895
5180,10360,15540,20720,25900
5181,10362,15543,20724,25905
5182,10364,15546,20728,25910
5183,10366,15549,20732,25915
5184,10368,15552,20736,25920
5185,10370,15555,20740,25925
5186,10372,15558,20744,25930
5187,10374,15561,20748,25935
5188,10376,15564,20752,25940
5189,10378,15567,20756,25945
5190,10380,15570,20760,25950
5191,10382,15573,20764,25955
5192,10384,15576,20768,25960
5193,10386,15579,20772,25965
5194,10388,15582,20776,25970
5195,10390,15585,20780,25975
5196,10392,15588,20784,25980
5197,10394,15591,20788,25985
5198,10396,15594,20792,25990
5199,10398,15597,20796,25995
5200,10400,15600,20800,26000
5201,10402,15603,20804,26005
5202,10404,15606,20808,26010
5203,10406,15609,20812,26015
5204,10408,15612,20816,26020
5205,10410,15615,20820,26025
5206,10412,15618,20824,26030
5207,10414,15621,20828,26035
5208,10416,15624,20832,26040
5209,10418,15627,20836,26045
5210,10420,15630,20840,26050
5211,10422,15633,20844,26055
5212,10424,15636,20848,26060
5213,10426,15639,20852,26065
5214,10428,15642,20856,26070
5215,10430,15645,20860,26075
5216,10432,15648,20864,26080
5217,10434,15651,20868,26085
5218,10436,15654,20872,26090
5219,10438,15657,20876,26095
5220,10440,15660,20880,26100
5221,10442,15663,20884,26105
5222,10444,15666,20888,26110
5223,10446,15669,20892,26115
5224,10448,15672,20896,26120
5225,10450,15675,20900,26125
5226,10452,15678,20904,26130
5227,10454,15681,20908,26135
5228,10456,15684,20912,26140
5229,10458,15687,20916,26145
5230,10460,15690,20920,26150
5231,10462,15693,20924,26155
5232,10464,15696,20928,26160
5233,10466,15699,20932,26165
5234,10468,15702,20936,26170
5235,10470,15705,20940,26175
5236,10472,15708,20944,26180
5237,10474,15711,20948,26185
5238,10476,15714,20952,26190
5239,10478,15717,20956,26195
5240,10480,15720,20960,26200
5241,10482,15723,20964,26205
5242,10484,15726,20968,26210
5243,10486,15729,20972,26215
5244,10488,15732,20976,26220
5245,10490,15735,20980,26225
5246,10492,15738,20984,26230
5247,10494,15741,20988,26235
5248,10496,15744,20992,26240
5249,10498,15747,20996,26245
5250,10500,15750,21000,26250
5251,10502,15753,21004,26255
5252,10504,15756,21008,26260
5253,10506,15759,21012,26265
5254,10508,15762,21016,26270
5255,10510,15765,21020,26275
5256,10512,15768,21024,26280
5257,10514,15771,21028,26285
5258,10516,15774,21032,26290
5259,10518,15777,21036,26295
5260,10520,15780,21040,26300
5261,10522,15783,21044,26305
5262,10524,15786,21048,26310
5263,10526,15789,21052,26315
5264,10528,15792,21056,26320
5265,10530,15795,21060,26325
5266,10532,15798,21064,26330
5267,10534,15801,21068,26335
5268,10536,15804,21072,26340
5269,10538,15807,21076,26345
5270,10540,15810,21080,26350
5271,10542,15813,21084,26355
5272,10544,15816,21088,26360
5273,10546,15819,21092,26365
5274,10548,15822,21096,26370
5275,10550,15825,21100,26375
5276,10552,15828,21104,26380
5277,10554,15831,21108,26385
5278,10556,15834,21112,26390
5279,10558,15837,21116,26395
5280,10560,15840,21120,26400
5281,10562,15843,21124,26405
5282,10564,15846,21128,26410
5283,10566,15849,21132,26415
5284,10568,15852,21136,26420
5285,10570,15855,21140,26425
5286,10572,15858,21144,26430
5287,10574,15861,21148,26435
5288,10576,15864,21152,26440
5289,10578,15867,21156,26445
5290,10580,15870,21160,26450
5291,10582,15873,21164,26455
5292,10584,15876,21168,26460
5293,10586,15879,21172,26465
5294,10588,15882,21176,26470
5295,10590,15885,21180,26475
5296,10592,15888,21184,26480
5297,10594,15891,21188,26485
5298,10596,15894,21192,26490
5299,10598,15897,21196,26495
5300,10600,15900,21200,26500
5301,10602,15903,21204,26505
5302,10604,15906,21208,26510
5303,10606,15909,21212,26515
5304,10608,15912,21216,26520
5305,10610,15915,21220,26525
5306,10612,15918,21224,26530
5307,10614,15921,21228,26535
5308,10616,15924,21232,26540
5309,10618,15927,21236,26545
5310,10620,15930,21240,26550
5311,10622,15933,21244,26555
5312,10624,15936,21248,26560
5313,10626,15939,21252,26565
5314,10628,15942,21256,26570
5315,10630,15945,21260,26575
5316,10632,15948,21264,26580
5317,10634,15951,21268,26585
5318,10636,15954,21272,26590
5319,10638,15957,21276,26595
5320,10640,15960,21280,26600
5321,10642,15963,21284,26605
5322,10644,15966,21288,26610
5323,10646,15969,21292,26615
5324,10648,15972,21296,26620
5325,10650,15975,21300,26625
5326,10652,15978,21304,26630
5327,10654,15981,21308,26635
5328,10656,15984,21312,26640
5329,10658,15987,21316,26645
5330,10660,15990,21320,26650
5331,10662,15993,21324,26655
5332,10664,15996,21328,26660
5333,10666,15999,21332,26665
5334,10668,16002,21336,26670
5335,10670,16005,21340,26675
5336,10672,16008,21344,26680
5337,10674,16011,21348,26685
5338,10676,16014,21352,26690
5339,10678,16017,21356,26695
5340,10680,16020,21360,26700
5341,10682,16023,21364,26705
5342,10684,16026,21368,26710
5343,10686,16029,21372,26715
5344,10688,16032,21376,26720
5345,10690,16035,21380,26725
5346,10692,16038,21384,26730
5347,10694,16041,21388,26735
5348,10696,16044,21392,26740
5349,10698,16047,21396,26745
5350,10700,16050,21400,26750
5351,10702,16053,21404,26755
5352,10704,16056,21408,26760
5353,10706,16059,21412,26765
5354,10708,16062,21416,26770
5355,10710,16065,21420,26775
5356,10712,16068,21424,26780
5357,10714,16071,21428,26785
5358,10716,16074,21432,26790
5359,10718,16077,21436,26795
5360,10720,16080,21440,26800
5361,10722,16083,21444,26805
5362,10724,16086,21448,26810
5363,10726,16089,21452,26815
5364,10728,16092,21456,26820
5365,10730,16095,21460,26825
5366,10732,16098,21464,26830
5367,10734,16101,21468,26835
5368,10736,16104,21472,26840
5369,10738,16107,21476,26845
5370,10740,16110,21480,26850
5371,10742,16113,21484,26855
5372,10744,16116,21488,26860
5373,10746,16119,21492,26865
5374,10748,16122,21496,26870
5375,10750,16125,21500,26875
5376,10752,16128,21504,26880
5377,10754,16131,21508,26885
5378,10756,16134,21512,26890
5379,10758,16137,21516,26895
5380,10760,16140,21520,26900
5381,10762,16143,21524,26905
5382,10764,16146,21528,26910
5383,10766,16149,21532,26915
5384,10768,16152,21536,26920
5385,10770,16155,21540,26925
5386,10772,16158,21544,26930
5387,10774,16161,21548,26935
5388,10776,16164,21552,26940
5389,10778,16167,21556,26945
5390,10780,16170,21560,26950
5391,10782,16173,21564,26955
5392,10784,16176,21568,26960
5393,10786,16179,21572,26965
5394,10788,16182,21576,26970
5395,10790,16185,21580,26975
5396,10792,16188,21584,26980
5397,10794,16191,21588,26985
5398,10796,16194,21592,26990
5399,10798,16197,21596,26995
5400,10800,16200,21600,27000
5401,10802,16203,21604,27005
5402,10804,16206,21608,27010
5403,10806,16209,21612,27015
5404,10808,16212,21616,27020
5405,10810,16215,21620,27025
5406,10812,16218,21624,27030
5407,10814,16221,21628,27035
5408,10816,16224,21632,27040
5409,10818,16227,21636,27045
5410,10820,16230,21640,27050
5411,10822,16233,21644,27055
5412,10824,16236,21648,27060
5413,10826,16239,21652,27065
5414,10828,16242,21656,27070
5415,10830,16245,21660,27075
5416,10832,16248,21664,27080
5417,10834,16251,21668,27085
5418,10836,16254,21672,27090
5419,10838,16257,21676,27095
5420,10840,16260,21680,27100
5421,10842,16263,21684,27105
5422,10844,16266,21688,27110
5423,10846,16269,21692,27115
5424,10848,16272,21696,27120
5425,10850,16275,21700,27125
5426,10852,16278,21704,27130
5427,10854,16281,21708,27135
5428,10856,16284,21712,27140
5429,10858,16287,21716,27145
5430,10860,16290,21720,27150
5431,10862,16293,21724,27155
5432,10864,16296,21728,27160
5433,10866,16299,21732,27165
5434,10868,16302,21736,27170
5435,10870,16305,21740,27175
5436,10872,16308,21744,27180
5437,10874,16311,21748,27185
5438,10876,16314,21752,27190
5439,10878,16317,21756,27195
5440,10880,16320,21760,27200
5441,10882,16323,21764,27205
5442,10884,16326,21768,27210
5443,10886,16329,21772,27215
5444,10888,16332,21776,27220
5445,10890,16335,21780,27225
5446,10892,16338,21784,27230
5447,10894,16341,21788,27235
5448,10896,16344,21792,27240
5449,10898,16347,21796,27245
5450,10900,16350,21800,27250
5451,10902,16353,21804,27255
5452,10904,16356,21808,27260
5453,10906,16359,21812,27265
5454,10908,16362,21816,27270
5455,10910,16365,21820,27275
5456,10912,16368,21824,27280
5457,10914,16371,21828,27285
5458,10916,16374,21832,27290
5459,10918,16377,21836,27295
5460,10920,16380,21840,27300
5461,10922,16383,21844,27305
5462,10924,16386,21848,27310
5463,10926,16389,21852,27315
5464,10928,16392,21856,27320
5465,10930,16395,21860,27325
5466,10932,16398,21864,27330
5467,10934,16401,21868,27335
5468,10936,16404,21872,27340
5469,10938,16407,21876,27345
5470,10940,16410,21880,27350
5471,10942,16413,21884,27355
5472,10944,16416,21888,27360
5473,10946,16419,21892,27365
5474,10948,16422,21896,27370
5475,10950,16425,21900,27375
5476,10952,16428,21904,27380
5477,10954,16431,21908,27385
5478,10956,16434,21912,27390
5479,10958,16437,21916,27395
5480,10960,16440,21920,27400
5481,10962,16443,21924,27405
5482,10964,16446,21928,27410
5483,10966,16449,21932,27415
5484,10968,16452,21936,27420
5485,10970,16455,21940,27425
5486,10972,16458,21944,27430
5487,10974,16461,21948,27435
5488,10976,16464,21952,27440
5489,10978,16467,21956,27445
5490,10980,16470,21960,27450
5491,10982,16473,21964,27455
5492,10984,16476,21968,27460
5493,10986,16479,21972,27465
5494,10988,16482,21976,27470
5495,10990,16485,21980,27475
5496,10992,16488,21984,27480
5497,10994,16491,21988,27485
5498,10996,16494,21992,27490
5499,10998,16497,21996,27495
5500,11000,16500,22000,27500
5501,11002,16503,22004,27505
5502,11004,16506,22008,27510
5503,11006,16509,22012,27515
5504,11008,16512,22016,27520
5505,11010,16515,22020,27525
5506,11012,16518,22024,27530
5507,11014,16521,22028,27535
5508,11016,16524,22032,27540
5509,11018,16527,22036,27545
5510,11020,16530,22040,27550
5511,11022,16533,22044,27555
5512,11024,16536,22048,27560
5513,11026,16539,22052,27565
5514,11028,16542,22056,27570
5515,11030,16545,22060,27575
5516,11032,16548,22064,27580
5517,11034,16551,22068,27585
5518,11036,16554,22072,27590
5519,11038,16557,22076,27595
5520,11040,16560,22080,27600
5521,11042,16563,22084,27605
5522,11044,16566,22088,27610
5523,11046,16569,22092,27615
5524,11048,16572,22096,27620
5525,11050,16575,22100,27625
5526,11052,16578,22104,27630
5527,11054,16581,22108,27635
5528,11056,16584,22112,27640
5529,11058,16587,22116,27645
5530,11060,16590,22120,27650
5531,11062,16593,22124,27655
5532,11064,16596,22128,27660
5533,11066,16599,22132,27665
5534,11068,16602,22136,27670
5535,11070,16605,22140,27675
5536,11072,16608,22144,27680
5537,11074,16611,22148,27685
5538,11076,16614,22152,27690
5539,11078,16617,22156,27695
5540,11080,16620,22160,27700
5541,11082,16623,22164,27705
5542,11084,16626,22168,27710
5543,11086,16629,22172,27715
5544,11088,16632,22176,27720
5545,11090,16635,22180,27725
5546,11092,16638,22184,27730
5547,11094,16641,22188,27735
5548,11096,16644,22192,27740
5549,11098,16647,22196,27745
5550,11100,16650,22200,27750
5551,11102,16653,22204,27755
5552,11104,16656,22208,27760
5553,11106,16659,22212,27765
5554,11108,16662,22216,27770
5555,11110,16665,22220,27775
5556,11112,16668,22224,27780
5557,11114,16671,22228,27785
5558,11116,16674,22232,27790
5559,11118,16677,22236,27795
5560,11120,16680,22240,27800
5561,11122,16683,22244,27805
5562,11124,16686,22248,27810
5563,11126,16689,22252,27815
5564,11128,16692,22256,27820
5565,11130,16695,22260,27825
5566,11132,16698,22264,27830
5567,11134,16701,22268,27835
5568,11136,16704,22272,27840
5569,11138,16707,22276,27845
5570,11140,16710,22280,27850
5571,11142,16713,22284,27855
5572,11144,16716,22288,27860
5573,11146,16719,22292,27865
5574,11148,16722,22296,27870
5575,11150,16725,22300,27875
5576,11152,16728,22304,27880
5577,11154,16731,22308,27885
5578,11156,16734,22312,27890
5579,11158,16737,22316,27895
5580,11160,16740,22320,27900
5581,11162,16743,22324,27905
5582,11164,16746,22328,27910
5583,11166,16749,22332,27915
5584,11168,16752,22336,27920
5585,11170,16755,22340,27925
5586,11172,16758,22344,27930
5587,11174,16761,22348,27935
5588,11176,16764,22352,27940
5589,11178,16767,22356,27945
5590,11180,16770,22360,27950
5591,11182,16773,22364,27955
5592,11184,16776,22368,27960
5593,11186,16779,22372,27965
5594,11188,16782,22376,27970
5595,11190,16785,22380,27975
5596,11192,16788,22384,27980
5597,11194,16791,22388,27985
5598,11196,16794,22392,27990
5599,11198,16797,22396,27995
5600,11200,16800,22400,28000
5601,11202,16803,22404,28005
5602,11204,16806,22408,28010
5603,11206,16809,22412,28015
5604,11208,16812,22416,28020
5605,11210,16815,22420,28025
5606,11212,16818,22424,28030
5607,11214,16821,22428,28035
5608,11216,16824,22432,28040
5609,11218,16827,22436,28045
5610,11220,16830,22440,28050
5611,11222,16833,22444,28055
5612,11224,16836,22448,28060
5613,11226,16839,22452,28065
5614,11228,16842,22456,28070
5615,11230,16845,22460,28075
5616,11232,16848,22464,28080
5617,11234,16851,22468,28085
5618,11236,16854,22472,28090
5619,11238,16857,22476,28095
5620,11240,16860,22480,28100
5621,11242,16863,22484,28105
5622,11244,16866,22488,28110
5623,11246,16869,22492,28115
5624,11248,16872,22496,28120
5625,11250,16875,22500,28125
5626,11252,16878,22504,28130
5627,11254,16881,22508,28135
5628,11256,16884,22512,28140
5629,11258,16887,22516,28145
5630,11260,16890,22520,28150
5631,11262,16893,22524,28155
5632,11264,16896,22528,28160
5633,11266,16899,22532,28165
5634,11268,16902,22536,28170
5635,11270,16905,22540,28175
5636,11272,16908,22544,28180
5637,11274,16911,22548,28185
5638,11276,16914,22552,28190
5639,11278,16917,22556,28195
5640,11280,16920,22560,28200
5641,11282,16923,22564,28205
5642,11284,16926,22568,28210
5643,11286,16929,22572,28215
5644,11288,16932,22576,28220
5645,11290,16935,22580,28225
5646,11292,16938,22584,28230
5647,11294,16941,22588,28235
5648,11296,16944,22592,28240
5649,11298,16947,22596,28245
5650,11300,16950,22600,28250
5651,11302,16953,22604,28255
5652,11304,16956,22608,28260
5653,11306,16959,22612,28265
5654,11308,16962,22616,28270
5655,11310,16965,22620,28275
5656,11312,16968,22624,28280
5657,11314,16971,22628,28285
5658,11316,16974,22632,28290
5659,11318,16977,22636,28295
5660,11320,16980,22640,28300
5661,11322,16983,22644,28305
5662,11324,16986,22648,28310
5663,11326,16989,22652,28315
5664,11328,16992,22656,28320
5665,11330,16995,22660,28325
5666,11332,16998,22664,28330
5667,11334,17001,22668,28335
5668,11336,17004,22672,28340
5669,11338,17007,22676,28345
5670,11340,17010,22680,28350
5671,11342,17013,22684,28355
5672,11344,17016,22688,28360
5673,11346,17019,22692,28365
5674,11348,17022,22696,28370
5675,11350,17025,22700,28375
5676,11352,17028,22704,28380
5677,11354,17031,22708,28385
5678,11356,17034,22712,28390
5679,11358,17037,22716,28395
5680,11360,17040,22720,28400
5681,11362,17043,22724,28405
5682,11364,17046,22728,28410
5683,11366,17049,22732,28415
5684,11368,17052,22736,28420
5685,11370,17055,22740,28425
5686,11372,17058,22744,28430
5687,11374,17061,22748,28435
5688,11376,17064,22752,28440
5689,11378,17067,22756,28445
5690,11380,17070,22760,28450
5691,11382,17073,22764,28455
5692,11384,17076,22768,28460
5693,11386,17079,22772,28465
5694,11388,17082,22776,28470
5695,11390,17085,22780,28475
5696,11392,17088,22784,28480
5697,11394,17091,22788,28485
5698,11396,17094,22792,28490
5699,11398,17097,22796,28495
5700,11400,17100,22800,28500
5701,11402,17103,22804,28505
5702,11404,17106,22808,28510
5703,11406,17109,22812,28515
5704,11408,17112,22816,28520
5705,11410,17115,22820,28525
5706,11412,17118,22824,28530
5707,11414,17121,22828,28535
5708,11416,17124,22832,28540
5709,11418,17127,22836,28545
5710,11420,17130,22840,28550
5711,11422,17133,22844,28555
5712,11424,17136,22848,28560
5713,11426,17139,22852,28565
5714,11428,17142,22856,28570
5715,11430,17145,22860,28575
5716,11432,17148,22864,28580
5717,11434,17151,22868,28585
5718,11436,17154,22872,28590
5719,11438,17157,22876,28595
5720,11440,17160,22880,28600
5721,11442,17163,22884,28605
5722,11444,17166,22888,28610
5723,11446,17169,22892,28615
5724,11448,17172,22896,28620
5725,11450,17175,22900,28625
5726,11452,17178,22904,28630
5727,11454,17181,22908,28635
5728,11456,17184,22912,28640
5729,11458,17187,22916,28645
5730,11460,17190,22920,28650
5731,11462,17193,22924,28655
5732,11464,17196,22928,28660
5733,11466,17199,22932,28665
5734,11468,17202,22936,28670
5735,11470,17205,22940,28675
5736,11472,17208,22944,28680
5737,11474,17211,22948,28685
5738,11476,17214,22952,28690
5739,11478,17217,22956,28695
5740,11480,17220,22960,28700
5741,11482,17223,22964,28705
5742,11484,17226,22968,28710
5743,11486,17229,22972,28715
5744,11488,17232,22976,28720
5745,11490,17235,22980,28725
5746,11492,17238,22984,28730
5747,11494,17241,22988,28735
5748,11496,17244,22992,28740
5749,11498,17247,22996,28745
5750,11500,17250,23000,28750
5751,11502,17253,23004,28755
5752,11504,17256,23008,28760
5753,11506,17259,23012,28765
5754,11508,17262,23016,28770
5755,11510,17265,23020,28775
5756,11512,17268,23024,28780
5757,11514,17271,23028,28785
5758,11516,17274,23032,28790
5759,11518,17277,23036,28795
5760,11520,17280,23040,28800
5761,11522,17283,23044,28805
5762,11524,17286,23048,28810
5763,11526,17289,23052,28815
5764,11528,17292,23056,28820
5765,11530,17295,23060,28825
5766,11532,17298,23064,28830
5767,11534,17301,23068,28835
5768,11536,17304,23072,28840
5769,11538,17307,23076,28845
5770,11540,17310,23080,28850
5771,11542,17313,23084,28855
5772,11544,17316,23088,28860
5773,11546,17319,23092,28865
5774,11548,17322,23096,28870
5775,11550,17325,23100,28875
5776,11552,17328,23104,28880
5777,11554,17331,23108,28885
5778,11556,17334,23112,28890
5779,11558,17337,23116,28895
5780,11560,17340,23120,28900
5781,11562,17343,23124,28905
5782,11564,17346,23128,28910
5783,11566,17349,23132,28915
5784,11568,17352,23136,28920
5785,11570,17355,23140,28925
5786,11572,17358,23144,28930
5787,11574,17361,23148,28935
5788,11576,17364,23152,28940
5789,11578,17367,23156,28945
5790,11580,17370,23160,28950
5791,11582,17373,23164,28955
5792,11584,17376,23168,28960
5793,11586,17379,23172,28965
5794,11588,17382,23176,28970
5795,11590,17385,23180,28975
5796,11592,17388,23184,28980
5797,11594,17391,23188,28985
5798,11596,17394,23192,28990
5799,11598,17397,23196,28995
5800,11600,17400,23200,29000
5801,11602,17403,23204,29005
5802,11604,17406,23208,29010
5803,11606,17409,23212,29015
5804,11608,17412,23216,29020
5805,11610,17415,23220,29025
5806,11612,17418,23224,29030
5807,11614,17421,23228,29035
5808,11616,17424,23232,29040
5809,11618,17427,23236,29045
5810,11620,17430,23240,29050
5811,11622,17433,23244,29055
5812,11624,17436,23248,29060
5813,11626,17439,23252,29065
5814,11628,17442,23256,29070
5815,11630,17445,23260,29075
5816,11632,17448,23264,29080
5817,11634,17451,23268,29085
5818,11636,17454,23272,29090
5819,11638,17457,23276,29095
5820,11640,17460,23280,29100
5821,11642,17463,23284,29105
5822,11644,17466,23288,29110
5823,11646,17469,23292,29115
5824,11648,17472,23296,29120
5825,11650,17475,23300,29125
5826,11652,17478,23304,29130
5827,11654,17481,23308,29135
5828,11656,17484,23312,29140
5829,11658,17487,23316,29145
5830,11660,17490,23320,29150
5831,11662,17493,23324,29155
5832,11664,17496,23328,29160
5833,11666,17499,23332,29165
5834,11668,17502,23336,29170
5835,11670,17505,23340,29175
5836,11672,17508,23344,29180
5837,11674,17511,23348,29185
5838,11676,17514,23352,29190
5839,11678,17517,23356,29195
5840,11680,17520,23360,29200
5841,11682,17523,23364,29205
5842,11684,17526,23368,29210
5843,11686,17529,23372,29215
5844,11688,17532,23376,29220
5845,11690,17535,23380,29225
5846,11692,17538,23384,29230
5847,11694,17541,23388,29235
5848,11696,17544,23392,29240
5849,11698,17547,23396,29245
5850,11700,17550,23400,29250
5851,11702,17553,23404,29255
5852,11704,17556,23408,29260
5853,11706,17559,23412,29265
5854,11708,17562,23416,29270
5855,11710,17565,23420,29275
5856,11712,17568,23424,29280
5857,11714,17571,23428,29285
5858,11716,17574,23432,29290
5859,11718,17577,23436,29295
5860,11720,17580,23440,29300
5861,11722,17583,23444,29305
5862,11724,17586,23448,29310
5863,11726,17589,23452,29315
5864,11728,17592,23456,29320
5865,11730,17595,23460,29325
5866,11732,17598,23464,29330
5867,11734,17601,23468,29335
5868,11736,17604,23472,29340
5869,11738,17607,23476,29345
5870,11740,17610,23480,29350
5871,11742,17613,23484,29355
5872,11744,17616,23488,29360
5873,11746,17619,23492,29365
5874,11748,17622,23496,29370
5875,11750,17625,23500,29375
5876,11752,17628,23504,29380
5877,11754,17631,23508,29385
5878,11756,17634,23512,29390
5879,11758,17637,23516,29395
5880,11760,17640,23520,29400
5881,11762,17643,23524,29405
5882,11764,17646,23528,29410
5883,11766,17649,23532,29415
5884,11768,17652,23536,29420
5885,11770,17655,23540,29425
5886,11772,17658,23544,29430
5887,11774,17661,23548,29435
5888,11776,17664,23552,29440
5889,11778,17667,23556,29445
5890,11780,17670,23560,29450
5891,11782,17673,23564,29455
5892,11784,17676,23568,29460
5893,11786,17679,23572,29465
5894,11788,17682,23576,29470
5895,11790,17685,23580,29475
5896,11792,17688,23584,29480
5897,11794,17691,23588,29485
5898,11796,17694,23592,29490
5899,11798,17697,23596,29495
5900,11800,17700,23600,29500
5901,11802,17703,23604,29505
5902,11804,17706,23608,29510
5903,11806,17709,23612,29515
5904,11808,17712,23616,29520
5905,11810,17715,23620,29525
5906,11812,17718,23624,29530
5907,11814,17721,23628,29535
5908,11816,17724,23632,29540
5909,11818,17727,23636,29545
5910,11820,17730,23640,29550
5911,11822,17733,23644,29555
5912,11824,17736,23648,29560
5913,11826,17739,23652,29565
5914,11828,17742,23656,29570
5915,11830,17745,23660,29575
5916,11832,17748,23664,29580
5917,11834,17751,23668,29585
5918,11836,17754,23672,29590
5919,11838,17757,23676,29595
5920,11840,17760,23680,29600
5921,11842,17763,23684,29605
5922,11844,17766,23688,29610
5923,11846,17769,23692,29615
5924,11848,17772,23696,29620
5925,11850,17775,23700,29625
5926,11852,17778,23704,29630
5927,11854,17781,23708,29635
5928,11856,17784,23712,29640
5929,11858,17787,23716,29645
5930,11860,17790,23720,29650
5931,11862,17793,23724,29655
5932,11864,17796,23728,29660
5933,11866,17799,23732,29665
5934,11868,17802,23736,29670
5935,11870,17805,23740,29675
5936,11872,17808,23744,29680
5937,11874,17811,23748,29685
5938,11876,17814,23752,29690
5939,11878,17817,23756,29695
5940,11880,17820,23760,29700
5941,11882,17823,23764,29705
5942,11884,17826,23768,29710
5943,11886,17829,23772,29715
5944,11888,17832,23776,29720
5945,11890,17835,23780,29725
5946,11892,17838,23784,29730
5947,11894,17841,23788,29735
5948,11896,17844,23792,29740
5949,11898,17847,23796,29745
5950,11900,17850,23800,29750
5951,11902,17853,23804,29755
5952,11904,17856,23808,29760
5953,11906,17859,23812,29765
5954,11908,17862,23816,29770
5955,11910,17865,23820,29775
5956,11912,17868,23824,29780
5957,11914,17871,23828,29785
5958,11916,17874,23832,29790
5959,11918,17877,23836,29795
5960,11920,17880,23840,29800
5961,11922,17883,23844,29805
5962,11924,17886,23848,29810
5963,11926,17889,23852,29815
5964,11928,17892,23856,29820
5965,11930,17895,23860,29825
5966,11932,17898,23864,29830
5967,11934,17901,23868,29835
5968,11936,17904,23872,29840
5969,11938,17907,23876,29845
5970,11940,17910,23880,29850
5971,11942,17913,23884,29855
5972,11944,17916,23888,29860
5973,11946,17919,23892,29865
5974,11948,17922,23896,29870
5975,11950,17925,23900,29875
5976,11952,17928,23904,29880
5977,11954,17931,23908,29885
5978,11956,17934,23912,29890
5979,11958,17937,23916,29895
5980,11960,17940,23920,29900
5981,11962,17943,23924,29905
5982,11964,17946,23928,29910
5983,11966,17949,23932,29915
5984,11968,17952,23936,29920
5985,11970,17955,23940,29925
5986,11972,17958,23944,29930
5987,11974,17961,23948,29935
5988,11976,17964,23952,29940
5989,11978,17967,23956,29945
5990,11980,17970,23960,29950
5991,11982,17973,23964,29955
5992,11984,17976,23968,29960
5993,11986,17979,23972,29965
5994,11988,17982,23976,29970
5995,11990,17985,23980,29975
5996,11992,17988,23984,29980
5997,11994,17991,23988,29985
5998,11996,17994,23992,29990
5999,11998,17997,23996,29995
6000,12000,18000,24000,30000
6001,12002,18003,24004,30005
6002,12004,18006,24008,30010
6003,12006,18009,24012,30015
6004,12008,18012,24016,30020
6005,12010,18015,24020,30025
6006,12012,18018,24024,30030
6007,12014,18021,24028,30035
6008,12016,18024,24032,30040
6009,12018,18027,24036,30045
6010,12020,18030,24040,30050
6011,12022,18033,24044,30055
6012,12024,18036,24048,30060
6013,12026,18039,24052,30065
6014,12028,18042,24056,30070
6015,12030,18045,24060,30075
6016,12032,18048,24064,30080
6017,12034,18051,24068,30085
6018,12036,18054,24072,30090
6019,12038,18057,24076,30095
6020,12040,18060,24080,30100
6021,12042,18063,24084,30105
6022,12044,18066,24088,30110
6023,12046,18069,24092,30115
6024,12048,18072,24096,30120
6025,12050,18075,24100,30125
6026,12052,18078,24104,30130
6027,12054,18081,24108,30135
6028,12056,18084,24112,30140
6029,12058,18087,24116,30145
6030,12060,18090,24120,30150
6031,12062,18093,24124,30155
6032,12064,18096,24128,30160
6033,12066,18099,24132,30165
6034,12068,18102,24136,30170
6035,12070,18105,24140,30175
6036,12072,18108,24144,30180
6037,12074,18111,24148,30185
6038,12076,18114,24152,30190
6039,12078,18117,24156,30195
6040,12080,18120,24160,30200
6041,12082,18123,24164,30205
6042,12084,18126,24168,30210
6043,12086,18129,24172,30215
6044,12088,18132,24176,30220
6045,12090,18135,24180,30225
6046,12092,18138,24184,30230
6047,12094,18141,24188,30235
6048,12096,18144,24192,30240
6049,12098,18147,24196,30245
6050,12100,18150,24200,30250
6051,12102,18153,24204,30255
6052,12104,18156,24208,30260
6053,12106,18159,24212,30265
6054,12108,18162,24216,30270
6055,12110,18165,24220,30275
6056,12112,18168,24224,30280
6057,12114,18171,24228,30285
6058,12116,18174,24232,30290
6059,12118,18177,24236,30295
6060,12120,18180,24240,30300
6061,12122,18183,24244,30305
6062,12124,18186,24248,30310
6063,12126,18189,24252,30315
6064,12128,18192,24256,30320
6065,12130,18195,24260,30325
6066,12132,18198,24264,30330
6067,12134,18201,24268,30335
6068,12136,18204,24272,30340
6069,12138,18207,24276,30345
6070,12140,18210,24280,30350
6071,12142,18213,24284,30355
6072,12144,18216,24288,30360
6073,12146,18219,24292,30365
6074,12148,18222,24296,30370
6075,12150,18225,24300,30375
6076,12152,18228,24304,30380
6077,12154,18231,24308,30385
6078,12156,18234,24312,30390
6079,12158,18237,24316,30395
6080,12160,18240,24320,30400
6081,12162,18243,24324,30405
6082,12164,18246,24328,30410
6083,12166,18249,24332,30415
6084,12168,18252,24336,30420
6085,12170,18255,24340,30425
6086,12172,18258,24344,30430
6087,12174,18261,24348,30435
6088,12176,18264,24352,30440
6089,12178,18267,24356,30445
6090,12180,18270,24360,30450
6091,12182,18273,24364,30455
6092,12184,18276,24368,30460
6093,12186,18279,24372,30465
6094,12188,18282,24376,30470
6095,12190,18285,24380,30475
6096,12192,18288,24384,30480
6097,12194,18291,24388,30485
6098,12196,18294,24392,30490
6099,12198,18297,24396,30495
6100,12200,18300,24400,30500
6101,12202,18303,24404,30505
6102,12204,18306,24408,30510
6103,12206,18309,24412,30515
6104,12208,18312,24416,30520
6105,12210,18315,24420,30525
6106,12212,18318,24424,30530
6107,12214,18321,24428,30535
6108,12216,18324,24432,30540
6109,12218,18327,24436,30545
6110,12220,18330,24440,30550
6111,12222,18333,24444,30555
6112,12224,18336,24448,30560
6113,12226,18339,24452,30565
6114,12228,18342,24456,30570
6115,12230,18345,24460,30575
6116,12232,18348,24464,30580
6117,12234,18351,24468,30585
6118,12236,18354,24472,30590
6119,12238,18357,24476,30595
6120,12240,18360,24480,30600
6121,12242,18363,24484,30605
6122,12244,18366,24488,30610
6123,12246,18369,24492,30615
6124,12248,18372,24496,30620
6125,12250,18375,24500,30625
6126,12252,18378,24504,30630
6127,12254,18381,24508,30635
6128,12256,18384,24512,30640
6129,12258,18387,24516,30645
6130,12260,18390,24520,30650
6131,12262,18393,24524,30655
6132,12264,18396,24528,30660
6133,12266,18399,24532,30665
6134,12268,18402,24536,30670
6135,12270,18405,24540,30675
6136,12272,18408,24544,30680
6137,12274,18411,24548,30685
6138,12276,18414,24552,30690
6139,12278,18417,24556,30695
6140,12280,18420,24560,30700
6141,12282,18423,24564,30705
6142,12284,18426,24568,30710
6143,12286,18429,24572,30715
6144,12288,18432,24576,30720
6145,12290,18435,24580,30725
6146,12292,18438,24584,30730
6147,12294,18441,24588,30735
6148,12296,18444,24592,30740
6149,12298,18447,24596,30745
6150,12300,18450,24600,30750
6151,12302,18453,24604,30755
6152,12304,18456,24608,30760
6153,12306,18459,24612,30765
6154,12308,18462,24616,30770
6155,12310,18465,24620,30775
6156,12312,18468,24624,30780
6157,12314,18471,24628,30785
6158,12316,18474,24632,30790
6159,12318,18477,24636,30795
6160,12320,18480,24640,30800
6161,12322,18483,24644,30805
6162,12324,18486,24648,30810
6163,12326,18489,24652,30815
6164,12328,18492,24656,30820
6165,12330,18495,24660,30825
6166,12332,18498,24664,30830
6167,12334,18501,24668,30835
6168,12336,18504,24672,30840
6169,12338,18507,24676,30845
6170,12340,18510,24680,30850
6171,12342,18513,24684,30855
6172,12344,18516,24688,30860
6173,12346,18519,24692,30865
6174,12348,18522,24696,30870
6175,12350,18525,24700,30875
6176,12352,18528,24704,30880
6177,12354,18531,24708,30885
6178,12356,18534,24712,30890
6179,12358,18537,24716,30895
6180,12360,18540,24720,30900
6181,12362,18543,24724,30905
6182,12364,18546,24728,30910
6183,12366,18549,24732,30915
6184,12368,18552,24736,30920
6185,12370,18555,24740,30925
6186,12372,18558,24744,30930
6187,12374,18561,24748,30935
6188,12376,18564,24752,30940
6189,12378,18567,24756,30945
6190,12380,18570,24760,30950
6191,12382,18573,24764,30955
6192,12384,18576,24768,30960
6193,12386,18579,24772,30965
6194,12388,18582,24776,30970
6195,12390,18585,24780,30975
6196,12392,18588,24784,30980
6197,12394,18591,24788,30985
6198,12396,18594,24792,30990
6199,12398,18597,24796,30995
6200,12400,18600,24800,31000
6201,12402,18603,24804,31005
6202,12404,18606,24808,31010
6203,12406,18609,24812,31015
6204,12408,18612,24816,31020
6205,12410,18615,24820,31025
6206,12412,18618,24824,31030
6207,12414,18621,24828,31035
6208,12416,18624,24832,31040
6209,12418,18627,24836,31045
6210,12420,18630,24840,31050
6211,12422,18633,24844,31055
6212,12424,18636,24848,31060
6213,12426,18639,24852,31065
6214,12428,18642,24856,31070
6215,12430,18645,24860,31075
6216,12432,18648,24864,31080
6217,12434,18651,24868,31085
6218,12436,18654,24872,31090
6219,12438,18657,24876,31095
6220,12440,18660,24880,31100
6221,12442,18663,24884,31105
6222,12444,18666,24888,31110
6223,12446,18669,24892,31115
6224,12448,18672,24896,31120
6225,12450,18675,24900,31125
6226,12452,18678,24904,31130
6227,12454,18681,24908,31135
6228,12456,18684,24912,31140
6229,12458,18687,24916,31145
6230,12460,18690,24920,31150
6231,12462,18693,24924,31155
6232,12464,18696,24928,31160
6233,12466,18699,24932,31165
6234,12468,18702,24936,31170
6235,12470,18705,24940,31175
6236,12472,18708,24944,31180
6237,12474,18711,24948,31185
6238,12476,18714,24952,31190
6239,12478,18717,24956,31195
6240,12480,18720,24960,31200
6241,12482,18723,24964,31205
6242,12484,18726,24968,31210
6243,12486,18729,24972,31215
6244,12488,18732,24976,31220
6245,12490,18735,24980,31225
6246,12492,18738,24984,31230
6247,12494,18741,24988,31235
6248,12496,18744,24992,31240
6249,12498,18747,24996,31245
6250,12500,18750,25000,31250
6251,12502,18753,25004,31255
6252,12504,18756,25008,31260
6253,12506,18759,25012,31265
6254,12508,18762,25016,31270
6255,12510,18765,25020,31275
6256,12512,18768,25024,31280
6257,12514,18771,25028,31285
6258,12516,18774,25032,31290
6259,12518,18777,25036,31295
6260,12520,18780,25040,31300
6261,12522,18783,25044,31305
6262,12524,18786,25048,31310
6263,12526,18789,25052,31315
6264,12528,18792,25056,31320
6265,12530,18795,25060,31325
6266,12532,18798,25064,31330
6267,12534,18801,25068,31335
6268,12536,18804,25072,31340
6269,12538,18807,25076,31345
6270,12540,18810,25080,31350
6271,12542,18813,25084,31355
6272,12544,18816,25088,31360
6273,12546,18819,25092,31365
6274,12548,18822,25096,31370
6275,12550,18825,25100,31375
6276,12552,18828,25104,31380
6277,12554,18831,25108,31385
6278,12556,18834,25112,31390
6279,12558,18837,25116,31395
6280,12560,18840,25120,31400
6281,12562,18843,25124,31405
6282,12564,18846,25128,31410
6283,12566,18849,25132,31415
6284,12568,18852,25136,31420
6285,12570,18855,25140,31425
6286,12572,18858,25144,31430
6287,12574,18861,25148,31435
6288,12576,18864,25152,31440
6289,12578,18867,25156,31445
6290,12580,18870,25160,31450
6291,12582,18873,25164,31455
6292,12584,18876,25168,31460
6293,12586,18879,25172,31465
6294,12588,18882,25176,31470
6295,12590,18885,25180,31475
6296,12592,18888,25184,31480
6297,12594,18891,25188,31485
6298,12596,18894,25192,31490
6299,12598,18897,25196,31495
6300,12600,18900,25200,31500
6301,12602,18903,25204,31505
6302,12604,18906,25208,31510
6303,12606,18909,25212,31515
6304,12608,18912,25216,31520
6305,12610,18915,25220,31525
6306,12612,18918,25224,31530
6307,12614,18921,25228,31535
6308,12616,18924,25232,31540
6309,12618,18927,25236,31545
6310,12620,18930,25240,31550
6311,12622,18933,25244,31555
6312,12624,18936,25248,31560
6313,12626,18939,25252,31565
6314,12628,18942,25256,31570
6315,12630,18945,25260,31575
6316,12632,18948,25264,31580
6317,12634,18951,25268,31585
6318,12636,18954,25272,31590
6319,12638,18957,25276,31595
6320,12640,18960,25280,31600
6321,12642,18963,25284,31605
6322,12644,18966,25288,31610
6323,12646,18969,25292,31615
6324,12648,18972,25296,31620
6325,12650,18975,25300,31625
6326,12652,18978,25304,31630
6327,12654,18981,25308,31635
6328,12656,18984,25312,31640
6329,12658,18987,25316,31645
6330,12660,18990,25320,31650
6331,12662,18993,25324,31655
6332,12664,18996,25328,31660
6333,12666,18999,25332,31665
6334,12668,19002,25336,31670
6335,12670,19005,25340,31675
6336,12672,19008,25344,31680
6337,12674,19011,25348,31685
6338,12676,19014,25352,31690
6339,12678,19017,25356,31695
6340,12680,19020,25360,31700
6341,12682,19023,25364,31705
6342,12684,19026,25368,31710
6343,12686,19029,25372,31715
6344,12688,19032,25376,31720
6345,12690,19035,25380,31725
6346,12692,19038,25384,31730
6347,12694,19041,25388,31735
6348,12696,19044,25392,31740
6349,12698,19047,25396,31745
6350,12700,19050,25400,31750
6351,12702,19053,25404,31755
6352,12704,19056,25408,31760
6353,12706,19059,25412,31765
6354,12708,19062,25416,31770
6355,12710,19065,25420,31775
6356,12712,19068,25424,31780
6357,12714,19071,25428,31785
6358,12716,19074,25432,31790
6359,12718,19077,25436,31795
6360,12720,19080,25440,31800
6361,12722,19083,25444,31805
6362,12724,19086,25448,31810
6363,12726,19089,25452,31815
6364,12728,19092,25456,31820
6365,12730,19095,25460,31825
6366,12732,19098,25464,31830
6367,12734,19101,25468,31835
6368,12736,19104,25472,31840
6369,12738,19107,25476,31845
6370,12740,19110,25480,31850
6371,12742,19113,25484,31855
6372,12744,19116,25488,31860
6373,12746,19119,25492,31865
6374,12748,19122,25496,31870
6375,12750,19125,25500,31875
6376,12752,19128,25504,31880
6377,12754,19131,25508,31885
6378,12756,19134,25512,31890
6379,12758,19137,25516,31895
6380,12760,19140,25520,31900
6381,12762,19143,25524,31905
6382,12764,19146,25528,31910
6383,12766,19149,25532,31915
6384,12768,19152,25536,31920
6385,12770,19155,25540,31925
6386,12772,19158,25544,31930
6387,12774,19161,25548,31935
6388,12776,19164,25552,31940
6389,12778,19167,25556,31945
6390,12780,19170,25560,31950
6391,12782,19173,25564,31955
6392,12784,19176,25568,31960
6393,12786,19179,25572,31965
6394,12788,19182,25576,31970
6395,12790,19185,25580,31975
6396,12792,19188,25584,31980
6397,12794,19191,25588,31985
6398,12796,19194,25592,31990
6399,12798,19197,25596,31995
6400,12800,19200,25600,32000
6401,12802,19203,25604,32005
6402,12804,19206,25608,32010
6403,12806,19209,25612,32015
6404,12808,19212,25616,32020
6405,12810,19215,25620,32025
6406,12812,19218,25624,32030
6407,12814,19221,25628,32035
6408,12816,19224,25632,32040
6409,12818,19227,25636,32045
6410,12820,19230,25640,32050
6411,12822,19233,25644,32055
6412,12824,19236,25648,32060
6413,12826,19239,25652,32065
6414,12828,19242,25656,32070
6415,12830,19245,25660,32075
6416,12832,19248,25664,32080
6417,12834,19251,25668,32085
6418,12836,19254,25672,32090
6419,12838,19257,25676,32095
6420,12840,19260,25680,32100
6421,12842,19263,25684,32105
6422,12844,19266,25688,32110
6423,12846,19269,25692,32115
6424,12848,19272,25696,32120
6425,12850,19275,25700,32125
6426,12852,19278,25704,32130
6427,12854,19281,25708,32135
6428,12856,19284,25712,32140
6429,12858,19287,25716,32145
6430,12860,19290,25720,32150
6431,12862,19293,25724,32155
6432,12864,19296,25728,32160
6433,12866,19299,25732,32165
6434,12868,19302,25736,32170
6435,12870,19305,25740,32175
6436,12872,19308,25744,32180
6437,12874,19311,25748,32185
6438,12876,19314,25752,32190
6439,12878,19317,25756,32195
6440,12880,19320,25760,32200
6441,12882,19323,25764,32205
6442,12884,19326,25768,32210
6443,12886,19329,25772,32215
6444,12888,19332,25776,32220
6445,12890,19335,25780,32225
6446,12892,19338,25784,32230
6447,12894,19341,25788,32235
6448,12896,19344,25792,32240
6449,12898,19347,25796,32245
6450,12900,19350,25800,32250
6451,12902,19353,25804,32255
6452,12904,19356,25808,32260
6453,12906,19359,25812,32265
6454,12908,19362,25816,32270
6455,12910,19365,25820,32275
6456,12912,19368,25824,32280
6457,12914,19371,25828,32285
6458,12916,19374,25832,32290
6459,12918,19377,25836,32295
6460,12920,19380,25840,32300
6461,12922,19383,25844,32305
6462,12924,19386,25848,32310
6463,12926,19389,25852,32315
6464,12928,19392,25856,32320
6465,12930,19395,25860,32325
6466,12932,19398,25864,32330
6467,12934,19401,25868,32335
6468,12936,19404,25872,32340
6469,12938,19407,25876,32345
6470,12940,19410,25880,32350
6471,12942,19413,25884,32355
6472,12944,19416,25888,32360
6473,12946,19419,25892,32365
6474,12948,19422,25896,32370
6475,12950,19425,25900,32375
6476,12952,19428,25904,32380
6477,12954,19431,25908,32385
6478,12956,19434,25912,32390
6479,12958,19437,25916,32395
6480,12960,19440,25920,32400
6481,12962,19443,25924,32405
6482,12964,19446,25928,32410
6483,12966,19449,25932,32415
6484,12968,19452,25936,32420
6485,12970,19455,25940,32425
6486,12972,19458,25944,32430
6487,12974,19461,25948,32435
6488,12976,19464,25952,32440
6489,12978,19467,25956,32445
6490,12980,19470,25960,32450
6491,12982,19473,25964,32455
6492,12984,19476,25968,32460
6493,12986,19479,25972,32465
6494,12988,19482,25976,32470
6495,12990,19485,25980,32475
6496,12992,19488,25984,32480
6497,12994,19491,25988,32485
6498,12996,19494,25992,32490
6499,12998,19497,25996,32495
6500,13000,19500,26000,32500
6501,13002,19503,26004,32505
6502,13004,19506,26008,32510
6503,13006,19509,26012,32515
6504,13008,19512,26016,32520
6505,13010,19515,26020,32525
6506,13012,19518,26024,32530
6507,13014,19521,26028,32535
6508,13016,19524,26032,32540
6509,13018,19527,26036,32545
6510,13020,19530,26040,32550
6511,13022,19533,26044,32555
6512,13024,19536,26048,32560
6513,13026,19539,26052,32565
6514,13028,19542,26056,32570
6515,13030,19545,26060,32575
6516,13032,19548,26064,32580
6517,13034,19551,26068,32585
6518,13036,19554,26072,32590
6519,13038,19557,26076,32595
6520,13040,19560,26080,32600
6521,13042,19563,26084,32605
6522,13044,19566,26088,32610
6523,13046,19569,26092,32615
6524,13048,19572,26096,32620
6525,13050,19575,26100,32625
6526,13052,19578,26104,32630
6527,13054,19581,26108,32635
6528,13056,19584,26112,32640
6529,13058,19587,26116,32645
6530,13060,19590,26120,32650
6531,13062,19593,26124,32655
6532,13064,19596,26128,32660
6533,13066,19599,26132,32665
6534,13068,19602,26136,32670
6535,13070,19605,26140,32675
6536,13072,19608,26144,32680
6537,13074,19611,26148,32685
6538,13076,19614,26152,32690
6539,13078,19617,26156,32695
6540,13080,19620,26160,32700
6541,13082,19623,26164,32705
6542,13084,19626,26168,32710
6543,13086,19629,26172,32715
6544,13088,19632,26176,32720
6545,13090,19635,26180,32725
6546,13092,19638,26184,32730
6547,13094,19641,26188,32735
6548,13096,19644,26192,32740
6549,13098,19647,26196,32745
6550,13100,19650,26200,32750
6551,13102,19653,26204,32755
6552,13104,19656,26208,32760
6553,13106,19659,26212,32765
6554,13108,19662,26216,32770
6555,13110,19665,26220,32775
6556,13112,19668,26224,32780
6557,13114,19671,26228,32785
6558,13116,19674,26232,32790
6559,13118,19677,26236,32795
6560,13120,19680,26240,32800
6561,13122,19683,26244,32805
6562,13124,19686,26248,32810
6563,13126,19689,26252,32815
6564,13128,19692,26256,32820
6565,13130,19695,26260,32825
6566,13132,19698,26264,32830
6567,13134,19701,26268,32835
6568,13136,19704,26272,32840
6569,13138,19707,26276,32845
6570,13140,19710,26280,32850
6571,13142,19713,26284,32855
6572,13144,19716,26288,32860
6573,13146,19719,26292,32865
6574,13148,19722,26296,32870
6575,13150,19725,26300,32875
6576,13152,19728,26304,32880
6577,13154,19731,26308,32885
6578,13156,19734,26312,32890
6579,13158,19737,26316,32895
6580,13160,19740,26320,32900
6581,13162,19743,26324,32905
6582,13164,19746,26328,32910
6583,13166,19749,26332,32915
6584,13168,19752,26336,32920
6585,13170,19755,26340,32925
6586,13172,19758,26344,32930
6587,13174,19761,26348,32935
6588,13176,19764,26352,32940
6589,13178,19767,26356,32945
6590,13180,19770,26360,32950
6591,13182,19773,26364,32955
6592,13184,19776,26368,32960
6593,13186,19779,26372,32965
6594,13188,19782,26376,32970
6595,13190,19785,26380,32975
6596,13192,19788,26384,32980
6597,13194,19791,26388,32985
6598,13196,19794,26392,32990
6599,13198,19797,26396,32995
6600,13200,19800,26400,33000
6601,13202,19803,26404,33005
6602,13204,19806,26408,33010
6603,13206,19809,26412,33015
6604,13208,19812,26416,33020
6605,13210,19815,26420,33025
6606,13212,19818,26424,33030
6607,13214,19821,26428,33035
6608,13216,19824,26432,33040
6609,13218,19827,26436,33045
6610,13220,19830,26440,33050
6611,13222,19833,26444,33055
6612,13224,19836,26448,33060
6613,13226,19839,26452,33065
6614,13228,19842,26456,33070
6615,13230,19845,26460,33075
6616,13232,19848,26464,33080
6617,13234,19851,26468,33085
6618,13236,19854,26472,33090
6619,13238,19857,26476,33095
6620,13240,19860,26480,33100
6621,13242,19863,26484,33105
6622,13244,19866,26488,33110
6623,13246,19869,26492,33115
6624,13248,19872,26496,33120
6625,13250,19875,26500,33125
6626,13252,19878,26504,33130
6627,13254,19881,26508,33135
6628,13256,19884,26512,33140
6629,13258,19887,26516,33145
6630,13260,19890,26520,33150
6631,13262,19893,26524,33155
6632,13264,19896,26528,33160
6633,13266,19899,26532,33165
6634,13268,19902,26536,33170
6635,13270,19905,26540,33175
6636,13272,19908,26544,33180
6637,13274,19911,26548,33185
6638,13276,19914,26552,33190
6639,13278,19917,26556,33195
6640,13280,19920,26560,33200
6641,13282,19923,26564,33205
6642,13284,19926,26568,33210
6643,13286,19929,26572,33215
6644,13288,19932,26576,33220
6645,13290,19935,26580,33225
6646,13292,19938,26584,33230
6647,13294,19941,26588,33235
6648,13296,19944,26592,33240
6649,13298,19947,26596,33245
6650,13300,19950,26600,33250
6651,13302,19953,26604,33255
6652,13304,19956,26608,33260
6653,13306,19959,26612,33265
6654,13308,19962,26616,33270
6655,13310,19965,26620,33275
6656,13312,19968,26624,33280
6657,13314,19971,26628,33285
6658,13316,19974,26632,33290
6659,13318,19977,26636,33295
6660,13320,19980,26640,33300
6661,13322,19983,26644,33305
6662,13324,19986,26648,33310
6663,13326,19989,26652,33315
6664,13328,19992,26656,33320
6665,13330,19995,26660,33325
6666,13332,19998,26664,33330
6667,13334,20001,26668,33335
6668,13336,20004,26672,33340
6669,13338,20007,26676,33345
6670,13340,20010,26680,33350
6671,13342,20013,26684,33355
6672,13344,20016,26688,33360
6673,13346,20019,26692,33365
6674,13348,20022,26696,33370
6675,13350,20025,26700,33375
6676,13352,20028,26704,33380
6677,13354,20031,26708,33385
6678,13356,20034,26712,33390
6679,13358,20037,26716,33395
6680,13360,20040,26720,33400
6681,13362,20043,26724,33405
6682,13364,20046,26728,33410
6683,13366,20049,26732,33415
6684,13368,20052,26736,33420
6685,13370,20055,26740,33425
6686,13372,20058,26744,33430
6687,13374,20061,26748,33435
6688,13376,20064,26752,33440
6689,13378,20067,26756,33445
6690,13380,20070,26760,33450
6691,13382,20073,26764,33455
6692,13384,20076,26768,33460
6693,13386,20079,26772,33465
6694,13388,20082,26776,33470
6695,13390,20085,26780,33475
6696,13392,20088,26784,33480
6697,13394,20091,26788,33485
6698,13396,20094,26792,33490
6699,13398,20097,26796,33495
6700,13400,20100,26800,33500
6701,13402,20103,26804,33505
6702,13404,20106,26808,33510
6703,13406,20109,26812,33515
6704,13408,20112,26816,33520
6705,13410,20115,26820,33525
6706,13412,20118,26824,33530
6707,13414,20121,26828,33535
6708,13416,20124,26832,33540
6709,13418,20127,26836,33545
6710,13420,20130,26840,33550
6711,13422,20133,26844,33555
6712,13424,20136,26848,33560
6713,13426,20139,26852,33565
6714,13428,20142,26856,33570
6715,13430,20145,26860,33575
6716,13432,20148,26864,33580
6717,13434,20151,26868,33585
6718,13436,20154,26872,33590
6719,13438,20157,26876,33595
6720,13440,20160,26880,33600
6721,13442,20163,26884,33605
6722,13444,20166,26888,33610
6723,13446,20169,26892,33615
6724,13448,20172,26896,33620
6725,13450,20175,26900,33625
6726,13452,20178,26904,33630
6727,13454,20181,26908,33635
6728,13456,20184,26912,33640
6729,13458,20187,26916,33645
6730,13460,20190,26920,33650
6731,13462,20193,26924,33655
6732,13464,20196,26928,33660
6733,13466,20199,26932,33665
6734,13468,20202,26936,33670
6735,13470,20205,26940,33675
6736,13472,20208,26944,33680
6737,13474,20211,26948,33685
6738,13476,20214,26952,33690
6739,13478,20217,26956,33695
6740,13480,20220,26960,33700
6741,13482,20223,26964,33705
6742,13484,20226,26968,33710
6743,13486,20229,26972,33715
6744,13488,20232,26976,33720
6745,13490,20235,26980,33725
6746,13492,20238,26984,33730
6747,13494,20241,26988,33735
6748,13496,20244,26992,33740
6749,13498,20247,26996,33745
6750,13500,20250,27000,33750
6751,13502,20253,27004,33755
6752,13504,20256,27008,33760
6753,13506,20259,27012,33765
6754,13508,20262,27016,33770
6755,13510,20265,27020,33775
6756,13512,20268,27024,33780
6757,13514,20271,27028,33785
6758,13516,20274,27032,33790
6759,13518,20277,27036,33795
6760,13520,20280,27040,33800
6761,13522,20283,27044,33805
6762,13524,20286,27048,33810
6763,13526,20289,27052,33815
6764,13528,20292,27056,33820
6765,13530,20295,27060,33825
6766,13532,20298,27064,33830
6767,13534,20301,27068,33835
6768,13536,20304,27072,33840
6769,13538,20307,27076,33845
6770,13540,20310,27080,33850
6771,13542,20313,27084,33855
6772,13544,20316,27088,33860
6773,13546,20319,27092,33865
6774,13548,20322,27096,33870
6775,13550,20325,27100,33875
6776,13552,20328,27104,33880
6777,13554,20331,27108,33885
6778,13556,20334,27112,33890
6779,13558,20337,27116,33895
6780,13560,20340,27120,33900
6781,13562,20343,27124,33905
6782,13564,20346,27128,33910
6783,13566,20349,27132,33915
6784,13568,20352,27136,33920
6785,13570,20355,27140,33925
6786,13572,20358,27144,33930
6787,13574,20361,27148,33935
6788,13576,20364,27152,33940
6789,13578,20367,27156,33945
6790,13580,20370,27160,33950
6791,13582,20373,27164,33955
6792,13584,20376,27168,33960
6793,13586,20379,27172,33965
6794,13588,20382,27176,33970
6795,13590,20385,27180,33975
6796,13592,20388,27184,33980
6797,13594,20391,27188,33985
6798,13596,20394,27192,33990
6799,13598,20397,27196,33995
6800,13600,20400,27200,34000
6801,13602,20403,27204,34005
6802,13604,20406,27208,34010
6803,13606,20409,27212,34015
6804,13608,20412,27216,34020
6805,13610,20415,27220,34025
6806,13612,20418,27224,34030
6807,13614,20421,27228,34035
6808,13616,20424,27232,34040
6809,13618,20427,27236,34045
6810,13620,20430,27240,34050
6811,13622,20433,27244,34055
6812,13624,20436,27248,34060
6813,13626,20439,27252,34065
6814,13628,20442,27256,34070
6815,13630,20445,27260,34075
6816,13632,20448,27264,34080
6817,13634,20451,27268,34085
6818,13636,20454,27272,34090
6819,13638,20457,27276,34095
6820,13640,20460,27280,34100
6821,13642,20463,27284,34105
6822,13644,20466,27288,34110
6823,13646,20469,27292,34115
6824,13648,20472,27296,34120
6825,13650,20475,27300,34125
6826,13652,20478,27304,34130
6827,13654,20481,27308,34135
6828,13656,20484,27312,34140
6829,13658,20487,27316,34145
6830,13660,20490,27320,34150
6831,13662,20493,27324,34155
6832,13664,20496,27328,34160
6833,13666,20499,27332,34165
6834,13668,20502,27336,34170
6835,13670,20505,27340,34175
6836,13672,20508,27344,34180
6837,13674,20511,27348,34185
6838,13676,20514,27352,34190
6839,13678,20517,27356,34195
6840,13680,20520,27360,34200
6841,13682,20523,27364,34205
6842,13684,20526,27368,34210
6843,13686,20529,27372,34215
6844,13688,20532,27376,34220
6845,13690,20535,27380,34225
6846,13692,20538,27384,34230
6847,13694,20541,27388,34235
6848,13696,20544,27392,34240
6849,13698,20547,27396,34245
6850,13700,20550,27400,34250
6851,13702,20553,27404,34255
6852,13704,20556,27408,34260
6853,13706,20559,27412,34265
6854,13708,20562,27416,34270
6855,13710,20565,27420,34275
6856,13712,20568,27424,34280
6857,13714,20571,27428,34285
6858,13716,20574,27432,34290
6859,13718,20577,27436,34295
6860,13720,20580,27440,34300
6861,13722,20583,27444,34305
6862,13724,20586,27448,34310
6863,13726,20589,27452,34315
6864,13728,20592,27456,34320
6865,13730,20595,27460,34325
6866,13732,20598,27464,34330
6867,13734,20601,27468,34335
6868,13736,20604,27472,34340
6869,13738,20607,27476,34345
6870,13740,20610,27480,34350
6871,13742,20613,27484,34355
6872,13744,20616,27488,34360
6873,13746,20619,27492,34365
6874,13748,20622,27496,34370
6875,13750,20625,27500,34375
6876,13752,20628,27504,34380
6877,13754,20631,27508,34385
6878,13756,20634,27512,34390
6879,13758,20637,27516,34395
6880,13760,20640,27520,34400
6881,13762,20643,27524,34405
6882,13764,20646,27528,34410
6883,13766,20649,27532,34415
6884,13768,20652,27536,34420
6885,13770,20655,27540,34425
6886,13772,20658,27544,34430
6887,13774,20661,27548,34435
6888,13776,20664,27552,34440
6889,13778,20667,27556,34445
6890,13780,20670,27560,34450
6891,13782,20673,27564,34455
6892,13784,20676,27568,34460
6893,13786,20679,27572,34465
6894,13788,20682,27576,34470
6895,13790,20685,27580,34475
6896,13792,20688,27584,34480
6897,13794,20691,27588,34485
6898,13796,20694,27592,34490
6899,13798,20697,27596,34495
6900,13800,20700,27600,34500
6901,13802,20703,27604,34505
6902,13804,20706,27608,34510
6903,13806,20709,27612,34515
6904,13808,20712,27616,34520
6905,13810,20715,27620,34525
6906,13812,20718,27624,34530
6907,13814,20721,27628,34535
6908,13816,20724,27632,34540
6909,13818,20727,27636,34545
6910,13820,20730,27640,34550
6911,13822,20733,27644,34555
6912,13824,20736,27648,34560
6913,13826,20739,27652,34565
6914,13828,20742,27656,34570
6915,13830,20745,27660,34575
6916,13832,20748,27664,34580
6917,13834,20751,27668,34585
6918,13836,20754,27672,34590
6919,13838,20757,27676,34595
6920,13840,20760,27680,34600
6921,13842,20763,27684,34605
6922,13844,20766,27688,34610
6923,13846,20769,27692,34615
6924,13848,20772,27696,34620
6925,13850,20775,27700,34625
6926,13852,20778,27704,34630
6927,13854,20781,27708,34635
6928,13856,20784,27712,34640
6929,13858,20787,27716,34645
6930,13860,20790,27720,34650
6931,13862,20793,27724,34655
6932,13864,20796,27728,34660
6933,13866,20799,27732,34665
6934,13868,20802,27736,34670
6935,13870,20805,27740,34675
6936,13872,20808,27744,34680
6937,13874,20811,27748,34685
6938,13876,20814,27752,34690
6939,13878,20817,27756,34695
6940,13880,20820,27760,34700
6941,13882,20823,27764,34705
6942,13884,20826,27768,34710
6943,13886,20829,27772,34715
6944,13888,20832,27776,34720
6945,13890,20835,27780,34725
6946,13892,20838,27784,34730
6947,13894,20841,27788,34735
6948,13896,20844,27792,34740
6949,13898,20847,27796,34745
6950,13900,20850,27800,34750
6951,13902,20853,27804,34755
6952,13904,20856,27808,34760
6953,13906,20859,27812,34765
6954,13908,20862,27816,34770
6955,13910,20865,27820,34775
6956,13912,20868,27824,34780
6957,13914,20871,27828,34785
6958,13916,20874,27832,34790
6959,13918,20877,27836,34795
6960,13920,20880,27840,34800
6961,13922,20883,27844,34805
6962,13924,20886,27848,34810
6963,13926,20889,27852,34815
6964,13928,20892,27856,34820
6965,13930,20895,27860,34825
6966,13932,20898,27864,34830
6967,13934,20901,27868,34835
6968,13936,20904,27872,34840
6969,13938,20907,27876,34845
6970,13940,20910,27880,34850
6971,13942,20913,27884,34855
6972,13944,20916,27888,34860
6973,13946,20919,27892,34865
6974,13948,20922,27896,34870
6975,13950,20925,27900,34875
6976,13952,20928,27904,34880
6977,13954,20931,27908,34885
6978,13956,20934,27912,34890
6979,13958,20937,27916,34895
6980,13960,20940,27920,34900
6981,13962,20943,27924,34905
6982,13964,20946,27928,34910
6983,13966,20949,27932,34915
6984,13968,20952,27936,34920
6985,13970,20955,27940,34925
6986,13972,20958,27944,34930
6987,13974,20961,27948,34935
6988,13976,20964,27952,34940
6989,13978,20967,27956,34945
6990,13980,20970,27960,34950
6991,13982,20973,27964,34955
6992,13984,20976,27968,34960
6993,13986,20979,27972,34965
6994,13988,20982,27976,34970
6995,13990,20985,27980,34975
6996,13992,20988,27984,34980
6997,13994,20991,27988,34985
6998,13996,20994,27992,34990
6999,13998,20997,27996,34995
7000,14000,21000,28000,35000
7001,14002,21003,28004,35005
7002,14004,21006,28008,35010
7003,14006,21009,28012,35015
7004,14008,21012,28016,35020
7005,14010,21015,28020,35025
7006,14012,21018,28024,35030
7007,14014,21021,28028,35035
7008,14016,21024,28032,35040
7009,14018,21027,28036,35045
7010,14020,21030,28040,35050
7011,14022,21033,28044,35055
7012,14024,21036,28048,35060
7013,14026,21039,28052,35065
7014,14028,21042,28056,35070
7015,14030,21045,28060,35075
7016,14032,21048,28064,35080
7017,14034,21051,28068,35085
7018,14036,21054,28072,35090
7019,14038,21057,28076,35095
7020,14040,21060,28080,35100
7021,14042,21063,28084,35105
7022,14044,21066,28088,35110
7023,14046,21069,28092,35115
7024,14048,21072,28096,35120
7025,14050,21075,28100,35125
7026,14052,21078,28104,35130
7027,14054,21081,28108,35135
7028,14056,21084,28112,35140
7029,14058,21087,28116,35145
7030,14060,21090,28120,35150
7031,14062,21093,28124,35155
7032,14064,21096,28128,35160
7033,14066,21099,28132,35165
7034,14068,21102,28136,35170
7035,14070,21105,28140,35175
7036,14072,21108,28144,35180
7037,14074,21111,28148,35185
7038,14076,21114,28152,35190
7039,14078,21117,28156,35195
7040,14080,21120,28160,35200
7041,14082,21123,28164,35205
7042,14084,21126,28168,35210
7043,14086,21129,28172,35215
7044,14088,21132,28176,35220
7045,14090,21135,28180,35225
7046,14092,21138,28184,35230
7047,14094,21141,28188,35235
7048,14096,21144,28192,35240
7049,14098,21147,28196,35245
7050,14100,21150,28200,35250
7051,14102,21153,28204,35255
7052,14104,21156,28208,35260
7053,14106,21159,28212,35265
7054,14108,21162,28216,35270
7055,14110,21165,28220,35275
7056,14112,21168,28224,35280
7057,14114,21171,28228,35285
7058,14116,21174,28232,35290
7059,14118,21177,28236,35295
7060,14120,21180,28240,35300
7061,14122,21183,28244,35305
7062,14124,21186,28248,35310
7063,14126,21189,28252,35315
7064,14128,21192,28256,35320
7065,14130,21195,28260,35325
7066,14132,21198,28264,35330
7067,14134,21201,28268,35335
7068,14136,21204,28272,35340
7069,14138,21207,28276,35345
7070,14140,21210,28280,35350
7071,14142,21213,28284,35355
7072,14144,21216,28288,35360
7073,14146,21219,28292,35365
7074,14148,21222,28296,35370
7075,14150,21225,28300,35375
7076,14152,21228,28304,35380
7077,14154,21231,28308,35385
7078,14156,21234,28312,35390
7079,14158,21237,28316,35395
7080,14160,21240,28320,35400
7081,14162,21243,28324,35405
7082,14164,21246,28328,35410
7083,14166,21249,28332,35415
7084,14168,21252,28336,35420
7085,14170,21255,28340,35425
7086,14172,21258,28344,35430
7087,14174,21261,28348,35435
7088,14176,21264,28352,35440
7089,14178,21267,28356,35445
7090,14180,21270,28360,35450
7091,14182,21273,28364,35455
7092,14184,21276,28368,35460
7093,14186,21279,28372,35465
7094,14188,21282,28376,35470
7095,14190,21285,28380,35475
7096,14192,21288,28384,35480
7097,14194,21291,28388,35485
7098,14196,21294,28392,35490
7099,14198,21297,28396,35495
7100,14200,21300,28400,35500
7101,14202,21303,28404,35505
7102,14204,21306,28408,35510
7103,14206,21309,28412,35515
7104,14208,21312,28416,35520
7105,14210,21315,28420,35525
7106,14212,21318,28424,35530
7107,14214,21321,28428,35535
7108,14216,21324,28432,35540
7109,14218,21327,28436,35545
7110,14220,21330,28440,35550
7111,14222,21333,28444,35555
7112,14224,21336,28448,35560
7113,14226,21339,28452,35565
7114,14228,21342,28456,35570
7115,14230,21345,28460,35575
7116,14232,21348,28464,35580
7117,14234,21351,28468,35585
7118,14236,21354,28472,35590
7119,14238,21357,28476,35595
7120,14240,21360,28480,35600
7121,14242,21363,28484,35605
7122,14244,21366,28488,35610
7123,14246,21369,28492,35615
7124,14248,21372,28496,35620
7125,14250,21375,28500,35625
7126,14252,21378,28504,35630
7127,14254,21381,28508,35635
7128,14256,21384,28512,35640
7129,14258,21387,28516,35645
7130,14260,21390,28520,35650
7131,14262,21393,28524,35655
7132,14264,21396,28528,35660
7133,14266,21399,28532,35665
7134,14268,21402,28536,35670
7135,14270,21405,28540,35675
7136,14272,21408,28544,35680
7137,14274,21411,28548,35685
7138,14276,21414,28552,35690
7139,14278,21417,28556,35695
7140,14280,21420,28560,35700
7141,14282,21423,28564,35705
7142,14284,21426,28568,35710
7143,14286,21429,28572,35715
7144,14288,21432,28576,35720
7145,14290,21435,28580,35725
7146,14292,21438,28584,35730
7147,14294,21441,28588,35735
7148,14296,21444,28592,35740
7149,14298,21447,28596,35745
7150,14300,21450,28600,35750
7151,14302,21453,28604,35755
7152,14304,21456,28608,35760
7153,14306,21459,28612,35765
7154,14308,21462,28616,35770
7155,14310,21465,28620,35775
7156,14312,21468,28624,35780
7157,14314,21471,28628,35785
7158,14316,21474,28632,35790
7159,14318,21477,28636,35795
7160,14320,21480,28640,35800
7161,14322,21483,28644,35805
7162,14324,21486,28648,35810
7163,14326,21489,28652,35815
7164,14328,21492,28656,35820
7165,14330,21495,28660,35825
7166,14332,21498,28664,35830
7167,14334,21501,28668,35835
7168,14336,21504,28672,35840
7169,14338,21507,28676,35845
7170,14340,21510,28680,35850
7171,14342,21513,28684,35855
7172,14344,21516,28688,35860
7173,14346,21519,28692,35865
7174,14348,21522,28696,35870
7175,14350,21525,28700,35875
7176,14352,21528,28704,35880
7177,14354,21531,28708,35885
7178,14356,21534,28712,35890
7179,14358,21537,28716,35895
7180,14360,21540,28720,35900
7181,14362,21543,28724,35905
7182,14364,21546,28728,35910
7183,14366,21549,28732,35915
7184,14368,21552,28736,35920
7185,14370,21555,28740,35925
7186,14372,21558,28744,35930
7187,14374,21561,28748,35935
7188,14376,21564,28752,35940
7189,14378,21567,28756,35945
7190,14380,21570,28760,35950
7191,14382,21573,28764,35955
7192,14384,21576,28768,35960
7193,14386,21579,28772,35965
7194,14388,21582,28776,35970
7195,14390,21585,28780,35975
7196,14392,21588,28784,35980
7197,14394,21591,28788,35985
7198,14396,21594,28792,35990
7199,14398,21597,28796,35995
7200,14400,21600,28800,36000
7201,14402,21603,28804,36005
7202,14404,21606,28808,36010
7203,14406,21609,28812,36015
7204,14408,21612,28816,36020
7205,14410,21615,28820,36025
7206,14412,21618,28824,36030
7207,14414,21621,28828,36035
7208,14416,21624,28832,36040
7209,14418,21627,28836,36045
7210,14420,21630,28840,36050
7211,14422,21633,28844,36055
7212,14424,21636,28848,36060
7213,14426,21639,28852,36065
7214,14428,21642,28856,36070
7215,14430,21645,28860,36075
7216,14432,21648,28864,36080
7217,14434,21651,28868,36085
7218,14436,21654,28872,36090
7219,14438,21657,28876,36095
7220,14440,21660,28880,36100
7221,14442,21663,28884,36105
7222,14444,21666,28888,36110
7223,14446,21669,28892,36115
7224,14448,21672,28896,36120
7225,14450,21675,28900,36125
7226,14452,21678,28904,36130
7227,14454,21681,28908,36135
7228,14456,21684,28912,36140
7229,14458,21687,28916,36145
7230,14460,21690,28920,36150
7231,14462,21693,28924,36155
7232,14464,21696,28928,36160
7233,14466,21699,28932,36165
7234,14468,21702,28936,36170
7235,14470,21705,28940,36175
7236,14472,21708,28944,36180
7237,14474,21711,28948,36185
7238,14476,21714,28952,36190
7239,14478,21717,28956,36195
7240,14480,21720,28960,36200
7241,14482,21723,28964,36205
7242,14484,21726,28968,36210
7243,14486,21729,28972,36215
7244,14488,21732,28976,36220
7245,14490,21735,28980,36225
7246,14492,21738,28984,36230
7247,14494,21741,28988,36235
7248,14496,21744,28992,36240
7249,14498,21747,28996,36245
7250,14500,21750,29000,36250
7251,14502,21753,29004,36255
7252,14504,21756,29008,36260
7253,14506,21759,29012,36265
7254,14508,21762,29016,36270
7255,14510,21765,29020,36275
7256,14512,21768,29024,36280
7257,14514,21771,29028,36285
7258,14516,21774,29032,36290
7259,14518,21777,29036,36295
7260,14520,21780,29040,36300
7261,14522,21783,29044,36305
7262,14524,21786,29048,36310
7263,14526,21789,29052,36315
7264,14528,21792,29056,36320
7265,14530,21795,29060,36325
7266,14532,21798,29064,36330
7267,14534,21801,29068,36335
7268,14536,21804,29072,36340
7269,14538,21807,29076,36345
7270,14540,21810,29080,36350
7271,14542,21813,29084,36355
7272,14544,21816,29088,36360
7273,14546,21819,29092,36365
7274,14548,21822,29096,36370
7275,14550,21825,29100,36375
7276,14552,21828,29104,36380
7277,14554,21831,29108,36385
7278,14556,21834,29112,36390
7279,14558,21837,29116,36395
7280,14560,21840,29120,36400
7281,14562,21843,29124,36405
7282,14564,21846,29128,36410
7283,14566,21849,29132,36415
7284,14568,21852,29136,36420
7285,14570,21855,29140,36425
7286,14572,21858,29144,36430
7287,14574,21861,29148,36435
7288,14576,21864,29152,36440
7289,14578,21867,29156,36445
7290,14580,21870,29160,36450
7291,14582,21873,29164,36455
7292,14584,21876,29168,36460
7293,14586,21879,29172,36465
7294,14588,21882,29176,36470
7295,14590,21885,29180,36475
7296,14592,21888,29184,36480
7297,14594,21891,29188,36485
7298,14596,21894,29192,36490
7299,14598,21897,29196,36495
7300,14600,21900,29200,36500
7301,14602,21903,29204,36505
7302,14604,21906,29208,36510
7303,14606,21909,29212,36515
7304,14608,21912,29216,36520
7305,14610,21915,29220,36525
7306,14612,21918,29224,36530
7307,14614,21921,29228,36535
7308,14616,21924,29232,36540
7309,14618,21927,29236,36545
7310,14620,21930,29240,36550
7311,14622,21933,29244,36555
7312,14624,21936,29248,36560
7313,14626,21939,29252,36565
7314,14628,21942,29256,36570
7315,14630,21945,29260,36575
7316,14632,21948,29264,36580
7317,14634,21951,29268,36585
7318,14636,21954,29272,36590
7319,14638,21957,29276,36595
7320,14640,21960,29280,36600
7321,14642,21963,29284,36605
7322,14644,21966,29288,36610
7323,14646,21969,29292,36615
7324,14648,21972,29296,36620
7325,14650,21975,29300,36625
7326,14652,21978,29304,36630
7327,14654,21981,29308,36635
7328,14656,21984,29312,36640
7329,14658,21987,29316,36645
7330,14660,21990,29320,36650
7331,14662,21993,29324,36655
7332,14664,21996,29328,36660
7333,14666,21999,29332,36665
7334,14668,22002,29336,36670
7335,14670,22005,29340,36675
7336,14672,22008,29344,36680
7337,14674,22011,29348,36685
7338,14676,22014,29352,36690
7339,14678,22017,29356,36695
7340,14680,22020,29360,36700
7341,14682,22023,29364,36705
7342,14684,22026,29368,36710
7343,14686,22029,29372,36715
7344,14688,22032,29376,36720
7345,14690,22035,29380,36725
7346,14692,22038,29384,36730
7347,14694,22041,29388,36735
7348,14696,22044,29392,36740
7349,14698,22047,29396,36745
7350,14700,22050,29400,36750
7351,14702,22053,29404,36755
7352,14704,22056,29408,36760
7353,14706,22059,29412,36765
7354,14708,22062,29416,36770
7355,14710,22065,29420,36775
7356,14712,22068,29424,36780
7357,14714,22071,29428,36785
7358,14716,22074,29432,36790
7359,14718,22077,29436,36795
7360,14720,22080,29440,36800
7361,14722,22083,29444,36805
7362,14724,22086,29448,36810
7363,14726,22089,29452,36815
7364,14728,22092,29456,36820
7365,14730,22095,29460,36825
7366,14732,22098,29464,36830
7367,14734,22101,29468,36835
7368,14736,22104,29472,36840
7369,14738,22107,29476,36845
7370,14740,22110,29480,36850
7371,14742,22113,29484,36855
7372,14744,22116,29488,36860
7373,14746,22119,29492,36865
7374,14748,22122,29496,36870
7375,14750,22125,29500,36875
7376,14752,22128,29504,36880
7377,14754,22131,29508,36885
7378,14756,22134,29512,36890
7379,14758,22137,29516,36895
7380,14760,22140,29520,36900
7381,14762,22143,29524,36905
7382,14764,22146,29528,36910
7383,14766,22149,29532,36915
7384,14768,22152,29536,36920
7385,14770,22155,29540,36925
7386,14772,22158,29544,36930
7387,14774,22161,29548,36935
7388,14776,22164,29552,36940
7389,14778,22167,29556,36945
7390,14780,22170,29560,36950
7391,14782,22173,29564,36955
7392,14784,22176,29568,36960
7393,14786,22179,29572,36965
7394,14788,22182,29576,36970
7395,14790,22185,29580,36975
7396,14792,22188,29584,36980
7397,14794,22191,29588,36985
7398,14796,22194,29592,36990
7399,14798,22197,29596,36995
7400,14800,22200,29600,37000
7401,14802,22203,29604,37005
7402,14804,22206,29608,37010
7403,14806,22209,29612,37015
7404,14808,22212,29616,37020
7405,14810,22215,29620,37025
7406,14812,22218,29624,37030
7407,14814,22221,29628,37035
7408,14816,22224,29632,37040
7409,14818,22227,29636,37045
7410,14820,22230,29640,37050
7411,14822,22233,29644,37055
7412,14824,22236,29648,37060
7413,14826,22239,29652,37065
7414,14828,22242,29656,37070
7415,14830,22245,29660,37075
7416,14832,22248,29664,37080
7417,14834,22251,29668,37085
7418,14836,22254,29672,37090
7419,14838,22257,29676,37095
7420,14840,22260,29680,37100
7421,14842,22263,29684,37105
7422,14844,22266,29688,37110
7423,14846,22269,29692,37115
7424,14848,22272,29696,37120
7425,14850,22275,29700,37125
7426,14852,22278,29704,37130
7427,14854,22281,29708,37135
7428,14856,22284,29712,37140
7429,14858,22287,29716,37145
7430,14860,22290,29720,37150
7431,14862,22293,29724,37155
7432,14864,22296,29728,37160
7433,14866,22299,29732,37165
7434,14868,22302,29736,37170
7435,14870,22305,29740,37175
7436,14872,22308,29744,37180
7437,14874,22311,29748,37185
7438,14876,22314,29752,37190
7439,14878,22317,29756,37195
7440,14880,22320,29760,37200
7441,14882,22323,29764,37205
7442,14884,22326,29768,37210
7443,14886,22329,29772,37215
7444,14888,22332,29776,37220
7445,14890,22335,29780,37225
7446,14892,22338,29784,37230
7447,14894,22341,29788,37235
7448,14896,22344,29792,37240
7449,14898,22347,29796,37245
7450,14900,22350,29800,37250
7451,14902,22353,29804,37255
7452,14904,22356,29808,37260
7453,14906,22359,29812,37265
7454,14908,22362,29816,37270
7455,14910,22365,29820,37275
7456,14912,22368,29824,37280
7457,14914,22371,29828,37285
7458,14916,22374,29832,37290
7459,14918,22377,29836,37295
7460,14920,22380,29840,37300
7461,14922,22383,29844,37305
7462,14924,22386,29848,37310
7463,14926,22389,29852,37315
7464,14928,22392,29856,37320
7465,14930,22395,29860,37325
7466,14932,22398,29864,37330
7467,14934,22401,29868,37335
7468,14936,22404,29872,37340
7469,14938,22407,29876,37345
7470,14940,22410,29880,37350
7471,14942,22413,29884,37355
7472,14944,22416,29888,37360
7473,14946,22419,29892,37365
7474,14948,22422,29896,37370
7475,14950,22425,29900,37375
7476,14952,22428,29904,37380
7477,14954,22431,29908,37385
7478,14956,22434,29912,37390
7479,14958,22437,29916,37395
7480,14960,22440,29920,37400
7481,14962,22443,29924,37405
7482,14964,22446,29928,37410
7483,14966,22449,29932,37415
7484,14968,22452,29936,37420
7485,14970,22455,29940,37425
7486,14972,22458,29944,37430
7487,14974,22461,29948,37435
7488,14976,22464,29952,37440
7489,14978,22467,29956,37445
7490,14980,22470,29960,37450
7491,14982,22473,29964,37455
7492,14984,22476,29968,37460
7493,14986,22479,29972,37465
7494,14988,22482,29976,37470
7495,14990,22485,29980,37475
7496,14992,22488,29984,37480
7497,14994,22491,29988,37485
7498,14996,22494,29992,37490
7499,14998,22497,29996,37495
7500,15000,22500,30000,37500
7501,15002,22503,30004,37505
7502,15004,22506,30008,37510
7503,15006,22509,30012,37515
7504,15008,22512,30016,37520
7505,15010,22515,30020,37525
7506,15012,22518,30024,37530
7507,15014,22521,30028,37535
7508,15016,22524,30032,37540
7509,15018,22527,30036,37545
7510,15020,22530,30040,37550
7511,15022,22533,30044,37555
7512,15024,22536,30048,37560
7513,15026,22539,30052,37565
7514,15028,22542,30056,37570
7515,15030,22545,30060,37575
7516,15032,22548,30064,37580
7517,15034,22551,30068,37585
7518,15036,22554,30072,37590
7519,15038,22557,30076,37595
7520,15040,22560,30080,37600
7521,15042,22563,30084,37605
7522,15044,22566,30088,37610
7523,15046,22569,30092,37615
7524,15048,22572,30096,37620
7525,15050,22575,30100,37625
7526,15052,22578,30104,37630
7527,15054,22581,30108,37635
7528,15056,22584,30112,37640
7529,15058,22587,30116,37645
7530,15060,22590,30120,37650
7531,15062,22593,30124,37655
7532,15064,22596,30128,37660
7533,15066,22599,30132,37665
7534,15068,22602,30136,37670
7535,15070,22605,30140,37675
7536,15072,22608,30144,37680
7537,15074,22611,30148,37685
7538,15076,22614,30152,37690
7539,15078,22617,30156,37695
7540,15080,22620,30160,37700
7541,15082,22623,30164,37705
7542,15084,22626,30168,37710
7543,15086,22629,30172,37715
7544,15088,22632,30176,37720
7545,15090,22635,30180,37725
7546,15092,22638,30184,37730
7547,15094,22641,30188,37735
7548,15096,22644,30192,37740
7549,15098,22647,30196,37745
7550,15100,22650,30200,37750
7551,15102,22653,30204,37755
7552,15104,22656,30208,37760
7553,15106,22659,30212,37765
7554,15108,22662,30216,37770
7555,15110,22665,30220,37775
7556,15112,22668,30224,37780
7557,15114,22671,30228,37785
7558,15116,22674,30232,37790
7559,15118,22677,30236,37795
7560,15120,22680,30240,37800
7561,15122,22683,30244,37805
7562,15124,22686,30248,37810
7563,15126,22689,30252,37815
7564,15128,22692,30256,37820
7565,15130,22695,30260,37825
7566,15132,22698,30264,37830
7567,15134,22701,30268,37835
7568,15136,22704,30272,37840
7569,15138,22707,30276,37845
7570,15140,22710,30280,37850
7571,15142,22713,30284,37855
7572,15144,22716,30288,37860
7573,15146,22719,30292,37865
7574,15148,22722,30296,37870
7575,15150,22725,30300,37875
7576,15152,22728,30304,37880
7577,15154,22731,30308,37885
7578,15156,22734,30312,37890
7579,15158,22737,30316,37895
7580,15160,22740,30320,37900
7581,15162,22743,30324,37905
7582,15164,22746,30328,37910
7583,15166,22749,30332,37915
7584,15168,22752,30336,37920
7585,15170,22755,30340,37925
7586,15172,22758,30344,37930
7587,15174,22761,30348,37935
7588,15176,22764,30352,37940
7589,15178,22767,30356,37945
7590,15180,22770,30360,37950
7591,15182,22773,30364,37955
7592,15184,22776,30368,37960
7593,15186,22779,30372,37965
7594,15188,22782,30376,37970
7595,15190,22785,30380,37975
7596,15192,22788,30384,37980
7597,15194,22791,30388,37985
7598,15196,22794,30392,37990
7599,15198,22797,30396,37995
7600,15200,22800,30400,38000
7601,15202,22803,30404,38005
7602,15204,22806,30408,38010
7603,15206,22809,30412,38015
7604,15208,22812,30416,38020
7605,15210,22815,30420,38025
7606,15212,22818,30424,38030
7607,15214,22821,30428,38035
7608,15216,22824,30432,38040
7609,15218,22827,30436,38045
7610,15220,22830,30440,38050
7611,15222,22833,30444,38055
7612,15224,22836,30448,38060
7613,15226,22839,30452,38065
7614,15228,22842,30456,38070
7615,15230,22845,30460,38075
7616,15232,22848,30464,38080
7617,15234,22851,30468,38085
7618,15236,22854,30472,38090
7619,15238,22857,30476,38095
7620,15240,22860,30480,38100
7621,15242,22863,30484,38105
7622,15244,22866,30488,38110
7623,15246,22869,30492,38115
7624,15248,22872,30496,38120
7625,15250,22875,30500,38125
7626,15252,22878,30504,38130
7627,15254,22881,30508,38135
7628,15256,22884,30512,38140
7629,15258,22887,30516,38145
7630,15260,22890,30520,38150
7631,15262,22893,30524,38155
7632,15264,22896,30528,38160
7633,15266,22899,30532,38165
7634,15268,22902,30536,38170
7635,15270,22905,30540,38175
7636,15272,22908,30544,38180
7637,15274,22911,30548,38185
7638,15276,22914,30552,38190
7639,15278,22917,30556,38195
7640,15280,22920,30560,38200
7641,15282,22923,30564,38205
7642,15284,22926,30568,38210
7643,15286,22929,30572,38215
7644,15288,22932,30576,38220
7645,15290,22935,30580,38225
7646,15292,22938,30584,38230
7647,15294,22941,30588,38235
7648,15296,22944,30592,38240
7649,15298,22947,30596,38245
7650,15300,22950,30600,38250
7651,15302,22953,30604,38255
7652,15304,22956,30608,38260
7653,15306,22959,30612,38265
7654,15308,22962,30616,38270
7655,15310,22965,30620,38275
7656,15312,22968,30624,38280
7657,15314,22971,30628,38285
7658,15316,22974,30632,38290
7659,15318,22977,30636,38295
7660,15320,22980,30640,38300
7661,15322,22983,30644,38305
7662,15324,22986,30648,38310
7663,15326,22989,30652,38315
7664,15328,22992,30656,38320
7665,15330,22995,30660,38325
7666,15332,22998,30664,38330
7667,15334,23001,30668,38335
7668,15336,23004,30672,38340
7669,15338,23007,30676,38345
7670,15340,23010,30680,38350
7671,15342,23013,30684,38355
7672,15344,23016,30688,38360
7673,15346,23019,30692,38365
7674,15348,23022,30696,38370
7675,15350,23025,30700,38375
7676,15352,23028,30704,38380
7677,15354,23031,30708,38385
7678,15356,23034,30712,38390
7679,15358,23037,30716,38395
7680,15360,23040,30720,38400
7681,15362,23043,30724,38405
7682,15364,23046,30728,38410
7683,15366,23049,30732,38415
7684,15368,23052,30736,38420
7685,15370,23055,30740,38425
7686,15372,23058,30744,38430
7687,15374,23061,30748,38435
7688,15376,23064,30752,38440
7689,15378,23067,30756,38445
7690,15380,23070,30760,38450
7691,15382,23073,30764,38455
7692,15384,23076,30768,38460
7693,15386,23079,30772,38465
7694,15388,23082,30776,38470
7695,15390,23085,30780,38475
7696,15392,23088,30784,38480
7697,15394,23091,30788,38485
7698,15396,23094,30792,38490
7699,15398,23097,30796,38495
7700,15400,23100,30800,38500
7701,15402,23103,30804,38505
7702,15404,23106,30808,38510
7703,15406,23109,30812,38515
7704,15408,23112,30816,38520
7705,15410,23115,30820,38525
7706,15412,23118,30824,38530
7707,15414,23121,30828,38535
7708,15416,23124,30832,38540
7709,15418,23127,30836,38545
7710,15420,23130,30840,38550
7711,15422,23133,30844,38555
7712,15424,23136,30848,38560
7713,15426,23139,30852,38565
7714,15428,23142,30856,38570
7715,15430,23145,30860,38575
7716,15432,23148,30864,38580
7717,15434,23151,30868,38585
7718,15436,23154,30872,38590
7719,15438,23157,30876,38595
7720,15440,23160,30880,38600
7721,15442,23163,30884,38605
7722,15444,23166,30888,38610
7723,15446,23169,30892,38615
7724,15448,23172,30896,38620
7725,15450,23175,30900,38625
7726,15452,23178,30904,38630
7727,15454,23181,30908,38635
7728,15456,23184,30912,38640
7729,15458,23187,30916,38645
7730,15460,23190,30920,38650
7731,15462,23193,30924,38655
7732,15464,23196,30928,38660
7733,15466,23199,30932,38665
7734,15468,23202,30936,38670
7735,15470,23205,30940,38675
7736,15472,23208,30944,38680
7737,15474,23211,30948,38685
7738,15476,23214,30952,38690
7739,15478,23217,30956,38695
7740,15480,23220,30960,38700
7741,15482,23223,30964,38705
7742,15484,23226,30968,38710
7743,15486,23229,30972,38715
7744,15488,23232,30976,38720
7745,15490,23235,30980,38725
7746,15492,23238,30984,38730
7747,15494,23241,30988,38735
7748,15496,23244,30992,38740
7749,15498,23247,30996,38745
7750,15500,23250,31000,38750
7751,15502,23253,31004,38755
7752,15504,23256,31008,38760
7753,15506,23259,31012,38765
7754,15508,23262,31016,38770
7755,15510,23265,31020,38775
7756,15512,23268,31024,38780
7757,15514,23271,31028,38785
7758,15516,23274,31032,38790
7759,15518,23277,31036,38795
7760,15520,23280,31040,38800
7761,15522,23283,31044,38805
7762,15524,23286,31048,38810
7763,15526,23289,31052,38815
7764,15528,23292,31056,38820
7765,15530,23295,31060,38825
7766,15532,23298,31064,38830
7767,15534,23301,31068,38835
7768,15536,23304,31072,38840
7769,15538,23307,31076,38845
7770,15540,23310,31080,38850
7771,15542,23313,31084,38855
7772,15544,23316,31088,38860
7773,15546,23319,31092,38865
7774,15548,23322,31096,38870
7775,15550,23325,31100,38875
7776,15552,23328,31104,38880
7777,15554,23331,31108,38885
7778,15556,23334,31112,38890
7779,15558,23337,31116,38895
7780,15560,23340,31120,38900
7781,15562,23343,31124,38905
7782,15564,23346,31128,38910
7783,15566,23349,31132,38915
7784,15568,23352,31136,38920
7785,15570,23355,31140,38925
7786,15572,23358,31144,38930
7787,15574,23361,31148,38935
7788,15576,23364,31152,38940
7789,15578,23367,31156,38945
7790,15580,23370,31160,38950
7791,15582,23373,31164,38955
7792,15584,23376,31168,38960
7793,15586,23379,31172,38965
7794,15588,23382,31176,38970
7795,15590,23385,31180,38975
7796,15592,23388,31184,38980
7797,15594,23391,31188,38985
7798,15596,23394,31192,38990
7799,15598,23397,31196,38995
7800,15600,23400,31200,39000
7801,15602,23403,31204,39005
7802,15604,23406,31208,39010
7803,15606,23409,31212,39015
7804,15608,23412,31216,39020
7805,15610,23415,31220,39025
7806,15612,23418,31224,39030
7807,15614,23421,31228,39035
7808,15616,23424,31232,39040
7809,15618,23427,31236,39045
7810,15620,23430,31240,39050
7811,15622,23433,31244,39055
7812,15624,23436,31248,39060
7813,15626,23439,31252,39065
7814,15628,23442,31256,39070
7815,15630,23445,31260,39075
7816,15632,23448,31264,39080
7817,15634,23451,31268,39085
7818,15636,23454,31272,39090
7819,15638,23457,31276,39095
7820,15640,23460,31280,39100
7821,15642,23463,31284,39105
7822,15644,23466,31288,39110
7823,15646,23469,31292,39115
7824,15648,23472,31296,39120
7825,15650,23475,31300,39125
7826,15652,23478,31304,39130
7827,15654,23481,31308,39135
7828,15656,23484,31312,39140
7829,15658,23487,31316,39145
7830,15660,23490,31320,39150
7831,15662,23493,31324,39155
7832,15664,23496,31328,39160
7833,15666,23499,31332,39165
7834,15668,23502,31336,39170
7835,15670,23505,31340,39175
7836,15672,23508,31344,39180
7837,15674,23511,31348,39185
7838,15676,23514,31352,39190
7839,15678,23517,31356,39195
7840,15680,23520,31360,39200
7841,15682,23523,31364,39205
7842,15684,23526,31368,39210
7843,15686,23529,31372,39215
7844,15688,23532,31376,39220
7845,15690,23535,31380,39225
7846,15692,23538,31384,39230
7847,15694,23541,31388,39235
7848,15696,23544,31392,39240
7849,15698,23547,31396,39245
7850,15700,23550,31400,39250
7851,15702,23553,31404,39255
7852,15704,23556,31408,39260
7853,15706,23559,31412,39265
7854,15708,23562,31416,39270
7855,15710,23565,31420,39275
7856,15712,23568,31424,39280
7857,15714,23571,31428,39285
7858,15716,23574,31432,39290
7859,15718,23577,31436,39295
7860,15720,23580,31440,39300
7861,15722,23583,31444,39305
7862,15724,23586,31448,39310
7863,15726,23589,31452,39315
7864,15728,23592,31456,39320
7865,15730,23595,31460,39325
7866,15732,23598,31464,39330
7867,15734,23601,31468,39335
7868,15736,23604,31472,39340
7869,15738,23607,31476,39345
7870,15740,23610,31480,39350
7871,15742,23613,31484,39355
7872,15744,23616,31488,39360
7873,15746,23619,31492,39365
7874,15748,23622,31496,39370
7875,15750,23625,31500,39375
7876,15752,23628,31504,39380
7877,15754,23631,31508,39385
7878,15756,23634,31512,39390
7879,15758,23637,31516,39395
7880,15760,23640,31520,39400
7881,15762,23643,31524,39405
7882,15764,23646,31528,39410
7883,15766,23649,31532,39415
7884,15768,23652,31536,39420
7885,15770,23655,31540,39425
7886,15772,23658,31544,39430
7887,15774,23661,31548,39435
7888,15776,23664,31552,39440
7889,15778,23667,31556,39445
7890,15780,23670,31560,39450
7891,15782,23673,31564,39455
7892,15784,23676,31568,39460
7893,15786,23679,31572,39465
7894,15788,23682,31576,39470
7895,15790,23685,31580,39475
7896,15792,23688,31584,39480
7897,15794,23691,31588,39485
7898,15796,23694,31592,39490
7899,15798,23697,31596,39495
7900,15800,23700,31600,39500
7901,15802,23703,31604,39505
7902,15804,23706,31608,39510
7903,15806,23709,31612,39515
7904,15808,23712,31616,39520
7905,15810,23715,31620,39525
7906,15812,23718,31624,39530
7907,15814,23721,31628,39535
7908,15816,23724,31632,39540
7909,15818,23727,31636,39545
7910,15820,23730,31640,39550
7911,15822,23733,31644,39555
7912,15824,23736,31648,39560
7913,15826,23739,31652,39565
7914,15828,23742,31656,39570
7915,15830,23745,31660,39575
7916,15832,23748,31664,39580
7917,15834,23751,31668,39585
7918,15836,23754,31672,39590
7919,15838,23757,31676,39595
7920,15840,23760,31680,39600
7921,15842,23763,31684,39605
7922,15844,23766,31688,39610
7923,15846,23769,31692,39615
7924,15848,23772,31696,39620
7925,15850,23775,31700,39625
7926,15852,23778,31704,39630
7927,15854,23781,31708,39635
7928,15856,23784,31712,39640
7929,15858,23787,31716,39645
7930,15860,23790,31720,39650
7931,15862,23793,31724,39655
7932,15864,23796,31728,39660
7933,15866,23799,31732,39665
7934,15868,23802,31736,39670
7935,15870,23805,31740,39675
7936,15872,23808,31744,39680
7937,15874,23811,31748,39685
7938,15876,23814,31752,39690
7939,15878,23817,31756,39695
7940,15880,23820,31760,39700
7941,15882,23823,31764,39705
7942,15884,23826,31768,39710
7943,15886,23829,31772,39715
7944,15888,23832,31776,39720
7945,15890,23835,31780,39725
7946,15892,23838,31784,39730
7947,15894,23841,31788,39735
7948,15896,23844,31792,39740
7949,15898,23847,31796,39745
7950,15900,23850,31800,39750
7951,15902,23853,31804,39755
7952,15904,23856,31808,39760
7953,15906,23859,31812,39765
7954,15908,23862,31816,39770
7955,15910,23865,31820,39775
7956,15912,23868,31824,39780
7957,15914,23871,31828,39785
7958,15916,23874,31832,39790
7959,15918,23877,31836,39795
7960,15920,23880,31840,39800
7961,15922,23883,31844,39805
7962,15924,23886,31848,39810
7963,15926,23889,31852,39815
7964,15928,23892,31856,39820
7965,15930,23895,31860,39825
7966,15932,23898,31864,39830
7967,15934,23901,31868,39835
7968,15936,23904,31872,39840
7969,15938,23907,31876,39845
7970,15940,23910,31880,39850
7971,15942,23913,31884,39855
7972,15944,23916,31888,39860
7973,15946,23919,31892,39865
7974,15948,23922,31896,39870
7975,15950,23925,31900,39875
7976,15952,23928,31904,39880
7977,15954,23931,31908,39885
7978,15956,23934,31912,39890
7979,15958,23937,31916,39895
7980,15960,23940,31920,39900
7981,15962,23943,31924,39905
7982,15964,23946,31928,39910
7983,15966,23949,31932,39915
7984,15968,23952,31936,39920
7985,15970,23955,31940,39925
7986,15972,23958,31944,39930
7987,15974,23961,31948,39935
7988,15976,23964,31952,39940
7989,15978,23967,31956,39945
7990,15980,23970,31960,39950
7991,15982,23973,31964,39955
7992,15984,23976,31968,39960
7993,15986,23979,31972,39965
7994,15988,23982,31976,39970
7995,15990,23985,31980,39975
7996,15992,23988,31984,39980
7997,15994,23991,31988,39985
7998,15996,23994,31992,39990
7999,15998,23997,31996,39995
8000,16000,24000,32000,40000
8001,16002,24003,32004,40005
8002,16004,24006,32008,40010
8003,16006,24009,32012,40015
8004,16008,24012,32016,40020
8005,16010,24015,32020,40025
8006,16012,24018,32024,40030
8007,16014,24021,32028,40035
8008,16016,24024,32032,40040
8009,16018,24027,32036,40045
8010,16020,24030,32040,40050
8011,16022,24033,32044,40055
8012,16024,24036,32048,40060
8013,16026,24039,32052,40065
8014,16028,24042,32056,40070
8015,16030,24045,32060,40075
8016,16032,24048,32064,40080
8017,16034,24051,32068,40085
8018,16036,24054,32072,40090
8019,16038,24057,32076,40095
8020,16040,24060,32080,40100
8021,16042,24063,32084,40105
8022,16044,24066,32088,40110
8023,16046,24069,32092,40115
8024,16048,24072,32096,40120
8025,16050,24075,32100,40125
8026,16052,24078,32104,40130
8027,16054,24081,32108,40135
8028,16056,24084,32112,40140
8029,16058,24087,32116,40145
8030,16060,24090,32120,40150
8031,16062,24093,32124,40155
8032,16064,24096,32128,40160
8033,16066,24099,32132,40165
8034,16068,24102,32136,40170
8035,16070,24105,32140,40175
8036,16072,24108,32144,40180
8037,16074,24111,32148,40185
8038,16076,24114,32152,40190
8039,16078,24117,32156,40195
8040,16080,24120,32160,40200
8041,16082,24123,32164,40205
8042,16084,24126,32168,40210
8043,16086,24129,32172,40215
8044,16088,24132,32176,40220
8045,16090,24135,32180,40225
8046,16092,24138,32184,40230
8047,16094,24141,32188,40235
8048,16096,24144,32192,40240
8049,16098,24147,32196,40245
8050,16100,24150,32200,40250
8051,16102,24153,32204,40255
8052,16104,24156,32208,40260
8053,16106,24159,32212,40265
8054,16108,24162,32216,40270
8055,16110,24165,32220,40275
8056,16112,24168,32224,40280
8057,16114,24171,32228,40285
8058,16116,24174,32232,40290
8059,16118,24177,32236,40295
8060,16120,24180,32240,40300
8061,16122,24183,32244,40305
8062,16124,24186,32248,40310
8063,16126,24189,32252,40315
8064,16128,24192,32256,40320
8065,16130,24195,32260,40325
8066,16132,24198,32264,40330
8067,16134,24201,32268,40335
8068,16136,24204,32272,40340
8069,16138,24207,32276,40345
8070,16140,24210,32280,40350
8071,16142,24213,32284,40355
8072,16144,24216,32288,40360
8073,16146,24219,32292,40365
8074,16148,24222,32296,40370
8075,16150,24225,32300,40375
8076,16152,24228,32304,40380
8077,16154,24231,32308,40385
8078,16156,24234,32312,40390
8079,16158,24237,32316,40395
8080,16160,24240,32320,40400
8081,16162,24243,32324,40405
8082,16164,24246,32328,40410
8083,16166,24249,32332,40415
8084,16168,24252,32336,40420
8085,16170,24255,32340,40425
8086,16172,24258,32344,40430
8087,16174,24261,32348,40435
8088,16176,24264,32352,40440
8089,16178,24267,32356,40445
8090,16180,24270,32360,40450
8091,16182,24273,32364,40455
8092,16184,24276,32368,40460
8093,16186,24279,32372,40465
8094,16188,24282,32376,40470
8095,16190,24285,32380,40475
8096,16192,24288,32384,40480
8097,16194,24291,32388,40485
8098,16196,24294,32392,40490
8099,16198,24297,32396,40495
8100,16200,24300,32400,40500
8101,16202,24303,32404,40505
8102,16204,24306,32408,40510
8103,16206,24309,32412,40515
8104,16208,24312,32416,40520
8105,16210,24315,32420,40525
8106,16212,24318,32424,40530
8107,16214,24321,32428,40535
8108,16216,24324,32432,40540
8109,16218,24327,32436,40545
8110,16220,24330,32440,40550
8111,16222,24333,32444,40555
8112,16224,24336,32448,40560
8113,16226,24339,32452,40565
8114,16228,24342,32456,40570
8115,16230,24345,32460,40575
8116,16232,24348,32464,40580
8117,16234,24351,32468,40585
8118,16236,24354,32472,40590
8119,16238,24357,32476,40595
8120,16240,24360,32480,40600
8121,16242,24363,32484,40605
8122,16244,24366,32488,40610
8123,16246,24369,32492,40615
8124,16248,24372,32496,40620
8125,16250,24375,32500,40625
8126,16252,24378,32504,40630
8127,16254,24381,32508,40635
8128,16256,24384,32512,40640
8129,16258,24387,32516,40645
8130,16260,24390,32520,40650
8131,16262,24393,32524,40655
8132,16264,24396,32528,40660
8133,16266,24399,32532,40665
8134,16268,24402,32536,40670
8135,16270,24405,32540,40675
8136,16272,24408,32544,40680
8137,16274,24411,32548,40685
8138,16276,24414,32552,40690
8139,16278,24417,32556,40695
8140,16280,24420,32560,40700
8141,16282,24423,32564,40705
8142,16284,24426,32568,40710
8143,16286,24429,32572,40715
8144,16288,24432,32576,40720
8145,16290,24435,32580,40725
8146,16292,24438,32584,40730
8147,16294,24441,32588,40735
8148,16296,24444,32592,40740
8149,16298,24447,32596,40745
8150,16300,24450,32600,40750
8151,16302,24453,32604,40755
8152,16304,24456,32608,40760
8153,16306,24459,32612,40765
8154,16308,24462,32616,40770
8155,16310,24465,32620,40775
8156,16312,24468,32624,40780
8157,16314,24471,32628,40785
8158,16316,24474,32632,40790
8159,16318,24477,32636,40795
8160,16320,24480,32640,40800
8161,16322,24483,32644,40805
8162,16324,24486,32648,40810
8163,16326,24489,32652,40815
8164,16328,24492,32656,40820
8165,16330,24495,32660,40825
8166,16332,24498,32664,40830
8167,16334,24501,32668,40835
8168,16336,24504,32672,40840
8169,16338,24507,32676,40845
8170,16340,24510,32680,40850
8171,16342,24513,32684,40855
8172,16344,24516,32688,40860
8173,16346,24519,32692,40865
8174,16348,24522,32696,40870
8175,16350,24525,32700,40875
8176,16352,24528,32704,40880
8177,16354,24531,32708,40885
8178,16356,24534,32712,40890
8179,16358,24537,32716,40895
8180,16360,24540,32720,40900
8181,16362,24543,32724,40905
8182,16364,24546,32728,40910
8183,16366,24549,32732,40915
8184,16368,24552,32736,40920
8185,16370,24555,32740,40925
8186,16372,24558,32744,40930
8187,16374,24561,32748,40935
8188,16376,24564,32752,40940
8189,16378,24567,32756,40945
8190,16380,24570,32760,40950
8191,16382,24573,32764,40955
8192,16384,24576,32768,40960
8193,16386,24579,32772,40965
8194,16388,24582,32776,40970
8195,16390,24585,32780,40975
8196,16392,24588,32784,40980
8197,16394,24591,32788,40985
8198,16396,24594,32792,40990
8199,16398,24597,32796,40995
8200,16400,24600,32800,41000
8201,16402,24603,32804,41005
8202,16404,24606,32808,41010
8203,16406,24609,32812,41015
8204,16408,24612,32816,41020
8205,16410,24615,32820,41025
8206,16412,24618,32824,41030
8207,16414,24621,32828,41035
8208,16416,24624,32832,41040
8209,16418,24627,32836,41045
8210,16420,24630,32840,41050
8211,16422,24633,32844,41055
8212,16424,24636,32848,41060
8213,16426,24639,32852,41065
8214,16428,24642,32856,41070
8215,16430,24645,32860,41075
8216,16432,24648,32864,41080
8217,16434,24651,32868,41085
8218,16436,24654,32872,41090
8219,16438,24657,32876,41095
8220,16440,24660,32880,41100
8221,16442,24663,32884,41105
8222,16444,24666,32888,41110
8223,16446,24669,32892,41115
8224,16448,24672,32896,41120
8225,16450,24675,32900,41125
8226,16452,24678,32904,41130
8227,16454,24681,32908,41135
8228,16456,24684,32912,41140
8229,16458,24687,32916,41145
8230,16460,24690,32920,41150
8231,16462,24693,32924,41155
8232,16464,24696,32928,41160
8233,16466,24699,32932,41165
8234,16468,24702,32936,41170
8235,16470,24705,32940,41175
8236,16472,24708,32944,41180
8237,16474,24711,32948,41185
8238,16476,24714,32952,41190
8239,16478,24717,32956,41195
8240,16480,24720,32960,41200
8241,16482,24723,32964,41205
8242,16484,24726,32968,41210
8243,16486,24729,32972,41215
8244,16488,24732,32976,41220
8245,16490,24735,32980,41225
8246,16492,24738,32984,41230
8247,16494,24741,32988,41235
8248,16496,24744,32992,41240
8249,16498,24747,32996,41245
8250,16500,24750,33000,41250
8251,16502,24753,33004,41255
8252,16504,24756,33008,41260
8253,16506,24759,33012,41265
8254,16508,24762,33016,41270
8255,16510,24765,33020,41275
8256,16512,24768,33024,41280
8257,16514,24771,33028,41285
8258,16516,24774,33032,41290
8259,16518,24777,33036,41295
8260,16520,24780,33040,41300
8261,16522,24783,33044,41305
8262,16524,24786,33048,41310
8263,16526,24789,33052,41315
8264,16528,24792,33056,41320
8265,16530,24795,33060,41325
8266,16532,24798,33064,41330
8267,16534,24801,33068,41335
8268,16536,24804,33072,41340
8269,16538,24807,33076,41345
8270,16540,24810,33080,41350
8271,16542,24813,33084,41355
8272,16544,24816,33088,41360
8273,16546,24819,33092,41365
8274,16548,24822,33096,41370
8275,16550,24825,33100,41375
8276,16552,24828,33104,41380
8277,16554,24831,33108,41385
8278,16556,24834,33112,41390
8279,16558,24837,33116,41395
8280,16560,24840,33120,41400
8281,16562,24843,33124,41405
8282,16564,24846,33128,41410
8283,16566,24849,33132,41415
8284,16568,24852,33136,41420
8285,16570,24855,33140,41425
8286,16572,24858,33144,41430
8287,16574,24861,33148,41435
8288,16576,24864,33152,41440
8289,16578,24867,33156,41445
8290,16580,24870,33160,41450
8291,16582,24873,33164,41455
8292,16584,24876,33168,41460
8293,16586,24879,33172,41465
8294,16588,24882,33176,41470
8295,16590,24885,33180,41475
8296,16592,24888,33184,41480
8297,16594,24891,33188,41485
8298,16596,24894,33192,41490
8299,16598,24897,33196,41495
8300,16600,24900,33200,41500
8301,16602,24903,33204,41505
8302,16604,24906,33208,41510
8303,16606,24909,33212,41515
8304,16608,24912,33216,41520
8305,16610,24915,33220,41525
8306,16612,24918,33224,41530
8307,16614,24921,33228,41535
8308,16616,24924,33232,41540
8309,16618,24927,33236,41545
8310,16620,24930,33240,41550
8311,16622,24933,33244,41555
8312,16624,24936,33248,41560
8313,16626,24939,33252,41565
8314,16628,24942,33256,41570
8315,16630,24945,33260,41575
8316,16632,24948,33264,41580
8317,16634,24951,33268,41585
8318,16636,24954,33272,41590
8319,16638,24957,33276,41595
8320,16640,24960,33280,41600
8321,16642,24963,33284,41605
8322,16644,24966,33288,41610
8323,16646,24969,33292,41615
8324,16648,24972,33296,41620
8325,16650,24975,33300,41625
8326,16652,24978,33304,41630
8327,16654,24981,33308,41635
8328,16656,24984,33312,41640
8329,16658,24987,33316,41645
8330,16660,24990,33320,41650
8331,16662,24993,33324,41655
8332,16664,24996,33328,41660
8333,16666,24999,33332,41665
8334,16668,25002,33336,41670
8335,16670,25005,33340,41675
8336,16672,25008,33344,41680
8337,16674,25011,33348,41685
8338,16676,25014,33352,41690
8339,16678,25017,33356,41695
8340,16680,25020,33360,41700
8341,16682,25023,33364,41705
8342,16684,25026,33368,41710
8343,16686,25029,33372,41715
8344,16688,25032,33376,41720
8345,16690,25035,33380,41725
8346,16692,25038,33384,41730
8347,16694,25041,33388,41735
8348,16696,25044,33392,41740
8349,16698,25047,33396,41745
8350,16700,25050,33400,41750
8351,16702,25053,33404,41755
8352,16704,25056,33408,41760
8353,16706,25059,33412,41765
8354,16708,25062,33416,41770
8355,16710,25065,33420,41775
8356,16712,25068,33424,41780
8357,16714,25071,33428,41785
8358,16716,25074,33432,41790
8359,16718,25077,33436,41795
8360,16720,25080,33440,41800
8361,16722,25083,33444,41805
8362,16724,25086,33448,41810
8363,16726,25089,33452,41815
8364,16728,25092,33456,41820
8365,16730,25095,33460,41825
8366,16732,25098,33464,41830
8367,16734,25101,33468,41835
8368,16736,25104,33472,41840
8369,16738,25107,33476,41845
8370,16740,25110,33480,41850
8371,16742,25113,33484,41855
8372,16744,25116,33488,41860
8373,16746,25119,33492,41865
8374,16748,25122,33496,41870
8375,16750,25125,33500,41875
8376,16752,25128,33504,41880
8377,16754,25131,33508,41885
8378,16756,25134,33512,41890
8379,16758,25137,33516,41895
8380,16760,25140,33520,41900
8381,16762,25143,33524,41905
8382,16764,25146,33528,41910
8383,16766,25149,33532,41915
8384,16768,25152,33536,41920
8385,16770,25155,33540,41925
8386,16772,25158,33544,41930
8387,16774,25161,33548,41935
8388,16776,25164,33552,41940
8389,16778,25167,33556,41945
8390,16780,25170,33560,41950
8391,16782,25173,33564,41955
8392,16784,25176,33568,41960
8393,16786,25179,33572,41965
8394,16788,25182,33576,41970
8395,16790,25185,33580,41975
8396,16792,25188,33584,41980
8397,16794,25191,33588,41985
8398,16796,25194,33592,41990
8399,16798,25197,33596,41995
8400,16800,25200,33600,42000
8401,16802,25203,33604,42005
8402,16804,25206,33608,42010
8403,16806,25209,33612,42015
8404,16808,25212,33616,42020
8405,16810,25215,33620,42025
8406,16812,25218,33624,42030
8407,16814,25221,33628,42035
8408,16816,25224,33632,42040
8409,16818,25227,33636,42045
8410,16820,25230,33640,42050
8411,16822,25233,33644,42055
8412,16824,25236,33648,42060
8413,16826,25239,33652,42065
8414,16828,25242,33656,42070
8415,16830,25245,33660,42075
8416,16832,25248,33664,42080
8417,16834,25251,33668,42085
8418,16836,25254,33672,42090
8419,16838,25257,33676,42095
8420,16840,25260,33680,42100
8421,16842,25263,33684,42105
8422,16844,25266,33688,42110
8423,16846,25269,33692,42115
8424,16848,25272,33696,42120
8425,16850,25275,33700,42125
8426,16852,25278,33704,42130
8427,16854,25281,33708,42135
8428,16856,25284,33712,42140
8429,16858,25287,33716,42145
8430,16860,25290,33720,42150
8431,16862,25293,33724,42155
8432,16864,25296,33728,42160
8433,16866,25299,33732,42165
8434,16868,25302,33736,42170
8435,16870,25305,33740,42175
8436,16872,25308,33744,42180
8437,16874,25311,33748,42185
8438,16876,25314,33752,42190
8439,16878,25317,33756,42195
8440,16880,25320,33760,42200
8441,16882,25323,33764,42205
8442,16884,25326,33768,42210
8443,16886,25329,33772,42215
8444,16888,25332,33776,42220
8445,16890,25335,33780,42225
8446,16892,25338,33784,42230
8447,16894,25341,33788,42235
8448,16896,25344,33792,42240
8449,16898,25347,33796,42245
8450,16900,25350,33800,42250
8451,16902,25353,33804,42255
8452,16904,25356,33808,42260
8453,16906,25359,33812,42265
8454,16908,25362,33816,42270
8455,16910,25365,33820,42275
8456,16912,25368,33824,42280
8457,16914,25371,33828,42285
8458,16916,25374,33832,42290
8459,16918,25377,33836,42295
8460,16920,25380,33840,42300
8461,16922,25383,33844,42305
8462,16924,25386,33848,42310
8463,16926,25389,33852,42315
8464,16928,25392,33856,42320
8465,16930,25395,33860,42325
8466,16932,25398,33864,42330
8467,16934,25401,33868,42335
8468,16936,25404,33872,42340
8469,16938,25407,33876,42345
8470,16940,25410,33880,42350
8471,16942,25413,33884,42355
8472,16944,25416,33888,42360
8473,16946,25419,33892,42365
8474,16948,25422,33896,42370
8475,16950,25425,33900,42375
8476,16952,25428,33904,42380
8477,16954,25431,33908,42385
8478,16956,25434,33912,42390
8479,16958,25437,33916,42395
8480,16960,25440,33920,42400
8481,16962,25443,33924,42405
8482,16964,25446,33928,42410
8483,16966,25449,33932,42415
8484,16968,25452,33936,42420
8485,16970,25455,33940,42425
8486,16972,25458,33944,42430
8487,16974,25461,33948,42435
8488,16976,25464,33952,42440
8489,16978,25467,33956,42445
8490,16980,25470,33960,42450
8491,16982,25473,33964,42455
8492,16984,25476,33968,42460
8493,16986,25479,33972,42465
8494,16988,25482,33976,42470
8495,16990,25485,33980,42475
8496,16992,25488,33984,42480
8497,16994,25491,33988,42485
8498,16996,25494,33992,42490
8499,16998,25497,33996,42495
8500,17000,25500,34000,42500
8501,17002,25503,34004,42505
8502,17004,25506,34008,42510
8503,17006,25509,34012,42515
8504,17008,25512,34016,42520
8505,17010,25515,34020,42525
8506,17012,25518,34024,42530
8507,17014,25521,34028,42535
8508,17016,25524,34032,42540
8509,17018,25527,34036,42545
8510,17020,25530,34040,42550
8511,17022,25533,34044,42555
8512,17024,25536,34048,42560
8513,17026,25539,34052,42565
8514,17028,25542,34056,42570
8515,17030,25545,34060,42575
8516,17032,25548,34064,42580
8517,17034,25551,34068,42585
8518,17036,25554,34072,42590
8519,17038,25557,34076,42595
8520,17040,25560,34080,42600
8521,17042,25563,34084,42605
8522,17044,25566,34088,42610
8523,17046,25569,34092,42615
8524,17048,25572,34096,42620
8525,17050,25575,34100,42625
8526,17052,25578,34104,42630
8527,17054,25581,34108,42635
8528,17056,25584,34112,42640
8529,17058,25587,34116,42645
8530,17060,25590,34120,42650
8531,17062,25593,34124,42655
8532,17064,25596,34128,42660
8533,17066,25599,34132,42665
8534,17068,25602,34136,42670
8535,17070,25605,34140,42675
8536,17072,25608,34144,42680
8537,17074,25611,34148,42685
8538,17076,25614,34152,42690
8539,17078,25617,34156,42695
8540,17080,25620,34160,42700
8541,17082,25623,34164,42705
8542,17084,25626,34168,42710
8543,17086,25629,34172,42715
8544,17088,25632,34176,42720
8545,17090,25635,34180,42725
8546,17092,25638,34184,42730
8547,17094,25641,34188,42735
8548,17096,25644,34192,42740
8549,17098,25647,34196,42745
8550,17100,25650,34200,42750
8551,17102,25653,34204,42755
8552,17104,25656,34208,42760
8553,17106,25659,34212,42765
8554,17108,25662,34216,42770
8555,17110,25665,34220,42775
8556,17112,25668,34224,42780
8557,17114,25671,34228,42785
8558,17116,25674,34232,42790
8559,17118,25677,34236,42795
8560,17120,25680,34240,42800
8561,17122,25683,34244,42805
8562,17124,25686,34248,42810
8563,17126,25689,34252,42815
8564,17128,25692,34256,42820
8565,17130,25695,34260,42825
8566,17132,25698,34264,42830
8567,17134,25701,34268,42835
8568,17136,25704,34272,42840
8569,17138,25707,34276,42845
8570,17140,25710,34280,42850
8571,17142,25713,34284,42855
8572,17144,25716,34288,42860
8573,17146,25719,34292,42865
8574,17148,25722,34296,42870
8575,17150,25725,34300,42875
8576,17152,25728,34304,42880
8577,17154,25731,34308,42885
8578,17156,25734,34312,42890
8579,17158,25737,34316,42895
8580,17160,25740,34320,42900
8581,17162,25743,34324,42905
8582,17164,25746,34328,42910
8583,17166,25749,34332,42915
8584,17168,25752,34336,42920
8585,17170,25755,34340,42925
8586,17172,25758,34344,42930
8587,17174,25761,34348,42935
8588,17176,25764,34352,42940
8589,17178,25767,34356,42945
8590,17180,25770,34360,42950
8591,17182,25773,34364,42955
8592,17184,25776,34368,42960
8593,17186,25779,34372,42965
8594,17188,25782,34376,42970
8595,17190,25785,34380,42975
8596,17192,25788,34384,42980
8597,17194,25791,34388,42985
8598,17196,25794,34392,42990
8599,17198,25797,34396,42995
8600,17200,25800,34400,43000
8601,17202,25803,34404,43005
8602,17204,25806,34408,43010
8603,17206,25809,34412,43015
8604,17208,25812,34416,43020
8605,17210,25815,34420,43025
8606,17212,25818,34424,43030
8607,17214,25821,34428,43035
8608,17216,25824,34432,43040
8609,17218,25827,34436,43045
8610,17220,25830,34440,43050
8611,17222,25833,34444,43055
8612,17224,25836,34448,43060
8613,17226,25839,34452,43065
8614,17228,25842,34456,43070
8615,17230,25845,34460,43075
8616,17232,25848,34464,43080
8617,17234,25851,34468,43085
8618,17236,25854,34472,43090
8619,17238,25857,34476,43095
8620,17240,25860,34480,43100
8621,17242,25863,34484,43105
8622,17244,25866,34488,43110
8623,17246,25869,34492,43115
8624,17248,25872,34496,43120
8625,17250,25875,34500,43125
8626,17252,25878,34504,43130
8627,17254,25881,34508,43135
8628,17256,25884,34512,43140
8629,17258,25887,34516,43145
8630,17260,25890,34520,43150
8631,17262,25893,34524,43155
8632,17264,25896,34528,43160
8633,17266,25899,34532,43165
8634,17268,25902,34536,43170
8635,17270,25905,34540,43175
8636,17272,25908,34544,43180
8637,17274,25911,34548,43185
8638,17276,25914,34552,43190
8639,17278,25917,34556,43195
8640,17280,25920,34560,43200
8641,17282,25923,34564,43205
8642,17284,25926,34568,43210
8643,17286,25929,34572,43215
8644,17288,25932,34576,43220
8645,17290,25935,34580,43225
8646,17292,25938,34584,43230
8647,17294,25941,34588,43235
8648,17296,25944,34592,43240
8649,17298,25947,34596,43245
8650,17300,25950,34600,43250
8651,17302,25953,34604,43255
8652,17304,25956,34608,43260
8653,17306,25959,34612,43265
8654,17308,25962,34616,43270
8655,17310,25965,34620,43275
8656,17312,25968,34624,43280
8657,17314,25971,34628,43285
8658,17316,25974,34632,43290
8659,17318,25977,34636,43295
8660,17320,25980,34640,43300
8661,17322,25983,34644,43305
8662,17324,25986,34648,43310
8663,17326,25989,34652,43315
8664,17328,25992,34656,43320
8665,17330,25995,34660,43325
8666,17332,25998,34664,43330
8667,17334,26001,34668,43335
8668,17336,26004,34672,43340
8669,17338,26007,34676,43345
8670,17340,26010,34680,43350
8671,17342,26013,34684,43355
8672,17344,26016,34688,43360
8673,17346,26019,34692,43365
8674,17348,26022,34696,43370
8675,17350,26025,34700,43375
8676,17352,26028,34704,43380
8677,17354,26031,34708,43385
8678,17356,26034,34712,43390
8679,17358,26037,34716,43395
8680,17360,26040,34720,43400
8681,17362,26043,34724,43405
8682,17364,26046,34728,43410
8683,17366,26049,34732,43415
8684,17368,26052,34736,43420
8685,17370,26055,34740,43425
8686,17372,26058,34744,43430
8687,17374,26061,34748,43435
8688,17376,26064,34752,43440
8689,17378,26067,34756,43445
8690,17380,26070,34760,43450
8691,17382,26073,34764,43455
8692,17384,26076,34768,43460
8693,17386,26079,34772,43465
8694,17388,26082,34776,43470
8695,17390,26085,34780,43475
8696,17392,26088,34784,43480
8697,17394,26091,34788,43485
8698,17396,26094,34792,43490
8699,17398,26097,34796,43495
8700,17400,26100,34800,43500
8701,17402,26103,34804,43505
8702,17404,26106,34808,43510
8703,17406,26109,34812,43515
8704,17408,26112,34816,43520
8705,17410,26115,34820,43525
8706,17412,26118,34824,43530
8707,17414,26121,34828,43535
8708,17416,26124,34832,43540
8709,17418,26127,34836,43545
8710,17420,26130,34840,43550
8711,17422,26133,34844,43555
8712,17424,26136,34848,43560
8713,17426,26139,34852,43565
8714,17428,26142,34856,43570
8715,17430,26145,34860,43575
8716,17432,26148,34864,43580
8717,17434,26151,34868,43585
8718,17436,26154,34872,43590
8719,17438,26157,34876,43595
8720,17440,26160,34880,43600
8721,17442,26163,34884,43605
8722,17444,26166,34888,43610
8723,17446,26169,34892,43615
8724,17448,26172,34896,43620
8725,17450,26175,34900,43625
8726,17452,26178,34904,43630
8727,17454,26181,34908,43635
8728,17456,26184,34912,43640
8729,17458,26187,34916,43645
8730,17460,26190,34920,43650
8731,17462,26193,34924,43655
8732,17464,26196,34928,43660
8733,17466,26199,34932,43665
8734,17468,26202,34936,43670
8735,17470,26205,34940,43675
8736,17472,26208,34944,43680
8737,17474,26211,34948,43685
8738,17476,26214,34952,43690
8739,17478,26217,34956,43695
8740,17480,26220,34960,43700
8741,17482,26223,34964,43705
8742,17484,26226,34968,43710
8743,17486,26229,34972,43715
8744,17488,26232,34976,43720
8745,17490,26235,34980,43725
8746,17492,26238,34984,43730
8747,17494,26241,34988,43735
8748,17496,26244,34992,43740
8749,17498,26247,34996,43745
8750,17500,26250,35000,43750
8751,17502,26253,35004,43755
8752,17504,26256,35008,43760
8753,17506,26259,35012,43765
8754,17508,26262,35016,43770
8755,17510,26265,35020,43775
8756,17512,26268,35024,43780
8757,17514,26271,35028,43785
8758,17516,26274,35032,43790
8759,17518,26277,35036,43795
8760,17520,26280,35040,43800
8761,17522,26283,35044,43805
8762,17524,26286,35048,43810
8763,17526,26289,35052,43815
8764,17528,26292,35056,43820
8765,17530,26295,35060,43825
8766,17532,26298,35064,43830
8767,17534,26301,35068,43835
8768,17536,26304,35072,43840
8769,17538,26307,35076,43845
8770,17540,26310,35080,43850
8771,17542,26313,35084,43855
8772,17544,26316,35088,43860
8773,17546,26319,35092,43865
8774,17548,26322,35096,43870
8775,17550,26325,35100,43875
8776,17552,26328,35104,43880
8777,17554,26331,35108,43885
8778,17556,26334,35112,43890
8779,17558,26337,35116,43895
8780,17560,26340,35120,43900
8781,17562,26343,35124,43905
8782,17564,26346,35128,43910
8783,17566,26349,35132,43915
8784,17568,26352,35136,43920
8785,17570,26355,35140,43925
8786,17572,26358,35144,43930
8787,17574,26361,35148,43935
8788,17576,26364,35152,43940
8789,17578,26367,35156,43945
8790,17580,26370,35160,43950
8791,17582,26373,35164,43955
8792,17584,26376,35168,43960
8793,17586,26379,35172,43965
8794,17588,26382,35176,43970
8795,17590,26385,35180,43975
8796,17592,26388,35184,43980
8797,17594,26391,35188,43985
8798,17596,26394,35192,43990
8799,17598,26397,35196,43995
8800,17600,26400,35200,44000
8801,17602,26403,35204,44005
8802,17604,26406,35208,44010
8803,17606,26409,35212,44015
8804,17608,26412,35216,44020
8805,17610,26415,35220,44025
8806,17612,26418,35224,44030
8807,17614,26421,35228,44035
8808,17616,26424,35232,44040
8809,17618,26427,35236,44045
8810,17620,26430,35240,44050
8811,17622,26433,35244,44055
8812,17624,26436,35248,44060
8813,17626,26439,35252,44065
8814,17628,26442,35256,44070
8815,17630,26445,35260,44075
8816,17632,26448,35264,44080
8817,17634,26451,35268,44085
8818,17636,26454,35272,44090
8819,17638,26457,35276,44095
8820,17640,26460,35280,44100
8821,17642,26463,35284,44105
8822,17644,26466,35288,44110
8823,17646,26469,35292,44115
8824,17648,26472,35296,44120
8825,17650,26475,35300,44125
8826,17652,26478,35304,44130
8827,17654,26481,35308,44135
8828,17656,26484,35312,44140
8829,17658,26487,35316,44145
8830,17660,26490,35320,44150
8831,17662,26493,35324,44155
8832,17664,26496,35328,44160
8833,17666,26499,35332,44165
8834,17668,26502,35336,44170
8835,17670,26505,35340,44175
8836,17672,26508,35344,44180
8837,17674,26511,35348,44185
8838,17676,26514,35352,44190
8839,17678,26517,35356,44195
8840,17680,26520,35360,44200
8841,17682,26523,35364,44205
8842,17684,26526,35368,44210
8843,17686,26529,35372,44215
8844,17688,26532,35376,44220
8845,17690,26535,35380,44225
8846,17692,26538,35384,44230
8847,17694,26541,35388,44235
8848,17696,26544,35392,44240
8849,17698,26547,35396,44245
8850,17700,26550,35400,44250
8851,17702,26553,35404,44255
8852,17704,26556,35408,44260
8853,17706,26559,35412,44265
8854,17708,26562,35416,44270
8855,17710,26565,35420,44275
8856,17712,26568,35424,44280
8857,17714,26571,35428,44285
8858,17716,26574,35432,44290
8859,17718,26577,35436,44295
8860,17720,26580,35440,44300
8861,17722,26583,35444,44305
8862,17724,26586,35448,44310
8863,17726,26589,35452,44315
8864,17728,26592,35456,44320
8865,17730,26595,35460,44325
8866,17732,26598,35464,44330
8867,17734,26601,35468,44335
8868,17736,26604,35472,44340
8869,17738,26607,35476,44345
8870,17740,26610,35480,44350
8871,17742,26613,35484,44355
8872,17744,26616,35488,44360
8873,17746,26619,35492,44365
8874,17748,26622,35496,44370
8875,17750,26625,35500,44375
8876,17752,26628,35504,44380
8877,17754,26631,35508,44385
8878,17756,26634,35512,44390
8879,17758,26637,35516,44395
8880,17760,26640,35520,44400
8881,17762,26643,35524,44405
8882,17764,26646,35528,44410
8883,17766,26649,35532,44415
8884,17768,26652,35536,44420
8885,17770,26655,35540,44425
8886,17772,26658,35544,44430
8887,17774,26661,35548,44435
8888,17776,26664,35552,44440
8889,17778,26667,35556,44445
8890,17780,26670,35560,44450
8891,17782,26673,35564,44455
8892,17784,26676,35568,44460
8893,17786,26679,35572,44465
8894,17788,26682,35576,44470
8895,17790,26685,35580,44475
8896,17792,26688,35584,44480
8897,17794,26691,35588,44485
8898,17796,26694,35592,44490
8899,17798,26697,35596,44495
8900,17800,26700,35600,44500
8901,17802,26703,35604,44505
8902,17804,26706,35608,44510
8903,17806,26709,35612,44515
8904,17808,26712,35616,44520
8905,17810,26715,35620,44525
8906,17812,26718,35624,44530
8907,17814,26721,35628,44535
8908,17816,26724,35632,44540
8909,17818,26727,35636,44545
8910,17820,26730,35640,44550
8911,17822,26733,35644,44555
8912,17824,26736,35648,44560
8913,17826,26739,35652,44565
8914,17828,26742,35656,44570
8915,17830,26745,35660,44575
8916,17832,26748,35664,44580
8917,17834,26751,35668,44585
8918,17836,26754,35672,44590
8919,17838,26757,35676,44595
8920,17840,26760,35680,44600
8921,17842,26763,35684,44605
8922,17844,26766,35688,44610
8923,17846,26769,35692,44615
8924,17848,26772,35696,44620
8925,17850,26775,35700,44625
8926,17852,26778,35704,44630
8927,17854,26781,35708,44635
8928,17856,26784,35712,44640
8929,17858,26787,35716,44645
8930,17860,26790,35720,44650
8931,17862,26793,35724,44655
8932,17864,26796,35728,44660
8933,17866,26799,35732,44665
8934,17868,26802,35736,44670
8935,17870,26805,35740,44675
8936,17872,26808,35744,44680
8937,17874,26811,35748,44685
8938,17876,26814,35752,44690
8939,17878,26817,35756,44695
8940,17880,26820,35760,44700
8941,17882,26823,35764,44705
8942,17884,26826,35768,44710
8943,17886,26829,35772,44715
8944,17888,26832,35776,44720
8945,17890,26835,35780,44725
8946,17892,26838,35784,44730
8947,17894,26841,35788,44735
8948,17896,26844,35792,44740
8949,17898,26847,35796,44745
8950,17900,26850,35800,44750
8951,17902,26853,35804,44755
8952,17904,26856,35808,44760
8953,17906,26859,35812,44765
8954,17908,26862,35816,44770
8955,17910,26865,35820,44775
8956,17912,26868,35824,44780
8957,17914,26871,35828,44785
8958,17916,26874,35832,44790
8959,17918,26877,35836,44795
8960,17920,26880,35840,44800
8961,17922,26883,35844,44805
8962,17924,26886,35848,44810
8963,17926,26889,35852,44815
8964,17928,26892,35856,44820
8965,17930,26895,35860,44825
8966,17932,26898,35864,44830
8967,17934,26901,35868,44835
8968,17936,26904,35872,44840
8969,17938,26907,35876,44845
8970,17940,26910,35880,44850
8971,17942,26913,35884,44855
8972,17944,26916,35888,44860
8973,17946,26919,35892,44865
8974,17948,26922,35896,44870
8975,17950,26925,35900,44875
8976,17952,26928,35904,44880
8977,17954,26931,35908,44885
8978,17956,26934,35912,44890
8979,17958,26937,35916,44895
8980,17960,26940,35920,44900
8981,17962,26943,35924,44905
8982,17964,26946,35928,44910
8983,17966,26949,35932,44915
8984,17968,26952,35936,44920
8985,17970,26955,35940,44925
8986,17972,26958,35944,44930
8987,17974,26961,35948,44935
8988,17976,26964,35952,44940
8989,17978,26967,35956,44945
8990,17980,26970,35960,44950
8991,17982,26973,35964,44955
8992,17984,26976,35968,44960
8993,17986,26979,35972,44965
8994,17988,26982,35976,44970
8995,17990,26985,35980,44975
8996,17992,26988,35984,44980
8997,17994,26991,35988,44985
8998,17996,26994,35992,44990
8999,17998,26997,35996,44995
9000,18000,27000,36000,45000
9001,18002,27003,36004,45005
9002,18004,27006,36008,45010
9003,18006,27009,36012,45015
9004,18008,27012,36016,45020
9005,18010,27015,36020,45025
9006,18012,27018,36024,45030
9007,18014,27021,36028,45035
9008,18016,27024,36032,45040
9009,18018,27027,36036,45045
9010,18020,27030,36040,45050
9011,18022,27033,36044,45055
9012,18024,27036,36048,45060
9013,18026,27039,36052,45065
9014,18028,27042,36056,45070
9015,18030,27045,36060,45075
9016,18032,27048,36064,45080
9017,18034,27051,36068,45085
9018,18036,27054,36072,45090
9019,18038,27057,36076,45095
9020,18040,27060,36080,45100
9021,18042,27063,36084,45105
9022,18044,27066,36088,45110
9023,18046,27069,36092,45115
9024,18048,27072,36096,45120
9025,18050,27075,36100,45125
9026,18052,27078,36104,45130
9027,18054,27081,36108,45135
9028,18056,27084,36112,45140
9029,18058,27087,36116,45145
9030,18060,27090,36120,45150
9031,18062,27093,36124,45155
9032,18064,27096,36128,45160
9033,18066,27099,36132,45165
9034,18068,27102,36136,45170
9035,18070,27105,36140,45175
9036,18072,27108,36144,45180
9037,18074,27111,36148,45185
9038,18076,27114,36152,45190
9039,18078,27117,36156,45195
9040,18080,27120,36160,45200
9041,18082,27123,36164,45205
9042,18084,27126,36168,45210
9043,18086,27129,36172,45215
9044,18088,27132,36176,45220
9045,18090,27135,36180,45225
9046,18092,27138,36184,45230
9047,18094,27141,36188,45235
9048,18096,27144,36192,45240
9049,18098,27147,36196,45245
9050,18100,27150,36200,45250
9051,18102,27153,36204,45255
9052,18104,27156,36208,45260
9053,18106,27159,36212,45265
9054,18108,27162,36216,45270
9055,18110,27165,36220,45275
9056,18112,27168,36224,45280
9057,18114,27171,36228,45285
9058,18116,27174,36232,45290
9059,18118,27177,36236,45295
9060,18120,27180,36240,45300
9061,18122,27183,36244,45305
9062,18124,27186,36248,45310
9063,18126,27189,36252,45315
9064,18128,27192,36256,45320
9065,18130,27195,36260,45325
9066,18132,27198,36264,45330
9067,18134,27201,36268,45335
9068,18136,27204,36272,45340
9069,18138,27207,36276,45345
9070,18140,27210,36280,45350
9071,18142,27213,36284,45355
9072,18144,27216,36288,45360
9073,18146,27219,36292,45365
9074,18148,27222,36296,45370
9075,18150,27225,36300,45375
9076,18152,27228,36304,45380
9077,18154,27231,36308,45385
9078,18156,27234,36312,45390
9079,18158,27237,36316,45395
9080,18160,27240,36320,45400
9081,18162,27243,36324,45405
9082,18164,27246,36328,45410
9083,18166,27249,36332,45415
9084,18168,27252,36336,45420
9085,18170,27255,36340,45425
9086,18172,27258,36344,45430
9087,18174,27261,36348,45435
9088,18176,27264,36352,45440
9089,18178,27267,36356,45445
9090,18180,27270,36360,45450
9091,18182,27273,36364,45455
9092,18184,27276,36368,45460
9093,18186,27279,36372,45465
9094,18188,27282,36376,45470
9095,18190,27285,36380,45475
9096,18192,27288,36384,45480
9097,18194,27291,36388,45485
9098,18196,27294,36392,45490
9099,18198,27297,36396,45495
9100,18200,27300,36400,45500
9101,18202,27303,36404,45505
9102,18204,27306,36408,45510
9103,18206,27309,36412,45515
9104,18208,27312,36416,45520
9105,18210,27315,36420,45525
9106,18212,27318,36424,45530
9107,18214,27321,36428,45535
9108,18216,27324,36432,45540
9109,18218,27327,36436,45545
9110,18220,27330,36440,45550
9111,18222,27333,36444,45555
9112,18224,27336,36448,45560
9113,18226,27339,36452,45565
9114,18228,27342,36456,45570
9115,18230,27345,36460,45575
9116,18232,27348,36464,45580
9117,18234,27351,36468,45585
9118,18236,27354,36472,45590
9119,18238,27357,36476,45595
9120,18240,27360,36480,45600
9121,18242,27363,36484,45605
9122,18244,27366,36488,45610
9123,18246,27369,36492,45615
9124,18248,27372,36496,45620
9125,18250,27375,36500,45625
9126,18252,27378,36504,45630
9127,18254,27381,36508,45635
9128,18256,27384,36512,45640
9129,18258,27387,36516,45645
9130,18260,27390,36520,45650
9131,18262,27393,36524,45655
9132,18264,27396,36528,45660
9133,18266,27399,36532,45665
9134,18268,27402,36536,45670
9135,18270,27405,36540,45675
9136,18272,27408,36544,45680
9137,18274,27411,36548,45685
9138,18276,27414,36552,45690
9139,18278,27417,36556,45695
9140,18280,27420,36560,45700
9141,18282,27423,36564,45705
9142,18284,27426,36568,45710
9143,18286,27429,36572,45715
9144,18288,27432,36576,45720
9145,18290,27435,36580,45725
9146,18292,27438,36584,45730
9147,18294,27441,36588,45735
9148,18296,27444,36592,45740
9149,18298,27447,36596,45745
9150,18300,27450,36600,45750
9151,18302,27453,36604,45755
9152,18304,27456,36608,45760
9153,18306,27459,36612,45765
9154,18308,27462,36616,45770
9155,18310,27465,36620,45775
9156,18312,27468,36624,45780
9157,18314,27471,36628,45785
9158,18316,27474,36632,45790
9159,18318,27477,36636,45795
9160,18320,27480,36640,45800
9161,18322,27483,36644,45805
9162,18324,27486,36648,45810
9163,18326,27489,36652,45815
9164,18328,27492,36656,45820
9165,18330,27495,36660,45825
9166,18332,27498,36664,45830
9167,18334,27501,36668,45835
9168,18336,27504,36672,45840
9169,18338,27507,36676,45845
9170,18340,27510,36680,45850
9171,18342,27513,36684,45855
9172,18344,27516,36688,45860
9173,18346,27519,36692,45865
9174,18348,27522,36696,45870
9175,18350,27525,36700,45875
9176,18352,27528,36704,45880
9177,18354,27531,36708,45885
9178,18356,27534,36712,45890
9179,18358,27537,36716,45895
9180,18360,27540,36720,45900
9181,18362,27543,36724,45905
9182,18364,27546,36728,45910
9183,18366,27549,36732,45915
9184,18368,27552,36736,45920
9185,18370,27555,36740,45925
9186,18372,27558,36744,45930
9187,18374,27561,36748,45935
9188,18376,27564,36752,45940
9189,18378,27567,36756,45945
9190,18380,27570,36760,45950
9191,18382,27573,36764,45955
9192,18384,27576,36768,45960
9193,18386,27579,36772,45965
9194,18388,27582,36776,45970
9195,18390,27585,36780,45975
9196,18392,27588,36784,45980
9197,18394,27591,36788,45985
9198,18396,27594,36792,45990
9199,18398,27597,36796,45995
9200,18400,27600,36800,46000
9201,18402,27603,36804,46005
9202,18404,27606,36808,46010
9203,18406,27609,36812,46015
9204,18408,27612,36816,46020
9205,18410,27615,36820,46025
9206,18412,27618,36824,46030
9207,18414,27621,36828,46035
9208,18416,27624,36832,46040
9209,18418,27627,36836,46045
9210,18420,27630,36840,46050
9211,18422,27633,36844,46055
9212,18424,27636,36848,46060
9213,18426,27639,36852,46065
9214,18428,27642,36856,46070
9215,18430,27645,36860,46075
9216,18432,27648,36864,46080
9217,18434,27651,36868,46085
9218,18436,27654,36872,46090
9219,18438,27657,36876,46095
9220,18440,27660,36880,46100
9221,18442,27663,36884,46105
9222,18444,27666,36888,46110
9223,18446,27669,36892,46115
9224,18448,27672,36896,46120
9225,18450,27675,36900,46125
9226,18452,27678,36904,46130
9227,18454,27681,36908,46135
9228,18456,27684,36912,46140
9229,18458,27687,36916,46145
9230,18460,27690,36920,46150
9231,18462,27693,36924,46155
9232,18464,27696,36928,46160
9233,18466,27699,36932,46165
9234,18468,27702,36936,46170
9235,18470,27705,36940,46175
9236,18472,27708,36944,46180
9237,18474,27711,36948,46185
9238,18476,27714,36952,46190
9239,18478,27717,36956,46195
9240,18480,27720,36960,46200
9241,18482,27723,36964,46205
9242,18484,27726,36968,46210
9243,18486,27729,36972,46215
9244,18488,27732,36976,46220
9245,18490,27735,36980,46225
9246,18492,27738,36984,46230
9247,18494,27741,36988,46235
9248,18496,27744,36992,46240
9249,18498,27747,36996,46245
9250,18500,27750,37000,46250
9251,18502,27753,37004,46255
9252,18504,27756,37008,46260
9253,18506,27759,37012,46265
9254,18508,27762,37016,46270
9255,18510,27765,37020,46275
9256,18512,27768,37024,46280
9257,18514,27771,37028,46285
9258,18516,27774,37032,46290
9259,18518,27777,37036,46295
9260,18520,27780,37040,46300
9261,18522,27783,37044,46305
9262,18524,27786,37048,46310
9263,18526,27789,37052,46315
9264,18528,27792,37056,46320
9265,18530,27795,37060,46325
9266,18532,27798,37064,46330
9267,18534,27801,37068,46335
9268,18536,27804,37072,46340
9269,18538,27807,37076,46345
9270,18540,27810,37080,46350
9271,18542,27813,37084,46355
9272,18544,27816,37088,46360
9273,18546,27819,37092,46365
9274,18548,27822,37096,46370
9275,18550,27825,37100,46375
9276,18552,27828,37104,46380
9277,18554,27831,37108,46385
9278,18556,27834,37112,46390
9279,18558,27837,37116,46395
9280,18560,27840,37120,46400
9281,18562,27843,37124,46405
9282,18564,27846,37128,46410
9283,18566,27849,37132,46415
9284,18568,27852,37136,46420
9285,18570,27855,37140,46425
9286,18572,27858,37144,46430
9287,18574,27861,37148,46435
9288,18576,27864,37152,46440
9289,18578,27867,37156,46445
9290,18580,27870,37160,46450
9291,18582,27873,37164,46455
9292,18584,27876,37168,46460
9293,18586,27879,37172,46465
9294,18588,27882,37176,46470
9295,18590,27885,37180,46475
9296,18592,27888,37184,46480
9297,18594,27891,37188,46485
9298,18596,27894,37192,46490
9299,18598,27897,37196,46495
9300,18600,27900,37200,46500
9301,18602,27903,37204,46505
9302,18604,27906,37208,46510
9303,18606,27909,37212,46515
9304,18608,27912,37216,46520
9305,18610,27915,37220,46525
9306,18612,27918,37224,46530
9307,18614,27921,37228,46535
9308,18616,27924,37232,46540
9309,18618,27927,37236,46545
9310,18620,27930,37240,46550
9311,18622,27933,37244,46555
9312,18624,27936,37248,46560
9313,18626,27939,37252,46565
9314,18628,27942,37256,46570
9315,18630,27945,37260,46575
9316,18632,27948,37264,46580
9317,18634,27951,37268,46585
9318,18636,27954,37272,46590
9319,18638,27957,37276,46595
9320,18640,27960,37280,46600
9321,18642,27963,37284,46605
9322,18644,27966,37288,46610
9323,18646,27969,37292,46615
9324,18648,27972,37296,46620
9325,18650,27975,37300,46625
9326,18652,27978,37304,46630
9327,18654,27981,37308,46635
9328,18656,27984,37312,46640
9329,18658,27987,37316,46645
9330,18660,27990,37320,46650
9331,18662,27993,37324,46655
9332,18664,27996,37328,46660
9333,18666,27999,37332,46665
9334,18668,28002,37336,46670
9335,18670,28005,37340,46675
9336,18672,28008,37344,46680
9337,18674,28011,37348,46685
9338,18676,28014,37352,46690
9339,18678,28017,37356,46695
9340,18680,28020,37360,46700
9341,18682,28023,37364,46705
9342,18684,28026,37368,46710
9343,18686,28029,37372,46715
9344,18688,28032,37376,46720
9345,18690,28035,37380,46725
9346,18692,28038,37384,46730
9347,18694,28041,37388,46735
9348,18696,28044,37392,46740
9349,18698,28047,37396,46745
9350,18700,28050,37400,46750
9351,18702,28053,37404,46755
9352,18704,28056,37408,46760
9353,18706,28059,37412,46765
9354,18708,28062,37416,46770
9355,18710,28065,37420,46775
9356,18712,28068,37424,46780
9357,18714,28071,37428,46785
9358,18716,28074,37432,46790
9359,18718,28077,37436,46795
9360,18720,28080,37440,46800
9361,18722,28083,37444,46805
9362,18724,28086,37448,46810
9363,18726,28089,37452,46815
9364,18728,28092,37456,46820
9365,18730,28095,37460,46825
9366,18732,28098,37464,46830
9367,18734,28101,37468,46835
9368,18736,28104,37472,46840
9369,18738,28107,37476,46845
9370,18740,28110,37480,46850
9371,18742,28113,37484,46855
9372,18744,28116,37488,46860
9373,18746,28119,37492,46865
9374,18748,28122,37496,46870
9375,18750,28125,37500,46875
9376,18752,28128,37504,46880
9377,18754,28131,37508,46885
9378,18756,28134,37512,46890
9379,18758,28137,37516,46895
9380,18760,28140,37520,46900
9381,18762,28143,37524,46905
9382,18764,28146,37528,46910
9383,18766,28149,37532,46915
9384,18768,28152,37536,46920
9385,18770,28155,37540,46925
9386,18772,28158,37544,46930
9387,18774,28161,37548,46935
9388,18776,28164,37552,46940
9389,18778,28167,37556,46945
9390,18780,28170,37560,46950
9391,18782,28173,37564,46955
9392,18784,28176,37568,46960
9393,18786,28179,37572,46965
9394,18788,28182,37576,46970
9395,18790,28185,37580,46975
9396,18792,28188,37584,46980
9397,18794,28191,37588,46985
9398,18796,28194,37592,46990
9399,18798,28197,37596,46995
9400,18800,28200,37600,47000
9401,18802,28203,37604,47005
9402,18804,28206,37608,47010
9403,18806,28209,37612,47015
9404,18808,28212,37616,47020
9405,18810,28215,37620,47025
9406,18812,28218,37624,47030
9407,18814,28221,37628,47035
9408,18816,28224,37632,47040
9409,18818,28227,37636,47045
9410,18820,28230,37640,47050
9411,18822,28233,37644,47055
9412,18824,28236,37648,47060
9413,18826,28239,37652,47065
9414,18828,28242,37656,47070
9415,18830,28245,37660,47075
9416,18832,28248,37664,47080
9417,18834,28251,37668,47085
9418,18836,28254,37672,47090
9419,18838,28257,37676,47095
9420,18840,28260,37680,47100
9421,18842,28263,37684,47105
9422,18844,28266,37688,47110
9423,18846,28269,37692,47115
9424,18848,28272,37696,47120
9425,18850,28275,37700,47125
9426,18852,28278,37704,47130
9427,18854,28281,37708,47135
9428,18856,28284,37712,47140
9429,18858,28287,37716,47145
9430,18860,28290,37720,47150
9431,18862,28293,37724,47155
9432,18864,28296,37728,47160
9433,18866,28299,37732,47165
9434,18868,28302,37736,47170
9435,18870,28305,37740,47175
9436,18872,28308,37744,47180
9437,18874,28311,37748,47185
9438,18876,28314,37752,47190
9439,18878,28317,37756,47195
9440,18880,28320,37760,47200
9441,18882,28323,37764,47205
9442,18884,28326,37768,47210
9443,18886,28329,37772,47215
9444,18888,28332,37776,47220
9445,18890,28335,37780,47225
9446,18892,28338,37784,47230
9447,18894,28341,37788,47235
9448,18896,28344,37792,47240
9449,18898,28347,37796,47245
9450,18900,28350,37800,47250
9451,18902,28353,37804,47255
9452,18904,28356,37808,47260
9453,18906,28359,37812,47265
9454,18908,28362,37816,47270
9455,18910,28365,37820,47275
9456,18912,28368,37824,47280
9457,18914,28371,37828,47285
9458,18916,28374,37832,47290
9459,18918,28377,37836,47295
9460,18920,28380,37840,47300
9461,18922,28383,37844,47305
9462,18924,28386,37848,47310
9463,18926,28389,37852,47315
9464,18928,28392,37856,47320
9465,18930,28395,37860,47325
9466,18932,28398,37864,47330
9467,18934,28401,37868,47335
9468,18936,28404,37872,47340
9469,18938,28407,37876,47345
9470,18940,28410,37880,47350
9471,18942,28413,37884,47355
9472,18944,28416,37888,47360
9473,18946,28419,37892,47365
9474,18948,28422,37896,47370
9475,18950,28425,37900,47375
9476,18952,28428,37904,47380
9477,18954,28431,37908,47385
9478,18956,28434,37912,47390
9479,18958,28437,37916,47395
9480,18960,28440,37920,47400
9481,18962,28443,37924,47405
9482,18964,28446,37928,47410
9483,18966,28449,37932,47415
9484,18968,28452,37936,47420
9485,18970,28455,37940,47425
9486,18972,28458,37944,47430
9487,18974,28461,37948,47435
9488,18976,28464,37952,47440
9489,18978,28467,37956,47445
9490,18980,28470,37960,47450
9491,18982,28473,37964,47455
9492,18984,28476,37968,47460
9493,18986,28479,37972,47465
9494,18988,28482,37976,47470
9495,18990,28485,37980,47475
9496,18992,28488,37984,47480
9497,18994,28491,37988,47485
9498,18996,28494,37992,47490
9499,18998,28497,37996,47495
9500,19000,28500,38000,47500
9501,19002,28503,38004,47505
9502,19004,28506,38008,47510
9503,19006,28509,38012,47515
9504,19008,28512,38016,47520
9505,19010,28515,38020,47525
9506,19012,28518,38024,47530
9507,19014,28521,38028,47535
9508,19016,28524,38032,47540
9509,19018,28527,38036,47545
9510,19020,28530,38040,47550
9511,19022,28533,38044,47555
9512,19024,28536,38048,47560
9513,19026,28539,38052,47565
9514,19028,28542,38056,47570
9515,19030,28545,38060,47575
9516,19032,28548,38064,47580
9517,19034,28551,38068,47585
9518,19036,28554,38072,47590
9519,19038,28557,38076,47595
9520,19040,28560,38080,47600
9521,19042,28563,38084,47605
9522,19044,28566,38088,47610
9523,19046,28569,38092,47615
9524,19048,28572,38096,47620
9525,19050,28575,38100,47625
9526,19052,28578,38104,47630
9527,19054,28581,38108,47635
9528,19056,28584,38112,47640
9529,19058,28587,38116,47645
9530,19060,28590,38120,47650
9531,19062,28593,38124,47655
9532,19064,28596,38128,47660
9533,19066,28599,38132,47665
9534,19068,28602,38136,47670
9535,19070,28605,38140,47675
9536,19072,28608,38144,47680
9537,19074,28611,38148,47685
9538,19076,28614,38152,47690
9539,19078,28617,38156,47695
9540,19080,28620,38160,47700
9541,19082,28623,38164,47705
9542,19084,28626,38168,47710
9543,19086,28629,38172,47715
9544,19088,28632,38176,47720
9545,19090,28635,38180,47725
9546,19092,28638,38184,47730
9547,19094,28641,38188,47735
9548,19096,28644,38192,47740
9549,19098,28647,38196,47745
9550,19100,28650,38200,47750
9551,19102,28653,38204,47755
9552,19104,28656,38208,47760
9553,19106,28659,38212,47765
9554,19108,28662,38216,47770
9555,19110,28665,38220,47775
9556,19112,28668,38224,47780
9557,19114,28671,38228,47785
9558,19116,28674,38232,47790
9559,19118,28677,38236,47795
9560,19120,28680,38240,47800
9561,19122,28683,38244,47805
9562,19124,28686,38248,47810
9563,19126,28689,38252,47815
9564,19128,28692,38256,47820
9565,19130,28695,38260,47825
9566,19132,28698,38264,47830
9567,19134,28701,38268,47835
9568,19136,28704,38272,47840
9569,19138,28707,38276,47845
9570,19140,28710,38280,47850
9571,19142,28713,38284,47855
9572,19144,28716,38288,47860
9573,19146,28719,38292,47865
9574,19148,28722,38296,47870
9575,19150,28725,38300,47875
9576,19152,28728,38304,47880
9577,19154,28731,38308,47885
9578,19156,28734,38312,47890
9579,19158,28737,38316,47895
9580,19160,28740,38320,47900
9581,19162,28743,38324,47905
9582,19164,28746,38328,47910
9583,19166,28749,38332,47915
9584,19168,28752,38336,47920
9585,19170,28755,38340,47925
9586,19172,28758,38344,47930
9587,19174,28761,38348,47935
9588,19176,28764,38352,47940
9589,19178,28767,38356,47945
9590,19180,28770,38360,47950
9591,19182,28773,38364,47955
9592,19184,28776,38368,47960
9593,19186,28779,38372,47965
9594,19188,28782,38376,47970
9595,19190,28785,38380,47975
9596,19192,28788,38384,47980
9597,19194,28791,38388,47985
9598,19196,28794,38392,47990
9599,19198,28797,38396,47995
9600,19200,28800,38400,48000
9601,19202,28803,38404,48005
9602,19204,28806,38408,48010
9603,19206,28809,38412,48015
9604,19208,28812,38416,48020
9605,19210,28815,38420,48025
9606,19212,28818,38424,48030
9607,19214,28821,38428,48035
9608,19216,28824,38432,48040
9609,19218,28827,38436,48045
9610,19220,28830,38440,48050
9611,19222,28833,38444,48055
9612,19224,28836,38448,48060
9613,19226,28839,38452,48065
9614,19228,28842,38456,48070
9615,19230,28845,38460,48075
9616,19232,28848,38464,48080
9617,19234,28851,38468,48085
9618,19236,28854,38472,48090
9619,19238,28857,38476,48095
9620,19240,28860,38480,48100
9621,19242,28863,38484,48105
9622,19244,28866,38488,48110
9623,19246,28869,38492,48115
9624,19248,28872,38496,48120
9625,19250,28875,38500,48125
9626,19252,28878,38504,48130
9627,19254,28881,38508,48135
9628,19256,28884,38512,48140
9629,19258,28887,38516,48145
9630,19260,28890,38520,48150
9631,19262,28893,38524,48155
9632,19264,28896,38528,48160
9633,19266,28899,38532,48165
9634,19268,28902,38536,48170
9635,19270,28905,38540,48175
9636,19272,28908,38544,48180
9637,19274,28911,38548,48185
9638,19276,28914,38552,48190
9639,19278,28917,38556,48195
9640,19280,28920,38560,48200
9641,19282,28923,38564,48205
9642,19284,28926,38568,48210
9643,19286,28929,38572,48215
9644,19288,28932,38576,48220
9645,19290,28935,38580,48225
9646,19292,28938,38584,48230
9647,19294,28941,38588,48235
9648,19296,28944,38592,48240
9649,19298,28947,38596,48245
9650,19300,28950,38600,48250
9651,19302,28953,38604,48255
9652,19304,28956,38608,48260
9653,19306,28959,38612,48265
9654,19308,28962,38616,48270
9655,19310,28965,38620,48275
9656,19312,28968,38624,48280
9657,19314,28971,38628,48285
9658,19316,28974,38632,48290
9659,19318,28977,38636,48295
9660,19320,28980,38640,48300
9661,19322,28983,38644,48305
9662,19324,28986,38648,48310
9663,19326,28989,38652,48315
9664,19328,28992,38656,48320
9665,19330,28995,38660,48325
9666,19332,28998,38664,48330
9667,19334,29001,38668,48335
9668,19336,29004,38672,48340
9669,19338,29007,38676,48345
9670,19340,29010,38680,48350
9671,19342,29013,38684,48355
9672,19344,29016,38688,48360
9673,19346,29019,38692,48365
9674,19348,29022,38696,48370
9675,19350,29025,38700,48375
9676,19352,29028,38704,48380
9677,19354,29031,38708,48385
9678,19356,29034,38712,48390
9679,19358,29037,38716,48395
9680,19360,29040,38720,48400
9681,19362,29043,38724,48405
9682,19364,29046,38728,48410
9683,19366,29049,38732,48415
9684,19368,29052,38736,48420
9685,19370,29055,38740,48425
9686,19372,29058,38744,48430
9687,19374,29061,38748,48435
9688,19376,29064,38752,48440
9689,19378,29067,38756,48445
9690,19380,29070,38760,48450
9691,19382,29073,38764,48455
9692,19384,29076,38768,48460
9693,19386,29079,38772,48465
9694,19388,29082,38776,48470
9695,19390,29085,38780,48475
9696,19392,29088,38784,48480
9697,19394,29091,38788,48485
9698,19396,29094,38792,48490
9699,19398,29097,38796,48495
9700,19400,29100,38800,48500
9701,19402,29103,38804,48505
9702,19404,29106,38808,48510
9703,19406,29109,38812,48515
9704,19408,29112,38816,48520
9705,19410,29115,38820,48525
9706,19412,29118,38824,48530
9707,19414,29121,38828,48535
9708,19416,29124,38832,48540
9709,19418,29127,38836,48545
9710,19420,29130,38840,48550
9711,19422,29133,38844,48555
9712,19424,29136,38848,48560
9713,19426,29139,38852,48565
9714,19428,29142,38856,48570
9715,19430,29145,38860,48575
9716,19432,29148,38864,48580
9717,19434,29151,38868,48585
9718,19436,29154,38872,48590
9719,19438,29157,38876,48595
9720,19440,29160,38880,48600
9721,19442,29163,38884,48605
9722,19444,29166,38888,48610
9723,19446,29169,38892,48615
9724,19448,29172,38896,48620
9725,19450,29175,38900,48625
9726,19452,29178,38904,48630
9727,19454,29181,38908,48635
9728,19456,29184,38912,48640
9729,19458,29187,38916,48645
9730,19460,29190,38920,48650
9731,19462,29193,38924,48655
9732,19464,29196,38928,48660
9733,19466,29199,38932,48665
9734,19468,29202,38936,48670
9735,19470,29205,38940,48675
9736,19472,29208,38944,48680
9737,19474,29211,38948,48685
9738,19476,29214,38952,48690
9739,19478,29217,38956,48695
9740,19480,29220,38960,48700
9741,19482,29223,38964,48705
9742,19484,29226,38968,48710
9743,19486,29229,38972,48715
9744,19488,29232,38976,48720
9745,19490,29235,38980,48725
9746,19492,29238,38984,48730
9747,19494,29241,38988,48735
9748,19496,29244,38992,48740
9749,19498,29247,38996,48745
9750,19500,29250,39000,48750
9751,19502,29253,39004,48755
9752,19504,29256,39008,48760
9753,19506,29259,39012,48765
9754,19508,29262,39016,48770
9755,19510,29265,39020,48775
9756,19512,29268,39024,48780
9757,19514,29271,39028,48785
9758,19516,29274,39032,48790
9759,19518,29277,39036,48795
9760,19520,29280,39040,48800
9761,19522,29283,39044,48805
9762,19524,29286,39048,48810
9763,19526,29289,39052,48815
9764,19528,29292,39056,48820
9765,19530,29295,39060,48825
9766,19532,29298,39064,48830
9767,19534,29301,39068,48835
9768,19536,29304,39072,48840
9769,19538,29307,39076,48845
9770,19540,29310,39080,48850
9771,19542,29313,39084,48855
9772,19544,29316,39088,48860
9773,19546,29319,39092,48865
9774,19548,29322,39096,48870
9775,19550,29325,39100,48875
9776,19552,29328,39104,48880
9777,19554,29331,39108,48885
9778,19556,29334,39112,48890
9779,19558,29337,39116,48895
9780,19560,29340,39120,48900
9781,19562,29343,39124,48905
9782,19564,29346,39128,48910
9783,19566,29349,39132,48915
9784,19568,29352,39136,48920
9785,19570,29355,39140,48925
9786,19572,29358,39144,48930
9787,19574,29361,39148,48935
9788,19576,29364,39152,48940
9789,19578,29367,39156,48945
9790,19580,29370,39160,48950
9791,19582,29373,39164,48955
9792,19584,29376,39168,48960
9793,19586,29379,39172,48965
9794,19588,29382,39176,48970
9795,19590,29385,39180,48975
9796,19592,29388,39184,48980
9797,19594,29391,39188,48985
9798,19596,29394,39192,48990
9799,19598,29397,39196,48995
9800,19600,29400,39200,49000
9801,19602,29403,39204,49005
9802,19604,29406,39208,49010
9803,19606,29409,39212,49015
9804,19608,29412,39216,49020
9805,19610,29415,39220,49025
9806,19612,29418,39224,49030
9807,19614,29421,39228,49035
9808,19616,29424,39232,49040
9809,19618,29427,39236,49045
9810,19620,29430,39240,49050
9811,19622,29433,39244,49055
9812,19624,29436,39248,49060
9813,19626,29439,39252,49065
9814,19628,29442,39256,49070
9815,19630,29445,39260,49075
9816,19632,29448,39264,49080
9817,19634,29451,39268,49085
9818,19636,29454,39272,49090
9819,19638,29457,39276,49095
9820,19640,29460,39280,49100
9821,19642,29463,39284,49105
9822,19644,29466,39288,49110
9823,19646,29469,39292,49115
9824,19648,29472,39296,49120
9825,19650,29475,39300,49125
9826,19652,29478,39304,49130
9827,19654,29481,39308,49135
9828,19656,29484,39312,49140
9829,19658,29487,39316,49145
9830,19660,29490,39320,49150
9831,19662,29493,39324,49155
9832,19664,29496,39328,49160
9833,19666,29499,39332,49165
9834,19668,29502,39336,49170
9835,19670,29505,39340,49175
9836,19672,29508,39344,49180
9837,19674,29511,39348,49185
9838,19676,29514,39352,49190
9839,19678,29517,39356,49195
9840,19680,29520,39360,49200
9841,19682,29523,39364,49205
9842,19684,29526,39368,49210
9843,19686,29529,39372,49215
9844,19688,29532,39376,49220
9845,19690,29535,39380,49225
9846,19692,29538,39384,49230
9847,19694,29541,39388,49235
9848,19696,29544,39392,49240
9849,19698,29547,39396,49245
9850,19700,29550,39400,49250
9851,19702,29553,39404,49255
9852,19704,29556,39408,49260
9853,19706,29559,39412,49265
9854,19708,29562,39416,49270
9855,19710,29565,39420,49275
9856,19712,29568,39424,49280
9857,19714,29571,39428,49285
9858,19716,29574,39432,49290
9859,19718,29577,39436,49295
9860,19720,29580,39440,49300
9861,19722,29583,39444,49305
9862,19724,29586,39448,49310
9863,19726,29589,39452,49315
9864,19728,29592,39456,49320
9865,19730,29595,39460,49325
9866,19732,29598,39464,49330
9867,19734,29601,39468,49335
9868,19736,29604,39472,49340
9869,19738,29607,39476,49345
9870,19740,29610,39480,49350
9871,19742,29613,39484,49355
9872,19744,29616,39488,49360
9873,19746,29619,39492,49365
9874,19748,29622,39496,49370
9875,19750,29625,39500,49375
9876,19752,29628,39504,49380
9877,19754,29631,39508,49385
9878,19756,29634,39512,49390
9879,19758,29637,39516,49395
9880,19760,29640,39520,49400
9881,19762,29643,39524,49405
9882,19764,29646,39528,49410
9883,19766,29649,39532,49415
9884,19768,29652,39536,49420
9885,19770,29655,39540,49425
9886,19772,29658,39544,49430
9887,19774,29661,39548,49435
9888,19776,29664,39552,49440
9889,19778,29667,39556,49445
9890,19780,29670,39560,49450
9891,19782,29673,39564,49455
9892,19784,29676,39568,49460
9893,19786,29679,39572,49465
9894,19788,29682,39576,49470
9895,19790,29685,39580,49475
9896,19792,29688,39584,49480
9897,19794,29691,39588,49485
9898,19796,29694,39592,49490
9899,19798,29697,39596,49495
9900,19800,29700,39600,49500
9901,19802,29703,39604,49505
9902,19804,29706,39608,49510
9903,19806,29709,39612,49515
9904,19808,29712,39616,49520
9905,19810,29715,39620,49525
9906,19812,29718,39624,49530
9907,19814,29721,39628,49535
9908,19816,29724,39632,49540
9909,19818,29727,39636,49545
9910,19820,29730,39640,49550
9911,19822,29733,39644,49555
9912,19824,29736,39648,49560
9913,19826,29739,39652,49565
9914,19828,29742,39656,49570
9915,19830,29745,39660,49575
9916,19832,29748,39664,49580
9917,19834,29751,39668,49585
9918,19836,29754,39672,49590
9919,19838,29757,39676,49595
9920,19840,29760,39680,49600
9921,19842,29763,39684,49605
9922,19844,29766,39688,49610
9923,19846,29769,39692,49615
9924,19848,29772,39696,49620
9925,19850,29775,39700,49625
9926,19852,29778,39704,49630
9927,19854,29781,39708,49635
9928,19856,29784,39712,49640
9929,19858,29787,39716,49645
9930,19860,29790,39720,49650
9931,19862,29793,39724,49655
9932,19864,29796,39728,49660
9933,19866,29799,39732,49665
9934,19868,29802,39736,49670
9935,19870,29805,39740,49675
9936,19872,29808,39744,49680
9937,19874,29811,39748,49685
9938,19876,29814,39752,49690
9939,19878,29817,39756,49695
9940,19880,29820,39760,49700
9941,19882,29823,39764,49705
9942,19884,29826,39768,49710
9943,19886,29829,39772,49715
9944,19888,29832,39776,49720
9945,19890,29835,39780,49725
9946,19892,29838,39784,49730
9947,19894,29841,39788,49735
9948,19896,29844,39792,49740
9949,19898,29847,39796,49745
9950,19900,29850,39800,49750
9951,19902,29853,39804,49755
9952,19904,29856,39808,49760
9953,19906,29859,39812,49765
9954,19908,29862,39816,49770
9955,19910,29865,39820,49775
9956,19912,29868,39824,49780
9957,19914,29871,39828,49785
9958,19916,29874,39832,49790
9959,19918,29877,39836,49795
9960,19920,29880,39840,49800
9961,19922,29883,39844,49805
9962,19924,29886,39848,49810
9963,19926,29889,39852,49815
9964,19928,29892,39856,49820
9965,19930,29895,39860,49825
9966,19932,29898,39864,49830
9967,19934,29901,39868,49835
9968,19936,29904,39872,49840
9969,19938,29907,39876,49845
9970,19940,29910,39880,49850
9971,19942,29913,39884,49855
9972,19944,29916,39888,49860
9973,19946,29919,39892,49865
9974,19948,29922,39896,49870
9975,19950,29925,39900,49875
9976,19952,29928,39904,49880
9977,19954,29931,39908,49885
9978,19956,29934,39912,49890
9979,19958,29937,39916,49895
9980,19960,29940,39920,49900
9981,19962,29943,39924,49905
9982,19964,29946,39928,49910
9983,19966,29949,39932,49915
9984,19968,29952,39936,49920
9985,19970,29955,39940,49925
9986,19972,29958,39944,49930
9987,19974,29961,39948,49935
9988,19976,29964,39952,49940
9989,19978,29967,39956,49945
9990,19980,29970,39960,49950
9991,19982,29973,39964,49955
9992,19984,29976,39968,49960
9993,19986,29979,39972,49965
9994,19988,29982,39976,49970
9995,19990,29985,39980,49975
9996,19992,29988,39984,49980
9997,19994,29991,39988,49985
9998,19996,29994,39992,49990
9999,19998,29997,39996,49995
10000,20000,30000,40000,50000
10001,20002,30003,40004,50005
10002,20004,30006,40008,50010
10003,20006,30009,40012,50015
10004,20008,30012,40016,50020
10005,20010,30015,40020,50025
10006,20012,30018,40024,50030
10007,20014,30021,40028,50035
10008,20016,30024,40032,50040
10009,20018,30027,40036,50045
10010,20020,30030,40040,50050
10011,20022,30033,40044,50055
10012,20024,30036,40048,50060
10013,20026,30039,40052,50065
10014,20028,30042,40056,50070
10015,20030,30045,40060,50075
10016,20032,30048,40064,50080
10017,20034,30051,40068,50085
10018,20036,30054,40072,50090
10019,20038,30057,40076,50095
10020,20040,30060,40080,50100
10021,20042,30063,40084,50105
10022,20044,30066,40088,50110
10023,20046,30069,40092,50115
10024,20048,30072,40096,50120
10025,20050,30075,40100,50125
10026,20052,30078,40104,50130
10027,20054,30081,40108,50135
10028,20056,30084,40112,50140
10029,20058,30087,40116,50145
10030,20060,30090,40120,50150
10031,20062,30093,40124,50155
10032,20064,30096,40128,50160
10033,20066,30099,40132,50165
10034,20068,30102,40136,50170
10035,20070,30105,40140,50175
10036,20072,30108,40144,50180
10037,20074,30111,40148,50185
10038,20076,30114,40152,50190
10039,20078,30117,40156,50195
10040,20080,30120,40160,50200
10041,20082,30123,40164,50205
10042,20084,30126,40168,50210
10043,20086,30129,40172,50215
10044,20088,30132,40176,50220
10045,20090,30135,40180,50225
10046,20092,30138,40184,50230
10047,20094,30141,40188,50235
10048,20096,30144,40192,50240
10049,20098,30147,40196,50245
10050,20100,30150,40200,50250
10051,20102,30153,40204,50255
10052,20104,30156,40208,50260
10053,20106,30159,40212,50265
10054,20108,30162,40216,50270
10055,20110,30165,40220,50275
10056,20112,30168,40224,50280
10057,20114,30171,40228,50285
10058,20116,30174,40232,50290
10059,20118,30177,40236,50295
10060,20120,30180,40240,50300
10061,20122,30183,40244,50305
10062,20124,30186,40248,50310
10063,20126,30189,40252,50315
10064,20128,30192,40256,50320
10065,20130,30195,40260,50325
10066,20132,30198,40264,50330
10067,20134,30201,40268,50335
10068,20136,30204,40272,50340
10069,20138,30207,40276,50345
10070,20140,30210,40280,50350
10071,20142,30213,40284,50355
10072,20144,30216,40288,50360
10073,20146,30219,40292,50365
10074,20148,30222,40296,50370
10075,20150,30225,40300,50375
10076,20152,30228,40304,50380
10077,20154,30231,40308,50385
10078,20156,30234,40312,50390
10079,20158,30237,40316,50395
10080,20160,30240,40320,50400
10081,20162,30243,40324,50405
10082,20164,30246,40328,50410
10083,20166,30249,40332,50415
10084,20168,30252,40336,50420
10085,20170,30255,40340,50425
10086,20172,30258,40344,50430
10087,20174,30261,40348,50435
10088,20176,30264,40352,50440
10089,20178,30267,40356,50445
10090,20180,30270,40360,50450
10091,20182,30273,40364,50455
10092,20184,30276,40368,50460
10093,20186,30279,40372,50465
10094,20188,30282,40376,50470
10095,20190,30285,40380,50475
10096,20192,30288,40384,50480
10097,20194,30291,40388,50485
10098,20196,30294,40392,50490
10099,20198,30297,40396,50495
10100,20200,30300,40400,50500
10101,20202,30303,40404,50505
10102,20204,30306,40408,50510
10103,20206,30309,40412,50515
10104,20208,30312,40416,50520
10105,20210,30315,40420,50525
10106,20212,30318,40424,50530
10107,20214,30321,40428,50535
10108,20216,30324,40432,50540
10109,20218,30327,40436,50545
10110,20220,30330,40440,50550
10111,20222,30333,40444,50555
10112,20224,30336,40448,50560
10113,20226,30339,40452,50565
10114,20228,30342,40456,50570
10115,20230,30345,40460,50575
10116,20232,30348,40464,50580
10117,20234,30351,40468,50585
10118,20236,30354,40472,50590
10119,20238,30357,40476,50595
10120,20240,30360,40480,50600
10121,20242,30363,40484,50605
10122,20244,30366,40488,50610
10123,20246,30369,40492,50615
10124,20248,30372,40496,50620
10125,20250,30375,40500,50625
10126,20252,30378,40504,50630
10127,20254,30381,40508,50635
10128,20256,30384,40512,50640
10129,20258,30387,40516,50645
10130,20260,30390,40520,50650
10131,20262,30393,40524,50655
10132,20264,30396,40528,50660
10133,20266,30399,40532,50665
10134,20268,30402,40536,50670
10135,20270,30405,40540,50675
10136,20272,30408,40544,50680
10137,20274,30411,40548,50685
10138,20276,30414,40552,50690
10139,20278,30417,40556,50695
10140,20280,30420,40560,50700
10141,20282,30423,40564,50705
10142,20284,30426,40568,50710
10143,20286,30429,40572,50715
10144,20288,30432,40576,50720
10145,20290,30435,40580,50725
10146,20292,30438,40584,50730
10147,20294,30441,40588,50735
10148,20296,30444,40592,50740
10149,20298,30447,40596,50745
10150,20300,30450,40600,50750
10151,20302,30453,40604,50755
10152,20304,30456,40608,50760
10153,20306,30459,40612,50765
10154,20308,30462,40616,50770
10155,20310,30465,40620,50775
10156,20312,30468,40624,50780
10157,20314,30471,40628,50785
10158,20316,30474,40632,50790
10159,20318,30477,40636,50795
10160,20320,30480,40640,50800
10161,20322,30483,40644,50805
10162,20324,30486,40648,50810
10163,20326,30489,40652,50815
10164,20328,30492,40656,50820
10165,20330,30495,40660,50825
10166,20332,30498,40664,50830
10167,20334,30501,40668,50835
10168,20336,30504,40672,50840
10169,20338,30507,40676,50845
10170,20340,30510,40680,50850
10171,20342,30513,40684,50855
10172,20344,30516,40688,50860
10173,20346,30519,40692,50865
10174,20348,30522,40696,50870
10175,20350,30525,40700,50875
10176,20352,30528,40704,50880
10177,20354,30531,40708,50885
10178,20356,30534,40712,50890
10179,20358,30537,40716,50895
10180,20360,30540,40720,50900
10181,20362,30543,40724,50905
10182,20364,30546,40728,50910
10183,20366,30549,40732,50915
10184,20368,30552,40736,50920
10185,20370,30555,40740,50925
10186,20372,30558,40744,50930
10187,20374,30561,40748,50935
10188,20376,30564,40752,50940
10189,20378,30567,40756,50945
10190,20380,30570,40760,50950
10191,20382,30573,40764,50955
10192,20384,30576,40768,50960
10193,20386,30579,40772,50965
10194,20388,30582,40776,50970
10195,20390,30585,40780,50975
10196,20392,30588,40784,50980
10197,20394,30591,40788,50985
10198,20396,30594,40792,50990
10199,20398,30597,40796,50995
10200,20400,30600,40800,51000
10201,20402,30603,40804,51005
10202,20404,30606,40808,51010
10203,20406,30609,40812,51015
10204,20408,30612,40816,51020
10205,20410,30615,40820,51025
10206,20412,30618,40824,51030
10207,20414,30621,40828,51035
10208,20416,30624,40832,51040
10209,20418,30627,40836,51045
10210,20420,30630,40840,51050
10211,20422,30633,40844,51055
10212,20424,30636,40848,51060
10213,20426,30639,40852,51065
10214,20428,30642,40856,51070
10215,20430,30645,40860,51075
10216,20432,30648,40864,51080
10217,20434,30651,40868,51085
10218,20436,30654,40872,51090
10219,20438,30657,40876,51095
10220,20440,30660,40880,51100
10221,20442,30663,40884,51105
10222,20444,30666,40888,51110
10223,20446,30669,40892,51115
10224,20448,30672,40896,51120
10225,20450,30675,40900,51125
10226,20452,30678,40904,51130
10227,20454,30681,40908,51135
10228,20456,30684,40912,51140
10229,20458,30687,40916,51145
10230,20460,30690,40920,51150
10231,20462,30693,40924,51155
10232,20464,30696,40928,51160
10233,20466,30699,40932,51165
10234,20468,30702,40936,51170
10235,20470,30705,40940,51175
10236,20472,30708,40944,51180
10237,20474,30711,40948,51185
10238,20476,30714,40952,51190
10239,20478,30717,40956,51195
10240,20480,30720,40960,51200
10241,20482,30723,40964,51205
10242,20484,30726,40968,51210
10243,20486,30729,40972,51215
10244,20488,30732,40976,51220
10245,20490,30735,40980,51225
10246,20492,30738,40984,51230
10247,20494,30741,40988,51235
10248,20496,30744,40992,51240
10249,20498,30747,40996,51245
10250,20500,30750,41000,51250
10251,20502,30753,41004,51255
10252,20504,30756,41008,51260
10253,20506,30759,41012,51265
10254,20508,30762,41016,51270
10255,20510,30765,41020,51275
10256,20512,30768,41024,51280
10257,20514,30771,41028,51285
10258,20516,30774,41032,51290
10259,20518,30777,41036,51295
10260,20520,30780,41040,51300
10261,20522,30783,41044,51305
10262,20524,30786,41048,51310
10263,20526,30789,41052,51315
10264,20528,30792,41056,51320
10265,20530,30795,41060,51325
10266,20532,30798,41064,51330
10267,20534,30801,41068,51335
10268,20536,30804,41072,51340
10269,20538,30807,41076,51345
10270,20540,30810,41080,51350
10271,20542,30813,41084,51355
10272,20544,30816,41088,51360
10273,20546,30819,41092,51365
10274,20548,30822,41096,51370
10275,20550,30825,41100,51375
10276,20552,30828,41104,51380
10277,20554,30831,41108,51385
10278,20556,30834,41112,51390
10279,20558,30837,41116,51395
10280,20560,30840,41120,51400
10281,20562,30843,41124,51405
10282,20564,30846,41128,51410
10283,20566,30849,41132,51415
10284,20568,30852,41136,51420
10285,20570,30855,41140,51425
10286,20572,30858,41144,51430
10287,20574,30861,41148,51435
10288,20576,30864,41152,51440
10289,20578,30867,41156,51445
10290,20580,30870,41160,51450
10291,20582,30873,41164,51455
10292,20584,30876,41168,51460
10293,20586,30879,41172,51465
10294,20588,30882,41176,51470
10295,20590,30885,41180,51475
10296,20592,30888,41184,51480
10297,20594,30891,41188,51485
10298,20596,30894,41192,51490
10299,20598,30897,41196,51495
10300,20600,30900,41200,51500
10301,20602,30903,41204,51505
10302,20604,30906,41208,51510
10303,20606,30909,41212,51515
10304,20608,30912,41216,51520
10305,20610,30915,41220,51525
10306,20612,30918,41224,51530
10307,20614,30921,41228,51535
10308,20616,30924,41232,51540
10309,20618,30927,41236,51545
10310,20620,30930,41240,51550
10311,20622,30933,41244,51555
10312,20624,30936,41248,51560
10313,20626,30939,41252,51565
10314,20628,30942,41256,51570
10315,20630,30945,41260,51575
10316,20632,30948,41264,51580
10317,20634,30951,41268,51585
10318,20636,30954,41272,51590
10319,20638,30957,41276,51595
10320,20640,30960,41280,51600
10321,20642,30963,41284,51605
10322,20644,30966,41288,51610
10323,20646,30969,41292,51615
10324,20648,30972,41296,51620
10325,20650,30975,41300,51625
10326,20652,30978,41304,51630
10327,20654,30981,41308,51635
10328,20656,30984,41312,51640
10329,20658,30987,41316,51645
10330,20660,30990,41320,51650
10331,20662,30993,41324,51655
10332,20664,30996,41328,51660
10333,20666,30999,41332,51665
10334,20668,31002,41336,51670
10335,20670,31005,41340,51675
10336,20672,31008,41344,51680
10337,20674,31011,41348,51685
10338,20676,31014,41352,51690
10339,20678,31017,41356,51695
10340,20680,31020,41360,51700
10341,20682,31023,41364,51705
10342,20684,31026,41368,51710
10343,20686,31029,41372,51715
10344,20688,31032,41376,51720
10345,20690,31035,41380,51725
10346,20692,31038,41384,51730
10347,20694,31041,41388,51735
10348,20696,31044,41392,51740
10349,20698,31047,41396,51745
10350,20700,31050,41400,51750
10351,20702,31053,41404,51755
10352,20704,31056,41408,51760
10353,20706,31059,41412,51765
10354,20708,31062,41416,51770
10355,20710,31065,41420,51775
10356,20712,31068,41424,51780
10357,20714,31071,41428,51785
10358,20716,31074,41432,51790
10359,20718,31077,41436,51795
10360,20720,31080,41440,51800
10361,20722,31083,41444,51805
10362,20724,31086,41448,51810
10363,20726,31089,41452,51815
10364,20728,31092,41456,51820
10365,20730,31095,41460,51825
10366,20732,31098,41464,51830
10367,20734,31101,41468,51835
10368,20736,31104,41472,51840
10369,20738,31107,41476,51845
10370,20740,31110,41480,51850
10371,20742,31113,41484,51855
10372,20744,31116,41488,51860
10373,20746,31119,41492,51865
10374,20748,31122,41496,51870
10375,20750,31125,41500,51875
10376,20752,31128,41504,51880
10377,20754,31131,41508,51885
10378,20756,31134,41512,51890
10379,20758,31137,41516,51895
10380,20760,31140,41520,51900
10381,20762,31143,41524,51905
10382,20764,31146,41528,51910
10383,20766,31149,41532,51915
10384,20768,31152,41536,51920
10385,20770,31155,41540,51925
10386,20772,31158,41544,51930
10387,20774,31161,41548,51935
10388,20776,31164,41552,51940
10389,20778,31167,41556,51945
10390,20780,31170,41560,51950
10391,20782,31173,41564,51955
10392,20784,31176,41568,51960
10393,20786,31179,41572,51965
10394,20788,31182,41576,51970
10395,20790,31185,41580,51975
10396,20792,31188,41584,51980
10397,20794,31191,41588,51985
10398,20796,31194,41592,51990
10399,20798,31197,41596,51995
10400,20800,31200,41600,52000
10401,20802,31203,41604,52005
10402,20804,31206,41608,52010
10403,20806,31209,41612,52015
10404,20808,31212,41616,52020
10405,20810,31215,41620,52025
10406,20812,31218,41624,52030
10407,20814,31221,41628,52035
10408,20816,31224,41632,52040
10409,20818,31227,41636,52045
10410,20820,31230,41640,52050
10411,20822,31233,41644,52055
10412,20824,31236,41648,52060
10413,20826,31239,41652,52065
10414,20828,31242,41656,52070
10415,20830,31245,41660,52075
10416,20832,31248,41664,52080
10417,20834,31251,41668,52085
10418,20836,31254,41672,52090
10419,20838,31257,41676,52095
10420,20840,31260,41680,52100
10421,20842,31263,41684,52105
10422,20844,31266,41688,52110
10423,20846,31269,41692,52115
10424,20848,31272,41696,52120
10425,20850,31275,41700,52125
10426,20852,31278,41704,52130
10427,20854,31281,41708,52135
10428,20856,31284,41712,52140
10429,20858,31287,41716,52145
10430,20860,31290,41720,52150
10431,20862,31293,41724,52155
10432,20864,31296,41728,52160
10433,20866,31299,41732,52165
10434,20868,31302,41736,52170
10435,20870,31305,41740,52175
10436,20872,31308,41744,52180
10437,20874,31311,41748,52185
10438,20876,31314,41752,52190
10439,20878,31317,41756,52195
10440,20880,31320,41760,52200
10441,20882,31323,41764,52205
10442,20884,31326,41768,52210
10443,20886,31329,41772,52215
10444,20888,31332,41776,52220
10445,20890,31335,41780,52225
10446,20892,31338,41784,52230
10447,20894,31341,41788,52235
10448,20896,31344,41792,52240
10449,20898,31347,41796,52245
10450,20900,31350,41800,52250
10451,20902,31353,41804,52255
10452,20904,31356,41808,52260
10453,20906,31359,41812,52265
10454,20908,31362,41816,52270
10455,20910,31365,41820,52275
10456,20912,31368,41824,52280
10457,20914,31371,41828,52285
10458,20916,31374,41832,52290
10459,20918,31377,41836,52295
10460,20920,31380,41840,52300
10461,20922,31383,41844,52305
10462,20924,31386,41848,52310
10463,20926,31389,41852,52315
10464,20928,31392,41856,52320
10465,20930,31395,41860,52325
10466,20932,31398,41864,52330
10467,20934,31401,41868,52335
10468,20936,31404,41872,52340
10469,20938,31407,41876,52345
10470,20940,31410,41880,52350
10471,20942,31413,41884,52355
10472,20944,31416,41888,52360
10473,20946,31419,41892,52365
10474,20948,31422,41896,52370
10475,20950,31425,41900,52375
10476,20952,31428,41904,52380
10477,20954,31431,41908,52385
10478,20956,31434,41912,52390
10479,20958,31437,41916,52395
10480,20960,31440,41920,52400
10481,20962,31443,41924,52405
10482,20964,31446,41928,52410
10483,20966,31449,41932,52415
10484,20968,31452,41936,52420
10485,20970,31455,41940,52425
10486,20972,31458,41944,52430
10487,20974,31461,41948,52435
10488,20976,31464,41952,52440
10489,20978,31467,41956,52445
10490,20980,31470,41960,52450
10491,20982,31473,41964,52455
10492,20984,31476,41968,52460
10493,20986,31479,41972,52465
10494,20988,31482,41976,52470
10495,20990,31485,41980,52475
10496,20992,31488,41984,52480
10497,20994,31491,41988,52485
10498,20996,31494,41992,52490
10499,20998,31497,41996,52495
10500,21000,31500,42000,52500
10501,21002,31503,42004,52505
10502,21004,31506,42008,52510
10503,21006,31509,42012,52515
10504,21008,31512,42016,52520
10505,21010,31515,42020,52525
10506,21012,31518,42024,52530
10507,21014,31521,42028,52535
10508,21016,31524,42032,52540
10509,21018,31527,42036,52545
10510,21020,31530,42040,52550
10511,21022,31533,42044,52555
10512,21024,31536,42048,52560
10513,21026,31539,42052,52565
10514,21028,31542,42056,52570
10515,21030,31545,42060,52575
10516,21032,31548,42064,52580
10517,21034,31551,42068,52585
10518,21036,31554,42072,52590
10519,21038,31557,42076,52595
10520,21040,31560,42080,52600
10521,21042,31563,42084,52605
10522,21044,31566,42088,52610
10523,21046,31569,42092,52615
10524,21048,31572,42096,52620
10525,21050,31575,42100,52625
10526,21052,31578,42104,52630
10527,21054,31581,42108,52635
10528,21056,31584,42112,52640
10529,21058,31587,42116,52645
10530,21060,31590,42120,52650
10531,21062,31593,42124,52655
10532,21064,31596,42128,52660
10533,21066,31599,42132,52665
10534,21068,31602,42136,52670
10535,21070,31605,42140,52675
10536,21072,31608,42144,52680
10537,21074,31611,42148,52685
10538,21076,31614,42152,52690
10539,21078,31617,42156,52695
10540,21080,31620,42160,52700
10541,21082,31623,42164,52705
10542,21084,31626,42168,52710
10543,21086,31629,42172,52715
10544,21088,31632,42176,52720
10545,21090,31635,42180,52725
10546,21092,31638,42184,52730
10547,21094,31641,42188,52735
10548,21096,31644,42192,52740
10549,21098,31647,42196,52745
10550,21100,31650,42200,52750
10551,21102,31653,42204,52755
10552,21104,31656,42208,52760
10553,21106,31659,42212,52765
10554,21108,31662,42216,52770
10555,21110,31665,42220,52775
10556,21112,31668,42224,52780
10557,21114,31671,42228,52785
10558,21116,31674,42232,52790
10559,21118,31677,42236,52795
10560,21120,31680,42240,52800
10561,21122,31683,42244,52805
10562,21124,31686,42248,52810
10563,21126,31689,42252,52815
10564,21128,31692,42256,52820
10565,21130,31695,42260,52825
10566,21132,31698,42264,52830
10567,21134,31701,42268,52835
10568,21136,31704,42272,52840
10569,21138,31707,42276,52845
10570,21140,31710,42280,52850
10571,21142,31713,42284,52855
10572,21144,31716,42288,52860
10573,21146,31719,42292,52865
10574,21148,31722,42296,52870
10575,21150,31725,42300,52875
10576,21152,31728,42304,52880
10577,21154,31731,42308,52885
10578,21156,31734,42312,52890
10579,21158,31737,42316,52895
10580,21160,31740,42320,52900
10581,21162,31743,42324,52905
10582,21164,31746,42328,52910
10583,21166,31749,42332,52915
10584,21168,31752,42336,52920
10585,21170,31755,42340,52925
10586,21172,31758,42344,52930
10587,21174,31761,42348,52935
10588,21176,31764,42352,52940
10589,21178,31767,42356,52945
10590,21180,31770,42360,52950
10591,21182,31773,42364,52955
10592,21184,31776,42368,52960
10593,21186,31779,42372,52965
10594,21188,31782,42376,52970
10595,21190,31785,42380,52975
10596,21192,31788,42384,52980
10597,21194,31791,42388,52985
10598,21196,31794,42392,52990
10599,21198,31797,42396,52995
10600,21200,31800,42400,53000
10601,21202,31803,42404,53005
10602,21204,31806,42408,53010
10603,21206,31809,42412,53015
10604,21208,31812,42416,53020
10605,21210,31815,42420,53025
10606,21212,31818,42424,53030
10607,21214,31821,42428,53035
10608,21216,31824,42432,53040
10609,21218,31827,42436,53045
10610,21220,31830,42440,53050
10611,21222,31833,42444,53055
10612,21224,31836,42448,53060
10613,21226,31839,42452,53065
10614,21228,31842,42456,53070
10615,21230,31845,42460,53075
10616,21232,31848,42464,53080
10617,21234,31851,42468,53085
10618,21236,31854,42472,53090
10619,21238,31857,42476,53095
10620,21240,31860,42480,53100
10621,21242,31863,42484,53105
10622,21244,31866,42488,53110
10623,21246,31869,42492,53115
10624,21248,31872,42496,53120
10625,21250,31875,42500,53125
10626,21252,31878,42504,53130
10627,21254,31881,42508,53135
10628,21256,31884,42512,53140
10629,21258,31887,42516,53145
10630,21260,31890,42520,53150
10631,21262,31893,42524,53155
10632,21264,31896,42528,53160
10633,21266,31899,42532,53165
10634,21268,31902,42536,53170
10635,21270,31905,42540,53175
10636,21272,31908,42544,53180
10637,21274,31911,42548,53185
10638,21276,31914,42552,53190
10639,21278,31917,42556,53195
10640,21280,31920,42560,53200
10641,21282,31923,42564,53205
10642,21284,31926,42568,53210
10643,21286,31929,42572,53215
10644,21288,31932,42576,53220
10645,21290,31935,42580,53225
10646,21292,31938,42584,53230
10647,21294,31941,42588,53235
10648,21296,31944,42592,53240
10649,21298,31947,42596,53245
10650,21300,31950,42600,53250
10651,21302,31953,42604,53255
10652,21304,31956,42608,53260
10653,21306,31959,42612,53265
10654,21308,31962,42616,53270
10655,21310,31965,42620,53275
10656,21312,31968,42624,53280
10657,21314,31971,42628,53285
10658,21316,31974,42632,53290
10659,21318,31977,42636,53295
10660,21320,31980,42640,53300
10661,21322,31983,42644,53305
10662,21324,31986,42648,53310
10663,21326,31989,42652,53315
10664,21328,31992,42656,53320
10665,21330,31995,42660,53325
10666,21332,31998,42664,53330
10667,21334,32001,42668,53335
10668,21336,32004,42672,53340
10669,21338,32007,42676,53345
10670,21340,32010,42680,53350
10671,21342,32013,42684,53355
10672,21344,32016,42688,53360
10673,21346,32019,42692,53365
10674,21348,32022,42696,53370
10675,21350,32025,42700,53375
10676,21352,32028,42704,53380
10677,21354,32031,42708,53385
10678,21356,32034,42712,53390
10679,21358,32037,42716,53395
10680,21360,32040,42720,53400
10681,21362,32043,42724,53405
10682,21364,32046,42728,53410
10683,21366,32049,42732,53415
10684,21368,32052,42736,53420
10685,21370,32055,42740,53425
10686,21372,32058,42744,53430
10687,21374,32061,42748,53435
10688,21376,32064,42752,53440
10689,21378,32067,42756,53445
10690,21380,32070,42760,53450
10691,21382,32073,42764,53455
10692,21384,32076,42768,53460
10693,21386,32079,42772,53465
10694,21388,32082,42776,53470
10695,21390,32085,42780,53475
10696,21392,32088,42784,53480
10697,21394,32091,42788,53485
10698,21396,32094,42792,53490
10699,21398,32097,42796,53495
10700,21400,32100,42800,53500
10701,21402,32103,42804,53505
10702,21404,32106,42808,53510
10703,21406,32109,42812,53515
10704,21408,32112,42816,53520
10705,21410,32115,42820,53525
10706,21412,32118,42824,53530
10707,21414,32121,42828,53535
10708,21416,32124,42832,53540
10709,21418,32127,42836,53545
10710,21420,32130,42840,53550
10711,21422,32133,42844,53555
10712,21424,32136,42848,53560
10713,21426,32139,42852,53565
10714,21428,32142,42856,53570
10715,21430,32145,42860,53575
10716,21432,32148,42864,53580
10717,21434,32151,42868,53585
10718,21436,32154,42872,53590
10719,21438,32157,42876,53595
10720,21440,32160,42880,53600
10721,21442,32163,42884,53605
10722,21444,32166,42888,53610
10723,21446,32169,42892,53615
10724,21448,32172,42896,53620
10725,21450,32175,42900,53625
10726,21452,32178,42904,53630
10727,21454,32181,42908,53635
10728,21456,32184,42912,53640
10729,21458,32187,42916,53645
10730,21460,32190,42920,53650
10731,21462,32193,42924,53655
10732,21464,32196,42928,53660
10733,21466,32199,42932,53665
10734,21468,32202,42936,53670
10735,21470,32205,42940,53675
10736,21472,32208,42944,53680
10737,21474,32211,42948,53685
10738,21476,32214,42952,53690
10739,21478,32217,42956,53695
10740,21480,32220,42960,53700
10741,21482,32223,42964,53705
10742,21484,32226,42968,53710
10743,21486,32229,42972,53715
10744,21488,32232,42976,53720
10745,21490,32235,42980,53725
10746,21492,32238,42984,53730
10747,21494,32241,42988,53735
10748,21496,32244,42992,53740
10749,21498,32247,42996,53745
10750,21500,32250,43000,53750
10751,21502,32253,43004,53755
10752,21504,32256,43008,53760
10753,21506,32259,43012,53765
10754,21508,32262,43016,53770
10755,21510,32265,43020,53775
10756,21512,32268,43024,53780
10757,21514,32271,43028,53785
10758,21516,32274,43032,53790
10759,21518,32277,43036,53795
10760,21520,32280,43040,53800
10761,21522,32283,43044,53805
10762,21524,32286,43048,53810
10763,21526,32289,43052,53815
10764,21528,32292,43056,53820
10765,21530,32295,43060,53825
10766,21532,32298,43064,53830
10767,21534,32301,43068,53835
10768,21536,32304,43072,53840
10769,21538,32307,43076,53845
10770,21540,32310,43080,53850
10771,21542,32313,43084,53855
10772,21544,32316,43088,53860
10773,21546,32319,43092,53865
10774,21548,32322,43096,53870
10775,21550,32325,43100,53875
10776,21552,32328,43104,53880
10777,21554,32331,43108,53885
10778,21556,32334,43112,53890
10779,21558,32337,43116,53895
10780,21560,32340,43120,53900
10781,21562,32343,43124,53905
10782,21564,32346,43128,53910
10783,21566,32349,43132,53915
10784,21568,32352,43136,53920
10785,21570,32355,43140,53925
10786,21572,32358,43144,53930
10787,21574,32361,43148,53935
10788,21576,32364,43152,53940
10789,21578,32367,43156,53945
10790,21580,32370,43160,53950
10791,21582,32373,43164,53955
10792,21584,32376,43168,53960
10793,21586,32379,43172,53965
10794,21588,32382,43176,53970
10795,21590,32385,43180,53975
10796,21592,32388,43184,53980
10797,21594,32391,43188,53985
10798,21596,32394,43192,53990
10799,21598,32397,43196,53995
10800,21600,32400,43200,54000
10801,21602,32403,43204,54005
10802,21604,32406,43208,54010
10803,21606,32409,43212,54015
10804,21608,32412,43216,54020
10805,21610,32415,43220,54025
10806,21612,32418,43224,54030
10807,21614,32421,43228,54035
10808,21616,32424,43232,54040
10809,21618,32427,43236,54045
10810,21620,32430,43240,54050
10811,21622,32433,43244,54055
10812,21624,32436,43248,54060
10813,21626,32439,43252,54065
10814,21628,32442,43256,54070
10815,21630,32445,43260,54075
10816,21632,32448,43264,54080
10817,21634,32451,43268,54085
10818,21636,32454,43272,54090
10819,21638,32457,43276,54095
10820,21640,32460,43280,54100
10821,21642,32463,43284,54105
10822,21644,32466,43288,54110
10823,21646,32469,43292,54115
10824,21648,32472,43296,54120
10825,21650,32475,43300,54125
10826,21652,32478,43304,54130
10827,21654,32481,43308,54135
10828,21656,32484,43312,54140
10829,21658,32487,43316,54145
10830,21660,32490,43320,54150
10831,21662,32493,43324,54155
10832,21664,32496,43328,54160
10833,21666,32499,43332,54165
10834,21668,32502,43336,54170
10835,21670,32505,43340,54175
10836,21672,32508,43344,54180
10837,21674,32511,43348,54185
10838,21676,32514,43352,54190
10839,21678,32517,43356,54195
10840,21680,32520,43360,54200
10841,21682,32523,43364,54205
10842,21684,32526,43368,54210
10843,21686,32529,43372,54215
10844,21688,32532,43376,54220
10845,21690,32535,43380,54225
10846,21692,32538,43384,54230
10847,21694,32541,43388,54235
10848,21696,32544,43392,54240
10849,21698,32547,43396,54245
10850,21700,32550,43400,54250
10851,21702,32553,43404,54255
10852,21704,32556,43408,54260
10853,21706,32559,43412,54265
10854,21708,32562,43416,54270
10855,21710,32565,43420,54275
10856,21712,32568,43424,54280
10857,21714,32571,43428,54285
10858,21716,32574,43432,54290
10859,21718,32577,43436,54295
10860,21720,32580,43440,54300
10861,21722,32583,43444,54305
10862,21724,32586,43448,54310
10863,21726,32589,43452,54315
10864,21728,32592,43456,54320
10865,21730,32595,43460,54325
10866,21732,32598,43464,54330
10867,21734,32601,43468,54335
10868,21736,32604,43472,54340
10869,21738,32607,43476,54345
10870,21740,32610,43480,54350
10871,21742,32613,43484,54355
10872,21744,32616,43488,54360
10873,21746,32619,43492,54365
10874,21748,32622,43496,54370
10875,21750,32625,43500,54375
10876,21752,32628,43504,54380
10877,21754,32631,43508,54385
10878,21756,32634,43512,54390
10879,21758,32637,43516,54395
10880,21760,32640,43520,54400
10881,21762,32643,43524,54405
10882,21764,32646,43528,54410
10883,21766,32649,43532,54415
10884,21768,32652,43536,54420
10885,21770,32655,43540,54425
10886,21772,32658,43544,54430
10887,21774,32661,43548,54435
10888,21776,32664,43552,54440
10889,21778,32667,43556,54445
10890,21780,32670,43560,54450
10891,21782,32673,43564,54455
10892,21784,32676,43568,54460
10893,21786,32679,43572,54465
10894,21788,32682,43576,54470
10895,21790,32685,43580,54475
10896,21792,32688,43584,54480
10897,21794,32691,43588,54485
10898,21796,32694,43592,54490
10899,21798,32697,43596,54495
10900,21800,32700,43600,54500
10901,21802,32703,43604,54505
10902,21804,32706,43608,54510
10903,21806,32709,43612,54515
10904,21808,32712,43616,54520
10905,21810,32715,43620,54525
10906,21812,32718,43624,54530
10907,21814,32721,43628,54535
10908,21816,32724,43632,54540
10909,21818,32727,43636,54545
10910,21820,32730,43640,54550
10911,21822,32733,43644,54555
10912,21824,32736,43648,54560
10913,21826,32739,43652,54565
10914,21828,32742,43656,54570
10915,21830,32745,43660,54575
10916,21832,32748,43664,54580
10917,21834,32751,43668,54585
10918,21836,32754,43672,54590
10919,21838,32757,43676,54595
10920,21840,32760,43680,54600
10921,21842,32763,43684,54605
10922,21844,32766,43688,54610
10923,21846,32769,43692,54615
10924,21848,32772,43696,54620
10925,21850,32775,43700,54625
10926,21852,32778,43704,54630
10927,21854,32781,43708,54635
10928,21856,32784,43712,54640
10929,21858,32787,43716,54645
10930,21860,32790,43720,54650
10931,21862,32793,43724,54655
10932,21864,32796,43728,54660
10933,21866,32799,43732,54665
10934,21868,32802,43736,54670
10935,21870,32805,43740,54675
10936,21872,32808,43744,54680
10937,21874,32811,43748,54685
10938,21876,32814,43752,54690
10939,21878,32817,43756,54695
10940,21880,32820,43760,54700
10941,21882,32823,43764,54705
10942,21884,32826,43768,54710
10943,21886,32829,43772,54715
10944,21888,32832,43776,54720
10945,21890,32835,43780,54725
10946,21892,32838,43784,54730
10947,21894,32841,43788,54735
10948,21896,32844,43792,54740
10949,21898,32847,43796,54745
10950,21900,32850,43800,54750
10951,21902,32853,43804,54755
10952,21904,32856,43808,54760
10953,21906,32859,43812,54765
10954,21908,32862,43816,54770
10955,21910,32865,43820,54775
10956,21912,32868,43824,54780
10957,21914,32871,43828,54785
10958,21916,32874,43832,54790
10959,21918,32877,43836,54795
10960,21920,32880,43840,54800
10961,21922,32883,43844,54805
10962,21924,32886,43848,54810
10963,21926,32889,43852,54815
10964,21928,32892,43856,54820
10965,21930,32895,43860,54825
10966,21932,32898,43864,54830
10967,21934,32901,43868,54835
10968,21936,32904,43872,54840
10969,21938,32907,43876,54845
10970,21940,32910,43880,54850
10971,21942,32913,43884,54855
10972,21944,32916,43888,54860
10973,21946,32919,43892,54865
10974,21948,32922,43896,54870
10975,21950,32925,43900,54875
10976,21952,32928,43904,54880
10977,21954,32931,43908,54885
10978,21956,32934,43912,54890
10979,21958,32937,43916,54895
10980,21960,32940,43920,54900
10981,21962,32943,43924,54905
10982,21964,32946,43928,54910
10983,21966,32949,43932,54915
10984,21968,32952,43936,54920
10985,21970,32955,43940,54925
10986,21972,32958,43944,54930
10987,21974,32961,43948,54935
10988,21976,32964,43952,54940
10989,21978,32967,43956,54945
10990,21980,32970,43960,54950
10991,21982,32973,43964,54955
10992,21984,32976,43968,54960
10993,21986,32979,43972,54965
10994,21988,32982,43976,54970
10995,21990,32985,43980,54975
10996,21992,32988,43984,54980
10997,21994,32991,43988,54985
10998,21996,32994,43992,54990
10999,21998,32997,43996,54995
11000,22000,33000,44000,55000
11001,22002,33003,44004,55005
11002,22004,33006,44008,55010
11003,22006,33009,44012,55015
11004,22008,33012,44016,55020
11005,22010,33015,44020,55025
11006,22012,33018,44024,55030
11007,22014,33021,44028,55035
11008,22016,33024,44032,55040
11009,22018,33027,44036,55045
11010,22020,33030,44040,55050
11011,22022,33033,44044,55055
11012,22024,33036,44048,55060
11013,22026,33039,44052,55065
11014,22028,33042,44056,55070
11015,22030,33045,44060,55075
11016,22032,33048,44064,55080
11017,22034,33051,44068,55085
11018,22036,33054,44072,55090
11019,22038,33057,44076,55095
11020,22040,33060,44080,55100
11021,22042,33063,44084,55105
11022,22044,33066,44088,55110
11023,22046,33069,44092,55115
11024,22048,33072,44096,55120
11025,22050,33075,44100,55125
11026,22052,33078,44104,55130
11027,22054,33081,44108,55135
11028,22056,33084,44112,55140
11029,22058,33087,44116,55145
11030,22060,33090,44120,55150
11031,22062,33093,44124,55155
11032,22064,33096,44128,55160
11033,22066,33099,44132,55165
11034,22068,33102,44136,55170
11035,22070,33105,44140,55175
11036,22072,33108,44144,55180
11037,22074,33111,44148,55185
11038,22076,33114,44152,55190
11039,22078,33117,44156,55195
11040,22080,33120,44160,55200
11041,22082,33123,44164,55205
11042,22084,33126,44168,55210
11043,22086,33129,44172,55215
11044,22088,33132,44176,55220
11045,22090,33135,44180,55225
11046,22092,33138,44184,55230
11047,22094,33141,44188,55235
11048,22096,33144,44192,55240
11049,22098,33147,44196,55245
11050,22100,33150,44200,55250
11051,22102,33153,44204,55255
11052,22104,33156,44208,55260
11053,22106,33159,44212,55265
11054,22108,33162,44216,55270
11055,22110,33165,44220,55275
11056,22112,33168,44224,55280
11057,22114,33171,44228,55285
11058,22116,33174,44232,55290
11059,22118,33177,44236,55295
11060,22120,33180,44240,55300
11061,22122,33183,44244,55305
11062,22124,33186,44248,55310
11063,22126,33189,44252,55315
11064,22128,33192,44256,55320
11065,22130,33195,44260,55325
11066,22132,33198,44264,55330
11067,22134,33201,44268,55335
11068,22136,33204,44272,55340
11069,22138,33207,44276,55345
11070,22140,33210,44280,55350
11071,22142,33213,44284,55355
11072,22144,33216,44288,55360
11073,22146,33219,44292,55365
11074,22148,33222,44296,55370
11075,22150,33225,44300,55375
11076,22152,33228,44304,55380
11077,22154,33231,44308,55385
11078,22156,33234,44312,55390
11079,22158,33237,44316,55395
11080,22160,33240,44320,55400
11081,22162,33243,44324,55405
11082,22164,33246,44328,55410
11083,22166,33249,44332,55415
11084,22168,33252,44336,55420
11085,22170,33255,44340,55425
11086,22172,33258,44344,55430
11087,22174,33261,44348,55435
11088,22176,33264,44352,55440
11089,22178,33267,44356,55445
11090,22180,33270,44360,55450
11091,22182,33273,44364,55455
11092,22184,33276,44368,55460
11093,22186,33279,44372,55465
11094,22188,33282,44376,55470
11095,22190,33285,44380,55475
11096,22192,33288,44384,55480
11097,22194,33291,44388,55485
11098,22196,33294,44392,55490
11099,22198,33297,44396,55495
11100,22200,33300,44400,55500
11101,22202,33303,44404,55505
11102,22204,33306,44408,55510
11103,22206,33309,44412,55515
11104,22208,33312,44416,55520
11105,22210,33315,44420,55525
11106,22212,33318,44424,55530
11107,22214,33321,44428,55535
11108,22216,33324,44432,55540
11109,22218,33327,44436,55545
11110,22220,33330,44440,55550
11111,22222,33333,44444,55555
11112,22224,33336,44448,55560
11113,22226,33339,44452,55565
11114,22228,33342,44456,55570
11115,22230,33345,44460,55575
11116,22232,33348,44464,55580
11117,22234,33351,44468,55585
11118,22236,33354,44472,55590
11119,22238,33357,44476,55595
11120,22240,33360,44480,55600
11121,22242,33363,44484,55605
11122,22244,33366,44488,55610
11123,22246,33369,44492,55615
11124,22248,33372,44496,55620
11125,22250,33375,44500,55625
11126,22252,33378,44504,55630
11127,22254,33381,44508,55635
11128,22256,33384,44512,55640
11129,22258,33387,44516,55645
11130,22260,33390,44520,55650
11131,22262,33393,44524,55655
11132,22264,33396,44528,55660
11133,22266,33399,44532,55665
11134,22268,33402,44536,55670
11135,22270,33405,44540,55675
11136,22272,33408,44544,55680
11137,22274,33411,44548,55685
11138,22276,33414,44552,55690
11139,22278,33417,44556,55695
11140,22280,33420,44560,55700
11141,22282,33423,44564,55705
11142,22284,33426,44568,55710
11143,22286,33429,44572,55715
11144,22288,33432,44576,55720
11145,22290,33435,44580,55725
11146,22292,33438,44584,55730
11147,22294,33441,44588,55735
11148,22296,33444,44592,55740
11149,22298,33447,44596,55745
11150,22300,33450,44600,55750
11151,22302,33453,44604,55755
11152,22304,33456,44608,55760
11153,22306,33459,44612,55765
11154,22308,33462,44616,55770
11155,22310,33465,44620,55775
11156,22312,33468,44624,55780
11157,22314,33471,44628,55785
11158,22316,33474,44632,55790
11159,22318,33477,44636,55795
11160,22320,33480,44640,55800
11161,22322,33483,44644,55805
11162,22324,33486,44648,55810
11163,22326,33489,44652,55815
11164,22328,33492,44656,55820
11165,22330,33495,44660,55825
11166,22332,33498,44664,55830
11167,22334,33501,44668,55835
11168,22336,33504,44672,55840
11169,22338,33507,44676,55845
11170,22340,33510,44680,55850
11171,22342,33513,44684,55855
11172,22344,33516,44688,55860
11173,22346,33519,44692,55865
11174,22348,33522,44696,55870
11175,22350,33525,44700,55875
11176,22352,33528,44704,55880
11177,22354,33531,44708,55885
11178,22356,33534,44712,55890
11179,22358,33537,44716,55895
11180,22360,33540,44720,55900
11181,22362,33543,44724,55905
11182,22364,33546,44728,55910
11183,22366,33549,44732,55915
11184,22368,33552,44736,55920
11185,22370,33555,44740,55925
11186,22372,33558,44744,55930
11187,22374,33561,44748,55935
11188,22376,33564,44752,55940
11189,22378,33567,44756,55945
11190,22380,33570,44760,55950
11191,22382,33573,44764,55955
11192,22384,33576,44768,55960
11193,22386,33579,44772,55965
11194,22388,33582,44776,55970
11195,22390,33585,44780,55975
11196,22392,33588,44784,55980
11197,22394,33591,44788,55985
11198,22396,33594,44792,55990
11199,22398,33597,44796,55995
11200,22400,33600,44800,56000
11201,22402,33603,44804,56005
11202,22404,33606,44808,56010
11203,22406,33609,44812,56015
11204,22408,33612,44816,56020
11205,22410,33615,44820,56025
11206,22412,33618,44824,56030
11207,22414,33621,44828,56035
11208,22416,33624,44832,56040
11209,22418,33627,44836,56045
11210,22420,33630,44840,56050
11211,22422,33633,44844,56055
11212,22424,33636,44848,56060
11213,22426,33639,44852,56065
11214,22428,33642,44856,56070
11215,22430,33645,44860,56075
11216,22432,33648,44864,56080
11217,22434,33651,44868,56085
11218,22436,33654,44872,56090
11219,22438,33657,44876,56095
11220,22440,33660,44880,56100
11221,22442,33663,44884,56105
11222,22444,33666,44888,56110
11223,22446,33669,44892,56115
11224,22448,33672,44896,56120
11225,22450,33675,44900,56125
11226,22452,33678,44904,56130
11227,22454,33681,44908,56135
11228,22456,33684,44912,56140
11229,22458,33687,44916,56145
11230,22460,33690,44920,56150
11231,22462,33693,44924,56155
11232,22464,33696,44928,56160
11233,22466,33699,44932,56165
11234,22468,33702,44936,56170
11235,22470,33705,44940,56175
11236,22472,33708,44944,56180
11237,22474,33711,44948,56185
11238,22476,33714,44952,56190
11239,22478,33717,44956,56195
11240,22480,33720,44960,56200
11241,22482,33723,44964,56205
11242,22484,33726,44968,56210
11243,22486,33729,44972,56215
11244,22488,33732,44976,56220
11245,22490,33735,44980,56225
11246,22492,33738,44984,56230
11247,22494,33741,44988,56235
11248,22496,33744,44992,56240
11249,22498,33747,44996,56245
11250,22500,33750,45000,56250
11251,22502,33753,45004,56255
11252,22504,33756,45008,56260
11253,22506,33759,45012,56265
11254,22508,33762,45016,56270
11255,22510,33765,45020,56275
11256,22512,33768,45024,56280
11257,22514,33771,45028,56285
11258,22516,33774,45032,56290
11259,22518,33777,45036,56295
11260,22520,33780,45040,56300
11261,22522,33783,45044,56305
11262,22524,33786,45048,56310
11263,22526,33789,45052,56315
11264,22528,33792,45056,56320
11265,22530,33795,45060,56325
11266,22532,33798,45064,56330
11267,22534,33801,45068,56335
11268,22536,33804,45072,56340
11269,22538,33807,45076,56345
11270,22540,33810,45080,56350
11271,22542,33813,45084,56355
11272,22544,33816,45088,56360
11273,22546,33819,45092,56365
11274,22548,33822,45096,56370
11275,22550,33825,45100,56375
11276,22552,33828,45104,56380
11277,22554,33831,45108,56385
11278,22556,33834,45112,56390
11279,22558,33837,45116,56395
11280,22560,33840,45120,56400
11281,22562,33843,45124,56405
11282,22564,33846,45128,56410
11283,22566,33849,45132,56415
11284,22568,33852,45136,56420
11285,22570,33855,45140,56425
11286,22572,33858,45144,56430
11287,22574,33861,45148,56435
11288,22576,33864,45152,56440
11289,22578,33867,45156,56445
11290,22580,33870,45160,56450
11291,22582,33873,45164,56455
11292,22584,33876,45168,56460
11293,22586,33879,45172,56465
11294,22588,33882,45176,56470
11295,22590,33885,45180,56475
11296,22592,33888,45184,56480
11297,22594,33891,45188,56485
11298,22596,33894,45192,56490
11299,22598,33897,45196,56495
11300,22600,33900,45200,56500
11301,22602,33903,45204,56505
11302,22604,33906,45208,56510
11303,22606,33909,45212,56515
11304,22608,33912,45216,56520
11305,22610,33915,45220,56525
11306,22612,33918,45224,56530
11307,22614,33921,45228,56535
11308,22616,33924,45232,56540
11309,22618,33927,45236,56545
11310,22620,33930,45240,56550
11311,22622,33933,45244,56555
11312,22624,33936,45248,56560
11313,22626,33939,45252,56565
11314,22628,33942,45256,56570
11315,22630,33945,45260,56575
11316,22632,33948,45264,56580
11317,22634,33951,45268,56585
11318,22636,33954,45272,56590
11319,22638,33957,45276,56595
11320,22640,33960,45280,56600
11321,22642,33963,45284,56605
11322,22644,33966,45288,56610
11323,22646,33969,45292,56615
11324,22648,33972,45296,56620
11325,22650,33975,45300,56625
11326,22652,33978,45304,56630
11327,22654,33981,45308,56635
11328,22656,33984,45312,56640
11329,22658,33987,45316,56645
11330,22660,33990,45320,56650
11331,22662,33993,45324,56655
11332,22664,33996,45328,56660
11333,22666,33999,45332,56665
11334,22668,34002,45336,56670
11335,22670,34005,45340,56675
11336,22672,34008,45344,56680
11337,22674,34011,45348,56685
11338,22676,34014,45352,56690
11339,22678,34017,45356,56695
11340,22680,34020,45360,56700
11341,22682,34023,45364,56705
11342,22684,34026,45368,56710
11343,22686,34029,45372,56715
11344,22688,34032,45376,56720
11345,22690,34035,45380,56725
11346,22692,34038,45384,56730
11347,22694,34041,45388,56735
11348,22696,34044,45392,56740
11349,22698,34047,45396,56745
11350,22700,34050,45400,56750
11351,22702,34053,45404,56755
11352,22704,34056,45408,56760
11353,22706,34059,45412,56765
11354,22708,34062,45416,56770
11355,22710,34065,45420,56775
11356,22712,34068,45424,56780
11357,22714,34071,45428,56785
11358,22716,34074,45432,56790
11359,22718,34077,45436,56795
11360,22720,34080,45440,56800
11361,22722,34083,45444,56805
11362,22724,34086,45448,56810
11363,22726,34089,45452,56815
11364,22728,34092,45456,56820
11365,22730,34095,45460,56825
11366,22732,34098,45464,56830
11367,22734,34101,45468,56835
11368,22736,34104,45472,56840
11369,22738,34107,45476,56845
11370,22740,34110,45480,56850
11371,22742,34113,45484,56855
11372,22744,34116,45488,56860
11373,22746,34119,45492,56865
11374,22748,34122,45496,56870
11375,22750,34125,45500,56875
11376,22752,34128,45504,56880
11377,22754,34131,45508,56885
11378,22756,34134,45512,56890
11379,22758,34137,45516,56895
11380,22760,34140,45520,56900
11381,22762,34143,45524,56905
11382,22764,34146,45528,56910
11383,22766,34149,45532,56915
11384,22768,34152,45536,56920
11385,22770,34155,45540,56925
11386,22772,34158,45544,56930
11387,22774,34161,45548,56935
11388,22776,34164,45552,56940
11389,22778,34167,45556,56945
11390,22780,34170,45560,56950
11391,22782,34173,45564,56955
11392,22784,34176,45568,56960
11393,22786,34179,45572,56965
11394,22788,34182,45576,56970
11395,22790,34185,45580,56975
11396,22792,34188,45584,56980
11397,22794,34191,45588,56985
11398,22796,34194,45592,56990
11399,22798,34197,45596,56995
11400,22800,34200,45600,57000
11401,22802,34203,45604,57005
11402,22804,34206,45608,57010
11403,22806,34209,45612,57015
11404,22808,34212,45616,57020
11405,22810,34215,45620,57025
11406,22812,34218,45624,57030
11407,22814,34221,45628,57035
11408,22816,34224,45632,57040
11409,22818,34227,45636,57045
11410,22820,34230,45640,57050
11411,22822,34233,45644,57055
11412,22824,34236,45648,57060
11413,22826,34239,45652,57065
11414,22828,34242,45656,57070
11415,22830,34245,45660,57075
11416,22832,34248,45664,57080
11417,22834,34251,45668,57085
11418,22836,34254,45672,57090
11419,22838,34257,45676,57095
11420,22840,34260,45680,57100
11421,22842,34263,45684,57105
11422,22844,34266,45688,57110
11423,22846,34269,45692,57115
11424,22848,34272,45696,57120
11425,22850,34275,45700,57125
11426,22852,34278,45704,57130
11427,22854,34281,45708,57135
11428,22856,34284,45712,57140
11429,22858,34287,45716,57145
11430,22860,34290,45720,57150
11431,22862,34293,45724,57155
11432,22864,34296,45728,57160
11433,22866,34299,45732,57165
11434,22868,34302,45736,57170
11435,22870,34305,45740,57175
11436,22872,34308,45744,57180
11437,22874,34311,45748,57185
11438,22876,34314,45752,57190
11439,22878,34317,45756,57195
11440,22880,34320,45760,57200
11441,22882,34323,45764,57205
11442,22884,34326,45768,57210
11443,22886,34329,45772,57215
11444,22888,34332,45776,57220
11445,22890,34335,45780,57225
11446,22892,34338,45784,57230
11447,22894,34341,45788,57235
11448,22896,34344,45792,57240
11449,22898,34347,45796,57245
11450,22900,34350,45800,57250
11451,22902,34353,45804,57255
11452,22904,34356,45808,57260
11453,22906,34359,45812,57265
11454,22908,34362,45816,57270
11455,22910,34365,45820,57275
11456,22912,34368,45824,57280
11457,22914,34371,45828,57285
11458,22916,34374,45832,57290
11459,22918,34377,45836,57295
11460,22920,34380,45840,57300
11461,22922,34383,45844,57305
11462,22924,34386,45848,57310
11463,22926,34389,45852,57315
11464,22928,34392,45856,57320
11465,22930,34395,45860,57325
11466,22932,34398,45864,57330
11467,22934,34401,45868,57335
11468,22936,34404,45872,57340
11469,22938,34407,45876,57345
11470,22940,34410,45880,57350
11471,22942,34413,45884,57355
11472,22944,34416,45888,57360
11473,22946,34419,45892,57365
11474,22948,34422,45896,57370
11475,22950,34425,45900,57375
11476,22952,34428,45904,57380
11477,22954,34431,45908,57385
11478,22956,34434,45912,57390
11479,22958,34437,45916,57395
11480,22960,34440,45920,57400
11481,22962,34443,45924,57405
11482,22964,34446,45928,57410
11483,22966,34449,45932,57415
11484,22968,34452,45936,57420
11485,22970,34455,45940,57425
11486,22972,34458,45944,57430
11487,22974,34461,45948,57435
11488,22976,34464,45952,57440
11489,22978,34467,45956,57445
11490,22980,34470,45960,57450
11491,22982,34473,45964,57455
11492,22984,34476,45968,57460
11493,22986,34479,45972,57465
11494,22988,34482,45976,57470
11495,22990,34485,45980,57475
11496,22992,34488,45984,57480
11497,22994,34491,45988,57485
11498,22996,34494,45992,57490
11499,22998,34497,45996,57495
11500,23000,34500,46000,57500
11501,23002,34503,46004,57505
11502,23004,34506,46008,57510
11503,23006,34509,46012,57515
11504,23008,34512,46016,57520
11505,23010,34515,46020,57525
11506,23012,34518,46024,57530
11507,23014,34521,46028,57535
11508,23016,34524,46032,57540
11509,23018,34527,46036,57545
11510,23020,34530,46040,57550
11511,23022,34533,46044,57555
11512,23024,34536,46048,57560
11513,23026,34539,46052,57565
11514,23028,34542,46056,57570
11515,23030,34545,46060,57575
11516,23032,34548,46064,57580
11517,23034,34551,46068,57585
11518,23036,34554,46072,57590
11519,23038,34557,46076,57595
11520,23040,34560,46080,57600
11521,23042,34563,46084,57605
11522,23044,34566,46088,57610
11523,23046,34569,46092,57615
11524,23048,34572,46096,57620
11525,23050,34575,46100,57625
11526,23052,34578,46104,57630
11527,23054,34581,46108,57635
11528,23056,34584,46112,57640
11529,23058,34587,46116,57645
11530,23060,34590,46120,57650
11531,23062,34593,46124,57655
11532,23064,34596,46128,57660
11533,23066,34599,46132,57665
11534,23068,34602,46136,57670
11535,23070,34605,46140,57675
11536,23072,34608,46144,57680
11537,23074,34611,46148,57685
11538,23076,34614,46152,57690
11539,23078,34617,46156,57695
11540,23080,34620,46160,57700
11541,23082,34623,46164,57705
11542,23084,34626,46168,57710
11543,23086,34629,46172,57715
11544,23088,34632,46176,57720
11545,23090,34635,46180,57725
11546,23092,34638,46184,57730
11547,23094,34641,46188,57735
11548,23096,34644,46192,57740
11549,23098,34647,46196,57745
11550,23100,34650,46200,57750
11551,23102,34653,46204,57755
11552,23104,34656,46208,57760
11553,23106,34659,46212,57765
11554,23108,34662,46216,57770
11555,23110,34665,46220,57775
11556,23112,34668,46224,57780
11557,23114,34671,46228,57785
11558,23116,34674,46232,57790
11559,23118,34677,46236,57795
11560,23120,34680,46240,57800
11561,23122,34683,46244,57805
11562,23124,34686,46248,57810
11563,23126,34689,46252,57815
11564,23128,34692,46256,57820
11565,23130,34695,46260,57825
11566,23132,34698,46264,57830
11567,23134,34701,46268,57835
11568,23136,34704,46272,57840
11569,23138,34707,46276,57845
11570,23140,34710,46280,57850
11571,23142,34713,46284,57855
11572,23144,34716,46288,57860
11573,23146,34719,46292,57865
11574,23148,34722,46296,57870
11575,23150,34725,46300,57875
11576,23152,34728,46304,57880
11577,23154,34731,46308,57885
11578,23156,34734,46312,57890
11579,23158,34737,46316,57895
11580,23160,34740,46320,57900
11581,23162,34743,46324,57905
11582,23164,34746,46328,57910
11583,23166,34749,46332,57915
11584,23168,34752,46336,57920
11585,23170,34755,46340,57925
11586,23172,34758,46344,57930
11587,23174,34761,46348,57935
11588,23176,34764,46352,57940
11589,23178,34767,46356,57945
11590,23180,34770,46360,57950
11591,23182,34773,46364,57955
11592,23184,34776,46368,57960
11593,23186,34779,46372,57965
11594,23188,34782,46376,57970
11595,23190,34785,46380,57975
11596,23192,34788,46384,57980
11597,23194,34791,46388,57985
11598,23196,34794,46392,57990
11599,23198,34797,46396,57995
11600,23200,34800,46400,58000
11601,23202,34803,46404,58005
11602,23204,34806,46408,58010
11603,23206,34809,46412,58015
11604,23208,34812,46416,58020
11605,23210,34815,46420,58025
11606,23212,34818,46424,58030
11607,23214,34821,46428,58035
11608,23216,34824,46432,58040
11609,23218,34827,46436,58045
11610,23220,34830,46440,58050
11611,23222,34833,46444,58055
11612,23224,34836,46448,58060
11613,23226,34839,46452,58065
11614,23228,34842,46456,58070
11615,23230,34845,46460,58075
11616,23232,34848,46464,58080
11617,23234,34851,46468,58085
11618,23236,34854,46472,58090
11619,23238,34857,46476,58095
11620,23240,34860,46480,58100
11621,23242,34863,46484,58105
11622,23244,34866,46488,58110
11623,23246,34869,46492,58115
11624,23248,34872,46496,58120
11625,23250,34875,46500,58125
11626,23252,34878,46504,58130
11627,23254,34881,46508,58135
11628,23256,34884,46512,58140
11629,23258,34887,46516,58145
11630,23260,34890,46520,58150
11631,23262,34893,46524,58155
11632,23264,34896,46528,58160
11633,23266,34899,46532,58165
11634,23268,34902,46536,58170
11635,23270,34905,46540,58175
11636,23272,34908,46544,58180
11637,23274,34911,46548,58185
11638,23276,34914,46552,58190
11639,23278,34917,46556,58195
11640,23280,34920,46560,58200
11641,23282,34923,46564,58205
11642,23284,34926,46568,58210
11643,23286,34929,46572,58215
11644,23288,34932,46576,58220
11645,23290,34935,46580,58225
11646,23292,34938,46584,58230
11647,23294,34941,46588,58235
11648,23296,34944,46592,58240
11649,23298,34947,46596,58245
11650,23300,34950,46600,58250
11651,23302,34953,46604,58255
11652,23304,34956,46608,58260
11653,23306,34959,46612,58265
11654,23308,34962,46616,58270
11655,23310,34965,46620,58275
11656,23312,34968,46624,58280
11657,23314,34971,46628,58285
11658,23316,34974,46632,58290
11659,23318,34977,46636,58295
11660,23320,34980,46640,58300
11661,23322,34983,46644,58305
11662,23324,34986,46648,58310
11663,23326,34989,46652,58315
11664,23328,34992,46656,58320
11665,23330,34995,46660,58325
11666,23332,34998,46664,58330
11667,23334,35001,46668,58335
11668,23336,35004,46672,58340
11669,23338,35007,46676,58345
11670,23340,35010,46680,58350
11671,23342,35013,46684,58355
11672,23344,35016,46688,58360
11673,23346,35019,46692,58365
11674,23348,35022,46696,58370
11675,23350,35025,46700,58375
11676,23352,35028,46704,58380
11677,23354,35031,46708,58385
11678,23356,35034,46712,58390
11679,23358,35037,46716,58395
11680,23360,35040,46720,58400
11681,23362,35043,46724,58405
11682,23364,35046,46728,58410
11683,23366,35049,46732,58415
11684,23368,35052,46736,58420
11685,23370,35055,46740,58425
11686,23372,35058,46744,58430
11687,23374,35061,46748,58435
11688,23376,35064,46752,58440
11689,23378,35067,46756,58445
11690,23380,35070,46760,58450
11691,23382,35073,46764,58455
11692,23384,35076,46768,58460
11693,23386,35079,46772,58465
11694,23388,35082,46776,58470
11695,23390,35085,46780,58475
11696,23392,35088,46784,58480
11697,23394,35091,46788,58485
11698,23396,35094,46792,58490
11699,23398,35097,46796,58495
11700,23400,35100,46800,58500
11701,23402,35103,46804,58505
11702,23404,35106,46808,58510
11703,23406,35109,46812,58515
11704,23408,35112,46816,58520
11705,23410,35115,46820,58525
11706,23412,35118,46824,58530
11707,23414,35121,46828,58535
11708,23416,35124,46832,58540
11709,23418,35127,46836,58545
11710,23420,35130,46840,58550
11711,23422,35133,46844,58555
11712,23424,35136,46848,58560
11713,23426,35139,46852,58565
11714,23428,35142,46856,58570
11715,23430,35145,46860,58575
11716,23432,35148,46864,58580
11717,23434,35151,46868,58585
11718,23436,35154,46872,58590
11719,23438,35157,46876,58595
11720,23440,35160,46880,58600
11721,23442,35163,46884,58605
11722,23444,35166,46888,58610
11723,23446,35169,46892,58615
11724,23448,35172,46896,58620
11725,23450,35175,46900,58625
11726,23452,35178,46904,58630
11727,23454,35181,46908,58635
11728,23456,35184,46912,58640
11729,23458,35187,46916,58645
11730,23460,35190,46920,58650
11731,23462,35193,46924,58655
11732,23464,35196,46928,58660
11733,23466,35199,46932,58665
11734,23468,35202,46936,58670
11735,23470,35205,46940,58675
11736,23472,35208,46944,58680
11737,23474,35211,46948,58685
11738,23476,35214,46952,58690
11739,23478,35217,46956,58695
11740,23480,35220,46960,58700
11741,23482,35223,46964,58705
11742,23484,35226,46968,58710
11743,23486,35229,46972,58715
11744,23488,35232,46976,58720
11745,23490,35235,46980,58725
11746,23492,35238,46984,58730
11747,23494,35241,46988,58735
11748,23496,35244,46992,58740
11749,23498,35247,46996,58745
11750,23500,35250,47000,58750
11751,23502,35253,47004,58755
11752,23504,35256,47008,58760
11753,23506,35259,47012,58765
11754,23508,35262,47016,58770
11755,23510,35265,47020,58775
11756,23512,35268,47024,58780
11757,23514,35271,47028,58785
11758,23516,35274,47032,58790
11759,23518,35277,47036,58795
11760,23520,35280,47040,58800
11761,23522,35283,47044,58805
11762,23524,35286,47048,58810
11763,23526,35289,47052,58815
11764,23528,35292,47056,58820
11765,23530,35295,47060,58825
11766,23532,35298,47064,58830
11767,23534,35301,47068,58835
11768,23536,35304,47072,58840
11769,23538,35307,47076,58845
11770,23540,35310,47080,58850
11771,23542,35313,47084,58855
11772,23544,35316,47088,58860
11773,23546,35319,47092,58865
11774,23548,35322,47096,58870
11775,23550,35325,47100,58875
11776,23552,35328,47104,58880
11777,23554,35331,47108,58885
11778,23556,35334,47112,58890
11779,23558,35337,47116,58895
11780,23560,35340,47120,58900
11781,23562,35343,47124,58905
11782,23564,35346,47128,58910
11783,23566,35349,47132,58915
11784,23568,35352,47136,58920
11785,23570,35355,47140,58925
11786,23572,35358,47144,58930
11787,23574,35361,47148,58935
11788,23576,35364,47152,58940
11789,23578,35367,47156,58945
11790,23580,35370,47160,58950
11791,23582,35373,47164,58955
11792,23584,35376,47168,58960
11793,23586,35379,47172,58965
11794,23588,35382,47176,58970
11795,23590,35385,47180,58975
11796,23592,35388,47184,58980
11797,23594,35391,47188,58985
11798,23596,35394,47192,58990
11799,23598,35397,47196,58995
11800,23600,35400,47200,59000
11801,23602,35403,47204,59005
11802,23604,35406,47208,59010
11803,23606,35409,47212,59015
11804,23608,35412,47216,59020
11805,23610,35415,47220,59025
11806,23612,35418,47224,59030
11807,23614,35421,47228,59035
11808,23616,35424,47232,59040
11809,23618,35427,47236,59045
11810,23620,35430,47240,59050
11811,23622,35433,47244,59055
11812,23624,35436,47248,59060
11813,23626,35439,47252,59065
11814,23628,35442,47256,59070
11815,23630,35445,47260,59075
11816,23632,35448,47264,59080
11817,23634,35451,47268,59085
11818,23636,35454,47272,59090
11819,23638,35457,47276,59095
11820,23640,35460,47280,59100
11821,23642,35463,47284,59105
11822,23644,35466,47288,59110
11823,23646,35469,47292,59115
11824,23648,35472,47296,59120
11825,23650,35475,47300,59125
11826,23652,35478,47304,59130
11827,23654,35481,47308,59135
11828,23656,35484,47312,59140
11829,23658,35487,47316,59145
11830,23660,35490,47320,59150
11831,23662,35493,47324,59155
11832,23664,35496,47328,59160
11833,23666,35499,47332,59165
11834,23668,35502,47336,59170
11835,23670,35505,47340,59175
11836,23672,35508,47344,59180
11837,23674,35511,47348,59185
11838,23676,35514,47352,59190
11839,23678,35517,47356,59195
11840,23680,35520,47360,59200
11841,23682,35523,47364,59205
11842,23684,35526,47368,59210
11843,23686,35529,47372,59215
11844,23688,35532,47376,59220
11845,23690,35535,47380,59225
11846,23692,35538,47384,59230
11847,23694,35541,47388,59235
11848,23696,35544,47392,59240
11849,23698,35547,47396,59245
11850,23700,35550,47400,59250
11851,23702,35553,47404,59255
11852,23704,35556,47408,59260
11853,23706,35559,47412,59265
11854,23708,35562,47416,59270
11855,23710,35565,47420,59275
11856,23712,35568,47424,59280
11857,23714,35571,47428,59285
11858,23716,35574,47432,59290
11859,23718,35577,47436,59295
11860,23720,35580,47440,59300
11861,23722,35583,47444,59305
11862,23724,35586,47448,59310
11863,23726,35589,47452,59315
11864,23728,35592,47456,59320
11865,23730,35595,47460,59325
11866,23732,35598,47464,59330
11867,23734,35601,47468,59335
11868,23736,35604,47472,59340
11869,23738,35607,47476,59345
11870,23740,35610,47480,59350
11871,23742,35613,47484,59355
11872,23744,35616,47488,59360
11873,23746,35619,47492,59365
11874,23748,35622,47496,59370
11875,23750,35625,47500,59375
11876,23752,35628,47504,59380
11877,23754,35631,47508,59385
11878,23756,35634,47512,59390
11879,23758,35637,47516,59395
11880,23760,35640,47520,59400
11881,23762,35643,47524,59405
11882,23764,35646,47528,59410
11883,23766,35649,47532,59415
11884,23768,35652,47536,59420
11885,23770,35655,47540,59425
11886,23772,35658,47544,59430
11887,23774,35661,47548,59435
11888,23776,35664,47552,59440
11889,23778,35667,47556,59445
11890,23780,35670,47560,59450
11891,23782,35673,47564,59455
11892,23784,35676,47568,59460
11893,23786,35679,47572,59465
11894,23788,35682,47576,59470
11895,23790,35685,47580,59475
11896,23792,35688,47584,59480
11897,23794,35691,47588,59485
11898,23796,35694,47592,59490
11899,23798,35697,47596,59495
11900,23800,35700,47600,59500
11901,23802,35703,47604,59505
11902,23804,35706,47608,59510
11903,23806,35709,47612,59515
11904,23808,35712,47616,59520
11905,23810,35715,47620,59525
11906,23812,35718,47624,59530
11907,23814,35721,47628,59535
11908,23816,35724,47632,59540
11909,23818,35727,47636,59545
11910,23820,35730,47640,59550
11911,23822,35733,47644,59555
11912,23824,35736,47648,59560
11913,23826,35739,47652,59565
11914,23828,35742,47656,59570
11915,23830,35745,47660,59575
11916,23832,35748,47664,59580
11917,23834,35751,47668,59585
11918,23836,35754,47672,59590
11919,23838,35757,47676,59595
11920,23840,35760,47680,59600
11921,23842,35763,47684,59605
11922,23844,35766,47688,59610
11923,23846,35769,47692,59615
11924,23848,35772,47696,59620
11925,23850,35775,47700,59625
11926,23852,35778,47704,59630
11927,23854,35781,47708,59635
11928,23856,35784,47712,59640
11929,23858,35787,47716,59645
11930,23860,35790,47720,59650
11931,23862,35793,47724,59655
11932,23864,35796,47728,59660
11933,23866,35799,47732,59665
11934,23868,35802,47736,59670
11935,23870,35805,47740,59675
11936,23872,35808,47744,59680
11937,23874,35811,47748,59685
11938,23876,35814,47752,59690
11939,23878,35817,47756,59695
11940,23880,35820,47760,59700
11941,23882,35823,47764,59705
11942,23884,35826,47768,59710
11943,23886,35829,47772,59715
11944,23888,35832,47776,59720
11945,23890,35835,47780,59725
11946,23892,35838,47784,59730
11947,23894,35841,47788,59735
11948,23896,35844,47792,59740
11949,23898,35847,47796,59745
11950,23900,35850,47800,59750
11951,23902,35853,47804,59755
11952,23904,35856,47808,59760
11953,23906,35859,47812,59765
11954,23908,35862,47816,59770
11955,23910,35865,47820,59775
11956,23912,35868,47824,59780
11957,23914,35871,47828,59785
11958,23916,35874,47832,59790
11959,23918,35877,47836,59795
11960,23920,35880,47840,59800
11961,23922,35883,47844,59805
11962,23924,35886,47848,59810
11963,23926,35889,47852,59815
11964,23928,35892,47856,59820
11965,23930,35895,47860,59825
11966,23932,35898,47864,59830
11967,23934,35901,47868,59835
11968,23936,35904,47872,59840
11969,23938,35907,47876,59845
11970,23940,35910,47880,59850
11971,23942,35913,47884,59855
11972,23944,35916,47888,59860
11973,23946,35919,47892,59865
11974,23948,35922,47896,59870
11975,23950,35925,47900,59875
11976,23952,35928,47904,59880
11977,23954,35931,47908,59885
11978,23956,35934,47912,59890
11979,23958,35937,47916,59895
11980,23960,35940,47920,59900
11981,23962,35943,47924,59905
11982,23964,35946,47928,59910
11983,23966,35949,47932,59915
11984,23968,35952,47936,59920
11985,23970,35955,47940,59925
11986,23972,35958,47944,59930
11987,23974,35961,47948,59935
11988,23976,35964,47952,59940
11989,23978,35967,47956,59945
11990,23980,35970,47960,59950
11991,23982,35973,47964,59955
11992,23984,35976,47968,59960
11993,23986,35979,47972,59965
11994,23988,35982,47976,59970
11995,23990,35985,47980,59975
11996,23992,35988,47984,59980
11997,23994,35991,47988,59985
11998,23996,35994,47992,59990
11999,23998,35997,47996,59995
12000,24000,36000,48000,60000
12001,24002,36003,48004,60005
12002,24004,36006,48008,60010
12003,24006,36009,48012,60015
12004,24008,36012,48016,60020
12005,24010,36015,48020,60025
12006,24012,36018,48024,60030
12007,24014,36021,48028,60035
12008,24016,36024,48032,60040
12009,24018,36027,48036,60045
12010,24020,36030,48040,60050
12011,24022,36033,48044,60055
12012,24024,36036,48048,60060
12013,24026,36039,48052,60065
12014,24028,36042,48056,60070
12015,24030,36045,48060,60075
12016,24032,36048,48064,60080
12017,24034,36051,48068,60085
12018,24036,36054,48072,60090
12019,24038,36057,48076,60095
12020,24040,36060,48080,60100
12021,24042,36063,48084,60105
12022,24044,36066,48088,60110
12023,24046,36069,48092,60115
12024,24048,36072,48096,60120
12025,24050,36075,48100,60125
12026,24052,36078,48104,60130
12027,24054,36081,48108,60135
12028,24056,36084,48112,60140
12029,24058,36087,48116,60145
12030,24060,36090,48120,60150
12031,24062,36093,48124,60155
12032,24064,36096,48128,60160
12033,24066,36099,48132,60165
12034,24068,36102,48136,60170
12035,24070,36105,48140,60175
12036,24072,36108,48144,60180
12037,24074,36111,48148,60185
12038,24076,36114,48152,60190
12039,24078,36117,48156,60195
12040,24080,36120,48160,60200
12041,24082,36123,48164,60205
12042,24084,36126,48168,60210
12043,24086,36129,48172,60215
12044,24088,36132,48176,60220
12045,24090,36135,48180,60225
12046,24092,36138,48184,60230
12047,24094,36141,48188,60235
12048,24096,36144,48192,60240
12049,24098,36147,48196,60245
12050,24100,36150,48200,60250
12051,24102,36153,48204,60255
12052,24104,36156,48208,60260
12053,24106,36159,48212,60265
12054,24108,36162,48216,60270
12055,24110,36165,48220,60275
12056,24112,36168,48224,60280
12057,24114,36171,48228,60285
12058,24116,36174,48232,60290
12059,24118,36177,48236,60295
12060,24120,36180,48240,60300
12061,24122,36183,48244,60305
12062,24124,36186,48248,60310
12063,24126,36189,48252,60315
12064,24128,36192,48256,60320
12065,24130,36195,48260,60325
12066,24132,36198,48264,60330
12067,24134,36201,48268,60335
12068,24136,36204,48272,60340
12069,24138,36207,48276,60345
12070,24140,36210,48280,60350
12071,24142,36213,48284,60355
12072,24144,36216,48288,60360
12073,24146,36219,48292,60365
12074,24148,36222,48296,60370
12075,24150,36225,48300,60375
12076,24152,36228,48304,60380
12077,24154,36231,48308,60385
12078,24156,36234,48312,60390
12079,24158,36237,48316,60395
12080,24160,36240,48320,60400
12081,24162,36243,48324,60405
12082,24164,36246,48328,60410
12083,24166,36249,48332,60415
12084,24168,36252,48336,60420
12085,24170,36255,48340,60425
12086,24172,36258,48344,60430
12087,24174,36261,48348,60435
12088,24176,36264,48352,60440
12089,24178,36267,48356,60445
12090,24180,36270,48360,60450
12091,24182,36273,48364,60455
12092,24184,36276,48368,60460
12093,24186,36279,48372,60465
12094,24188,36282,48376,60470
12095,24190,36285,48380,60475
12096,24192,36288,48384,60480
12097,24194,36291,48388,60485
12098,24196,36294,48392,60490
12099,24198,36297,48396,60495
12100,24200,36300,48400,60500
12101,24202,36303,48404,60505
12102,24204,36306,48408,60510
12103,24206,36309,48412,60515
12104,24208,36312,48416,60520
12105,24210,36315,48420,60525
12106,24212,36318,48424,60530
12107,24214,36321,48428,60535
12108,24216,36324,48432,60540
12109,24218,36327,48436,60545
12110,24220,36330,48440,60550
12111,24222,36333,48444,60555
12112,24224,36336,48448,60560
12113,24226,36339,48452,60565
12114,24228,36342,48456,60570
12115,24230,36345,48460,60575
12116,24232,36348,48464,60580
12117,24234,36351,48468,60585
12118,24236,36354,48472,60590
12119,24238,36357,48476,60595
12120,24240,36360,48480,60600
12121,24242,36363,48484,60605
12122,24244,36366,48488,60610
12123,24246,36369,48492,60615
12124,24248,36372,48496,60620
12125,24250,36375,48500,60625
12126,24252,36378,48504,60630
12127,24254,36381,48508,60635
12128,24256,36384,48512,60640
12129,24258,36387,48516,60645
12130,24260,36390,48520,60650
12131,24262,36393,48524,60655
12132,24264,36396,48528,60660
12133,24266,36399,48532,60665
12134,24268,36402,48536,60670
12135,24270,36405,48540,60675
12136,24272,36408,48544,60680
12137,24274,36411,48548,60685
12138,24276,36414,48552,60690
12139,24278,36417,48556,60695
12140,24280,36420,48560,60700
12141,24282,36423,48564,60705
12142,24284,36426,48568,60710
12143,24286,36429,48572,60715
12144,24288,36432,48576,60720
12145,24290,36435,48580,60725
12146,24292,36438,48584,60730
12147,24294,36441,48588,60735
12148,24296,36444,48592,60740
12149,24298,36447,48596,60745
12150,24300,36450,48600,60750
12151,24302,36453,48604,60755
12152,24304,36456,48608,60760
12153,24306,36459,48612,60765
12154,24308,36462,48616,60770
12155,24310,36465,48620,60775
12156,24312,36468,48624,60780
12157,24314,36471,48628,60785
12158,24316,36474,48632,60790
12159,24318,36477,48636,60795
12160,24320,36480,48640,60800
12161,24322,36483,48644,60805
12162,24324,36486,48648,60810
12163,24326,36489,48652,60815
12164,24328,36492,48656,60820
12165,24330,36495,48660,60825
12166,24332,36498,48664,60830
12167,24334,36501,48668,60835
12168,24336,36504,48672,60840
12169,24338,36507,48676,60845
12170,24340,36510,48680,60850
12171,24342,36513,48684,60855
12172,24344,36516,48688,60860
12173,24346,36519,48692,60865
12174,24348,36522,48696,60870
12175,24350,36525,48700,60875
12176,24352,36528,48704,60880
12177,24354,36531,48708,60885
12178,24356,36534,48712,60890
12179,24358,36537,48716,60895
12180,24360,36540,48720,60900
12181,24362,36543,48724,60905
12182,24364,36546,48728,60910
12183,24366,36549,48732,60915
12184,24368,36552,48736,60920
12185,24370,36555,48740,60925
12186,24372,36558,48744,60930
12187,24374,36561,48748,60935
12188,24376,36564,48752,60940
12189,24378,36567,48756,60945
12190,24380,36570,48760,60950
12191,24382,36573,48764,60955
12192,24384,36576,48768,60960
12193,24386,36579,48772,60965
12194,24388,36582,48776,60970
12195,24390,36585,48780,60975
12196,24392,36588,48784,60980
12197,24394,36591,48788,60985
12198,24396,36594,48792,60990
12199,24398,36597,48796,60995
12200,24400,36600,48800,61000
12201,24402,36603,48804,61005
12202,24404,36606,48808,61010
12203,24406,36609,48812,61015
12204,24408,36612,48816,61020
12205,24410,36615,48820,61025
12206,24412,36618,48824,61030
12207,24414,36621,48828,61035
12208,24416,36624,48832,61040
12209,24418,36627,48836,61045
12210,24420,36630,48840,61050
12211,24422,36633,48844,61055
12212,24424,36636,48848,61060
12213,24426,36639,48852,61065
12214,24428,36642,48856,61070
12215,24430,36645,48860,61075
12216,24432,36648,48864,61080
12217,24434,36651,48868,61085
12218,24436,36654,48872,61090
12219,24438,36657,48876,61095
12220,24440,36660,48880,61100
12221,24442,36663,48884,61105
12222,24444,36666,48888,61110
12223,24446,36669,48892,61115
12224,24448,36672,48896,61120
12225,24450,36675,48900,61125
12226,24452,36678,48904,61130
12227,24454,36681,48908,61135
12228,24456,36684,48912,61140
12229,24458,36687,48916,61145
12230,24460,36690,48920,61150
12231,24462,36693,48924,61155
12232,24464,36696,48928,61160
12233,24466,36699,48932,61165
12234,24468,36702,48936,61170
12235,24470,36705,48940,61175
12236,24472,36708,48944,61180
12237,24474,36711,48948,61185
12238,24476,36714,48952,61190
12239,24478,36717,48956,61195
12240,24480,36720,48960,61200
12241,24482,36723,48964,61205
12242,24484,36726,48968,61210
12243,24486,36729,48972,61215
12244,24488,36732,48976,61220
12245,24490,36735,48980,61225
12246,24492,36738,48984,61230
12247,24494,36741,48988,61235
12248,24496,36744,48992,61240
12249,24498,36747,48996,61245
12250,24500,36750,49000,61250
12251,24502,36753,49004,61255
12252,24504,36756,49008,61260
12253,24506,36759,49012,61265
12254,24508,36762,49016,61270
12255,24510,36765,49020,61275
12256,24512,36768,49024,61280
12257,24514,36771,49028,61285
12258,24516,36774,49032,61290
12259,24518,36777,49036,61295
12260,24520,36780,49040,61300
12261,24522,36783,49044,61305
12262,24524,36786,49048,61310
12263,24526,36789,49052,61315
12264,24528,36792,49056,61320
12265,24530,36795,49060,61325
12266,24532,36798,49064,61330
12267,24534,36801,49068,61335
12268,24536,36804,49072,61340
12269,24538,36807,49076,61345
12270,24540,36810,49080,61350
12271,24542,36813,49084,61355
12272,24544,36816,49088,61360
12273,24546,36819,49092,61365
12274,24548,36822,49096,61370
12275,24550,36825,49100,61375
12276,24552,36828,49104,61380
12277,24554,36831,49108,61385
12278,24556,36834,49112,61390
12279,24558,36837,49116,61395
12280,24560,36840,49120,61400
12281,24562,36843,49124,61405
12282,24564,36846,49128,61410
12283,24566,36849,49132,61415
12284,24568,36852,49136,61420
12285,24570,36855,49140,61425
12286,24572,36858,49144,61430
12287,24574,36861,49148,61435
12288,24576,36864,49152,61440
12289,24578,36867,49156,61445
12290,24580,36870,49160,61450
12291,24582,36873,49164,61455
12292,24584,36876,49168,61460
12293,24586,36879,49172,61465
12294,24588,36882,49176,61470
12295,24590,36885,49180,61475
12296,24592,36888,49184,61480
12297,24594,36891,49188,61485
12298,24596,36894,49192,61490
12299,24598,36897,49196,61495
12300,24600,36900,49200,61500
12301,24602,36903,49204,61505
12302,24604,36906,49208,61510
12303,24606,36909,49212,61515
12304,24608,36912,49216,61520
12305,24610,36915,49220,61525
12306,24612,36918,49224,61530
12307,24614,36921,49228,61535
12308,24616,36924,49232,61540
12309,24618,36927,49236,61545
12310,24620,36930,49240,61550
12311,24622,36933,49244,61555
12312,24624,36936,49248,61560
12313,24626,36939,49252,61565
12314,24628,36942,49256,61570
12315,24630,36945,49260,61575
12316,24632,36948,49264,61580
12317,24634,36951,49268,61585
12318,24636,36954,49272,61590
12319,24638,36957,49276,61595
12320,24640,36960,49280,61600
12321,24642,36963,49284,61605
12322,24644,36966,49288,61610
12323,24646,36969,49292,61615
12324,24648,36972,49296,61620
12325,24650,36975,49300,61625
12326,24652,36978,49304,61630
12327,24654,36981,49308,61635
12328,24656,36984,49312,61640
12329,24658,36987,49316,61645
12330,24660,36990,49320,61650
12331,24662,36993,49324,61655
12332,24664,36996,49328,61660
12333,24666,36999,49332,61665
12334,24668,37002,49336,61670
12335,24670,37005,49340,61675
12336,24672,37008,49344,61680
12337,24674,37011,49348,61685
12338,24676,37014,49352,61690
12339,24678,37017,49356,61695
12340,24680,37020,49360,61700
12341,24682,37023,49364,61705
12342,24684,37026,49368,61710
12343,24686,37029,49372,61715
12344,24688,37032,49376,61720
12345,24690,37035,49380,61725
12346,24692,37038,49384,61730
12347,24694,37041,49388,61735
12348,24696,37044,49392,61740
12349,24698,37047,49396,61745
12350,24700,37050,49400,61750
12351,24702,37053,49404,61755
12352,24704,37056,49408,61760
12353,24706,37059,49412,61765
12354,24708,37062,49416,61770
12355,24710,37065,49420,61775
12356,24712,37068,49424,61780
12357,24714,37071,49428,61785
12358,24716,37074,49432,61790
12359,24718,37077,49436,61795
12360,24720,37080,49440,61800
12361,24722,37083,49444,61805
12362,24724,37086,49448,61810
12363,24726,37089,49452,61815
12364,24728,37092,49456,61820
12365,24730,37095,49460,61825
12366,24732,37098,49464,61830
12367,24734,37101,49468,61835
12368,24736,37104,49472,61840
12369,24738,37107,49476,61845
12370,24740,37110,49480,61850
12371,24742,37113,49484,61855
12372,24744,37116,49488,61860
12373,24746,37119,49492,61865
12374,24748,37122,49496,61870
12375,24750,37125,49500,61875
12376,24752,37128,49504,61880
12377,24754,37131,49508,61885
12378,24756,37134,49512,61890
12379,24758,37137,49516,61895
12380,24760,37140,49520,61900
12381,24762,37143,49524,61905
12382,24764,37146,49528,61910
12383,24766,37149,49532,61915
12384,24768,37152,49536,61920
12385,24770,37155,49540,61925
12386,24772,37158,49544,61930
12387,24774,37161,49548,61935
12388,24776,37164,49552,61940
12389,24778,37167,49556,61945
12390,24780,37170,49560,61950
12391,24782,37173,49564,61955
12392,24784,37176,49568,61960
12393,24786,37179,49572,61965
12394,24788,37182,49576,61970
12395,24790,37185,49580,61975
12396,24792,37188,49584,61980
12397,24794,37191,49588,61985
12398,24796,37194,49592,61990
12399,24798,37197,49596,61995
12400,24800,37200,49600,62000
12401,24802,37203,49604,62005
12402,24804,37206,49608,62010
12403,24806,37209,49612,62015
12404,24808,37212,49616,62020
12405,24810,37215,49620,62025
12406,24812,37218,49624,62030
12407,24814,37221,49628,62035
12408,24816,37224,49632,62040
12409,24818,37227,49636,62045
12410,24820,37230,49640,62050
12411,24822,37233,49644,62055
12412,24824,37236,49648,62060
12413,24826,37239,49652,62065
12414,24828,37242,49656,62070
12415,24830,37245,49660,62075
12416,24832,37248,49664,62080
12417,24834,37251,49668,62085
12418,24836,37254,49672,62090
12419,24838,37257,49676,62095
12420,24840,37260,49680,62100
12421,24842,37263,49684,62105
12422,24844,37266,49688,62110
12423,24846,37269,49692,62115
12424,24848,37272,49696,62120
12425,24850,37275,49700,62125
12426,24852,37278,49704,62130
12427,24854,37281,49708,62135
12428,24856,37284,49712,62140
12429,24858,37287,49716,62145
12430,24860,37290,49720,62150
12431,24862,37293,49724,62155
12432,24864,37296,49728,62160
12433,24866,37299,49732,62165
12434,24868,37302,49736,62170
12435,24870,37305,49740,62175
12436,24872,37308,49744,62180
12437,24874,37311,49748,62185
12438,24876,37314,49752,62190
12439,24878,37317,49756,62195
12440,24880,37320,49760,62200
12441,24882,37323,49764,62205
12442,24884,37326,49768,62210
12443,24886,37329,49772,62215
12444,24888,37332,49776,62220
12445,24890,37335,49780,62225
12446,24892,37338,49784,62230
12447,24894,37341,49788,62235
12448,24896,37344,49792,62240
12449,24898,37347,49796,62245
12450,24900,37350,49800,62250
12451,24902,37353,49804,62255
12452,24904,37356,49808,62260
12453,24906,37359,49812,62265
12454,24908,37362,49816,62270
12455,24910,37365,49820,62275
12456,24912,37368,49824,62280
12457,24914,37371,49828,62285
12458,24916,37374,49832,62290
12459,24918,37377,49836,62295
12460,24920,37380,49840,62300
12461,24922,37383,49844,62305
12462,24924,37386,49848,62310
12463,24926,37389,49852,62315
12464,24928,37392,49856,62320
12465,24930,37395,49860,62325
12466,24932,37398,49864,62330
12467,24934,37401,49868,62335
12468,24936,37404,49872,62340
12469,24938,37407,49876,62345
12470,24940,37410,49880,62350
12471,24942,37413,49884,62355
12472,24944,37416,49888,62360
12473,24946,37419,49892,62365
12474,24948,37422,49896,62370
12475,24950,37425,49900,62375
12476,24952,37428,49904,62380
12477,24954,37431,49908,62385
12478,24956,37434,49912,62390
12479,24958,37437,49916,62395
12480,24960,37440,49920,62400
12481,24962,37443,49924,62405
12482,24964,37446,49928,62410
12483,24966,37449,49932,62415
12484,24968,37452,49936,62420
12485,24970,37455,49940,62425
12486,24972,37458,49944,62430
12487,24974,37461,49948,62435
12488,24976,37464,49952,62440
12489,24978,37467,49956,62445
12490,24980,37470,49960,62450
12491,24982,37473,49964,62455
12492,24984,37476,49968,62460
12493,24986,37479,49972,62465
12494,24988,37482,49976,62470
12495,24990,37485,49980,62475
12496,24992,37488,49984,62480
12497,24994,37491,49988,62485
12498,24996,37494,49992,62490
12499,24998,37497,49996,62495
12500,25000,37500,50000,62500
12501,25002,37503,50004,62505
12502,25004,37506,50008,62510
12503,25006,37509,50012,62515
12504,25008,37512,50016,62520
12505,25010,37515,50020,62525
12506,25012,37518,50024,62530
12507,25014,37521,50028,62535
12508,25016,37524,50032,62540
12509,25018,37527,50036,62545
12510,25020,37530,50040,62550
12511,25022,37533,50044,62555
12512,25024,37536,50048,62560
12513,25026,37539,50052,62565
12514,25028,37542,50056,62570
12515,25030,37545,50060,62575
12516,25032,37548,50064,62580
12517,25034,37551,50068,62585
12518,25036,37554,50072,62590
12519,25038,37557,50076,62595
12520,25040,37560,50080,62600
12521,25042,37563,50084,62605
12522,25044,37566,50088,62610
12523,25046,37569,50092,62615
12524,25048,37572,50096,62620
12525,25050,37575,50100,62625
12526,25052,37578,50104,62630
12527,25054,37581,50108,62635
12528,25056,37584,50112,62640
12529,25058,37587,50116,62645
12530,25060,37590,50120,62650
12531,25062,37593,50124,62655
12532,25064,37596,50128,62660
12533,25066,37599,50132,62665
12534,25068,37602,50136,62670
12535,25070,37605,50140,62675
12536,25072,37608,50144,62680
12537,25074,37611,50148,62685
12538,25076,37614,50152,62690
12539,25078,37617,50156,62695
12540,25080,37620,50160,62700
12541,25082,37623,50164,62705
12542,25084,37626,50168,62710
12543,25086,37629,50172,62715
12544,25088,37632,50176,62720
12545,25090,37635,50180,62725
12546,25092,37638,50184,62730
12547,25094,37641,50188,62735
12548,25096,37644,50192,62740
12549,25098,37647,50196,62745
12550,25100,37650,50200,62750
12551,25102,37653,50204,62755
12552,25104,37656,50208,62760
12553,25106,37659,50212,62765
12554,25108,37662,50216,62770
12555,25110,37665,50220,62775
12556,25112,37668,50224,62780
12557,25114,37671,50228,62785
12558,25116,37674,50232,62790
12559,25118,37677,50236,62795
12560,25120,37680,50240,62800
12561,25122,37683,50244,62805
12562,25124,37686,50248,62810
12563,25126,37689,50252,62815
12564,25128,37692,50256,62820
12565,25130,37695,50260,62825
12566,25132,37698,50264,62830
12567,25134,37701,50268,62835
12568,25136,37704,50272,62840
12569,25138,37707,50276,62845
12570,25140,37710,50280,62850
12571,25142,37713,50284,62855
12572,25144,37716,50288,62860
12573,25146,37719,50292,62865
12574,25148,37722,50296,62870
12575,25150,37725,50300,62875
12576,25152,37728,50304,62880
12577,25154,37731,50308,62885
12578,25156,37734,50312,62890
12579,25158,37737,50316,62895
12580,25160,37740,50320,62900
12581,25162,37743,50324,62905
12582,25164,37746,50328,62910
12583,25166,37749,50332,62915
12584,25168,37752,50336,62920
12585,25170,37755,50340,62925
12586,25172,37758,50344,62930
12587,25174,37761,50348,62935
12588,25176,37764,50352,62940
12589,25178,37767,50356,62945
12590,25180,37770,50360,62950
12591,25182,37773,50364,62955
12592,25184,37776,50368,62960
12593,25186,37779,50372,62965
12594,25188,37782,50376,62970
12595,25190,37785,50380,62975
12596,25192,37788,50384,62980
12597,25194,37791,50388,62985
12598,25196,37794,50392,62990
12599,25198,37797,50396,62995
12600,25200,37800,50400,63000
12601,25202,37803,50404,63005
12602,25204,37806,50408,63010
12603,25206,37809,50412,63015
12604,25208,37812,50416,63020
12605,25210,37815,50420,63025
12606,25212,37818,50424,63030
12607,25214,37821,50428,63035
12608,25216,37824,50432,63040
12609,25218,37827,50436,63045
12610,25220,37830,50440,63050
12611,25222,37833,50444,63055
12612,25224,37836,50448,63060
12613,25226,37839,50452,63065
12614,25228,37842,50456,63070
12615,25230,37845,50460,63075
12616,25232,37848,50464,63080
12617,25234,37851,50468,63085
12618,25236,37854,50472,63090
12619,25238,37857,50476,63095
12620,25240,37860,50480,63100
12621,25242,37863,50484,63105
12622,25244,37866,50488,63110
12623,25246,37869,50492,63115
12624,25248,37872,50496,63120
12625,25250,37875,50500,63125
12626,25252,37878,50504,63130
12627,25254,37881,50508,63135
12628,25256,37884,50512,63140
12629,25258,37887,50516,63145
12630,25260,37890,50520,63150
12631,25262,37893,50524,63155
12632,25264,37896,50528,63160
12633,25266,37899,50532,63165
12634,25268,37902,50536,63170
12635,25270,37905,50540,63175
12636,25272,37908,50544,63180
12637,25274,37911,50548,63185
12638,25276,37914,50552,63190
12639,25278,37917,50556,63195
12640,25280,37920,50560,63200
12641,25282,37923,50564,63205
12642,25284,37926,50568,63210
12643,25286,37929,50572,63215
12644,25288,37932,50576,63220
12645,25290,37935,50580,63225
12646,25292,37938,50584,63230
12647,25294,37941,50588,63235
12648,25296,37944,50592,63240
12649,25298,37947,50596,63245
12650,25300,37950,50600,63250
12651,25302,37953,50604,63255
12652,25304,37956,50608,63260
12653,25306,37959,50612,63265
12654,25308,37962,50616,63270
12655,25310,37965,50620,63275
12656,25312,37968,50624,63280
12657,25314,37971,50628,63285
12658,25316,37974,50632,63290
12659,25318,37977,50636,63295
12660,25320,37980,50640,63300
12661,25322,37983,50644,63305
12662,25324,37986,50648,63310
12663,25326,37989,50652,63315
12664,25328,37992,50656,63320
12665,25330,37995,50660,63325
12666,25332,37998,50664,63330
12667,25334,38001,50668,63335
12668,25336,38004,50672,63340
12669,25338,38007,50676,63345
12670,25340,38010,50680,63350
12671,25342,38013,50684,63355
12672,25344,38016,50688,63360
12673,25346,38019,50692,63365
12674,25348,38022,50696,63370
12675,25350,38025,50700,63375
12676,25352,38028,50704,63380
12677,25354,38031,50708,63385
12678,25356,38034,50712,63390
12679,25358,38037,50716,63395
12680,25360,38040,50720,63400
12681,25362,38043,50724,63405
12682,25364,38046,50728,63410
12683,25366,38049,50732,63415
12684,25368,38052,50736,63420
12685,25370,38055,50740,63425
12686,25372,38058,50744,63430
12687,25374,38061,50748,63435
12688,25376,38064,50752,63440
12689,25378,38067,50756,63445
12690,25380,38070,50760,63450
12691,25382,38073,50764,63455
12692,25384,38076,50768,63460
12693,25386,38079,50772,63465
12694,25388,38082,50776,63470
12695,25390,38085,50780,63475
12696,25392,38088,50784,63480
12697,25394,38091,50788,63485
12698,25396,38094,50792,63490
12699,25398,38097,50796,63495
12700,25400,38100,50800,63500
12701,25402,38103,50804,63505
12702,25404,38106,50808,63510
12703,25406,38109,50812,63515
12704,25408,38112,50816,63520
12705,25410,38115,50820,63525
12706,25412,38118,50824,63530
12707,25414,38121,50828,63535
12708,25416,38124,50832,63540
12709,25418,38127,50836,63545
12710,25420,38130,50840,63550
12711,25422,38133,50844,63555
12712,25424,38136,50848,63560
12713,25426,38139,50852,63565
12714,25428,38142,50856,63570
12715,25430,38145,50860,63575
12716,25432,38148,50864,63580
12717,25434,38151,50868,63585
12718,25436,38154,50872,63590
12719,25438,38157,50876,63595
12720,25440,38160,50880,63600
12721,25442,38163,50884,63605
12722,25444,38166,50888,63610
12723,25446,38169,50892,63615
12724,25448,38172,50896,63620
12725,25450,38175,50900,63625
12726,25452,38178,50904,63630
12727,25454,38181,50908,63635
12728,25456,38184,50912,63640
12729,25458,38187,50916,63645
12730,25460,38190,50920,63650
12731,25462,38193,50924,63655
12732,25464,38196,50928,63660
12733,25466,38199,50932,63665
12734,25468,38202,50936,63670
12735,25470,38205,50940,63675
12736,25472,38208,50944,63680
12737,25474,38211,50948,63685
12738,25476,38214,50952,63690
12739,25478,38217,50956,63695
12740,25480,38220,50960,63700
12741,25482,38223,50964,63705
12742,25484,38226,50968,63710
12743,25486,38229,50972,63715
12744,25488,38232,50976,63720
12745,25490,38235,50980,63725
12746,25492,38238,50984,63730
12747,25494,38241,50988,63735
12748,25496,38244,50992,63740
12749,25498,38247,50996,63745
12750,25500,38250,51000,63750
12751,25502,38253,51004,63755
12752,25504,38256,51008,63760
12753,25506,38259,51012,63765
12754,25508,38262,51016,63770
12755,25510,38265,51020,63775
12756,25512,38268,51024,63780
12757,25514,38271,51028,63785
12758,25516,38274,51032,63790
12759,25518,38277,51036,63795
12760,25520,38280,51040,63800
12761,25522,38283,51044,63805
12762,25524,38286,51048,63810
12763,25526,38289,51052,63815
12764,25528,38292,51056,63820
12765,25530,38295,51060,63825
12766,25532,38298,51064,63830
12767,25534,38301,51068,63835
12768,25536,38304,51072,63840
12769,25538,38307,51076,63845
12770,25540,38310,51080,63850
12771,25542,38313,51084,63855
12772,25544,38316,51088,63860
12773,25546,38319,51092,63865
12774,25548,38322,51096,63870
12775,25550,38325,51100,63875
12776,25552,38328,51104,63880
12777,25554,38331,51108,63885
12778,25556,38334,51112,63890
12779,25558,38337,51116,63895
12780,25560,38340,51120,63900
12781,25562,38343,51124,63905
12782,25564,38346,51128,63910
12783,25566,38349,51132,63915
12784,25568,38352,51136,63920
12785,25570,38355,51140,63925
12786,25572,38358,51144,63930
12787,25574,38361,51148,63935
12788,25576,38364,51152,63940
12789,25578,38367,51156,63945
12790,25580,38370,51160,63950
12791,25582,38373,51164,63955
12792,25584,38376,51168,63960
12793,25586,38379,51172,63965
12794,25588,38382,51176,63970
12795,25590,38385,51180,63975
12796,25592,38388,51184,63980
12797,25594,38391,51188,63985
12798,25596,38394,51192,63990
12799,25598,38397,51196,63995
12800,25600,38400,51200,64000
12801,25602,38403,51204,64005
12802,25604,38406,51208,64010
12803,25606,38409,51212,64015
12804,25608,38412,51216,64020
12805,25610,38415,51220,64025
12806,25612,38418,51224,64030
12807,25614,38421,51228,64035
12808,25616,38424,51232,64040
12809,25618,38427,51236,64045
12810,25620,38430,51240,64050
12811,25622,38433,51244,64055
12812,25624,38436,51248,64060
12813,25626,38439,51252,64065
12814,25628,38442,51256,64070
12815,25630,38445,51260,64075
12816,25632,38448,51264,64080
12817,25634,38451,51268,64085
12818,25636,38454,51272,64090
12819,25638,38457,51276,64095
12820,25640,38460,51280,64100
12821,25642,38463,51284,64105
12822,25644,38466,51288,64110
12823,25646,38469,51292,64115
12824,25648,38472,51296,64120
12825,25650,38475,51300,64125
12826,25652,38478,51304,64130
12827,25654,38481,51308,64135
12828,25656,38484,51312,64140
12829,25658,38487,51316,64145
12830,25660,38490,51320,64150
12831,25662,38493,51324,64155
12832,25664,38496,51328,64160
12833,25666,38499,51332,64165
12834,25668,38502,51336,64170
12835,25670,38505,51340,64175
12836,25672,38508,51344,64180
12837,25674,38511,51348,64185
12838,25676,38514,51352,64190
12839,25678,38517,51356,64195
12840,25680,38520,51360,64200
12841,25682,38523,51364,64205
12842,25684,38526,51368,64210
12843,25686,38529,51372,64215
12844,25688,38532,51376,64220
12845,25690,38535,51380,64225
12846,25692,38538,51384,64230
12847,25694,38541,51388,64235
12848,25696,38544,51392,64240
12849,25698,38547,51396,64245
12850,25700,38550,51400,64250
12851,25702,38553,51404,64255
12852,25704,38556,51408,64260
12853,25706,38559,51412,64265
12854,25708,38562,51416,64270
12855,25710,38565,51420,64275
12856,25712,38568,51424,64280
12857,25714,38571,51428,64285
12858,25716,38574,51432,64290
12859,25718,38577,51436,64295
12860,25720,38580,51440,64300
12861,25722,38583,51444,64305
12862,25724,38586,51448,64310
12863,25726,38589,51452,64315
12864,25728,38592,51456,64320
12865,25730,38595,51460,64325
12866,25732,38598,51464,64330
12867,25734,38601,51468,64335
12868,25736,38604,51472,64340
12869,25738,38607,51476,64345
12870,25740,38610,51480,64350
12871,25742,38613,51484,64355
12872,25744,38616,51488,64360
12873,25746,38619,51492,64365
12874,25748,38622,51496,64370
12875,25750,38625,51500,64375
12876,25752,38628,51504,64380
12877,25754,38631,51508,64385
12878,25756,38634,51512,64390
12879,25758,38637,51516,64395
12880,25760,38640,51520,64400
12881,25762,38643,51524,64405
12882,25764,38646,51528,64410
12883,25766,38649,51532,64415
12884,25768,38652,51536,64420
12885,25770,38655,51540,64425
12886,25772,38658,51544,64430
12887,25774,38661,51548,64435
12888,25776,38664,51552,64440
12889,25778,38667,51556,64445
12890,25780,38670,51560,64450
12891,25782,38673,51564,64455
12892,25784,38676,51568,64460
12893,25786,38679,51572,64465
12894,25788,38682,51576,64470
12895,25790,38685,51580,64475
12896,25792,38688,51584,64480
12897,25794,38691,51588,64485
12898,25796,38694,51592,64490
12899,25798,38697,51596,64495
12900,25800,38700,51600,64500
12901,25802,38703,51604,64505
12902,25804,38706,51608,64510
12903,25806,38709,51612,64515
12904,25808,38712,51616,64520
12905,25810,38715,51620,64525
12906,25812,38718,51624,64530
12907,25814,38721,51628,64535
12908,25816,38724,51632,64540
12909,25818,38727,51636,64545
12910,25820,38730,51640,64550
12911,25822,38733,51644,64555
12912,25824,38736,51648,64560
12913,25826,38739,51652,64565
12914,25828,38742,51656,64570
12915,25830,38745,51660,64575
12916,25832,38748,51664,64580
12917,25834,38751,51668,64585
12918,25836,38754,51672,64590
12919,25838,38757,51676,64595
12920,25840,38760,51680,64600
12921,25842,38763,51684,64605
12922,25844,38766,51688,64610
12923,25846,38769,51692,64615
12924,25848,38772,51696,64620
12925,25850,38775,51700,64625
12926,25852,38778,51704,64630
12927,25854,38781,51708,64635
12928,25856,38784,51712,64640
12929,25858,38787,51716,64645
12930,25860,38790,51720,64650
12931,25862,38793,51724,64655
12932,25864,38796,51728,64660
12933,25866,38799,51732,64665
12934,25868,38802,51736,64670
12935,25870,38805,51740,64675
12936,25872,38808,51744,64680
12937,25874,38811,51748,64685
12938,25876,38814,51752,64690
12939,25878,38817,51756,64695
12940,25880,38820,51760,64700
12941,25882,38823,51764,64705
12942,25884,38826,51768,64710
12943,25886,38829,51772,64715
12944,25888,38832,51776,64720
12945,25890,38835,51780,64725
12946,25892,38838,51784,64730
12947,25894,38841,51788,64735
12948,25896,38844,51792,64740
12949,25898,38847,51796,64745
12950,25900,38850,51800,64750
12951,25902,38853,51804,64755
12952,25904,38856,51808,64760
12953,25906,38859,51812,64765
12954,25908,38862,51816,64770
12955,25910,38865,51820,64775
12956,25912,38868,51824,64780
12957,25914,38871,51828,64785
12958,25916,38874,51832,64790
12959,25918,38877,51836,64795
12960,25920,38880,51840,64800
12961,25922,38883,51844,64805
12962,25924,38886,51848,64810
12963,25926,38889,51852,64815
12964,25928,38892,51856,64820
12965,25930,38895,51860,64825
12966,25932,38898,51864,64830
12967,25934,38901,51868,64835
12968,25936,38904,51872,64840
12969,25938,38907,51876,64845
12970,25940,38910,51880,64850
12971,25942,38913,51884,64855
12972,25944,38916,51888,64860
12973,25946,38919,51892,64865
12974,25948,38922,51896,64870
12975,25950,38925,51900,64875
12976,25952,38928,51904,64880
12977,25954,38931,51908,64885
12978,25956,38934,51912,64890
12979,25958,38937,51916,64895
12980,25960,38940,51920,64900
12981,25962,38943,51924,64905
12982,25964,38946,51928,64910
12983,25966,38949,51932,64915
12984,25968,38952,51936,64920
12985,25970,38955,51940,64925
12986,25972,38958,51944,64930
12987,25974,38961,51948,64935
12988,25976,38964,51952,64940
12989,25978,38967,51956,64945
12990,25980,38970,51960,64950
12991,25982,38973,51964,64955
12992,25984,38976,51968,64960
12993,25986,38979,51972,64965
12994,25988,38982,51976,64970
12995,25990,38985,51980,64975
12996,25992,38988,51984,64980
12997,25994,38991,51988,64985
12998,25996,38994,51992,64990
12999,25998,38997,51996,64995
13000,26000,39000,52000,65000
13001,26002,39003,52004,65005
13002,26004,39006,52008,65010
13003,26006,39009,52012,65015
13004,26008,39012,52016,65020
13005,26010,39015,52020,65025
13006,26012,39018,52024,65030
13007,26014,39021,52028,65035
13008,26016,39024,52032,65040
13009,26018,39027,52036,65045
13010,26020,39030,52040,65050
13011,26022,39033,52044,65055
13012,26024,39036,52048,65060
13013,26026,39039,52052,65065
13014,26028,39042,52056,65070
13015,26030,39045,52060,65075
13016,26032,39048,52064,65080
13017,26034,39051,52068,65085
13018,26036,39054,52072,65090
13019,26038,39057,52076,65095
13020,26040,39060,52080,65100
13021,26042,39063,52084,65105
13022,26044,39066,52088,65110
13023,26046,39069,52092,65115
13024,26048,39072,52096,65120
13025,26050,39075,52100,65125
13026,26052,39078,52104,65130
13027,26054,39081,52108,65135
13028,26056,39084,52112,65140
13029,26058,39087,52116,65145
13030,26060,39090,52120,65150
13031,26062,39093,52124,65155
13032,26064,39096,52128,65160
13033,26066,39099,52132,65165
13034,26068,39102,52136,65170
13035,26070,39105,52140,65175
13036,26072,39108,52144,65180
13037,26074,39111,52148,65185
13038,26076,39114,52152,65190
13039,26078,39117,52156,65195
13040,26080,39120,52160,65200
13041,26082,39123,52164,65205
13042,26084,39126,52168,65210
13043,26086,39129,52172,65215
13044,26088,39132,52176,65220
13045,26090,39135,52180,65225
13046,26092,39138,52184,65230
13047,26094,39141,52188,65235
13048,26096,39144,52192,65240
13049,26098,39147,52196,65245
13050,26100,39150,52200,65250
13051,26102,39153,52204,65255
13052,26104,39156,52208,65260
13053,26106,39159,52212,65265
13054,26108,39162,52216,65270
13055,26110,39165,52220,65275
13056,26112,39168,52224,65280
13057,26114,39171,52228,65285
13058,26116,39174,52232,65290
13059,26118,39177,52236,65295
13060,26120,39180,52240,65300
13061,26122,39183,52244,65305
13062,26124,39186,52248,65310
13063,26126,39189,52252,65315
13064,26128,39192,52256,65320
13065,26130,39195,52260,65325
13066,26132,39198,52264,65330
13067,26134,39201,52268,65335
13068,26136,39204,52272,65340
13069,26138,39207,52276,65345
13070,26140,39210,52280,65350
13071,26142,39213,52284,65355
13072,26144,39216,52288,65360
13073,26146,39219,52292,65365
13074,26148,39222,52296,65370
13075,26150,39225,52300,65375
13076,26152,39228,52304,65380
13077,26154,39231,52308,65385
13078,26156,39234,52312,65390
13079,26158,39237,52316,65395
13080,26160,39240,52320,65400
13081,26162,39243,52324,65405
13082,26164,39246,52328,65410
13083,26166,39249,52332,65415
13084,26168,39252,52336,65420
13085,26170,39255,52340,65425
13086,26172,39258,52344,65430
13087,26174,39261,52348,65435
13088,26176,39264,52352,65440
13089,26178,39267,52356,65445
13090,26180,39270,52360,65450
13091,26182,39273,52364,65455
13092,26184,39276,52368,65460
13093,26186,39279,52372,65465
13094,26188,39282,52376,65470
13095,26190,39285,52380,65475
13096,26192,39288,52384,65480
13097,26194,39291,52388,65485
13098,26196,39294,52392,65490
13099,26198,39297,52396,65495
13100,26200,39300,52400,65500
13101,26202,39303,52404,65505
13102,26204,39306,52408,65510
13103,26206,39309,52412,65515
13104,26208,39312,52416,65520
13105,26210,39315,52420,65525
13106,26212,39318,52424,65530
13107,26214,39321,52428,65535
13108,26216,39324,52432,65540
13109,26218,39327,52436,65545
13110,26220,39330,52440,65550
13111,26222,39333,52444,65555
13112,26224,39336,52448,65560
13113,26226,39339,52452,65565
13114,26228,39342,52456,65570
13115,26230,39345,52460,65575
13116,26232,39348,52464,65580
13117,26234,39351,52468,65585
13118,26236,39354,52472,65590
13119,26238,39357,52476,65595
13120,26240,39360,52480,65600
13121,26242,39363,52484,65605
13122,26244,39366,52488,65610
13123,26246,39369,52492,65615
13124,26248,39372,52496,65620
13125,26250,39375,52500,65625
13126,26252,39378,52504,65630
13127,26254,39381,52508,65635
13128,26256,39384,52512,65640
13129,26258,39387,52516,65645
13130,26260,39390,52520,65650
13131,26262,39393,52524,65655
13132,26264,39396,52528,65660
13133,26266,39399,52532,65665
13134,26268,39402,52536,65670
13135,26270,39405,52540,65675
13136,26272,39408,52544,65680
13137,26274,39411,52548,65685
13138,26276,39414,52552,65690
13139,26278,39417,52556,65695
13140,26280,39420,52560,65700
13141,26282,39423,52564,65705
13142,26284,39426,52568,65710
13143,26286,39429,52572,65715
13144,26288,39432,52576,65720
13145,26290,39435,52580,65725
13146,26292,39438,52584,65730
13147,26294,39441,52588,65735
13148,26296,39444,52592,65740
13149,26298,39447,52596,65745
13150,26300,39450,52600,65750
13151,26302,39453,52604,65755
13152,26304,39456,52608,65760
13153,26306,39459,52612,65765
13154,26308,39462,52616,65770
13155,26310,39465,52620,65775
13156,26312,39468,52624,65780
13157,26314,39471,52628,65785
13158,26316,39474,52632,65790
13159,26318,39477,52636,65795
13160,26320,39480,52640,65800
13161,26322,39483,52644,65805
13162,26324,39486,52648,65810
13163,26326,39489,52652,65815
13164,26328,39492,52656,65820
13165,26330,39495,52660,65825
13166,26332,39498,52664,65830
13167,26334,39501,52668,65835
13168,26336,39504,52672,65840
13169,26338,39507,52676,65845
13170,26340,39510,52680,65850
13171,26342,39513,52684,65855
13172,26344,39516,52688,65860
13173,26346,39519,52692,65865
13174,26348,39522,52696,65870
13175,26350,39525,52700,65875
13176,26352,39528,52704,65880
13177,26354,39531,52708,65885
13178,26356,39534,52712,65890
13179,26358,39537,52716,65895
13180,26360,39540,52720,65900
13181,26362,39543,52724,65905
13182,26364,39546,52728,65910
13183,26366,39549,52732,65915
13184,26368,39552,52736,65920
13185,26370,39555,52740,65925
13186,26372,39558,52744,65930
13187,26374,39561,52748,65935
13188,26376,39564,52752,65940
13189,26378,39567,52756,65945
13190,26380,39570,52760,65950
13191,26382,39573,52764,65955
13192,26384,39576,52768,65960
13193,26386,39579,52772,65965
13194,26388,39582,52776,65970
13195,26390,39585,52780,65975
13196,26392,39588,52784,65980
13197,26394,39591,52788,65985
13198,26396,39594,52792,65990
13199,26398,39597,52796,65995
13200,26400,39600,52800,66000
13201,26402,39603,52804,66005
13202,26404,39606,52808,66010
13203,26406,39609,52812,66015
13204,26408,39612,52816,66020
13205,26410,39615,52820,66025
13206,26412,39618,52824,66030
13207,26414,39621,52828,66035
13208,26416,39624,52832,66040
13209,26418,39627,52836,66045
13210,26420,39630,52840,66050
13211,26422,39633,52844,66055
13212,26424,39636,52848,66060
13213,26426,39639,52852,66065
13214,26428,39642,52856,66070
13215,26430,39645,52860,66075
13216,26432,39648,52864,66080
13217,26434,39651,52868,66085
13218,26436,39654,52872,66090
13219,26438,39657,52876,66095
13220,26440,39660,52880,66100
13221,26442,39663,52884,66105
13222,26444,39666,52888,66110
13223,26446,39669,52892,66115
13224,26448,39672,52896,66120
13225,26450,39675,52900,66125
13226,26452,39678,52904,66130
13227,26454,39681,52908,66135
13228,26456,39684,52912,66140
13229,26458,39687,52916,66145
13230,26460,39690,52920,66150
13231,26462,39693,52924,66155
13232,26464,39696,52928,66160
13233,26466,39699,52932,66165
13234,26468,39702,52936,66170
13235,26470,39705,52940,66175
13236,26472,39708,52944,66180
13237,26474,39711,52948,66185
13238,26476,39714,52952,66190
13239,26478,39717,52956,66195
13240,26480,39720,52960,66200
13241,26482,39723,52964,66205
13242,26484,39726,52968,66210
13243,26486,39729,52972,66215
13244,26488,39732,52976,66220
13245,26490,39735,52980,66225
13246,26492,39738,52984,66230
13247,26494,39741,52988,66235
13248,26496,39744,52992,66240
13249,26498,39747,52996,66245
13250,26500,39750,53000,66250
13251,26502,39753,53004,66255
13252,26504,39756,53008,66260
13253,26506,39759,53012,66265
13254,26508,39762,53016,66270
13255,26510,39765,53020,66275
13256,26512,39768,53024,66280
13257,26514,39771,53028,66285
13258,26516,39774,53032,66290
13259,26518,39777,53036,66295
13260,26520,39780,53040,66300
13261,26522,39783,53044,66305
13262,26524,39786,53048,66310
13263,26526,39789,53052,66315
13264,26528,39792,53056,66320
13265,26530,39795,53060,66325
13266,26532,39798,53064,66330
13267,26534,39801,53068,66335
13268,26536,39804,53072,66340
13269,26538,39807,53076,66345
13270,26540,39810,53080,66350
13271,26542,39813,53084,66355
13272,26544,39816,53088,66360
13273,26546,39819,53092,66365
13274,26548,39822,53096,66370
13275,26550,39825,53100,66375
13276,26552,39828,53104,66380
13277,26554,39831,53108,66385
13278,26556,39834,53112,66390
13279,26558,39837,53116,66395
13280,26560,39840,53120,66400
13281,26562,39843,53124,66405
13282,26564,39846,53128,66410
13283,26566,39849,53132,66415
13284,26568,39852,53136,66420
13285,26570,39855,53140,66425
13286,26572,39858,53144,66430
13287,26574,39861,53148,66435
13288,26576,39864,53152,66440
13289,26578,39867,53156,66445
13290,26580,39870,53160,66450
13291,26582,39873,53164,66455
13292,26584,39876,53168,66460
13293,26586,39879,53172,66465
13294,26588,39882,53176,66470
13295,26590,39885,53180,66475
13296,26592,39888,53184,66480
13297,26594,39891,53188,66485
13298,26596,39894,53192,66490
13299,26598,39897,53196,66495
13300,26600,39900,53200,66500
13301,26602,39903,53204,66505
13302,26604,39906,53208,66510
13303,26606,39909,53212,66515
13304,26608,39912,53216,66520
13305,26610,39915,53220,66525
13306,26612,39918,53224,66530
13307,26614,39921,53228,66535
13308,26616,39924,53232,66540
13309,26618,39927,53236,66545
13310,26620,39930,53240,66550
13311,26622,39933,53244,66555
13312,26624,39936,53248,66560
13313,26626,39939,53252,66565
13314,26628,39942,53256,66570
13315,26630,39945,53260,66575
13316,26632,39948,53264,66580
13317,26634,39951,53268,66585
13318,26636,39954,53272,66590
13319,26638,39957,53276,66595
13320,26640,39960,53280,66600
13321,26642,39963,53284,66605
13322,26644,39966,53288,66610
13323,26646,39969,53292,66615
13324,26648,39972,53296,66620
13325,26650,39975,53300,66625
13326,26652,39978,53304,66630
13327,26654,39981,53308,66635
13328,26656,39984,53312,66640
13329,26658,39987,53316,66645
13330,26660,39990,53320,66650
13331,26662,39993,53324,66655
13332,26664,39996,53328,66660
13333,26666,39999,53332,66665
13334,26668,40002,53336,66670
13335,26670,40005,53340,66675
13336,26672,40008,53344,66680
13337,26674,40011,53348,66685
13338,26676,40014,53352,66690
13339,26678,40017,53356,66695
13340,26680,40020,53360,66700
13341,26682,40023,53364,66705
13342,26684,40026,53368,66710
13343,26686,40029,53372,66715
13344,26688,40032,53376,66720
13345,26690,40035,53380,66725
13346,26692,40038,53384,66730
13347,26694,40041,53388,66735
13348,26696,40044,53392,66740
13349,26698,40047,53396,66745
13350,26700,40050,53400,66750
13351,26702,40053,53404,66755
13352,26704,40056,53408,66760
13353,26706,40059,53412,66765
13354,26708,40062,53416,66770
13355,26710,40065,53420,66775
13356,26712,40068,53424,66780
13357,26714,40071,53428,66785
13358,26716,40074,53432,66790
13359,26718,40077,53436,66795
13360,26720,40080,53440,66800
13361,26722,40083,53444,66805
13362,26724,40086,53448,66810
13363,26726,40089,53452,66815
13364,26728,40092,53456,66820
13365,26730,40095,53460,66825
13366,26732,40098,53464,66830
13367,26734,40101,53468,66835
13368,26736,40104,53472,66840
13369,26738,40107,53476,66845
13370,26740,40110,53480,66850
13371,26742,40113,53484,66855
13372,26744,40116,53488,66860
13373,26746,40119,53492,66865
13374,26748,40122,53496,66870
13375,26750,40125,53500,66875
13376,26752,40128,53504,66880
13377,26754,40131,53508,66885
13378,26756,40134,53512,66890
13379,26758,40137,53516,66895
13380,26760,40140,53520,66900
13381,26762,40143,53524,66905
13382,26764,40146,53528,66910
13383,26766,40149,53532,66915
13384,26768,40152,53536,66920
13385,26770,40155,53540,66925
13386,26772,40158,53544,66930
13387,26774,40161,53548,66935
13388,26776,40164,53552,66940
13389,26778,40167,53556,66945
13390,26780,40170,53560,66950
13391,26782,40173,53564,66955
13392,26784,40176,53568,66960
13393,26786,40179,53572,66965
13394,26788,40182,53576,66970
13395,26790,40185,53580,66975
13396,26792,40188,53584,66980
13397,26794,40191,53588,66985
13398,26796,40194,53592,66990
13399,26798,40197,53596,66995
13400,26800,40200,53600,67000
13401,26802,40203,53604,67005
13402,26804,40206,53608,67010
13403,26806,40209,53612,67015
13404,26808,40212,53616,67020
13405,26810,40215,53620,67025
13406,26812,40218,53624,67030
13407,26814,40221,53628,67035
13408,26816,40224,53632,67040
13409,26818,40227,53636,67045
13410,26820,40230,53640,67050
13411,26822,40233,53644,67055
13412,26824,40236,53648,67060
13413,26826,40239,53652,67065
13414,26828,40242,53656,67070
13415,26830,40245,53660,67075
13416,26832,40248,53664,67080
13417,26834,40251,53668,67085
13418,26836,40254,53672,67090
13419,26838,40257,53676,67095
13420,26840,40260,53680,67100
13421,26842,40263,53684,67105
13422,26844,40266,53688,67110
13423,26846,40269,53692,67115
13424,26848,40272,53696,67120
13425,26850,40275,53700,67125
13426,26852,40278,53704,67130
13427,26854,40281,53708,67135
13428,26856,40284,53712,67140
13429,26858,40287,53716,67145
13430,26860,40290,53720,67150
13431,26862,40293,53724,67155
13432,26864,40296,53728,67160
13433,26866,40299,53732,67165
13434,26868,40302,53736,67170
13435,26870,40305,53740,67175
13436,26872,40308,53744,67180
13437,26874,40311,53748,67185
13438,26876,40314,53752,67190
13439,26878,40317,53756,67195
13440,26880,40320,53760,67200
13441,26882,40323,53764,67205
13442,26884,40326,53768,67210
13443,26886,40329,53772,67215
13444,26888,40332,53776,67220
13445,26890,40335,53780,67225
13446,26892,40338,53784,67230
13447,26894,40341,53788,67235
13448,26896,40344,53792,67240
13449,26898,40347,53796,67245
13450,26900,40350,53800,67250
13451,26902,40353,53804,67255
13452,26904,40356,53808,67260
13453,26906,40359,53812,67265
13454,26908,40362,53816,67270
13455,26910,40365,53820,67275
13456,26912,40368,53824,67280
13457,26914,40371,53828,67285
13458,26916,40374,53832,67290
13459,26918,40377,53836,67295
13460,26920,40380,53840,67300
13461,26922,40383,53844,67305
13462,26924,40386,53848,67310
13463,26926,40389,53852,67315
13464,26928,40392,53856,67320
13465,26930,40395,53860,67325
13466,26932,40398,53864,67330
13467,26934,40401,53868,67335
13468,26936,40404,53872,67340
13469,26938,40407,53876,67345
13470,26940,40410,53880,67350
13471,26942,40413,53884,67355
13472,26944,40416,53888,67360
13473,26946,40419,53892,67365
13474,26948,40422,53896,67370
13475,26950,40425,53900,67375
13476,26952,40428,53904,67380
13477,26954,40431,53908,67385
13478,26956,40434,53912,67390
13479,26958,40437,53916,67395
13480,26960,40440,53920,67400
13481,26962,40443,53924,67405
13482,26964,40446,53928,67410
13483,26966,40449,53932,67415
13484,26968,40452,53936,67420
13485,26970,40455,53940,67425
13486,26972,40458,53944,67430
13487,26974,40461,53948,67435
13488,26976,40464,53952,67440
13489,26978,40467,53956,67445
13490,26980,40470,53960,67450
13491,26982,40473,53964,67455
13492,26984,40476,53968,67460
13493,26986,40479,53972,67465
13494,26988,40482,53976,67470
13495,26990,40485,53980,67475
13496,26992,40488,53984,67480
13497,26994,40491,53988,67485
13498,26996,40494,53992,67490
13499,26998,40497,53996,67495
13500,27000,40500,54000,67500
13501,27002,40503,54004,67505
13502,27004,40506,54008,67510
13503,27006,40509,54012,67515
13504,27008,40512,54016,67520
13505,27010,40515,54020,67525
13506,27012,40518,54024,67530
13507,27014,40521,54028,67535
13508,27016,40524,54032,67540
13509,27018,40527,54036,67545
13510,27020,40530,54040,67550
13511,27022,40533,54044,67555
13512,27024,40536,54048,67560
13513,27026,40539,54052,67565
13514,27028,40542,54056,67570
13515,27030,40545,54060,67575
13516,27032,40548,54064,67580
13517,27034,40551,54068,67585
13518,27036,40554,54072,67590
13519,27038,40557,54076,67595
13520,27040,40560,54080,67600
13521,27042,40563,54084,67605
13522,27044,40566,54088,67610
13523,27046,40569,54092,67615
13524,27048,40572,54096,67620
13525,27050,40575,54100,67625
13526,27052,40578,54104,67630
13527,27054,40581,54108,67635
13528,27056,40584,54112,67640
13529,27058,40587,54116,67645
13530,27060,40590,54120,67650
13531,27062,40593,54124,67655
13532,27064,40596,54128,67660
13533,27066,40599,54132,67665
13534,27068,40602,54136,67670
13535,27070,40605,54140,67675
13536,27072,40608,54144,67680
13537,27074,40611,54148,67685
13538,27076,40614,54152,67690
13539,27078,40617,54156,67695
13540,27080,40620,54160,67700
13541,27082,40623,54164,67705
13542,27084,40626,54168,67710
13543,27086,40629,54172,67715
13544,27088,40632,54176,67720
13545,27090,40635,54180,67725
13546,27092,40638,54184,67730
13547,27094,40641,54188,67735
13548,27096,40644,54192,67740
13549,27098,40647,54196,67745
13550,27100,40650,54200,67750
13551,27102,40653,54204,67755
13552,27104,40656,54208,67760
13553,27106,40659,54212,67765
13554,27108,40662,54216,67770
13555,27110,40665,54220,67775
13556,27112,40668,54224,67780
13557,27114,40671,54228,67785
13558,27116,40674,54232,67790
13559,27118,40677,54236,67795
13560,27120,40680,54240,67800
13561,27122,40683,54244,67805
13562,27124,40686,54248,67810
13563,27126,40689,54252,67815
13564,27128,40692,54256,67820
13565,27130,40695,54260,67825
13566,27132,40698,54264,67830
13567,27134,40701,54268,67835
13568,27136,40704,54272,67840
13569,27138,40707,54276,67845
13570,27140,40710,54280,67850
13571,27142,40713,54284,67855
13572,27144,40716,54288,67860
13573,27146,40719,54292,67865
13574,27148,40722,54296,67870
13575,27150,40725,54300,67875
13576,27152,40728,54304,67880
13577,27154,40731,54308,67885
13578,27156,40734,54312,67890
13579,27158,40737,54316,67895
13580,27160,40740,54320,67900
13581,27162,40743,54324,67905
13582,27164,40746,54328,67910
13583,27166,40749,54332,67915
13584,27168,40752,54336,67920
13585,27170,40755,54340,67925
13586,27172,40758,54344,67930
13587,27174,40761,54348,67935
13588,27176,40764,54352,67940
13589,27178,40767,54356,67945
13590,27180,40770,54360,67950
13591,27182,40773,54364,67955
13592,27184,40776,54368,67960
13593,27186,40779,54372,67965
13594,27188,40782,54376,67970
13595,27190,40785,54380,67975
13596,27192,40788,54384,67980
13597,27194,40791,54388,67985
13598,27196,40794,54392,67990
13599,27198,40797,54396,67995
13600,27200,40800,54400,68000
13601,27202,40803,54404,68005
13602,27204,40806,54408,68010
13603,27206,40809,54412,68015
13604,27208,40812,54416,68020
13605,27210,40815,54420,68025
13606,27212,40818,54424,68030
13607,27214,40821,54428,68035
13608,27216,40824,54432,68040
13609,27218,40827,54436,68045
13610,27220,40830,54440,68050
13611,27222,40833,54444,68055
13612,27224,40836,54448,68060
13613,27226,40839,54452,68065
13614,27228,40842,54456,68070
13615,27230,40845,54460,68075
13616,27232,40848,54464,68080
13617,27234,40851,54468,68085
13618,27236,40854,54472,68090
13619,27238,40857,54476,68095
13620,27240,40860,54480,68100
13621,27242,40863,54484,68105
13622,27244,40866,54488,68110
13623,27246,40869,54492,68115
13624,27248,40872,54496,68120
13625,27250,40875,54500,68125
13626,27252,40878,54504,68130
13627,27254,40881,54508,68135
13628,27256,40884,54512,68140
13629,27258,40887,54516,68145
13630,27260,40890,54520,68150
13631,27262,40893,54524,68155
13632,27264,40896,54528,68160
13633,27266,40899,54532,68165
13634,27268,40902,54536,68170
13635,27270,40905,54540,68175
13636,27272,40908,54544,68180
13637,27274,40911,54548,68185
13638,27276,40914,54552,68190
13639,27278,40917,54556,68195
13640,27280,40920,54560,68200
13641,27282,40923,54564,68205
13642,27284,40926,54568,68210
13643,27286,40929,54572,68215
13644,27288,40932,54576,68220
13645,27290,40935,54580,68225
13646,27292,40938,54584,68230
13647,27294,40941,54588,68235
13648,27296,40944,54592,68240
13649,27298,40947,54596,68245
13650,27300,40950,54600,68250
13651,27302,40953,54604,68255
13652,27304,40956,54608,68260
13653,27306,40959,54612,68265
13654,27308,40962,54616,68270
13655,27310,40965,54620,68275
13656,27312,40968,54624,68280
13657,27314,40971,54628,68285
13658,27316,40974,54632,68290
13659,27318,40977,54636,68295
13660,27320,40980,54640,68300
13661,27322,40983,54644,68305
13662,27324,40986,54648,68310
13663,27326,40989,54652,68315
13664,27328,40992,54656,68320
13665,27330,40995,54660,68325
13666,27332,40998,54664,68330
13667,27334,41001,54668,68335
13668,27336,41004,54672,68340
13669,27338,41007,54676,68345
13670,27340,41010,54680,68350
13671,27342,41013,54684,68355
13672,27344,41016,54688,68360
13673,27346,41019,54692,68365
13674,27348,41022,54696,68370
13675,27350,41025,54700,68375
13676,27352,41028,54704,68380
13677,27354,41031,54708,68385
13678,27356,41034,54712,68390
13679,27358,41037,54716,68395
13680,27360,41040,54720,68400
13681,27362,41043,54724,68405
13682,27364,41046,54728,68410
13683,27366,41049,54732,68415
13684,27368,41052,54736,68420
13685,27370,41055,54740,68425
13686,27372,41058,54744,68430
13687,27374,41061,54748,68435
13688,27376,41064,54752,68440
13689,27378,41067,54756,68445
13690,27380,41070,54760,68450
13691,27382,41073,54764,68455
13692,27384,41076,54768,68460
13693,27386,41079,54772,68465
13694,27388,41082,54776,68470
13695,27390,41085,54780,68475
13696,27392,41088,54784,68480
13697,27394,41091,54788,68485
13698,27396,41094,54792,68490
13699,27398,41097,54796,68495
13700,27400,41100,54800,68500
13701,27402,41103,54804,68505
13702,27404,41106,54808,68510
13703,27406,41109,54812,68515
13704,27408,41112,54816,68520
13705,27410,41115,54820,68525
13706,27412,41118,54824,68530
13707,27414,41121,54828,68535
13708,27416,41124,54832,68540
13709,27418,41127,54836,68545
13710,27420,41130,54840,68550
13711,27422,41133,54844,68555
13712,27424,41136,54848,68560
13713,27426,41139,54852,68565
13714,27428,41142,54856,68570
13715,27430,41145,54860,68575
13716,27432,41148,54864,68580
13717,27434,41151,54868,68585
13718,27436,41154,54872,68590
13719,27438,41157,54876,68595
13720,27440,41160,54880,68600
13721,27442,41163,54884,68605
13722,27444,41166,54888,68610
13723,27446,41169,54892,68615
13724,27448,41172,54896,68620
13725,27450,41175,54900,68625
13726,27452,41178,54904,68630
13727,27454,41181,54908,68635
13728,27456,41184,54912,68640
13729,27458,41187,54916,68645
13730,27460,41190,54920,68650
13731,27462,41193,54924,68655
13732,27464,41196,54928,68660
13733,27466,41199,54932,68665
13734,27468,41202,54936,68670
13735,27470,41205,54940,68675
13736,27472,41208,54944,68680
13737,27474,41211,54948,68685
13738,27476,41214,54952,68690
13739,27478,41217,54956,68695
13740,27480,41220,54960,68700
13741,27482,41223,54964,68705
13742,27484,41226,54968,68710
13743,27486,41229,54972,68715
13744,27488,41232,54976,68720
13745,27490,41235,54980,68725
13746,27492,41238,54984,68730
13747,27494,41241,54988,68735
13748,27496,41244,54992,68740
13749,27498,41247,54996,68745
13750,27500,41250,55000,68750
13751,27502,41253,55004,68755
13752,27504,41256,55008,68760
13753,27506,41259,55012,68765
13754,27508,41262,55016,68770
13755,27510,41265,55020,68775
13756,27512,41268,55024,68780
13757,27514,41271,55028,68785
13758,27516,41274,55032,68790
13759,27518,41277,55036,68795
13760,27520,41280,55040,68800
13761,27522,41283,55044,68805
13762,27524,41286,55048,68810
13763,27526,41289,55052,68815
13764,27528,41292,55056,68820
13765,27530,41295,55060,68825
13766,27532,41298,55064,68830
13767,27534,41301,55068,68835
13768,27536,41304,55072,68840
13769,27538,41307,55076,68845
13770,27540,41310,55080,68850
13771,27542,41313,55084,68855
13772,27544,41316,55088,68860
13773,27546,41319,55092,68865
13774,27548,41322,55096,68870
13775,27550,41325,55100,68875
13776,27552,41328,55104,68880
13777,27554,41331,55108,68885
13778,27556,41334,55112,68890
13779,27558,41337,55116,68895
13780,27560,41340,55120,68900
13781,27562,41343,55124,68905
13782,27564,41346,55128,68910
13783,27566,41349,55132,68915
13784,27568,41352,55136,68920
13785,27570,41355,55140,68925
13786,27572,41358,55144,68930
13787,27574,41361,55148,68935
13788,27576,41364,55152,68940
13789,27578,41367,55156,68945
13790,27580,41370,55160,68950
13791,27582,41373,55164,68955
13792,27584,41376,55168,68960
13793,27586,41379,55172,68965
13794,27588,41382,55176,68970
13795,27590,41385,55180,68975
13796,27592,41388,55184,68980
13797,27594,41391,55188,68985
13798,27596,41394,55192,68990
13799,27598,41397,55196,68995
13800,27600,41400,55200,69000
13801,27602,41403,55204,69005
13802,27604,41406,55208,69010
13803,27606,41409,55212,69015
13804,27608,41412,55216,69020
13805,27610,41415,55220,69025
13806,27612,41418,55224,69030
13807,27614,41421,55228,69035
13808,27616,41424,55232,69040
13809,27618,41427,55236,69045
13810,27620,41430,55240,69050
13811,27622,41433,55244,69055
13812,27624,41436,55248,69060
13813,27626,41439,55252,69065
13814,27628,41442,55256,69070
13815,27630,41445,55260,69075
13816,27632,41448,55264,69080
13817,27634,41451,55268,69085
13818,27636,41454,55272,69090
13819,27638,41457,55276,69095
13820,27640,41460,55280,69100
13821,27642,41463,55284,69105
13822,27644,41466,55288,69110
13823,27646,41469,55292,69115
13824,27648,41472,55296,69120
13825,27650,41475,55300,69125
13826,27652,41478,55304,69130
13827,27654,41481,55308,69135
13828,27656,41484,55312,69140
13829,27658,41487,55316,69145
13830,27660,41490,55320,69150
13831,27662,41493,55324,69155
13832,27664,41496,55328,69160
13833,27666,41499,55332,69165
13834,27668,41502,55336,69170
13835,27670,41505,55340,69175
13836,27672,41508,55344,69180
13837,27674,41511,55348,69185
13838,27676,41514,55352,69190
13839,27678,41517,55356,69195
13840,27680,41520,55360,69200
13841,27682,41523,55364,69205
13842,27684,41526,55368,69210
13843,27686,41529,55372,69215
13844,27688,41532,55376,69220
13845,27690,41535,55380,69225
13846,27692,41538,55384,69230
13847,27694,41541,55388,69235
13848,27696,41544,55392,69240
13849,27698,41547,55396,69245
13850,27700,41550,55400,69250
13851,27702,41553,55404,69255
13852,27704,41556,55408,69260
13853,27706,41559,55412,69265
13854,27708,41562,55416,69270
13855,27710,41565,55420,69275
13856,27712,41568,55424,69280
13857,27714,41571,55428,69285
13858,27716,41574,55432,69290
13859,27718,41577,55436,69295
13860,27720,41580,55440,69300
13861,27722,41583,55444,69305
13862,27724,41586,55448,69310
13863,27726,41589,55452,69315
13864,27728,41592,55456,69320
13865,27730,41595,55460,69325
13866,27732,41598,55464,69330
13867,27734,41601,55468,69335
13868,27736,41604,55472,69340
13869,27738,41607,55476,69345
13870,27740,41610,55480,69350
13871,27742,41613,55484,69355
13872,27744,41616,55488,69360
13873,27746,41619,55492,69365
13874,27748,41622,55496,69370
13875,27750,41625,55500,69375
13876,27752,41628,55504,69380
13877,27754,41631,55508,69385
13878,27756,41634,55512,69390
13879,27758,41637,55516,69395
13880,27760,41640,55520,69400
13881,27762,41643,55524,69405
13882,27764,41646,55528,69410
13883,27766,41649,55532,69415
13884,27768,41652,55536,69420
13885,27770,41655,55540,69425
13886,27772,41658,55544,69430
13887,27774,41661,55548,69435
13888,27776,41664,55552,69440
13889,27778,41667,55556,69445
13890,27780,41670,55560,69450
13891,27782,41673,55564,69455
13892,27784,41676,55568,69460
13893,27786,41679,55572,69465
13894,27788,41682,55576,69470
13895,27790,41685,55580,69475
13896,27792,41688,55584,69480
13897,27794,41691,55588,69485
13898,27796,41694,55592,69490
13899,27798,41697,55596,69495
13900,27800,41700,55600,69500
13901,27802,41703,55604,69505
13902,27804,41706,55608,69510
13903,27806,41709,55612,69515
13904,27808,41712,55616,69520
13905,27810,41715,55620,69525
13906,27812,41718,55624,69530
13907,27814,41721,55628,69535
13908,27816,41724,55632,69540
13909,27818,41727,55636,69545
13910,27820,41730,55640,69550
13911,27822,41733,55644,69555
13912,27824,41736,55648,69560
13913,27826,41739,55652,69565
13914,27828,41742,55656,69570
13915,27830,41745,55660,69575
13916,27832,41748,55664,69580
13917,27834,41751,55668,69585
13918,27836,41754,55672,69590
13919,27838,41757,55676,69595
13920,27840,41760,55680,69600
13921,27842,41763,55684,69605
13922,27844,41766,55688,69610
13923,27846,41769,55692,69615
13924,27848,41772,55696,69620
13925,27850,41775,55700,69625
13926,27852,41778,55704,69630
13927,27854,41781,55708,69635
13928,27856,41784,55712,69640
13929,27858,41787,55716,69645
13930,27860,41790,55720,69650
13931,27862,41793,55724,69655
13932,27864,41796,55728,69660
13933,27866,41799,55732,69665
13934,27868,41802,55736,69670
13935,27870,41805,55740,69675
13936,27872,41808,55744,69680
13937,27874,41811,55748,69685
13938,27876,41814,55752,69690
13939,27878,41817,55756,69695
13940,27880,41820,55760,69700
13941,27882,41823,55764,69705
13942,27884,41826,55768,69710
13943,27886,41829,55772,69715
13944,27888,41832,55776,69720
13945,27890,41835,55780,69725
13946,27892,41838,55784,69730
13947,27894,41841,55788,69735
13948,27896,41844,55792,69740
13949,27898,41847,55796,69745
13950,27900,41850,55800,69750
13951,27902,41853,55804,69755
13952,27904,41856,55808,69760
13953,27906,41859,55812,69765
13954,27908,41862,55816,69770
13955,27910,41865,55820,69775
13956,27912,41868,55824,69780
13957,27914,41871,55828,69785
13958,27916,41874,55832,69790
13959,27918,41877,55836,69795
13960,27920,41880,55840,69800
13961,27922,41883,55844,69805
13962,27924,41886,55848,69810
13963,27926,41889,55852,69815
13964,27928,41892,55856,69820
13965,27930,41895,55860,69825
13966,27932,41898,55864,69830
13967,27934,41901,55868,69835
13968,27936,41904,55872,69840
13969,27938,41907,55876,69845
13970,27940,41910,55880,69850
13971,27942,41913,55884,69855
13972,27944,41916,55888,69860
13973,27946,41919,55892,69865
13974,27948,41922,55896,69870
13975,27950,41925,55900,69875
13976,27952,41928,55904,69880
13977,27954,41931,55908,69885
13978,27956,41934,55912,69890
13979,27958,41937,55916,69895
13980,27960,41940,55920,69900
13981,27962,41943,55924,69905
13982,27964,41946,55928,69910
13983,27966,41949,55932,69915
13984,27968,41952,55936,69920
13985,27970,41955,55940,69925
13986,27972,41958,55944,69930
13987,27974,41961,55948,69935
13988,27976,41964,55952,69940
13989,27978,41967,55956,69945
13990,27980,41970,55960,69950
13991,27982,41973,55964,69955
13992,27984,41976,55968,69960
13993,27986,41979,55972,69965
13994,27988,41982,55976,69970
13995,27990,41985,55980,69975
13996,27992,41988,55984,69980
13997,27994,41991,55988,69985
13998,27996,41994,55992,69990
13999,27998,41997,55996,69995
14000,28000,42000,56000,70000
14001,28002,42003,56004,70005
14002,28004,42006,56008,70010
14003,28006,42009,56012,70015
14004,28008,42012,56016,70020
14005,28010,42015,56020,70025
14006,28012,42018,56024,70030
14007,28014,42021,56028,70035
14008,28016,42024,56032,70040
14009,28018,42027,56036,70045
14010,28020,42030,56040,70050
14011,28022,42033,56044,70055
14012,28024,42036,56048,70060
14013,28026,42039,56052,70065
14014,28028,42042,56056,70070
14015,28030,42045,56060,70075
14016,28032,42048,56064,70080
14017,28034,42051,56068,70085
14018,28036,42054,56072,70090
14019,28038,42057,56076,70095
14020,28040,42060,56080,70100
14021,28042,42063,56084,70105
14022,28044,42066,56088,70110
14023,28046,42069,56092,70115
14024,28048,42072,56096,70120
14025,28050,42075,56100,70125
14026,28052,42078,56104,70130
14027,28054,42081,56108,70135
14028,28056,42084,56112,70140
14029,28058,42087,56116,70145
14030,28060,42090,56120,70150
14031,28062,42093,56124,70155
14032,28064,42096,56128,70160
14033,28066,42099,56132,70165
14034,28068,42102,56136,70170
14035,28070,42105,56140,70175
14036,28072,42108,56144,70180
14037,28074,42111,56148,70185
14038,28076,42114,56152,70190
14039,28078,42117,56156,70195
14040,28080,42120,56160,70200
14041,28082,42123,56164,70205
14042,28084,42126,56168,70210
14043,28086,42129,56172,70215
14044,28088,42132,56176,70220
14045,28090,42135,56180,70225
14046,28092,42138,56184,70230
14047,28094,42141,56188,70235
14048,28096,42144,56192,70240
14049,28098,42147,56196,70245
14050,28100,42150,56200,70250
14051,28102,42153,56204,70255
14052,28104,42156,56208,70260
14053,28106,42159,56212,70265
14054,28108,42162,56216,70270
14055,28110,42165,56220,70275
14056,28112,42168,56224,70280
14057,28114,42171,56228,70285
14058,28116,42174,56232,70290
14059,28118,42177,56236,70295
14060,28120,42180,56240,70300
14061,28122,42183,56244,70305
14062,28124,42186,56248,70310
14063,28126,42189,56252,70315
14064,28128,42192,56256,70320
14065,28130,42195,56260,70325
14066,28132,42198,56264,70330
14067,28134,42201,56268,70335
14068,28136,42204,56272,70340
14069,28138,42207,56276,70345
14070,28140,42210,56280,70350
14071,28142,42213,56284,70355
14072,28144,42216,56288,70360
14073,28146,42219,56292,70365
14074,28148,42222,56296,70370
14075,28150,42225,56300,70375
14076,28152,42228,56304,70380
14077,28154,42231,56308,70385
14078,28156,42234,56312,70390
14079,28158,42237,56316,70395
14080,28160,42240,56320,70400
14081,28162,42243,56324,70405
14082,28164,42246,56328,70410
14083,28166,42249,56332,70415
14084,28168,42252,56336,70420
14085,28170,42255,56340,70425
14086,28172,42258,56344,70430
14087,28174,42261,56348,70435
14088,28176,42264,56352,70440
14089,28178,42267,56356,70445
14090,28180,42270,56360,70450
14091,28182,42273,56364,70455
14092,28184,42276,56368,70460
14093,28186,42279,56372,70465
14094,28188,42282,56376,70470
14095,28190,42285,56380,70475
14096,28192,42288,56384,70480
14097,28194,42291,56388,70485
14098,28196,42294,56392,70490
14099,28198,42297,56396,70495
14100,28200,42300,56400,70500
14101,28202,42303,56404,70505
14102,28204,42306,56408,70510
14103,28206,42309,56412,70515
14104,28208,42312,56416,70520
14105,28210,42315,56420,70525
14106,28212,42318,56424,70530
14107,28214,42321,56428,70535
14108,28216,42324,56432,70540
14109,28218,42327,56436,70545
14110,28220,42330,56440,70550
14111,28222,42333,56444,70555
14112,28224,42336,56448,70560
14113,28226,42339,56452,70565
14114,28228,42342,56456,70570
14115,28230,42345,56460,70575
14116,28232,42348,56464,70580
14117,28234,42351,56468,70585
14118,28236,42354,56472,70590
14119,28238,42357,56476,70595
14120,28240,42360,56480,70600
14121,28242,42363,56484,70605
14122,28244,42366,56488,70610
14123,28246,42369,56492,70615
14124,28248,42372,56496,70620
14125,28250,42375,56500,70625
14126,28252,42378,56504,70630
14127,28254,42381,56508,70635
14128,28256,42384,56512,70640
14129,28258,42387,56516,70645
14130,28260,42390,56520,70650
14131,28262,42393,56524,70655
14132,28264,42396,56528,70660
14133,28266,42399,56532,70665
14134,28268,42402,56536,70670
14135,28270,42405,56540,70675
14136,28272,42408,56544,70680
14137,28274,42411,56548,70685
14138,28276,42414,56552,70690
14139,28278,42417,56556,70695
14140,28280,42420,56560,70700
14141,28282,42423,56564,70705
14142,28284,42426,56568,70710
14143,28286,42429,56572,70715
14144,28288,42432,56576,70720
14145,28290,42435,56580,70725
14146,28292,42438,56584,70730
14147,28294,42441,56588,70735
14148,28296,42444,56592,70740
14149,28298,42447,56596,70745
14150,28300,42450,56600,70750
14151,28302,42453,56604,70755
14152,28304,42456,56608,70760
14153,28306,42459,56612,70765
14154,28308,42462,56616,70770
14155,28310,42465,56620,70775
14156,28312,42468,56624,70780
14157,28314,42471,56628,70785
14158,28316,42474,56632,70790
14159,28318,42477,56636,70795
14160,28320,42480,56640,70800
14161,28322,42483,56644,70805
14162,28324,42486,56648,70810
14163,28326,42489,56652,70815
14164,28328,42492,56656,70820
14165,28330,42495,56660,70825
14166,28332,42498,56664,70830
14167,28334,42501,56668,70835
14168,28336,42504,56672,70840
14169,28338,42507,56676,70845
14170,28340,42510,56680,70850
14171,28342,42513,56684,70855
14172,28344,42516,56688,70860
14173,28346,42519,56692,70865
14174,28348,42522,56696,70870
14175,28350,42525,56700,70875
14176,28352,42528,56704,70880
14177,28354,42531,56708,70885
14178,28356,42534,56712,70890
14179,28358,42537,56716,70895
14180,28360,42540,56720,70900
14181,28362,42543,56724,70905
14182,28364,42546,56728,70910
14183,28366,42549,56732,70915
14184,28368,42552,56736,70920
14185,28370,42555,56740,70925
14186,28372,42558,56744,70930
14187,28374,42561,56748,70935
14188,28376,42564,56752,70940
14189,28378,42567,56756,70945
14190,28380,42570,56760,70950
14191,28382,42573,56764,70955
14192,28384,42576,56768,70960
14193,28386,42579,56772,70965
14194,28388,42582,56776,70970
14195,28390,42585,56780,70975
14196,28392,42588,56784,70980
14197,28394,42591,56788,70985
14198,28396,42594,56792,70990
14199,28398,42597,56796,70995
14200,28400,42600,56800,71000
14201,28402,42603,56804,71005
14202,28404,42606,56808,71010
14203,28406,42609,56812,71015
14204,28408,42612,56816,71020
14205,28410,42615,56820,71025
14206,28412,42618,56824,71030
14207,28414,42621,56828,71035
14208,28416,42624,56832,71040
14209,28418,42627,56836,71045
14210,28420,42630,56840,71050
14211,28422,42633,56844,71055
14212,28424,42636,56848,71060
14213,28426,42639,56852,71065
14214,28428,42642,56856,71070
14215,28430,42645,56860,71075
14216,28432,42648,56864,71080
14217,28434,42651,56868,71085
14218,28436,42654,56872,71090
14219,28438,42657,56876,71095
14220,28440,42660,56880,71100
14221,28442,42663,56884,71105
14222,28444,42666,56888,71110
14223,28446,42669,56892,71115
14224,28448,42672,56896,71120
14225,28450,42675,56900,71125
14226,28452,42678,56904,71130
14227,28454,42681,56908,71135
14228,28456,42684,56912,71140
14229,28458,42687,56916,71145
14230,28460,42690,56920,71150
14231,28462,42693,56924,71155
14232,28464,42696,56928,71160
14233,28466,42699,56932,71165
14234,28468,42702,56936,71170
14235,28470,42705,56940,71175
14236,28472,42708,56944,71180
14237,28474,42711,56948,71185
14238,28476,42714,56952,71190
14239,28478,42717,56956,71195
14240,28480,42720,56960,71200
14241,28482,42723,56964,71205
14242,28484,42726,56968,71210
14243,28486,42729,56972,71215
14244,28488,42732,56976,71220
14245,28490,42735,56980,71225
14246,28492,42738,56984,71230
14247,28494,42741,56988,71235
14248,28496,42744,56992,71240
14249,28498,42747,56996,71245
14250,28500,42750,57000,71250
14251,28502,42753,57004,71255
14252,28504,42756,57008,71260
14253,28506,42759,57012,71265
14254,28508,42762,57016,71270
14255,28510,42765,57020,71275
14256,28512,42768,57024,71280
14257,28514,42771,57028,71285
14258,28516,42774,57032,71290
14259,28518,42777,57036,71295
14260,28520,42780,57040,71300
14261,28522,42783,57044,71305
14262,28524,42786,57048,71310
14263,28526,42789,57052,71315
14264,28528,42792,57056,71320
14265,28530,42795,57060,71325
14266,28532,42798,57064,71330
14267,28534,42801,57068,71335
14268,28536,42804,57072,71340
14269,28538,42807,57076,71345
14270,28540,42810,57080,71350
14271,28542,42813,57084,71355
14272,28544,42816,57088,71360
14273,28546,42819,57092,71365
14274,28548,42822,57096,71370
14275,28550,42825,57100,71375
14276,28552,42828,57104,71380
14277,28554,42831,57108,71385
14278,28556,42834,57112,71390
14279,28558,42837,57116,71395
14280,28560,42840,57120,71400
14281,28562,42843,57124,71405
14282,28564,42846,57128,71410
14283,28566,42849,57132,71415
14284,28568,42852,57136,71420
14285,28570,42855,57140,71425
14286,28572,42858,57144,71430
14287,28574,42861,57148,71435
14288,28576,42864,57152,71440
14289,28578,42867,57156,71445
14290,28580,42870,57160,71450
14291,28582,42873,57164,71455
14292,28584,42876,57168,71460
14293,28586,42879,57172,71465
14294,28588,42882,57176,71470
14295,28590,42885,57180,71475
14296,28592,42888,57184,71480
14297,28594,42891,57188,71485
14298,28596,42894,57192,71490
14299,28598,42897,57196,71495
14300,28600,42900,57200,71500
14301,28602,42903,57204,71505
14302,28604,42906,57208,71510
14303,28606,42909,57212,71515
14304,28608,42912,57216,71520
14305,28610,42915,57220,71525
14306,28612,42918,57224,71530
14307,28614,42921,57228,71535
14308,28616,42924,57232,71540
14309,28618,42927,57236,71545
14310,28620,42930,57240,71550
14311,28622,42933,57244,71555
14312,28624,42936,57248,71560
14313,28626,42939,57252,71565
14314,28628,42942,57256,71570
14315,28630,42945,57260,71575
14316,28632,42948,57264,71580
14317,28634,42951,57268,71585
14318,28636,42954,57272,71590
14319,28638,42957,57276,71595
14320,28640,42960,57280,71600
14321,28642,42963,57284,71605
14322,28644,42966,57288,71610
14323,28646,42969,57292,71615
14324,28648,42972,57296,71620
14325,28650,42975,57300,71625
14326,28652,42978,57304,71630
14327,28654,42981,57308,71635
14328,28656,42984,57312,71640
14329,28658,42987,57316,71645
14330,28660,42990,57320,71650
14331,28662,42993,57324,71655
14332,28664,42996,57328,71660
14333,28666,42999,57332,71665
14334,28668,43002,57336,71670
14335,28670,43005,57340,71675
14336,28672,43008,57344,71680
14337,28674,43011,57348,71685
14338,28676,43014,57352,71690
14339,28678,43017,57356,71695
14340,28680,43020,57360,71700
14341,28682,43023,57364,71705
14342,28684,43026,57368,71710
14343,28686,43029,57372,71715
14344,28688,43032,57376,71720
14345,28690,43035,57380,71725
14346,28692,43038,57384,71730
14347,28694,43041,57388,71735
14348,28696,43044,57392,71740
14349,28698,43047,57396,71745
14350,28700,43050,57400,71750
14351,28702,43053,57404,71755
14352,28704,43056,57408,71760
14353,28706,43059,57412,71765
14354,28708,43062,57416,71770
14355,28710,43065,57420,71775
14356,28712,43068,57424,71780
14357,28714,43071,57428,71785
14358,28716,43074,57432,71790
14359,28718,43077,57436,71795
14360,28720,43080,57440,71800
14361,28722,43083,57444,71805
14362,28724,43086,57448,71810
14363,28726,43089,57452,71815
14364,28728,43092,57456,71820
14365,28730,43095,57460,71825
14366,28732,43098,57464,71830
14367,28734,43101,57468,71835
14368,28736,43104,57472,71840
14369,28738,43107,57476,71845
14370,28740,43110,57480,71850
14371,28742,43113,57484,71855
14372,28744,43116,57488,71860
14373,28746,43119,57492,71865
14374,28748,43122,57496,71870
14375,28750,43125,57500,71875
14376,28752,43128,57504,71880
14377,28754,43131,57508,71885
14378,28756,43134,57512,71890
14379,28758,43137,57516,71895
14380,28760,43140,57520,71900
14381,28762,43143,57524,71905
14382,28764,43146,57528,71910
14383,28766,43149,57532,71915
14384,28768,43152,57536,71920
14385,28770,43155,57540,71925
14386,28772,43158,57544,71930
14387,28774,43161,57548,71935
14388,28776,43164,57552,71940
14389,28778,43167,57556,71945
14390,28780,43170,57560,71950
14391,28782,43173,57564,71955
14392,28784,43176,57568,71960
14393,28786,43179,57572,71965
14394,28788,43182,57576,71970
14395,28790,43185,57580,71975
14396,28792,43188,57584,71980
14397,28794,43191,57588,71985
14398,28796,43194,57592,71990
14399,28798,43197,57596,71995
14400,28800,43200,57600,72000
14401,28802,43203,57604,72005
14402,28804,43206,57608,72010
14403,28806,43209,57612,72015
14404,28808,43212,57616,72020
14405,28810,43215,57620,72025
14406,28812,43218,57624,72030
14407,28814,43221,57628,72035
14408,28816,43224,57632,72040
14409,28818,43227,57636,72045
14410,28820,43230,57640,72050
14411,28822,43233,57644,72055
14412,28824,43236,57648,72060
14413,28826,43239,57652,72065
14414,28828,43242,57656,72070
14415,28830,43245,57660,72075
14416,28832,43248,57664,72080
14417,28834,43251,57668,72085
14418,28836,43254,57672,72090
14419,28838,43257,57676,72095
14420,28840,43260,57680,72100
14421,28842,43263,57684,72105
14422,28844,43266,57688,72110
14423,28846,43269,57692,72115
14424,28848,43272,57696,72120
14425,28850,43275,57700,72125
14426,28852,43278,57704,72130
14427,28854,43281,57708,72135
14428,28856,43284,57712,72140
14429,28858,43287,57716,72145
14430,28860,43290,57720,72150
14431,28862,43293,57724,72155
14432,28864,43296,57728,72160
14433,28866,43299,57732,72165
14434,28868,43302,57736,72170
14435,28870,43305,57740,72175
14436,28872,43308,57744,72180
14437,28874,43311,57748,72185
14438,28876,43314,57752,72190
14439,28878,43317,57756,72195
14440,28880,43320,57760,72200
14441,28882,43323,57764,72205
14442,28884,43326,57768,72210
14443,28886,43329,57772,72215
14444,28888,43332,57776,72220
14445,28890,43335,57780,72225
14446,28892,43338,57784,72230
14447,28894,43341,57788,72235
14448,28896,43344,57792,72240
14449,28898,43347,57796,72245
14450,28900,43350,57800,72250
14451,28902,43353,57804,72255
14452,28904,43356,57808,72260
14453,28906,43359,57812,72265
14454,28908,43362,57816,72270
14455,28910,43365,57820,72275
14456,28912,43368,57824,72280
14457,28914,43371,57828,72285
14458,28916,43374,57832,72290
14459,28918,43377,57836,72295
14460,28920,43380,57840,72300
14461,28922,43383,57844,72305
14462,28924,43386,57848,72310
14463,28926,43389,57852,72315
14464,28928,43392,57856,72320
14465,28930,43395,57860,72325
14466,28932,43398,57864,72330
14467,28934,43401,57868,72335
14468,28936,43404,57872,72340
14469,28938,43407,57876,72345
14470,28940,43410,57880,72350
14471,28942,43413,57884,72355
14472,28944,43416,57888,72360
14473,28946,43419,57892,72365
14474,28948,43422,57896,72370
14475,28950,43425,57900,72375
14476,28952,43428,57904,72380
14477,28954,43431,57908,72385
14478,28956,43434,57912,72390
14479,28958,43437,57916,72395
14480,28960,43440,57920,72400
14481,28962,43443,57924,72405
14482,28964,43446,57928,72410
14483,28966,43449,57932,72415
14484,28968,43452,57936,72420
14485,28970,43455,57940,72425
14486,28972,43458,57944,72430
14487,28974,43461,57948,72435
14488,28976,43464,57952,72440
14489,28978,43467,57956,72445
14490,28980,43470,57960,72450
14491,28982,43473,57964,72455
14492,28984,43476,57968,72460
14493,28986,43479,57972,72465
14494,28988,43482,57976,72470
14495,28990,43485,57980,72475
14496,28992,43488,57984,72480
14497,28994,43491,57988,72485
14498,28996,43494,57992,72490
14499,28998,43497,57996,72495
14500,29000,43500,58000,72500
14501,29002,43503,58004,72505
14502,29004,43506,58008,72510
14503,29006,43509,58012,72515
14504,29008,43512,58016,72520
14505,29010,43515,58020,72525
14506,29012,43518,58024,72530
14507,29014,43521,58028,72535
14508,29016,43524,58032,72540
14509,29018,43527,58036,72545
14510,29020,43530,58040,72550
14511,29022,43533,58044,72555
14512,29024,43536,58048,72560
14513,29026,43539,58052,72565
14514,29028,43542,58056,72570
14515,29030,43545,58060,72575
14516,29032,43548,58064,72580
14517,29034,43551,58068,72585
14518,29036,43554,58072,72590
14519,29038,43557,58076,72595
14520,29040,43560,58080,72600
14521,29042,43563,58084,72605
14522,29044,43566,58088,72610
14523,29046,43569,58092,72615
14524,29048,43572,58096,72620
14525,29050,43575,58100,72625
14526,29052,43578,58104,72630
14527,29054,43581,58108,72635
14528,29056,43584,58112,72640
14529,29058,43587,58116,72645
14530,29060,43590,58120,72650
14531,29062,43593,58124,72655
14532,29064,43596,58128,72660
14533,29066,43599,58132,72665
14534,29068,43602,58136,72670
14535,29070,43605,58140,72675
14536,29072,43608,58144,72680
14537,29074,43611,58148,72685
14538,29076,43614,58152,72690
14539,29078,43617,58156,72695
14540,29080,43620,58160,72700
14541,29082,43623,58164,72705
14542,29084,43626,58168,72710
14543,29086,43629,58172,72715
14544,29088,43632,58176,72720
14545,29090,43635,58180,72725
14546,29092,43638,58184,72730
14547,29094,43641,58188,72735
14548,29096,43644,58192,72740
14549,29098,43647,58196,72745
14550,29100,43650,58200,72750
14551,29102,43653,58204,72755
14552,29104,43656,58208,72760
14553,29106,43659,58212,72765
14554,29108,43662,58216,72770
14555,29110,43665,58220,72775
14556,29112,43668,58224,72780
14557,29114,43671,58228,72785
14558,29116,43674,58232,72790
14559,29118,43677,58236,72795
14560,29120,43680,58240,72800
14561,29122,43683,58244,72805
14562,29124,43686,58248,72810
14563,29126,43689,58252,72815
14564,29128,43692,58256,72820
14565,29130,43695,58260,72825
14566,29132,43698,58264,72830
14567,29134,43701,58268,72835
14568,29136,43704,58272,72840
14569,29138,43707,58276,72845
14570,29140,43710,58280,72850
14571,29142,43713,58284,72855
14572,29144,43716,58288,72860
14573,29146,43719,58292,72865
14574,29148,43722,58296,72870
14575,29150,43725,58300,72875
14576,29152,43728,58304,72880
14577,29154,43731,58308,72885
14578,29156,43734,58312,72890
14579,29158,43737,58316,72895
14580,29160,43740,58320,72900
14581,29162,43743,58324,72905
14582,29164,43746,58328,72910
14583,29166,43749,58332,72915
14584,29168,43752,58336,72920
14585,29170,43755,58340,72925
14586,29172,43758,58344,72930
14587,29174,43761,58348,72935
14588,29176,43764,58352,72940
14589,29178,43767,58356,72945
14590,29180,43770,58360,72950
14591,29182,43773,58364,72955
14592,29184,43776,58368,72960
14593,29186,43779,58372,72965
14594,29188,43782,58376,72970
14595,29190,43785,58380,72975
14596,29192,43788,58384,72980
14597,29194,43791,58388,72985
14598,29196,43794,58392,72990
14599,29198,43797,58396,72995
14600,29200,43800,58400,73000
14601,29202,43803,58404,73005
14602,29204,43806,58408,73010
14603,29206,43809,58412,73015
14604,29208,43812,58416,73020
14605,29210,43815,58420,73025
14606,29212,43818,58424,73030
14607,29214,43821,58428,73035
14608,29216,43824,58432,73040
14609,29218,43827,58436,73045
14610,29220,43830,58440,73050
14611,29222,43833,58444,73055
14612,29224,43836,58448,73060
14613,29226,43839,58452,73065
14614,29228,43842,58456,73070
14615,29230,43845,58460,73075
14616,29232,43848,58464,73080
14617,29234,43851,58468,73085
14618,29236,43854,58472,73090
14619,29238,43857,58476,73095
14620,29240,43860,58480,73100
14621,29242,43863,58484,73105
14622,29244,43866,58488,73110
14623,29246,43869,58492,73115
14624,29248,43872,58496,73120
14625,29250,43875,58500,73125
14626,29252,43878,58504,73130
14627,29254,43881,58508,73135
14628,29256,43884,58512,73140
14629,29258,43887,58516,73145
14630,29260,43890,58520,73150
14631,29262,43893,58524,73155
14632,29264,43896,58528,73160
14633,29266,43899,58532,73165
14634,29268,43902,58536,73170
14635,29270,43905,58540,73175
14636,29272,43908,58544,73180
14637,29274,43911,58548,73185
14638,29276,43914,58552,73190
14639,29278,43917,58556,73195
14640,29280,43920,58560,73200
14641,29282,43923,58564,73205
14642,29284,43926,58568,73210
14643,29286,43929,58572,73215
14644,29288,43932,58576,73220
14645,29290,43935,58580,73225
14646,29292,43938,58584,73230
14647,29294,43941,58588,73235
14648,29296,43944,58592,73240
14649,29298,43947,58596,73245
14650,29300,43950,58600,73250
14651,29302,43953,58604,73255
14652,29304,43956,58608,73260
14653,29306,43959,58612,73265
14654,29308,43962,58616,73270
14655,29310,43965,58620,73275
14656,29312,43968,58624,73280
14657,29314,43971,58628,73285
14658,29316,43974,58632,73290
14659,29318,43977,58636,73295
14660,29320,43980,58640,73300
14661,29322,43983,58644,73305
14662,29324,43986,58648,73310
14663,29326,43989,58652,73315
14664,29328,43992,58656,73320
14665,29330,43995,58660,73325
14666,29332,43998,58664,73330
14667,29334,44001,58668,73335
14668,29336,44004,58672,73340
14669,29338,44007,58676,73345
14670,29340,44010,58680,73350
14671,29342,44013,58684,73355
14672,29344,44016,58688,73360
14673,29346,44019,58692,73365
14674,29348,44022,58696,73370
14675,29350,44025,58700,73375
14676,29352,44028,58704,73380
14677,29354,44031,58708,73385
14678,29356,44034,58712,73390
14679,29358,44037,58716,73395
14680,29360,44040,58720,73400
14681,29362,44043,58724,73405
14682,29364,44046,58728,73410
14683,29366,44049,58732,73415
14684,29368,44052,58736,73420
14685,29370,44055,58740,73425
14686,29372,44058,58744,73430
14687,29374,44061,58748,73435
14688,29376,44064,58752,73440
14689,29378,44067,58756,73445
14690,29380,44070,58760,73450
14691,29382,44073,58764,73455
14692,29384,44076,58768,73460
14693,29386,44079,58772,73465
14694,29388,44082,58776,73470
14695,29390,44085,58780,73475
14696,29392,44088,58784,73480
14697,29394,44091,58788,73485
14698,29396,44094,58792,73490
14699,29398,44097,58796,73495
14700,29400,44100,58800,73500
14701,29402,44103,58804,73505
14702,29404,44106,58808,73510
14703,29406,44109,58812,73515
14704,29408,44112,58816,73520
14705,29410,44115,58820,73525
14706,29412,44118,58824,73530
14707,29414,44121,58828,73535
14708,29416,44124,58832,73540
14709,29418,44127,58836,73545
14710,29420,44130,58840,73550
14711,29422,44133,58844,73555
14712,29424,44136,58848,73560
14713,29426,44139,58852,73565
14714,29428,44142,58856,73570
14715,29430,44145,58860,73575
14716,29432,44148,58864,73580
14717,29434,44151,58868,73585
14718,29436,44154,58872,73590
14719,29438,44157,58876,73595
14720,29440,44160,58880,73600
14721,29442,44163,58884,73605
14722,29444,44166,58888,73610
14723,29446,44169,58892,73615
14724,29448,44172,58896,73620
14725,29450,44175,58900,73625
14726,29452,44178,58904,73630
14727,29454,44181,58908,73635
14728,29456,44184,58912,73640
14729,29458,44187,58916,73645
14730,29460,44190,58920,73650
14731,29462,44193,58924,73655
14732,29464,44196,58928,73660
14733,29466,44199,58932,73665
14734,29468,44202,58936,73670
14735,29470,44205,58940,73675
14736,29472,44208,58944,73680
14737,29474,44211,58948,73685
14738,29476,44214,58952,73690
14739,29478,44217,58956,73695
14740,29480,44220,58960,73700
14741,29482,44223,58964,73705
14742,29484,44226,58968,73710
14743,29486,44229,58972,73715
14744,29488,44232,58976,73720
14745,29490,44235,58980,73725
14746,29492,44238,58984,73730
14747,29494,44241,58988,73735
14748,29496,44244,58992,73740
14749,29498,44247,58996,73745
14750,29500,44250,59000,73750
14751,29502,44253,59004,73755
14752,29504,44256,59008,73760
14753,29506,44259,59012,73765
14754,29508,44262,59016,73770
14755,29510,44265,59020,73775
14756,29512,44268,59024,73780
14757,29514,44271,59028,73785
14758,29516,44274,59032,73790
14759,29518,44277,59036,73795
14760,29520,44280,59040,73800
14761,29522,44283,59044,73805
14762,29524,44286,59048,73810
14763,29526,44289,59052,73815
14764,29528,44292,59056,73820
14765,29530,44295,59060,73825
14766,29532,44298,59064,73830
14767,29534,44301,59068,73835
14768,29536,44304,59072,73840
14769,29538,44307,59076,73845
14770,29540,44310,59080,73850
14771,29542,44313,59084,73855
14772,29544,44316,59088,73860
14773,29546,44319,59092,73865
14774,29548,44322,59096,73870
14775,29550,44325,59100,73875
14776,29552,44328,59104,73880
14777,29554,44331,59108,73885
14778,29556,44334,59112,73890
14779,29558,44337,59116,73895
14780,29560,44340,59120,73900
14781,29562,44343,59124,73905
14782,29564,44346,59128,73910
14783,29566,44349,59132,73915
14784,29568,44352,59136,73920
14785,29570,44355,59140,73925
14786,29572,44358,59144,73930
14787,29574,44361,59148,73935
14788,29576,44364,59152,73940
14789,29578,44367,59156,73945
14790,29580,44370,59160,73950
14791,29582,44373,59164,73955
14792,29584,44376,59168,73960
14793,29586,44379,59172,73965
14794,29588,44382,59176,73970
14795,29590,44385,59180,73975
14796,29592,44388,59184,73980
14797,29594,44391,59188,73985
14798,29596,44394,59192,73990
14799,29598,44397,59196,73995
14800,29600,44400,59200,74000
14801,29602,44403,59204,74005
14802,29604,44406,59208,74010
14803,29606,44409,59212,74015
14804,29608,44412,59216,74020
14805,29610,44415,59220,74025
14806,29612,44418,59224,74030
14807,29614,44421,59228,74035
14808,29616,44424,59232,74040
14809,29618,44427,59236,74045
14810,29620,44430,59240,74050
14811,29622,44433,59244,74055
14812,29624,44436,59248,74060
14813,29626,44439,59252,74065
14814,29628,44442,59256,74070
14815,29630,44445,59260,74075
14816,29632,44448,59264,74080
14817,29634,44451,59268,74085
14818,29636,44454,59272,74090
14819,29638,44457,59276,74095
14820,29640,44460,59280,74100
14821,29642,44463,59284,74105
14822,29644,44466,59288,74110
14823,29646,44469,59292,74115
14824,29648,44472,59296,74120
14825,29650,44475,59300,74125
14826,29652,44478,59304,74130
14827,29654,44481,59308,74135
14828,29656,44484,59312,74140
14829,29658,44487,59316,74145
14830,29660,44490,59320,74150
14831,29662,44493,59324,74155
14832,29664,44496,59328,74160
14833,29666,44499,59332,74165
14834,29668,44502,59336,74170
14835,29670,44505,59340,74175
14836,29672,44508,59344,74180
14837,29674,44511,59348,74185
14838,29676,44514,59352,74190
14839,29678,44517,59356,74195
14840,29680,44520,59360,74200
14841,29682,44523,59364,74205
14842,29684,44526,59368,74210
14843,29686,44529,59372,74215
14844,29688,44532,59376,74220
14845,29690,44535,59380,74225
14846,29692,44538,59384,74230
14847,29694,44541,59388,74235
14848,29696,44544,59392,74240
14849,29698,44547,59396,74245
14850,29700,44550,59400,74250
14851,29702,44553,59404,74255
14852,29704,44556,59408,74260
14853,29706,44559,59412,74265
14854,29708,44562,59416,74270
14855,29710,44565,59420,74275
14856,29712,44568,59424,74280
14857,29714,44571,59428,74285
14858,29716,44574,59432,74290
14859,29718,44577,59436,74295
14860,29720,44580,59440,74300
14861,29722,44583,59444,74305
14862,29724,44586,59448,74310
14863,29726,44589,59452,74315
14864,29728,44592,59456,74320
14865,29730,44595,59460,74325
14866,29732,44598,59464,74330
14867,29734,44601,59468,74335
14868,29736,44604,59472,74340
14869,29738,44607,59476,74345
14870,29740,44610,59480,74350
14871,29742,44613,59484,74355
14872,29744,44616,59488,74360
14873,29746,44619,59492,74365
14874,29748,44622,59496,74370
14875,29750,44625,59500,74375
14876,29752,44628,59504,74380
14877,29754,44631,59508,74385
14878,29756,44634,59512,74390
14879,29758,44637,59516,74395
14880,29760,44640,59520,74400
14881,29762,44643,59524,74405
14882,29764,44646,59528,74410
14883,29766,44649,59532,74415
14884,29768,44652,59536,74420
14885,29770,44655,59540,74425
14886,29772,44658,59544,74430
14887,29774,44661,59548,74435
14888,29776,44664,59552,74440
14889,29778,44667,59556,74445
14890,29780,44670,59560,74450
14891,29782,44673,59564,74455
14892,29784,44676,59568,74460
14893,29786,44679,59572,74465
14894,29788,44682,59576,74470
14895,29790,44685,59580,74475
14896,29792,44688,59584,74480
14897,29794,44691,59588,74485
14898,29796,44694,59592,74490
14899,29798,44697,59596,74495
14900,29800,44700,59600,74500
14901,29802,44703,59604,74505
14902,29804,44706,59608,74510
14903,29806,44709,59612,74515
14904,29808,44712,59616,74520
14905,29810,44715,59620,74525
14906,29812,44718,59624,74530
14907,29814,44721,59628,74535
14908,29816,44724,59632,74540
14909,29818,44727,59636,74545
14910,29820,44730,59640,74550
14911,29822,44733,59644,74555
14912,29824,44736,59648,74560
14913,29826,44739,59652,74565
14914,29828,44742,59656,74570
14915,29830,44745,59660,74575
14916,29832,44748,59664,74580
14917,29834,44751,59668,74585
14918,29836,44754,59672,74590
14919,29838,44757,59676,74595
14920,29840,44760,59680,74600
14921,29842,44763,59684,74605
14922,29844,44766,59688,74610
14923,29846,44769,59692,74615
14924,29848,44772,59696,74620
14925,29850,44775,59700,74625
14926,29852,44778,59704,74630
14927,29854,44781,59708,74635
14928,29856,44784,59712,74640
14929,29858,44787,59716,74645
14930,29860,44790,59720,74650
14931,29862,44793,59724,74655
14932,29864,44796,59728,74660
14933,29866,44799,59732,74665
14934,29868,44802,59736,74670
14935,29870,44805,59740,74675
14936,29872,44808,59744,74680
14937,29874,44811,59748,74685
14938,29876,44814,59752,74690
14939,29878,44817,59756,74695
14940,29880,44820,59760,74700
14941,29882,44823,59764,74705
14942,29884,44826,59768,74710
14943,29886,44829,59772,74715
14944,29888,44832,59776,74720
14945,29890,44835,59780,74725
14946,29892,44838,59784,74730
14947,29894,44841,59788,74735
14948,29896,44844,59792,74740
14949,29898,44847,59796,74745
14950,29900,44850,59800,74750
14951,29902,44853,59804,74755
14952,29904,44856,59808,74760
14953,29906,44859,59812,74765
14954,29908,44862,59816,74770
14955,29910,44865,59820,74775
14956,29912,44868,59824,74780
14957,29914,44871,59828,74785
14958,29916,44874,59832,74790
14959,29918,44877,59836,74795
14960,29920,44880,59840,74800
14961,29922,44883,59844,74805
14962,29924,44886,59848,74810
14963,29926,44889,59852,74815
14964,29928,44892,59856,74820
14965,29930,44895,59860,74825
14966,29932,44898,59864,74830
14967,29934,44901,59868,74835
14968,29936,44904,59872,74840
14969,29938,44907,59876,74845
14970,29940,44910,59880,74850
14971,29942,44913,59884,74855
14972,29944,44916,59888,74860
14973,29946,44919,59892,74865
14974,29948,44922,59896,74870
14975,29950,44925,59900,74875
14976,29952,44928,59904,74880
14977,29954,44931,59908,74885
14978,29956,44934,59912,74890
14979,29958,44937,59916,74895
14980,29960,44940,59920,74900
14981,29962,44943,59924,74905
14982,29964,44946,59928,74910
14983,29966,44949,59932,74915
14984,29968,44952,59936,74920
14985,29970,44955,59940,74925
14986,29972,44958,59944,74930
14987,29974,44961,59948,74935
14988,29976,44964,59952,74940
14989,29978,44967,59956,74945
14990,29980,44970,59960,74950
14991,29982,44973,59964,74955
14992,29984,44976,59968,74960
14993,29986,44979,59972,74965
14994,29988,44982,59976,74970
14995,29990,44985,59980,74975
14996,29992,44988,59984,74980
14997,29994,44991,59988,74985
14998,29996,44994,59992,74990
14999,29998,44997,59996,74995
15000,30000,45000,60000,75000
15001,30002,45003,60004,75005
15002,30004,45006,60008,75010
15003,30006,45009,60012,75015
15004,30008,45012,60016,75020
15005,30010,45015,60020,75025
15006,30012,45018,60024,75030
15007,30014,45021,60028,75035
15008,30016,45024,60032,75040
15009,30018,45027,60036,75045
15010,30020,45030,60040,75050
15011,30022,45033,60044,75055
15012,30024,45036,60048,75060
15013,30026,45039,60052,75065
15014,30028,45042,60056,75070
15015,30030,45045,60060,75075
15016,30032,45048,60064,75080
15017,30034,45051,60068,75085
15018,30036,45054,60072,75090
15019,30038,45057,60076,75095
15020,30040,45060,60080,75100
15021,30042,45063,60084,75105
15022,30044,45066,60088,75110
15023,30046,45069,60092,75115
15024,30048,45072,60096,75120
15025,30050,45075,60100,75125
15026,30052,45078,60104,75130
15027,30054,45081,60108,75135
15028,30056,45084,60112,75140
15029,30058,45087,60116,75145
15030,30060,45090,60120,75150
15031,30062,45093,60124,75155
15032,30064,45096,60128,75160
15033,30066,45099,60132,75165
15034,30068,45102,60136,75170
15035,30070,45105,60140,75175
15036,30072,45108,60144,75180
15037,30074,45111,60148,75185
15038,30076,45114,60152,75190
15039,30078,45117,60156,75195
15040,30080,45120,60160,75200
15041,30082,45123,60164,75205
15042,30084,45126,60168,75210
15043,30086,45129,60172,75215
15044,30088,45132,60176,75220
15045,30090,45135,60180,75225
15046,30092,45138,60184,75230
15047,30094,45141,60188,75235
15048,30096,45144,60192,75240
15049,30098,45147,60196,75245
15050,30100,45150,60200,75250
15051,30102,45153,60204,75255
15052,30104,45156,60208,75260
15053,30106,45159,60212,75265
15054,30108,45162,60216,75270
15055,30110,45165,60220,75275
15056,30112,45168,60224,75280
15057,30114,45171,60228,75285
15058,30116,45174,60232,75290
15059,30118,45177,60236,75295
15060,30120,45180,60240,75300
15061,30122,45183,60244,75305
15062,30124,45186,60248,75310
15063,30126,45189,60252,75315
15064,30128,45192,60256,75320
15065,30130,45195,60260,75325
15066,30132,45198,60264,75330
15067,30134,45201,60268,75335
15068,30136,45204,60272,75340
15069,30138,45207,60276,75345
15070,30140,45210,60280,75350
15071,30142,45213,60284,75355
15072,30144,45216,60288,75360
15073,30146,45219,60292,75365
15074,30148,45222,60296,75370
15075,30150,45225,60300,75375
15076,30152,45228,60304,75380
15077,30154,45231,60308,75385
15078,30156,45234,60312,75390
15079,30158,45237,60316,75395
15080,30160,45240,60320,75400
15081,30162,45243,60324,75405
15082,30164,45246,60328,75410
15083,30166,45249,60332,75415
15084,30168,45252,60336,75420
15085,30170,45255,60340,75425
15086,30172,45258,60344,75430
15087,30174,45261,60348,75435
15088,30176,45264,60352,75440
15089,30178,45267,60356,75445
15090,30180,45270,60360,75450
15091,30182,45273,60364,75455
15092,30184,45276,60368,75460
15093,30186,45279,60372,75465
15094,30188,45282,60376,75470
15095,30190,45285,60380,75475
15096,30192,45288,60384,75480
15097,30194,45291,60388,75485
15098,30196,45294,60392,75490
15099,30198,45297,60396,75495
15100,30200,45300,60400,75500
15101,30202,45303,60404,75505
15102,30204,45306,60408,75510
15103,30206,45309,60412,75515
15104,30208,45312,60416,75520
15105,30210,45315,60420,75525
15106,30212,45318,60424,75530
15107,30214,45321,60428,75535
15108,30216,45324,60432,75540
15109,30218,45327,60436,75545
15110,30220,45330,60440,75550
15111,30222,45333,60444,75555
15112,30224,45336,60448,75560
15113,30226,45339,60452,75565
15114,30228,45342,60456,75570
15115,30230,45345,60460,75575
15116,30232,45348,60464,75580
15117,30234,45351,60468,75585
15118,30236,45354,60472,75590
15119,30238,45357,60476,75595
15120,30240,45360,60480,75600
15121,30242,45363,60484,75605
15122,30244,45366,60488,75610
15123,30246,45369,60492,75615
15124,30248,45372,60496,75620
15125,30250,45375,60500,75625
15126,30252,45378,60504,75630
15127,30254,45381,60508,75635
15128,30256,45384,60512,75640
15129,30258,45387,60516,75645
15130,30260,45390,60520,75650
15131,30262,45393,60524,75655
15132,30264,45396,60528,75660
15133,30266,45399,60532,75665
15134,30268,45402,60536,75670
15135,30270,45405,60540,75675
15136,30272,45408,60544,75680
15137,30274,45411,60548,75685
15138,30276,45414,60552,75690
15139,30278,45417,60556,75695
15140,30280,45420,60560,75700
15141,30282,45423,60564,75705
15142,30284,45426,60568,75710
15143,30286,45429,60572,75715
15144,30288,45432,60576,75720
15145,30290,45435,60580,75725
15146,30292,45438,60584,75730
15147,30294,45441,60588,75735
15148,30296,45444,60592,75740
15149,30298,45447,60596,75745
15150,30300,45450,60600,75750
15151,30302,45453,60604,75755
15152,30304,45456,60608,75760
15153,30306,45459,60612,75765
15154,30308,45462,60616,75770
15155,30310,45465,60620,75775
15156,30312,45468,60624,75780
15157,30314,45471,60628,75785
15158,30316,45474,60632,75790
15159,30318,45477,60636,75795
15160,30320,45480,60640,75800
15161,30322,45483,60644,75805
15162,30324,45486,60648,75810
15163,30326,45489,60652,75815
15164,30328,45492,60656,75820
15165,30330,45495,60660,75825
15166,30332,45498,60664,75830
15167,30334,45501,60668,75835
15168,30336,45504,60672,75840
15169,30338,45507,60676,75845
15170,30340,45510,60680,75850
15171,30342,45513,60684,75855
15172,30344,45516,60688,75860
15173,30346,45519,60692,75865
15174,30348,45522,60696,75870
15175,30350,45525,60700,75875
15176,30352,45528,60704,75880
15177,30354,45531,60708,75885
15178,30356,45534,60712,75890
15179,30358,45537,60716,75895
15180,30360,45540,60720,75900
15181,30362,45543,60724,75905
15182,30364,45546,60728,75910
15183,30366,45549,60732,75915
15184,30368,45552,60736,75920
15185,30370,45555,60740,75925
15186,30372,45558,60744,75930
15187,30374,45561,60748,75935
15188,30376,45564,60752,75940
15189,30378,45567,60756,75945
15190,30380,45570,60760,75950
15191,30382,45573,60764,75955
15192,30384,45576,60768,75960
15193,30386,45579,60772,75965
15194,30388,45582,60776,75970
15195,30390,45585,60780,75975
15196,30392,45588,60784,75980
15197,30394,45591,60788,75985
15198,30396,45594,60792,75990
15199,30398,45597,60796,75995
15200,30400,45600,60800,76000
15201,30402,45603,60804,76005
15202,30404,45606,60808,76010
15203,30406,45609,60812,76015
15204,30408,45612,60816,76020
15205,30410,45615,60820,76025
15206,30412,45618,60824,76030
15207,30414,45621,60828,76035
15208,30416,45624,60832,76040
15209,30418,45627,60836,76045
15210,30420,45630,60840,76050
15211,30422,45633,60844,76055
15212,30424,45636,60848,76060
15213,30426,45639,60852,76065
15214,30428,45642,60856,76070
15215,30430,45645,60860,76075
15216,30432,45648,60864,76080
15217,30434,45651,60868,76085
15218,30436,45654,60872,76090
15219,30438,45657,60876,76095
15220,30440,45660,60880,76100
15221,30442,45663,60884,76105
15222,30444,45666,60888,76110
15223,30446,45669,60892,76115
15224,30448,45672,60896,76120
15225,30450,45675,60900,76125
15226,30452,45678,60904,76130
15227,30454,45681,60908,76135
15228,30456,45684,60912,76140
15229,30458,45687,60916,76145
15230,30460,45690,60920,76150
15231,30462,45693,60924,76155
15232,30464,45696,60928,76160
15233,30466,45699,60932,76165
15234,30468,45702,60936,76170
15235,30470,45705,60940,76175
15236,30472,45708,60944,76180
15237,30474,45711,60948,76185
15238,30476,45714,60952,76190
15239,30478,45717,60956,76195
15240,30480,45720,60960,76200
15241,30482,45723,60964,76205
15242,30484,45726,60968,76210
15243,30486,45729,60972,76215
15244,30488,45732,60976,76220
15245,30490,45735,60980,76225
15246,30492,45738,60984,76230
15247,30494,45741,60988,76235
15248,30496,45744,60992,76240
15249,30498,45747,60996,76245
15250,30500,45750,61000,76250
15251,30502,45753,61004,76255
15252,30504,45756,61008,76260
15253,30506,45759,61012,76265
15254,30508,45762,61016,76270
15255,30510,45765,61020,76275
15256,30512,45768,61024,76280
15257,30514,45771,61028,76285
15258,30516,45774,61032,76290
15259,30518,45777,61036,76295
15260,30520,45780,61040,76300
15261,30522,45783,61044,76305
15262,30524,45786,61048,76310
15263,30526,45789,61052,76315
15264,30528,45792,61056,76320
15265,30530,45795,61060,76325
15266,30532,45798,61064,76330
15267,30534,45801,61068,76335
15268,30536,45804,61072,76340
15269,30538,45807,61076,76345
15270,30540,45810,61080,76350
15271,30542,45813,61084,76355
15272,30544,45816,61088,76360
15273,30546,45819,61092,76365
15274,30548,45822,61096,76370
15275,30550,45825,61100,76375
15276,30552,45828,61104,76380
15277,30554,45831,61108,76385
15278,30556,45834,61112,76390
15279,30558,45837,61116,76395
15280,30560,45840,61120,76400
15281,30562,45843,61124,76405
15282,30564,45846,61128,76410
15283,30566,45849,61132,76415
15284,30568,45852,61136,76420
15285,30570,45855,61140,76425
15286,30572,45858,61144,76430
15287,30574,45861,61148,76435
15288,30576,45864,61152,76440
15289,30578,45867,61156,76445
15290,30580,45870,61160,76450
15291,30582,45873,61164,76455
15292,30584,45876,61168,76460
15293,30586,45879,61172,76465
15294,30588,45882,61176,76470
15295,30590,45885,61180,76475
15296,30592,45888,61184,76480
15297,30594,45891,61188,76485
15298,30596,45894,61192,76490
15299,30598,45897,61196,76495
15300,30600,45900,61200,76500
15301,30602,45903,61204,76505
15302,30604,45906,61208,76510
15303,30606,45909,61212,76515
15304,30608,45912,61216,76520
15305,30610,45915,61220,76525
15306,30612,45918,61224,76530
15307,30614,45921,61228,76535
15308,30616,45924,61232,76540
15309,30618,45927,61236,76545
15310,30620,45930,61240,76550
15311,30622,45933,61244,76555
15312,30624,45936,61248,76560
15313,30626,45939,61252,76565
15314,30628,45942,61256,76570
15315,30630,45945,61260,76575
15316,30632,45948,61264,76580
15317,30634,45951,61268,76585
15318,30636,45954,61272,76590
15319,30638,45957,61276,76595
15320,30640,45960,61280,76600
15321,30642,45963,61284,76605
15322,30644,45966,61288,76610
15323,30646,45969,61292,76615
15324,30648,45972,61296,76620
15325,30650,45975,61300,76625
15326,30652,45978,61304,76630
15327,30654,45981,61308,76635
15328,30656,45984,61312,76640
15329,30658,45987,61316,76645
15330,30660,45990,61320,76650
15331,30662,45993,61324,76655
15332,30664,45996,61328,76660
15333,30666,45999,61332,76665
15334,30668,46002,61336,76670
15335,30670,46005,61340,76675
15336,30672,46008,61344,76680
15337,30674,46011,61348,76685
15338,30676,46014,61352,76690
15339,30678,46017,61356,76695
15340,30680,46020,61360,76700
15341,30682,46023,61364,76705
15342,30684,46026,61368,76710
15343,30686,46029,61372,76715
15344,30688,46032,61376,76720
15345,30690,46035,61380,76725
15346,30692,46038,61384,76730
15347,30694,46041,61388,76735
15348,30696,46044,61392,76740
15349,30698,46047,61396,76745
15350,30700,46050,61400,76750
15351,30702,46053,61404,76755
15352,30704,46056,61408,76760
15353,30706,46059,61412,76765
15354,30708,46062,61416,76770
15355,30710,46065,61420,76775
15356,30712,46068,61424,76780
15357,30714,46071,61428,76785
15358,30716,46074,61432,76790
15359,30718,46077,61436,76795
15360,30720,46080,61440,76800
15361,30722,46083,61444,76805
15362,30724,46086,61448,76810
15363,30726,46089,61452,76815
15364,30728,46092,61456,76820
15365,30730,46095,61460,76825
15366,30732,46098,61464,76830
15367,30734,46101,61468,76835
15368,30736,46104,61472,76840
15369,30738,46107,61476,76845
15370,30740,46110,61480,76850
15371,30742,46113,61484,76855
15372,30744,46116,61488,76860
15373,30746,46119,61492,76865
15374,30748,46122,61496,76870
15375,30750,46125,61500,76875
15376,30752,46128,61504,76880
15377,30754,46131,61508,76885
15378,30756,46134,61512,76890
15379,30758,46137,61516,76895
15380,30760,46140,61520,76900
15381,30762,46143,61524,76905
15382,30764,46146,61528,76910
15383,30766,46149,61532,76915
15384,30768,46152,61536,76920
15385,30770,46155,61540,76925
15386,30772,46158,61544,76930
15387,30774,46161,61548,76935
15388,30776,46164,61552,76940
15389,30778,46167,61556,76945
15390,30780,46170,61560,76950
15391,30782,46173,61564,76955
15392,30784,46176,61568,76960
15393,30786,46179,61572,76965
15394,30788,46182,61576,76970
15395,30790,46185,61580,76975
15396,30792,46188,61584,76980
15397,30794,46191,61588,76985
15398,30796,46194,61592,76990
15399,30798,46197,61596,76995
15400,30800,46200,61600,77000
15401,30802,46203,61604,77005
15402,30804,46206,61608,77010
15403,30806,46209,61612,77015
15404,30808,46212,61616,77020
15405,30810,46215,61620,77025
15406,30812,46218,61624,77030
15407,30814,46221,61628,77035
15408,30816,46224,61632,77040
15409,30818,46227,61636,77045
15410,30820,46230,61640,77050
15411,30822,46233,61644,77055
15412,30824,46236,61648,77060
15413,30826,46239,61652,77065
15414,30828,46242,61656,77070
15415,30830,46245,61660,77075
15416,30832,46248,61664,77080
15417,30834,46251,61668,77085
15418,30836,46254,61672,77090
15419,30838,46257,61676,77095
15420,30840,46260,61680,77100
15421,30842,46263,61684,77105
15422,30844,46266,61688,77110
15423,30846,46269,61692,77115
15424,30848,46272,61696,77120
15425,30850,46275,61700,77125
15426,30852,46278,61704,77130
15427,30854,46281,61708,77135
15428,30856,46284,61712,77140
15429,30858,46287,61716,77145
15430,30860,46290,61720,77150
15431,30862,46293,61724,77155
15432,30864,46296,61728,77160
15433,30866,46299,61732,77165
15434,30868,46302,61736,77170
15435,30870,46305,61740,77175
15436,30872,46308,61744,77180
15437,30874,46311,61748,77185
15438,30876,46314,61752,77190
15439,30878,46317,61756,77195
15440,30880,46320,61760,77200
15441,30882,46323,61764,77205
15442,30884,46326,61768,77210
15443,30886,46329,61772,77215
15444,30888,46332,61776,77220
15445,30890,46335,61780,77225
15446,30892,46338,61784,77230
15447,30894,46341,61788,77235
15448,30896,46344,61792,77240
15449,30898,46347,61796,77245
15450,30900,46350,61800,77250
15451,30902,46353,61804,77255
15452,30904,46356,61808,77260
15453,30906,46359,61812,77265
15454,30908,46362,61816,77270
15455,30910,46365,61820,77275
15456,30912,46368,61824,77280
15457,30914,46371,61828,77285
15458,30916,46374,61832,77290
15459,30918,46377,61836,77295
15460,30920,46380,61840,77300
15461,30922,46383,61844,77305
15462,30924,46386,61848,77310
15463,30926,46389,61852,77315
15464,30928,46392,61856,77320
15465,30930,46395,61860,77325
15466,30932,46398,61864,77330
15467,30934,46401,61868,77335
15468,30936,46404,61872,77340
15469,30938,46407,61876,77345
15470,30940,46410,61880,77350
15471,30942,46413,61884,77355
15472,30944,46416,61888,77360
15473,30946,46419,61892,77365
15474,30948,46422,61896,77370
15475,30950,46425,61900,77375
15476,30952,46428,61904,77380
15477,30954,46431,61908,77385
15478,30956,46434,61912,77390
15479,30958,46437,61916,77395
15480,30960,46440,61920,77400
15481,30962,46443,61924,77405
15482,30964,46446,61928,77410
15483,30966,46449,61932,77415
15484,30968,46452,61936,77420
15485,30970,46455,61940,77425
15486,30972,46458,61944,77430
15487,30974,46461,61948,77435
15488,30976,46464,61952,77440
15489,30978,46467,61956,77445
15490,30980,46470,61960,77450
15491,30982,46473,61964,77455
15492,30984,46476,61968,77460
15493,30986,46479,61972,77465
15494,30988,46482,61976,77470
15495,30990,46485,61980,77475
15496,30992,46488,61984,77480
15497,30994,46491,61988,77485
15498,30996,46494,61992,77490
15499,30998,46497,61996,77495
15500,31000,46500,62000,77500
15501,31002,46503,62004,77505
15502,31004,46506,62008,77510
15503,31006,46509,62012,77515
15504,31008,46512,62016,77520
15505,31010,46515,62020,77525
15506,31012,46518,62024,77530
15507,31014,46521,62028,77535
15508,31016,46524,62032,77540
15509,31018,46527,62036,77545
15510,31020,46530,62040,77550
15511,31022,46533,62044,77555
15512,31024,46536,62048,77560
15513,31026,46539,62052,77565
15514,31028,46542,62056,77570
15515,31030,46545,62060,77575
15516,31032,46548,62064,77580
15517,31034,46551,62068,77585
15518,31036,46554,62072,77590
15519,31038,46557,62076,77595
15520,31040,46560,62080,77600
15521,31042,46563,62084,77605
15522,31044,46566,62088,77610
15523,31046,46569,62092,77615
15524,31048,46572,62096,77620
15525,31050,46575,62100,77625
15526,31052,46578,62104,77630
15527,31054,46581,62108,77635
15528,31056,46584,62112,77640
15529,31058,46587,62116,77645
15530,31060,46590,62120,77650
15531,31062,46593,62124,77655
15532,31064,46596,62128,77660
15533,31066,46599,62132,77665
15534,31068,46602,62136,77670
15535,31070,46605,62140,77675
15536,31072,46608,62144,77680
15537,31074,46611,62148,77685
15538,31076,46614,62152,77690
15539,31078,46617,62156,77695
15540,31080,46620,62160,77700
15541,31082,46623,62164,77705
15542,31084,46626,62168,77710
15543,31086,46629,62172,77715
15544,31088,46632,62176,77720
15545,31090,46635,62180,77725
15546,31092,46638,62184,77730
15547,31094,46641,62188,77735
15548,31096,46644,62192,77740
15549,31098,46647,62196,77745
15550,31100,46650,62200,77750
15551,31102,46653,62204,77755
15552,31104,46656,62208,77760
15553,31106,46659,62212,77765
15554,31108,46662,62216,77770
15555,31110,46665,62220,77775
15556,31112,46668,62224,77780
15557,31114,46671,62228,77785
15558,31116,46674,62232,77790
15559,31118,46677,62236,77795
15560,31120,46680,62240,77800
15561,31122,46683,62244,77805
15562,31124,46686,62248,77810
15563,31126,46689,62252,77815
15564,31128,46692,62256,77820
15565,31130,46695,62260,77825
15566,31132,46698,62264,77830
15567,31134,46701,62268,77835
15568,31136,46704,62272,77840
15569,31138,46707,62276,77845
15570,31140,46710,62280,77850
15571,31142,46713,62284,77855
15572,31144,46716,62288,77860
15573,31146,46719,62292,77865
15574,31148,46722,62296,77870
15575,31150,46725,62300,77875
15576,31152,46728,62304,77880
15577,31154,46731,62308,77885
15578,31156,46734,62312,77890
15579,31158,46737,62316,77895
15580,31160,46740,62320,77900
15581,31162,46743,62324,77905
15582,31164,46746,62328,77910
15583,31166,46749,62332,77915
15584,31168,46752,62336,77920
15585,31170,46755,62340,77925
15586,31172,46758,62344,77930
15587,31174,46761,62348,77935
15588,31176,46764,62352,77940
15589,31178,46767,62356,77945
15590,31180,46770,62360,77950
15591,31182,46773,62364,77955
15592,31184,46776,62368,77960
15593,31186,46779,62372,77965
15594,31188,46782,62376,77970
15595,31190,46785,62380,77975
15596,31192,46788,62384,77980
15597,31194,46791,62388,77985
15598,31196,46794,62392,77990
15599,31198,46797,62396,77995
15600,31200,46800,62400,78000
15601,31202,46803,62404,78005
15602,31204,46806,62408,78010
15603,31206,46809,62412,78015
15604,31208,46812,62416,78020
15605,31210,46815,62420,78025
15606,31212,46818,62424,78030
15607,31214,46821,62428,78035
15608,31216,46824,62432,78040
15609,31218,46827,62436,78045
15610,31220,46830,62440,78050
15611,31222,46833,62444,78055
15612,31224,46836,62448,78060
15613,31226,46839,62452,78065
15614,31228,46842,62456,78070
15615,31230,46845,62460,78075
15616,31232,46848,62464,78080
15617,31234,46851,62468,78085
15618,31236,46854,62472,78090
15619,31238,46857,62476,78095
15620,31240,46860,62480,78100
15621,31242,46863,62484,78105
15622,31244,46866,62488,78110
15623,31246,46869,62492,78115
15624,31248,46872,62496,78120
15625,31250,46875,62500,78125
15626,31252,46878,62504,78130
15627,31254,46881,62508,78135
15628,31256,46884,62512,78140
15629,31258,46887,62516,78145
15630,31260,46890,62520,78150
15631,31262,46893,62524,78155
15632,31264,46896,62528,78160
15633,31266,46899,62532,78165
15634,31268,46902,62536,78170
15635,31270,46905,62540,78175
15636,31272,46908,62544,78180
15637,31274,46911,62548,78185
15638,31276,46914,62552,78190
15639,31278,46917,62556,78195
15640,31280,46920,62560,78200
15641,31282,46923,62564,78205
15642,31284,46926,62568,78210
15643,31286,46929,62572,78215
15644,31288,46932,62576,78220
15645,31290,46935,62580,78225
15646,31292,46938,62584,78230
15647,31294,46941,62588,78235
15648,31296,46944,62592,78240
15649,31298,46947,62596,78245
15650,31300,46950,62600,78250
15651,31302,46953,62604,78255
15652,31304,46956,62608,78260
15653,31306,46959,62612,78265
15654,31308,46962,62616,78270
15655,31310,46965,62620,78275
15656,31312,46968,62624,78280
15657,31314,46971,62628,78285
15658,31316,46974,62632,78290
15659,31318,46977,62636,78295
15660,31320,46980,62640,78300
15661,31322,46983,62644,78305
15662,31324,46986,62648,78310
15663,31326,46989,62652,78315
15664,31328,46992,62656,78320
15665,31330,46995,62660,78325
15666,31332,46998,62664,78330
15667,31334,47001,62668,78335
15668,31336,47004,62672,78340
15669,31338,47007,62676,78345
15670,31340,47010,62680,78350
15671,31342,47013,62684,78355
15672,31344,47016,62688,78360
15673,31346,47019,62692,78365
15674,31348,47022,62696,78370
15675,31350,47025,62700,78375
15676,31352,47028,62704,78380
15677,31354,47031,62708,78385
15678,31356,47034,62712,78390
15679,31358,47037,62716,78395
15680,31360,47040,62720,78400
15681,31362,47043,62724,78405
15682,31364,47046,62728,78410
15683,31366,47049,62732,78415
15684,31368,47052,62736,78420
15685,31370,47055,62740,78425
15686,31372,47058,62744,78430
15687,31374,47061,62748,78435
15688,31376,47064,62752,78440
15689,31378,47067,62756,78445
15690,31380,47070,62760,78450
15691,31382,47073,62764,78455
15692,31384,47076,62768,78460
15693,31386,47079,62772,78465
15694,31388,47082,62776,78470
15695,31390,47085,62780,78475
15696,31392,47088,62784,78480
15697,31394,47091,62788,78485
15698,31396,47094,62792,78490
15699,31398,47097,62796,78495
15700,31400,47100,62800,78500
15701,31402,47103,62804,78505
15702,31404,47106,62808,78510
15703,31406,47109,62812,78515
15704,31408,47112,62816,78520
15705,31410,47115,62820,78525
15706,31412,47118,62824,78530
15707,31414,47121,62828,78535
15708,31416,47124,62832,78540
15709,31418,47127,62836,78545
15710,31420,47130,62840,78550
15711,31422,47133,62844,78555
15712,31424,47136,62848,78560
15713,31426,47139,62852,78565
15714,31428,47142,62856,78570
15715,31430,47145,62860,78575
15716,31432,47148,62864,78580
15717,31434,47151,62868,78585
15718,31436,47154,62872,78590
15719,31438,47157,62876,78595
15720,31440,47160,62880,78600
15721,31442,47163,62884,78605
15722,31444,47166,62888,78610
15723,31446,47169,62892,78615
15724,31448,47172,62896,78620
15725,31450,47175,62900,78625
15726,31452,47178,62904,78630
15727,31454,47181,62908,78635
15728,31456,47184,62912,78640
15729,31458,47187,62916,78645
15730,31460,47190,62920,78650
15731,31462,47193,62924,78655
15732,31464,47196,62928,78660
15733,31466,47199,62932,78665
15734,31468,47202,62936,78670
15735,31470,47205,62940,78675
15736,31472,47208,62944,78680
15737,31474,47211,62948,78685
15738,31476,47214,62952,78690
15739,31478,47217,62956,78695
15740,31480,47220,62960,78700
15741,31482,47223,62964,78705
15742,31484,47226,62968,78710
15743,31486,47229,62972,78715
15744,31488,47232,62976,78720
15745,31490,47235,62980,78725
15746,31492,47238,62984,78730
15747,31494,47241,62988,78735
15748,31496,47244,62992,78740
15749,31498,47247,62996,78745
15750,31500,47250,63000,78750
15751,31502,47253,63004,78755
15752,31504,47256,63008,78760
15753,31506,47259,63012,78765
15754,31508,47262,63016,78770
15755,31510,47265,63020,78775
15756,31512,47268,63024,78780
15757,31514,47271,63028,78785
15758,31516,47274,63032,78790
15759,31518,47277,63036,78795
15760,31520,47280,63040,78800
15761,31522,47283,63044,78805
15762,31524,47286,63048,78810
15763,31526,47289,63052,78815
15764,31528,47292,63056,78820
15765,31530,47295,63060,78825
15766,31532,47298,63064,78830
15767,31534,47301,63068,78835
15768,31536,47304,63072,78840
15769,31538,47307,63076,78845
15770,31540,47310,63080,78850
15771,31542,47313,63084,78855
15772,31544,47316,63088,78860
15773,31546,47319,63092,78865
15774,31548,47322,63096,78870
15775,31550,47325,63100,78875
15776,31552,47328,63104,78880
15777,31554,47331,63108,78885
15778,31556,47334,63112,78890
15779,31558,47337,63116,78895
15780,31560,47340,63120,78900
15781,31562,47343,63124,78905
15782,31564,47346,63128,78910
15783,31566,47349,63132,78915
15784,31568,47352,63136,78920
15785,31570,47355,63140,78925
15786,31572,47358,63144,78930
15787,31574,47361,63148,78935
15788,31576,47364,63152,78940
15789,31578,47367,63156,78945
15790,31580,47370,63160,78950
15791,31582,47373,63164,78955
15792,31584,47376,63168,78960
15793,31586,47379,63172,78965
15794,31588,47382,63176,78970
15795,31590,47385,63180,78975
15796,31592,47388,63184,78980
15797,31594,47391,63188,78985
15798,31596,47394,63192,78990
15799,31598,47397,63196,78995
15800,31600,47400,63200,79000
15801,31602,47403,63204,79005
15802,31604,47406,63208,79010
15803,31606,47409,63212,79015
15804,31608,47412,63216,79020
15805,31610,47415,63220,79025
15806,31612,47418,63224,79030
15807,31614,47421,63228,79035
15808,31616,47424,63232,79040
15809,31618,47427,63236,79045
15810,31620,47430,63240,79050
15811,31622,47433,63244,79055
15812,31624,47436,63248,79060
15813,31626,47439,63252,79065
15814,31628,47442,63256,79070
15815,31630,47445,63260,79075
15816,31632,47448,63264,79080
15817,31634,47451,63268,79085
15818,31636,47454,63272,79090
15819,31638,47457,63276,79095
15820,31640,47460,63280,79100
15821,31642,47463,63284,79105
15822,31644,47466,63288,79110
15823,31646,47469,63292,79115
15824,31648,47472,63296,79120
15825,31650,47475,63300,79125
15826,31652,47478,63304,79130
15827,31654,47481,63308,79135
15828,31656,47484,63312,79140
15829,31658,47487,63316,79145
15830,31660,47490,63320,79150
15831,31662,47493,63324,79155
15832,31664,47496,63328,79160
15833,31666,47499,63332,79165
15834,31668,47502,63336,79170
15835,31670,47505,63340,79175
15836,31672,47508,63344,79180
15837,31674,47511,63348,79185
15838,31676,47514,63352,79190
15839,31678,47517,63356,79195
15840,31680,47520,63360,79200
15841,31682,47523,63364,79205
15842,31684,47526,63368,79210
15843,31686,47529,63372,79215
15844,31688,47532,63376,79220
15845,31690,47535,63380,79225
15846,31692,47538,63384,79230
15847,31694,47541,63388,79235
15848,31696,47544,63392,79240
15849,31698,47547,63396,79245
15850,31700,47550,63400,79250
15851,31702,47553,63404,79255
15852,31704,47556,63408,79260
15853,31706,47559,63412,79265
15854,31708,47562,63416,79270
15855,31710,47565,63420,79275
15856,31712,47568,63424,79280
15857,31714,47571,63428,79285
15858,31716,47574,63432,79290
15859,31718,47577,63436,79295
15860,31720,47580,63440,79300
15861,31722,47583,63444,79305
15862,31724,47586,63448,79310
15863,31726,47589,63452,79315
15864,31728,47592,63456,79320
15865,31730,47595,63460,79325
15866,31732,47598,63464,79330
15867,31734,47601,63468,79335
15868,31736,47604,63472,79340
15869,31738,47607,63476,79345
15870,31740,47610,63480,79350
15871,31742,47613,63484,79355
15872,31744,47616,63488,79360
15873,31746,47619,63492,79365
15874,31748,47622,63496,79370
15875,31750,47625,63500,79375
15876,31752,47628,63504,79380
15877,31754,47631,63508,79385
15878,31756,47634,63512,79390
15879,31758,47637,63516,79395
15880,31760,47640,63520,79400
15881,31762,47643,63524,79405
15882,31764,47646,63528,79410
15883,31766,47649,63532,79415
15884,31768,47652,63536,79420
15885,31770,47655,63540,79425
15886,31772,47658,63544,79430
15887,31774,47661,63548,79435
15888,31776,47664,63552,79440
15889,31778,47667,63556,79445
15890,31780,47670,63560,79450
15891,31782,47673,63564,79455
15892,31784,47676,63568,79460
15893,31786,47679,63572,79465
15894,31788,47682,63576,79470
15895,31790,47685,63580,79475
15896,31792,47688,63584,79480
15897,31794,47691,63588,79485
15898,31796,47694,63592,79490
15899,31798,47697,63596,79495
15900,31800,47700,63600,79500
15901,31802,47703,63604,79505
15902,31804,47706,63608,79510
15903,31806,47709,63612,79515
15904,31808,47712,63616,79520
15905,31810,47715,63620,79525
15906,31812,47718,63624,79530
15907,31814,47721,63628,79535
15908,31816,47724,63632,79540
15909,31818,47727,63636,79545
15910,31820,47730,63640,79550
15911,31822,47733,63644,79555
15912,31824,47736,63648,79560
15913,31826,47739,63652,79565
15914,31828,47742,63656,79570
15915,31830,47745,63660,79575
15916,31832,47748,63664,79580
15917,31834,47751,63668,79585
15918,31836,47754,63672,79590
15919,31838,47757,63676,79595
15920,31840,47760,63680,79600
15921,31842,47763,63684,79605
15922,31844,47766,63688,79610
15923,31846,47769,63692,79615
15924,31848,47772,63696,79620
15925,31850,47775,63700,79625
15926,31852,47778,63704,79630
15927,31854,47781,63708,79635
15928,31856,47784,63712,79640
15929,31858,47787,63716,79645
15930,31860,47790,63720,79650
15931,31862,47793,63724,79655
15932,31864,47796,63728,79660
15933,31866,47799,63732,79665
15934,31868,47802,63736,79670
15935,31870,47805,63740,79675
15936,31872,47808,63744,79680
15937,31874,47811,63748,79685
15938,31876,47814,63752,79690
15939,31878,47817,63756,79695
15940,31880,47820,63760,79700
15941,31882,47823,63764,79705
15942,31884,47826,63768,79710
15943,31886,47829,63772,79715
15944,31888,47832,63776,79720
15945,31890,47835,63780,79725
15946,31892,47838,63784,79730
15947,31894,47841,63788,79735
15948,31896,47844,63792,79740
15949,31898,47847,63796,79745
15950,31900,47850,63800,79750
15951,31902,47853,63804,79755
15952,31904,47856,63808,79760
15953,31906,47859,63812,79765
15954,31908,47862,63816,79770
15955,31910,47865,63820,79775
15956,31912,47868,63824,79780
15957,31914,47871,63828,79785
15958,31916,47874,63832,79790
15959,31918,47877,63836,79795
15960,31920,47880,63840,79800
15961,31922,47883,63844,79805
15962,31924,47886,63848,79810
15963,31926,47889,63852,79815
15964,31928,47892,63856,79820
15965,31930,47895,63860,79825
15966,31932,47898,63864,79830
15967,31934,47901,63868,79835
15968,31936,47904,63872,79840
15969,31938,47907,63876,79845
15970,31940,47910,63880,79850
15971,31942,47913,63884,79855
15972,31944,47916,63888,79860
15973,31946,47919,63892,79865
15974,31948,47922,63896,79870
15975,31950,47925,63900,79875
15976,31952,47928,63904,79880
15977,31954,47931,63908,79885
15978,31956,47934,63912,79890
15979,31958,47937,63916,79895
15980,31960,47940,63920,79900
15981,31962,47943,63924,79905
15982,31964,47946,63928,79910
15983,31966,47949,63932,79915
15984,31968,47952,63936,79920
15985,31970,47955,63940,79925
15986,31972,47958,63944,79930
15987,31974,47961,63948,79935
15988,31976,47964,63952,79940
15989,31978,47967,63956,79945
15990,31980,47970,63960,79950
15991,31982,47973,63964,79955
15992,31984,47976,63968,79960
15993,31986,47979,63972,79965
15994,31988,47982,63976,79970
15995,31990,47985,63980,79975
15996,31992,47988,63984,79980
15997,31994,47991,63988,79985
15998,31996,47994,63992,79990
15999,31998,47997,63996,79995
16000,32000,48000,64000,80000
16001,32002,48003,64004,80005
16002,32004,48006,64008,80010
16003,32006,48009,64012,80015
16004,32008,48012,64016,80020
16005,32010,48015,64020,80025
16006,32012,48018,64024,80030
16007,32014,48021,64028,80035
16008,32016,48024,64032,80040
16009,32018,48027,64036,80045
16010,32020,48030,64040,80050
16011,32022,48033,64044,80055
16012,32024,48036,64048,80060
16013,32026,48039,64052,80065
16014,32028,48042,64056,80070
16015,32030,48045,64060,80075
16016,32032,48048,64064,80080
16017,32034,48051,64068,80085
16018,32036,48054,64072,80090
16019,32038,48057,64076,80095
16020,32040,48060,64080,80100
16021,32042,48063,64084,80105
16022,32044,48066,64088,80110
16023,32046,48069,64092,80115
16024,32048,48072,64096,80120
16025,32050,48075,64100,80125
16026,32052,48078,64104,80130
16027,32054,48081,64108,80135
16028,32056,48084,64112,80140
16029,32058,48087,64116,80145
16030,32060,48090,64120,80150
16031,32062,48093,64124,80155
16032,32064,48096,64128,80160
16033,32066,48099,64132,80165
16034,32068,48102,64136,80170
16035,32070,48105,64140,80175
16036,32072,48108,64144,80180
16037,32074,48111,64148,80185
16038,32076,48114,64152,80190
16039,32078,48117,64156,80195
16040,32080,48120,64160,80200
16041,32082,48123,64164,80205
16042,32084,48126,64168,80210
16043,32086,48129,64172,80215
16044,32088,48132,64176,80220
16045,32090,48135,64180,80225
16046,32092,48138,64184,80230
16047,32094,48141,64188,80235
16048,32096,48144,64192,80240
16049,32098,48147,64196,80245
16050,32100,48150,64200,80250
16051,32102,48153,64204,80255
16052,32104,48156,64208,80260
16053,32106,48159,64212,80265
16054,32108,48162,64216,80270
16055,32110,48165,64220,80275
16056,32112,48168,64224,80280
16057,32114,48171,64228,80285
16058,32116,48174,64232,80290
16059,32118,48177,64236,80295
16060,32120,48180,64240,80300
16061,32122,48183,64244,80305
16062,32124,48186,64248,80310
16063,32126,48189,64252,80315
16064,32128,48192,64256,80320
16065,32130,48195,64260,80325
16066,32132,48198,64264,80330
16067,32134,48201,64268,80335
16068,32136,48204,64272,80340
16069,32138,48207,64276,80345
16070,32140,48210,64280,80350
16071,32142,48213,64284,80355
16072,32144,48216,64288,80360
16073,32146,48219,64292,80365
16074,32148,48222,64296,80370
16075,32150,48225,64300,80375
16076,32152,48228,64304,80380
16077,32154,48231,64308,80385
16078,32156,48234,64312,80390
16079,32158,48237,64316,80395
16080,32160,48240,64320,80400
16081,32162,48243,64324,80405
16082,32164,48246,64328,80410
16083,32166,48249,64332,80415
16084,32168,48252,64336,80420
16085,32170,48255,64340,80425
16086,32172,48258,64344,80430
16087,32174,48261,64348,80435
16088,32176,48264,64352,80440
16089,32178,48267,64356,80445
16090,32180,48270,64360,80450
16091,32182,48273,64364,80455
16092,32184,48276,64368,80460
16093,32186,48279,64372,80465
16094,32188,48282,64376,80470
16095,32190,48285,64380,80475
16096,32192,48288,64384,80480
16097,32194,48291,64388,80485
16098,32196,48294,64392,80490
16099,32198,48297,64396,80495
16100,32200,48300,64400,80500
16101,32202,48303,64404,80505
16102,32204,48306,64408,80510
16103,32206,48309,64412,80515
16104,32208,48312,64416,80520
16105,32210,48315,64420,80525
16106,32212,48318,64424,80530
16107,32214,48321,64428,80535
16108,32216,48324,64432,80540
16109,32218,48327,64436,80545
16110,32220,48330,64440,80550
16111,32222,48333,64444,80555
16112,32224,48336,64448,80560
16113,32226,48339,64452,80565
16114,32228,48342,64456,80570
16115,32230,48345,64460,80575
16116,32232,48348,64464,80580
16117,32234,48351,64468,80585
16118,32236,48354,64472,80590
16119,32238,48357,64476,80595
16120,32240,48360,64480,80600
16121,32242,48363,64484,80605
16122,32244,48366,64488,80610
16123,32246,48369,64492,80615
16124,32248,48372,64496,80620
16125,32250,48375,64500,80625
16126,32252,48378,64504,80630
16127,32254,48381,64508,80635
16128,32256,48384,64512,80640
16129,32258,48387,64516,80645
16130,32260,48390,64520,80650
16131,32262,48393,64524,80655
16132,32264,48396,64528,80660
16133,32266,48399,64532,80665
16134,32268,48402,64536,80670
16135,32270,48405,64540,80675
16136,32272,48408,64544,80680
16137,32274,48411,64548,80685
16138,32276,48414,64552,80690
16139,32278,48417,64556,80695
16140,32280,48420,64560,80700
16141,32282,48423,64564,80705
16142,32284,48426,64568,80710
16143,32286,48429,64572,80715
16144,32288,48432,64576,80720
16145,32290,48435,64580,80725
16146,32292,48438,64584,80730
16147,32294,48441,64588,80735
16148,32296,48444,64592,80740
16149,32298,48447,64596,80745
16150,32300,48450,64600,80750
16151,32302,48453,64604,80755
16152,32304,48456,64608,80760
16153,32306,48459,64612,80765
16154,32308,48462,64616,80770
16155,32310,48465,64620,80775
16156,32312,48468,64624,80780
16157,32314,48471,64628,80785
16158,32316,48474,64632,80790
16159,32318,48477,64636,80795
16160,32320,48480,64640,80800
16161,32322,48483,64644,80805
16162,32324,48486,64648,80810
16163,32326,48489,64652,80815
16164,32328,48492,64656,80820
16165,32330,48495,64660,80825
16166,32332,48498,64664,80830
16167,32334,48501,64668,80835
16168,32336,48504,64672,80840
16169,32338,48507,64676,80845
16170,32340,48510,64680,80850
16171,32342,48513,64684,80855
16172,32344,48516,64688,80860
16173,32346,48519,64692,80865
16174,32348,48522,64696,80870
16175,32350,48525,64700,80875
16176,32352,48528,64704,80880
16177,32354,48531,64708,80885
16178,32356,48534,64712,80890
16179,32358,48537,64716,80895
16180,32360,48540,64720,80900
16181,32362,48543,64724,80905
16182,32364,48546,64728,80910
16183,32366,48549,64732,80915
16184,32368,48552,64736,80920
16185,32370,48555,64740,80925
16186,32372,48558,64744,80930
16187,32374,48561,64748,80935
16188,32376,48564,64752,80940
16189,32378,48567,64756,80945
16190,32380,48570,64760,80950
16191,32382,48573,64764,80955
16192,32384,48576,64768,80960
16193,32386,48579,64772,80965
16194,32388,48582,64776,80970
16195,32390,48585,64780,80975
16196,32392,48588,64784,80980
16197,32394,48591,64788,80985
16198,32396,48594,64792,80990
16199,32398,48597,64796,80995
16200,32400,48600,64800,81000
16201,32402,48603,64804,81005
16202,32404,48606,64808,81010
16203,32406,48609,64812,81015
16204,32408,48612,64816,81020
16205,32410,48615,64820,81025
16206,32412,48618,64824,81030
16207,32414,48621,64828,81035
16208,32416,48624,64832,81040
16209,32418,48627,64836,81045
16210,32420,48630,64840,81050
16211,32422,48633,64844,81055
16212,32424,48636,64848,81060
16213,32426,48639,64852,81065
16214,32428,48642,64856,81070
16215,32430,48645,64860,81075
16216,32432,48648,64864,81080
16217,32434,48651,64868,81085
16218,32436,48654,64872,81090
16219,32438,48657,64876,81095
16220,32440,48660,64880,81100
16221,32442,48663,64884,81105
16222,32444,48666,64888,81110
16223,32446,48669,64892,81115
16224,32448,48672,64896,81120
16225,32450,48675,64900,81125
16226,32452,48678,64904,81130
16227,32454,48681,64908,81135
16228,32456,48684,64912,81140
16229,32458,48687,64916,81145
16230,32460,48690,64920,81150
16231,32462,48693,64924,81155
16232,32464,48696,64928,81160
16233,32466,48699,64932,81165
16234,32468,48702,64936,81170
16235,32470,48705,64940,81175
16236,32472,48708,64944,81180
16237,32474,48711,64948,81185
16238,32476,48714,64952,81190
16239,32478,48717,64956,81195
16240,32480,48720,64960,81200
16241,32482,48723,64964,81205
16242,32484,48726,64968,81210
16243,32486,48729,64972,81215
16244,32488,48732,64976,81220
16245,32490,48735,64980,81225
16246,32492,48738,64984,81230
16247,32494,48741,64988,81235
16248,32496,48744,64992,81240
16249,32498,48747,64996,81245
16250,32500,48750,65000,81250
16251,32502,48753,65004,81255
16252,32504,48756,65008,81260
16253,32506,48759,65012,81265
16254,32508,48762,65016,81270
16255,32510,48765,65020,81275
16256,32512,48768,65024,81280
16257,32514,48771,65028,81285
16258,32516,48774,65032,81290
16259,32518,48777,65036,81295
16260,32520,48780,65040,81300
16261,32522,48783,65044,81305
16262,32524,48786,65048,81310
16263,32526,48789,65052,81315
16264,32528,48792,65056,81320
16265,32530,48795,65060,81325
16266,32532,48798,65064,81330
16267,32534,48801,65068,81335
16268,32536,48804,65072,81340
16269,32538,48807,65076,81345
16270,32540,48810,65080,81350
16271,32542,48813,65084,81355
16272,32544,48816,65088,81360
16273,32546,48819,65092,81365
16274,32548,48822,65096,81370
16275,32550,48825,65100,81375
16276,32552,48828,65104,81380
16277,32554,48831,65108,81385
16278,32556,48834,65112,81390
16279,32558,48837,65116,81395
16280,32560,48840,65120,81400
16281,32562,48843,65124,81405
16282,32564,48846,65128,81410
16283,32566,48849,65132,81415
16284,32568,48852,65136,81420
16285,32570,48855,65140,81425
16286,32572,48858,65144,81430
16287,32574,48861,65148,81435
16288,32576,48864,65152,81440
16289,32578,48867,65156,81445
16290,32580,48870,65160,81450
16291,32582,48873,65164,81455
16292,32584,48876,65168,81460
16293,32586,48879,65172,81465
16294,32588,48882,65176,81470
16295,32590,48885,65180,81475
16296,32592,48888,65184,81480
16297,32594,48891,65188,81485
16298,32596,48894,65192,81490
16299,32598,48897,65196,81495
16300,32600,48900,65200,81500
16301,32602,48903,65204,81505
16302,32604,48906,65208,81510
16303,32606,48909,65212,81515
16304,32608,48912,65216,81520
16305,32610,48915,65220,81525
16306,32612,48918,65224,81530
16307,32614,48921,65228,81535
16308,32616,48924,65232,81540
16309,32618,48927,65236,81545
16310,32620,48930,65240,81550
16311,32622,48933,65244,81555
16312,32624,48936,65248,81560
16313,32626,48939,65252,81565
16314,32628,48942,65256,81570
16315,32630,48945,65260,81575
16316,32632,48948,65264,81580
16317,32634,48951,65268,81585
16318,32636,48954,65272,81590
16319,32638,48957,65276,81595
16320,32640,48960,65280,81600
16321,32642,48963,65284,81605
16322,32644,48966,65288,81610
16323,32646,48969,65292,81615
16324,32648,48972,65296,81620
16325,32650,48975,65300,81625
16326,32652,48978,65304,81630
16327,32654,48981,65308,81635
16328,32656,48984,65312,81640
16329,32658,48987,65316,81645
16330,32660,48990,65320,81650
16331,32662,48993,65324,81655
16332,32664,48996,65328,81660
16333,32666,48999,65332,81665
16334,32668,49002,65336,81670
16335,32670,49005,65340,81675
16336,32672,49008,65344,81680
16337,32674,49011,65348,81685
16338,32676,49014,65352,81690
16339,32678,49017,65356,81695
16340,32680,49020,65360,81700
16341,32682,49023,65364,81705
16342,32684,49026,65368,81710
16343,32686,49029,65372,81715
16344,32688,49032,65376,81720
16345,32690,49035,65380,81725
16346,32692,49038,65384,81730
16347,32694,49041,65388,81735
16348,32696,49044,65392,81740
16349,32698,49047,65396,81745
16350,32700,49050,65400,81750
16351,32702,49053,65404,81755
16352,32704,49056,65408,81760
16353,32706,49059,65412,81765
16354,32708,49062,65416,81770
16355,32710,49065,65420,81775
16356,32712,49068,65424,81780
16357,32714,49071,65428,81785
16358,32716,49074,65432,81790
16359,32718,49077,65436,81795
16360,32720,49080,65440,81800
16361,32722,49083,65444,81805
16362,32724,49086,65448,81810
16363,32726,49089,65452,81815
16364,32728,49092,65456,81820
16365,32730,49095,65460,81825
16366,32732,49098,65464,81830
16367,32734,49101,65468,81835
16368,32736,49104,65472,81840
16369,32738,49107,65476,81845
16370,32740,49110,65480,81850
16371,32742,49113,65484,81855
16372,32744,49116,65488,81860
16373,32746,49119,65492,81865
16374,32748,49122,65496,81870
16375,32750,49125,65500,81875
16376,32752,49128,65504,81880
16377,32754,49131,65508,81885
16378,32756,49134,65512,81890
16379,32758,49137,65516,81895
16380,32760,49140,65520,81900
16381,32762,49143,65524,81905
16382,32764,49146,65528,81910
16383,32766,49149,65532,81915
16384,32768,49152,65536,81920
16385,32770,49155,65540,81925
16386,32772,49158,65544,81930
16387,32774,49161,65548,81935
16388,32776,49164,65552,81940
16389,32778,49167,65556,81945
16390,32780,49170,65560,81950
16391,32782,49173,65564,81955
16392,32784,49176,65568,81960
16393,32786,49179,65572,81965
16394,32788,49182,65576,81970
16395,32790,49185,65580,81975
16396,32792,49188,65584,81980
16397,32794,49191,65588,81985
16398,32796,49194,65592,81990
16399,32798,49197,65596,81995
16400,32800,49200,65600,82000
16401,32802,49203,65604,82005
16402,32804,49206,65608,82010
16403,32806,49209,65612,82015
16404,32808,49212,65616,82020
16405,32810,49215,65620,82025
16406,32812,49218,65624,82030
16407,32814,49221,65628,82035
16408,32816,49224,65632,82040
16409,32818,49227,65636,82045
16410,32820,49230,65640,82050
16411,32822,49233,65644,82055
16412,32824,49236,65648,82060
16413,32826,49239,65652,82065
16414,32828,49242,65656,82070
16415,32830,49245,65660,82075
16416,32832,49248,65664,82080
16417,32834,49251,65668,82085
16418,32836,49254,65672,82090
16419,32838,49257,65676,82095
16420,32840,49260,65680,82100
16421,32842,49263,65684,82105
16422,32844,49266,65688,82110
16423,32846,49269,65692,82115
16424,32848,49272,65696,82120
16425,32850,49275,65700,82125
16426,32852,49278,65704,82130
16427,32854,49281,65708,82135
16428,32856,49284,65712,82140
16429,32858,49287,65716,82145
16430,32860,49290,65720,82150
16431,32862,49293,65724,82155
16432,32864,49296,65728,82160
16433,32866,49299,65732,82165
16434,32868,49302,65736,82170
16435,32870,49305,65740,82175
16436,32872,49308,65744,82180
16437,32874,49311,65748,82185
16438,32876,49314,65752,82190
16439,32878,49317,65756,82195
16440,32880,49320,65760,82200
16441,32882,49323,65764,82205
16442,32884,49326,65768,82210
16443,32886,49329,65772,82215
16444,32888,49332,65776,82220
16445,32890,49335,65780,82225
16446,32892,49338,65784,82230
16447,32894,49341,65788,82235
16448,32896,49344,65792,82240
16449,32898,49347,65796,82245
16450,32900,49350,65800,82250
16451,32902,49353,65804,82255
16452,32904,49356,65808,82260
16453,32906,49359,65812,82265
16454,32908,49362,65816,82270
16455,32910,49365,65820,82275
16456,32912,49368,65824,82280
16457,32914,49371,65828,82285
16458,32916,49374,65832,82290
16459,32918,49377,65836,82295
16460,32920,49380,65840,82300
16461,32922,49383,65844,82305
16462,32924,49386,65848,82310
16463,32926,49389,65852,82315
16464,32928,49392,65856,82320
16465,32930,49395,65860,82325
16466,32932,49398,65864,82330
16467,32934,49401,65868,82335
16468,32936,49404,65872,82340
16469,32938,49407,65876,82345
16470,32940,49410,65880,82350
16471,32942,49413,65884,82355
16472,32944,49416,65888,82360
16473,32946,49419,65892,82365
16474,32948,49422,65896,82370
16475,32950,49425,65900,82375
16476,32952,49428,65904,82380
16477,32954,49431,65908,82385
16478,32956,49434,65912,82390
16479,32958,49437,65916,82395
16480,32960,49440,65920,82400
16481,32962,49443,65924,82405
16482,32964,49446,65928,82410
16483,32966,49449,65932,82415
16484,32968,49452,65936,82420
16485,32970,49455,65940,82425
16486,32972,49458,65944,82430
16487,32974,49461,65948,82435
16488,32976,49464,65952,82440
16489,32978,49467,65956,82445
16490,32980,49470,65960,82450
16491,32982,49473,65964,82455
16492,32984,49476,65968,82460
16493,32986,49479,65972,82465
16494,32988,49482,65976,82470
16495,32990,49485,65980,82475
16496,32992,49488,65984,82480
16497,32994,49491,65988,82485
16498,32996,49494,65992,82490
16499,32998,49497,65996,82495
16500,33000,49500,66000,82500
16501,33002,49503,66004,82505
16502,33004,49506,66008,82510
16503,33006,49509,66012,82515
16504,33008,49512,66016,82520
16505,33010,49515,66020,82525
16506,33012,49518,66024,82530
16507,33014,49521,66028,82535
16508,33016,49524,66032,82540
16509,33018,49527,66036,82545
16510,33020,49530,66040,82550
16511,33022,49533,66044,82555
16512,33024,49536,66048,82560
16513,33026,49539,66052,82565
16514,33028,49542,66056,82570
16515,33030,49545,66060,82575
16516,33032,49548,66064,82580
16517,33034,49551,66068,82585
16518,33036,49554,66072,82590
16519,33038,49557,66076,82595
16520,33040,49560,66080,82600
16521,33042,49563,66084,82605
16522,33044,49566,66088,82610
16523,33046,49569,66092,82615
16524,33048,49572,66096,82620
16525,33050,49575,66100,82625
16526,33052,49578,66104,82630
16527,33054,49581,66108,82635
16528,33056,49584,66112,82640
16529,33058,49587,66116,82645
16530,33060,49590,66120,82650
16531,33062,49593,66124,82655
16532,33064,49596,66128,82660
16533,33066,49599,66132,82665
16534,33068,49602,66136,82670
16535,33070,49605,66140,82675
16536,33072,49608,66144,82680
16537,33074,49611,66148,82685
16538,33076,49614,66152,82690
16539,33078,49617,66156,82695
16540,33080,49620,66160,82700
16541,33082,49623,66164,82705
16542,33084,49626,66168,82710
16543,33086,49629,66172,82715
16544,33088,49632,66176,82720
16545,33090,49635,66180,82725
16546,33092,49638,66184,82730
16547,33094,49641,66188,82735
16548,33096,49644,66192,82740
16549,33098,49647,66196,82745
16550,33100,49650,66200,82750
16551,33102,49653,66204,82755
16552,33104,49656,66208,82760
16553,33106,49659,66212,82765
16554,33108,49662,66216,82770
16555,33110,49665,66220,82775
16556,33112,49668,66224,82780
16557,33114,49671,66228,82785
16558,33116,49674,66232,82790
16559,33118,49677,66236,82795
16560,33120,49680,66240,82800
16561,33122,49683,66244,82805
16562,33124,49686,66248,82810
16563,33126,49689,66252,82815
16564,33128,49692,66256,82820
16565,33130,49695,66260,82825
16566,33132,49698,66264,82830
16567,33134,49701,66268,82835
16568,33136,49704,66272,82840
16569,33138,49707,66276,82845
16570,33140,49710,66280,82850
16571,33142,49713,66284,82855
16572,33144,49716,66288,82860
16573,33146,49719,66292,82865
16574,33148,49722,66296,82870
16575,33150,49725,66300,82875
16576,33152,49728,66304,82880
16577,33154,49731,66308,82885
16578,33156,49734,66312,82890
16579,33158,49737,66316,82895
16580,33160,49740,66320,82900
16581,33162,49743,66324,82905
16582,33164,49746,66328,82910
16583,33166,49749,66332,82915
16584,33168,49752,66336,82920
16585,33170,49755,66340,82925
16586,33172,49758,66344,82930
16587,33174,49761,66348,82935
16588,33176,49764,66352,82940
16589,33178,49767,66356,82945
16590,33180,49770,66360,82950
16591,33182,49773,66364,82955
16592,33184,49776,66368,82960
16593,33186,49779,66372,82965
16594,33188,49782,66376,82970
16595,33190,49785,66380,82975
16596,33192,49788,66384,82980
16597,33194,49791,66388,82985
16598,33196,49794,66392,82990
16599,33198,49797,66396,82995
16600,33200,49800,66400,83000
16601,33202,49803,66404,83005
16602,33204,49806,66408,83010
16603,33206,49809,66412,83015
16604,33208,49812,66416,83020
16605,33210,49815,66420,83025
16606,33212,49818,66424,83030
16607,33214,49821,66428,83035
16608,33216,49824,66432,83040
16609,33218,49827,66436,83045
16610,33220,49830,66440,83050
16611,33222,49833,66444,83055
16612,33224,49836,66448,83060
16613,33226,49839,66452,83065
16614,33228,49842,66456,83070
16615,33230,49845,66460,83075
16616,33232,49848,66464,83080
16617,33234,49851,66468,83085
16618,33236,49854,66472,83090
16619,33238,49857,66476,83095
16620,33240,49860,66480,83100
16621,33242,49863,66484,83105
16622,33244,49866,66488,83110
16623,33246,49869,66492,83115
16624,33248,49872,66496,83120
16625,33250,49875,66500,83125
16626,33252,49878,66504,83130
16627,33254,49881,66508,83135
16628,33256,49884,66512,83140
16629,33258,49887,66516,83145
16630,33260,49890,66520,83150
16631,33262,49893,66524,83155
16632,33264,49896,66528,83160
16633,33266,49899,66532,83165
16634,33268,49902,66536,83170
16635,33270,49905,66540,83175
16636,33272,49908,66544,83180
16637,33274,49911,66548,83185
16638,33276,49914,66552,83190
16639,33278,49917,66556,83195
16640,33280,49920,66560,83200
16641,33282,49923,66564,83205
16642,33284,49926,66568,83210
16643,33286,49929,66572,83215
16644,33288,49932,66576,83220
16645,33290,49935,66580,83225
16646,33292,49938,66584,83230
16647,33294,49941,66588,83235
16648,33296,49944,66592,83240
16649,33298,49947,66596,83245
16650,33300,49950,66600,83250
16651,33302,49953,66604,83255
16652,33304,49956,66608,83260
16653,33306,49959,66612,83265
16654,33308,49962,66616,83270
16655,33310,49965,66620,83275
16656,33312,49968,66624,83280
16657,33314,49971,66628,83285
16658,33316,49974,66632,83290
16659,33318,49977,66636,83295
16660,33320,49980,66640,83300
16661,33322,49983,66644,83305
16662,33324,49986,66648,83310
16663,33326,49989,66652,83315
16664,33328,49992,66656,83320
16665,33330,49995,66660,83325
16666,33332,49998,66664,83330
16667,33334,50001,66668,83335
16668,33336,50004,66672,83340
16669,33338,50007,66676,83345
16670,33340,50010,66680,83350
16671,33342,50013,66684,83355
16672,33344,50016,66688,83360
16673,33346,50019,66692,83365
16674,33348,50022,66696,83370
16675,33350,50025,66700,83375
16676,33352,50028,66704,83380
16677,33354,50031,66708,83385
16678,33356,50034,66712,83390
16679,33358,50037,66716,83395
16680,33360,50040,66720,83400
16681,33362,50043,66724,83405
16682,33364,50046,66728,83410
16683,33366,50049,66732,83415
16684,33368,50052,66736,83420
16685,33370,50055,66740,83425
16686,33372,50058,66744,83430
16687,33374,50061,66748,83435
16688,33376,50064,66752,83440
16689,33378,50067,66756,83445
16690,33380,50070,66760,83450
16691,33382,50073,66764,83455
16692,33384,50076,66768,83460
16693,33386,50079,66772,83465
16694,33388,50082,66776,83470
16695,33390,50085,66780,83475
16696,33392,50088,66784,83480
16697,33394,50091,66788,83485
16698,33396,50094,66792,83490
16699,33398,50097,66796,83495
16700,33400,50100,66800,83500
16701,33402,50103,66804,83505
16702,33404,50106,66808,83510
16703,33406,50109,66812,83515
16704,33408,50112,66816,83520
16705,33410,50115,66820,83525
16706,33412,50118,66824,83530
16707,33414,50121,66828,83535
16708,33416,50124,66832,83540
16709,33418,50127,66836,83545
16710,33420,50130,66840,83550
16711,33422,50133,66844,83555
16712,33424,50136,66848,83560
16713,33426,50139,66852,83565
16714,33428,50142,66856,83570
16715,33430,50145,66860,83575
16716,33432,50148,66864,83580
16717,33434,50151,66868,83585
16718,33436,50154,66872,83590
16719,33438,50157,66876,83595
16720,33440,50160,66880,83600
16721,33442,50163,66884,83605
16722,33444,50166,66888,83610
16723,33446,50169,66892,83615
16724,33448,50172,66896,83620
16725,33450,50175,66900,83625
16726,33452,50178,66904,83630
16727,33454,50181,66908,83635
16728,33456,50184,66912,83640
16729,33458,50187,66916,83645
16730,33460,50190,66920,83650
16731,33462,50193,66924,83655
16732,33464,50196,66928,83660
16733,33466,50199,66932,83665
16734,33468,50202,66936,83670
16735,33470,50205,66940,83675
16736,33472,50208,66944,83680
16737,33474,50211,66948,83685
16738,33476,50214,66952,83690
16739,33478,50217,66956,83695
16740,33480,50220,66960,83700
16741,33482,50223,66964,83705
16742,33484,50226,66968,83710
16743,33486,50229,66972,83715
16744,33488,50232,66976,83720
16745,33490,50235,66980,83725
16746,33492,50238,66984,83730
16747,33494,50241,66988,83735
16748,33496,50244,66992,83740
16749,33498,50247,66996,83745
16750,33500,50250,67000,83750
16751,33502,50253,67004,83755
16752,33504,50256,67008,83760
16753,33506,50259,67012,83765
16754,33508,50262,67016,83770
16755,33510,50265,67020,83775
16756,33512,50268,67024,83780
16757,33514,50271,67028,83785
16758,33516,50274,67032,83790
16759,33518,50277,67036,83795
16760,33520,50280,67040,83800
16761,33522,50283,67044,83805
16762,33524,50286,67048,83810
16763,33526,50289,67052,83815
16764,33528,50292,67056,83820
16765,33530,50295,67060,83825
16766,33532,50298,67064,83830
16767,33534,50301,67068,83835
16768,33536,50304,67072,83840
16769,33538,50307,67076,83845
16770,33540,50310,67080,83850
16771,33542,50313,67084,83855
16772,33544,50316,67088,83860
16773,33546,50319,67092,83865
16774,33548,50322,67096,83870
16775,33550,50325,67100,83875
16776,33552,50328,67104,83880
16777,33554,50331,67108,83885
16778,33556,50334,67112,83890
16779,33558,50337,67116,83895
16780,33560,50340,67120,83900
16781,33562,50343,67124,83905
16782,33564,50346,67128,83910
16783,33566,50349,67132,83915
16784,33568,50352,67136,83920
16785,33570,50355,67140,83925
16786,33572,50358,67144,83930
16787,33574,50361,67148,83935
16788,33576,50364,67152,83940
16789,33578,50367,67156,83945
16790,33580,50370,67160,83950
16791,33582,50373,67164,83955
16792,33584,50376,67168,83960
16793,33586,50379,67172,83965
16794,33588,50382,67176,83970
16795,33590,50385,67180,83975
16796,33592,50388,67184,83980
16797,33594,50391,67188,83985
16798,33596,50394,67192,83990
16799,33598,50397,67196,83995
16800,33600,50400,67200,84000
16801,33602,50403,67204,84005
16802,33604,50406,67208,84010
16803,33606,50409,67212,84015
16804,33608,50412,67216,84020
16805,33610,50415,67220,84025
16806,33612,50418,67224,84030
16807,33614,50421,67228,84035
16808,33616,50424,67232,84040
16809,33618,50427,67236,84045
16810,33620,50430,67240,84050
16811,33622,50433,67244,84055
16812,33624,50436,67248,84060
16813,33626,50439,67252,84065
16814,33628,50442,67256,84070
16815,33630,50445,67260,84075
16816,33632,50448,67264,84080
16817,33634,50451,67268,84085
16818,33636,50454,67272,84090
16819,33638,50457,67276,84095
16820,33640,50460,67280,84100
16821,33642,50463,67284,84105
16822,33644,50466,67288,84110
16823,33646,50469,67292,84115
16824,33648,50472,67296,84120
16825,33650,50475,67300,84125
16826,33652,50478,67304,84130
16827,33654,50481,67308,84135
16828,33656,50484,67312,84140
16829,33658,50487,67316,84145
16830,33660,50490,67320,84150
16831,33662,50493,67324,84155
16832,33664,50496,67328,84160
16833,33666,50499,67332,84165
16834,33668,50502,67336,84170
16835,33670,50505,67340,84175
16836,33672,50508,67344,84180
16837,33674,50511,67348,84185
16838,33676,50514,67352,84190
16839,33678,50517,67356,84195
16840,33680,50520,67360,84200
16841,33682,50523,67364,84205
16842,33684,50526,67368,84210
16843,33686,50529,67372,84215
16844,33688,50532,67376,84220
16845,33690,50535,67380,84225
16846,33692,50538,67384,84230
16847,33694,50541,67388,84235
16848,33696,50544,67392,84240
16849,33698,50547,67396,84245
16850,33700,50550,67400,84250
16851,33702,50553,67404,84255
16852,33704,50556,67408,84260
16853,33706,50559,67412,84265
16854,33708,50562,67416,84270
16855,33710,50565,67420,84275
16856,33712,50568,67424,84280
16857,33714,50571,67428,84285
16858,33716,50574,67432,84290
16859,33718,50577,67436,84295
16860,33720,50580,67440,84300
16861,33722,50583,67444,84305
16862,33724,50586,67448,84310
16863,33726,50589,67452,84315
16864,33728,50592,67456,84320
16865,33730,50595,67460,84325
16866,33732,50598,67464,84330
16867,33734,50601,67468,84335
16868,33736,50604,67472,84340
16869,33738,50607,67476,84345
16870,33740,50610,67480,84350
16871,33742,50613,67484,84355
16872,33744,50616,67488,84360
16873,33746,50619,67492,84365
16874,33748,50622,67496,84370
16875,33750,50625,67500,84375
16876,33752,50628,67504,84380
16877,33754,50631,67508,84385
16878,33756,50634,67512,84390
16879,33758,50637,67516,84395
16880,33760,50640,67520,84400
16881,33762,50643,67524,84405
16882,33764,50646,67528,84410
16883,33766,50649,67532,84415
16884,33768,50652,67536,84420
16885,33770,50655,67540,84425
16886,33772,50658,67544,84430
16887,33774,50661,67548,84435
16888,33776,50664,67552,84440
16889,33778,50667,67556,84445
16890,33780,50670,67560,84450
16891,33782,50673,67564,84455
16892,33784,50676,67568,84460
16893,33786,50679,67572,84465
16894,33788,50682,67576,84470
16895,33790,50685,67580,84475
16896,33792,50688,67584,84480
16897,33794,50691,67588,84485
16898,33796,50694,67592,84490
16899,33798,50697,67596,84495
16900,33800,50700,67600,84500
16901,33802,50703,67604,84505
16902,33804,50706,67608,84510
16903,33806,50709,67612,84515
16904,33808,50712,67616,84520
16905,33810,50715,67620,84525
16906,33812,50718,67624,84530
16907,33814,50721,67628,84535
16908,33816,50724,67632,84540
16909,33818,50727,67636,84545
16910,33820,50730,67640,84550
16911,33822,50733,67644,84555
16912,33824,50736,67648,84560
16913,33826,50739,67652,84565
16914,33828,50742,67656,84570
16915,33830,50745,67660,84575
16916,33832,50748,67664,84580
16917,33834,50751,67668,84585
16918,33836,50754,67672,84590
16919,33838,50757,67676,84595
16920,33840,50760,67680,84600
16921,33842,50763,67684,84605
16922,33844,50766,67688,84610
16923,33846,50769,67692,84615
16924,33848,50772,67696,84620
16925,33850,50775,67700,84625
16926,33852,50778,67704,84630
16927,33854,50781,67708,84635
16928,33856,50784,67712,84640
16929,33858,50787,67716,84645
16930,33860,50790,67720,84650
16931,33862,50793,67724,84655
16932,33864,50796,67728,84660
16933,33866,50799,67732,84665
16934,33868,50802,67736,84670
16935,33870,50805,67740,84675
16936,33872,50808,67744,84680
16937,33874,50811,67748,84685
16938,33876,50814,67752,84690
16939,33878,50817,67756,84695
16940,33880,50820,67760,84700
16941,33882,50823,67764,84705
16942,33884,50826,67768,84710
16943,33886,50829,67772,84715
16944,33888,50832,67776,84720
16945,33890,50835,67780,84725
16946,33892,50838,67784,84730
16947,33894,50841,67788,84735
16948,33896,50844,67792,84740
16949,33898,50847,67796,84745
16950,33900,50850,67800,84750
16951,33902,50853,67804,84755
16952,33904,50856,67808,84760
16953,33906,50859,67812,84765
16954,33908,50862,67816,84770
16955,33910,50865,67820,84775
16956,33912,50868,67824,84780
16957,33914,50871,67828,84785
16958,33916,50874,67832,84790
16959,33918,50877,67836,84795
16960,33920,50880,67840,84800
16961,33922,50883,67844,84805
16962,33924,50886,67848,84810
16963,33926,50889,67852,84815
16964,33928,50892,67856,84820
16965,33930,50895,67860,84825
16966,33932,50898,67864,84830
16967,33934,50901,67868,84835
16968,33936,50904,67872,84840
16969,33938,50907,67876,84845
16970,33940,50910,67880,84850
16971,33942,50913,67884,84855
16972,33944,50916,67888,84860
16973,33946,50919,67892,84865
16974,33948,50922,67896,84870
16975,33950,50925,67900,84875
16976,33952,50928,67904,84880
16977,33954,50931,67908,84885
16978,33956,50934,67912,84890
16979,33958,50937,67916,84895
16980,33960,50940,67920,84900
16981,33962,50943,67924,84905
16982,33964,50946,67928,84910
16983,33966,50949,67932,84915
16984,33968,50952,67936,84920
16985,33970,50955,67940,84925
16986,33972,50958,67944,84930
16987,33974,50961,67948,84935
16988,33976,50964,67952,84940
16989,33978,50967,67956,84945
16990,33980,50970,67960,84950
16991,33982,50973,67964,84955
16992,33984,50976,67968,84960
16993,33986,50979,67972,84965
16994,33988,50982,67976,84970
16995,33990,50985,67980,84975
16996,33992,50988,67984,84980
16997,33994,50991,67988,84985
16998,33996,50994,67992,84990
16999,33998,50997,67996,84995
17000,34000,51000,68000,85000
17001,34002,51003,68004,85005
17002,34004,51006,68008,85010
17003,34006,51009,68012,85015
17004,34008,51012,68016,85020
17005,34010,51015,68020,85025
17006,34012,51018,68024,85030
17007,34014,51021,68028,85035
17008,34016,51024,68032,85040
17009,34018,51027,68036,85045
17010,34020,51030,68040,85050
17011,34022,51033,68044,85055
17012,34024,51036,68048,85060
17013,34026,51039,68052,85065
17014,34028,51042,68056,85070
17015,34030,51045,68060,85075
17016,34032,51048,68064,85080
17017,34034,51051,68068,85085
17018,34036,51054,68072,85090
17019,34038,51057,68076,85095
17020,34040,51060,68080,85100
17021,34042,51063,68084,85105
17022,34044,51066,68088,85110
17023,34046,51069,68092,85115
17024,34048,51072,68096,85120
17025,34050,51075,68100,85125
17026,34052,51078,68104,85130
17027,34054,51081,68108,85135
17028,34056,51084,68112,85140
17029,34058,51087,68116,85145
17030,34060,51090,68120,85150
17031,34062,51093,68124,85155
17032,34064,51096,68128,85160
17033,34066,51099,68132,85165
17034,34068,51102,68136,85170
17035,34070,51105,68140,85175
17036,34072,51108,68144,85180
17037,34074,51111,68148,85185
17038,34076,51114,68152,85190
17039,34078,51117,68156,85195
17040,34080,51120,68160,85200
17041,34082,51123,68164,85205
17042,34084,51126,68168,85210
17043,34086,51129,68172,85215
17044,34088,51132,68176,85220
17045,34090,51135,68180,85225
17046,34092,51138,68184,85230
17047,34094,51141,68188,85235
17048,34096,51144,68192,85240
17049,34098,51147,68196,85245
17050,34100,51150,68200,85250
17051,34102,51153,68204,85255
17052,34104,51156,68208,85260
17053,34106,51159,68212,85265
17054,34108,51162,68216,85270
17055,34110,51165,68220,85275
17056,34112,51168,68224,85280
17057,34114,51171,68228,85285
17058,34116,51174,68232,85290
17059,34118,51177,68236,85295
17060,34120,51180,68240,85300
17061,34122,51183,68244,85305
17062,34124,51186,68248,85310
17063,34126,51189,68252,85315
17064,34128,51192,68256,85320
17065,34130,51195,68260,85325
17066,34132,51198,68264,85330
17067,34134,51201,68268,85335
17068,34136,51204,68272,85340
17069,34138,51207,68276,85345
17070,34140,51210,68280,85350
17071,34142,51213,68284,85355
17072,34144,51216,68288,85360
17073,34146,51219,68292,85365
17074,34148,51222,68296,85370
17075,34150,51225,68300,85375
17076,34152,51228,68304,85380
17077,34154,51231,68308,85385
17078,34156,51234,68312,85390
17079,34158,51237,68316,85395
17080,34160,51240,68320,85400
17081,34162,51243,68324,85405
17082,34164,51246,68328,85410
17083,34166,51249,68332,85415
17084,34168,51252,68336,85420
17085,34170,51255,68340,85425
17086,34172,51258,68344,85430
17087,34174,51261,68348,85435
17088,34176,51264,68352,85440
17089,34178,51267,68356,85445
17090,34180,51270,68360,85450
17091,34182,51273,68364,85455
17092,34184,51276,68368,85460
17093,34186,51279,68372,85465
17094,34188,51282,68376,85470
17095,34190,51285,68380,85475
17096,34192,51288,68384,85480
17097,34194,51291,68388,85485
17098,34196,51294,68392,85490
17099,34198,51297,68396,85495
17100,34200,51300,68400,85500
17101,34202,51303,68404,85505
17102,34204,51306,68408,85510
17103,34206,51309,68412,85515
17104,34208,51312,68416,85520
17105,34210,51315,68420,85525
17106,34212,51318,68424,85530
17107,34214,51321,68428,85535
17108,34216,51324,68432,85540
17109,34218,51327,68436,85545
17110,34220,51330,68440,85550
17111,34222,51333,68444,85555
17112,34224,51336,68448,85560
17113,34226,51339,68452,85565
17114,34228,51342,68456,85570
17115,34230,51345,68460,85575
17116,34232,51348,68464,85580
17117,34234,51351,68468,85585
17118,34236,51354,68472,85590
17119,34238,51357,68476,85595
17120,34240,51360,68480,85600
17121,34242,51363,68484,85605
17122,34244,51366,68488,85610
17123,34246,51369,68492,85615
17124,34248,51372,68496,85620
17125,34250,51375,68500,85625
17126,34252,51378,68504,85630
17127,34254,51381,68508,85635
17128,34256,51384,68512,85640
17129,34258,51387,68516,85645
17130,34260,51390,68520,85650
17131,34262,51393,68524,85655
17132,34264,51396,68528,85660
17133,34266,51399,68532,85665
17134,34268,51402,68536,85670
17135,34270,51405,68540,85675
17136,34272,51408,68544,85680
17137,34274,51411,68548,85685
17138,34276,51414,68552,85690
17139,34278,51417,68556,85695
17140,34280,51420,68560,85700
17141,34282,51423,68564,85705
17142,34284,51426,68568,85710
17143,34286,51429,68572,85715
17144,34288,51432,68576,85720
17145,34290,51435,68580,85725
17146,34292,51438,68584,85730
17147,34294,51441,68588,85735
17148,34296,51444,68592,85740
17149,34298,51447,68596,85745
17150,34300,51450,68600,85750
17151,34302,51453,68604,85755
17152,34304,51456,68608,85760
17153,34306,51459,68612,85765
17154,34308,51462,68616,85770
17155,34310,51465,68620,85775
17156,34312,51468,68624,85780
17157,34314,51471,68628,85785
17158,34316,51474,68632,85790
17159,34318,51477,68636,85795
17160,34320,51480,68640,85800
17161,34322,51483,68644,85805
17162,34324,51486,68648,85810
17163,34326,51489,68652,85815
17164,34328,51492,68656,85820
17165,34330,51495,68660,85825
17166,34332,51498,68664,85830
17167,34334,51501,68668,85835
17168,34336,51504,68672,85840
17169,34338,51507,68676,85845
17170,34340,51510,68680,85850
17171,34342,51513,68684,85855
17172,34344,51516,68688,85860
17173,34346,51519,68692,85865
17174,34348,51522,68696,85870
17175,34350,51525,68700,85875
17176,34352,51528,68704,85880
17177,34354,51531,68708,85885
17178,34356,51534,68712,85890
17179,34358,51537,68716,85895
17180,34360,51540,68720,85900
17181,34362,51543,68724,85905
17182,34364,51546,68728,85910
17183,34366,51549,68732,85915
17184,34368,51552,68736,85920
17185,34370,51555,68740,85925
17186,34372,51558,68744,85930
17187,34374,51561,68748,85935
17188,34376,51564,68752,85940
17189,34378,51567,68756,85945
17190,34380,51570,68760,85950
17191,34382,51573,68764,85955
17192,34384,51576,68768,85960
17193,34386,51579,68772,85965
17194,34388,51582,68776,85970
17195,34390,51585,68780,85975
17196,34392,51588,68784,85980
17197,34394,51591,68788,85985
17198,34396,51594,68792,85990
17199,34398,51597,68796,85995
17200,34400,51600,68800,86000
17201,34402,51603,68804,86005
17202,34404,51606,68808,86010
17203,34406,51609,68812,86015
17204,34408,51612,68816,86020
17205,34410,51615,68820,86025
17206,34412,51618,68824,86030
17207,34414,51621,68828,86035
17208,34416,51624,68832,86040
17209,34418,51627,68836,86045
17210,34420,51630,68840,86050
17211,34422,51633,68844,86055
17212,34424,51636,68848,86060
17213,34426,51639,68852,86065
17214,34428,51642,68856,86070
17215,34430,51645,68860,86075
17216,34432,51648,68864,86080
17217,34434,51651,68868,86085
17218,34436,51654,68872,86090
17219,34438,51657,68876,86095
17220,34440,51660,68880,86100
17221,34442,51663,68884,86105
17222,34444,51666,68888,86110
17223,34446,51669,68892,86115
17224,34448,51672,68896,86120
17225,34450,51675,68900,86125
17226,34452,51678,68904,86130
17227,34454,51681,68908,86135
17228,34456,51684,68912,86140
17229,34458,51687,68916,86145
17230,34460,51690,68920,86150
17231,34462,51693,68924,86155
17232,34464,51696,68928,86160
17233,34466,51699,68932,86165
17234,34468,51702,68936,86170
17235,34470,51705,68940,86175
17236,34472,51708,68944,86180
17237,34474,51711,68948,86185
17238,34476,51714,68952,86190
17239,34478,51717,68956,86195
17240,34480,51720,68960,86200
17241,34482,51723,68964,86205
17242,34484,51726,68968,86210
17243,34486,51729,68972,86215
17244,34488,51732,68976,86220
17245,34490,51735,68980,86225
17246,34492,51738,68984,86230
17247,34494,51741,68988,86235
17248,34496,51744,68992,86240
17249,34498,51747,68996,86245
17250,34500,51750,69000,86250
17251,34502,51753,69004,86255
17252,34504,51756,69008,86260
17253,34506,51759,69012,86265
17254,34508,51762,69016,86270
17255,34510,51765,69020,86275
17256,34512,51768,69024,86280
17257,34514,51771,69028,86285
17258,34516,51774,69032,86290
17259,34518,51777,69036,86295
17260,34520,51780,69040,86300
17261,34522,51783,69044,86305
17262,34524,51786,69048,86310
17263,34526,51789,69052,86315
17264,34528,51792,69056,86320
17265,34530,51795,69060,86325
17266,34532,51798,69064,86330
17267,34534,51801,69068,86335
17268,34536,51804,69072,86340
17269,34538,51807,69076,86345
17270,34540,51810,69080,86350
17271,34542,51813,69084,86355
17272,34544,51816,69088,86360
17273,34546,51819,69092,86365
17274,34548,51822,69096,86370
17275,34550,51825,69100,86375
17276,34552,51828,69104,86380
17277,34554,51831,69108,86385
17278,34556,51834,69112,86390
17279,34558,51837,69116,86395
17280,34560,51840,69120,86400
17281,34562,51843,69124,86405
17282,34564,51846,69128,86410
17283,34566,51849,69132,86415
17284,34568,51852,69136,86420
17285,34570,51855,69140,86425
17286,34572,51858,69144,86430
17287,34574,51861,69148,86435
17288,34576,51864,69152,86440
17289,34578,51867,69156,86445
17290,34580,51870,69160,86450
17291,34582,51873,69164,86455
17292,34584,51876,69168,86460
17293,34586,51879,69172,86465
17294,34588,51882,69176,86470
17295,34590,51885,69180,86475
17296,34592,51888,69184,86480
17297,34594,51891,69188,86485
17298,34596,51894,69192,86490
17299,34598,51897,69196,86495
17300,34600,51900,69200,86500
17301,34602,51903,69204,86505
17302,34604,51906,69208,86510
17303,34606,51909,69212,86515
17304,34608,51912,69216,86520
17305,34610,51915,69220,86525
17306,34612,51918,69224,86530
17307,34614,51921,69228,86535
17308,34616,51924,69232,86540
17309,34618,51927,69236,86545
17310,34620,51930,69240,86550
17311,34622,51933,69244,86555
17312,34624,51936,69248,86560
17313,34626,51939,69252,86565
17314,34628,51942,69256,86570
17315,34630,51945,69260,86575
17316,34632,51948,69264,86580
17317,34634,51951,69268,86585
17318,34636,51954,69272,86590
17319,34638,51957,69276,86595
17320,34640,51960,69280,86600
17321,34642,51963,69284,86605
17322,34644,51966,69288,86610
17323,34646,51969,69292,86615
17324,34648,51972,69296,86620
17325,34650,51975,69300,86625
17326,34652,51978,69304,86630
17327,34654,51981,69308,86635
17328,34656,51984,69312,86640
17329,34658,51987,69316,86645
17330,34660,51990,69320,86650
17331,34662,51993,69324,86655
17332,34664,51996,69328,86660
17333,34666,51999,69332,86665
17334,34668,52002,69336,86670
17335,34670,52005,69340,86675
17336,34672,52008,69344,86680
17337,34674,52011,69348,86685
17338,34676,52014,69352,86690
17339,34678,52017,69356,86695
17340,34680,52020,69360,86700
17341,34682,52023,69364,86705
17342,34684,52026,69368,86710
17343,34686,52029,69372,86715
17344,34688,52032,69376,86720
17345,34690,52035,69380,86725
17346,34692,52038,69384,86730
17347,34694,52041,69388,86735
17348,34696,52044,69392,86740
17349,34698,52047,69396,86745
17350,34700,52050,69400,86750
17351,34702,52053,69404,86755
17352,34704,52056,69408,86760
17353,34706,52059,69412,86765
17354,34708,52062,69416,86770
17355,34710,52065,69420,86775
17356,34712,52068,69424,86780
17357,34714,52071,69428,86785
17358,34716,52074,69432,86790
17359,34718,52077,69436,86795
17360,34720,52080,69440,86800
17361,34722,52083,69444,86805
17362,34724,52086,69448,86810
17363,34726,52089,69452,86815
17364,34728,52092,69456,86820
17365,34730,52095,69460,86825
17366,34732,52098,69464,86830
17367,34734,52101,69468,86835
17368,34736,52104,69472,86840
17369,34738,52107,69476,86845
17370,34740,52110,69480,86850
17371,34742,52113,69484,86855
17372,34744,52116,69488,86860
17373,34746,52119,69492,86865
17374,34748,52122,69496,86870
17375,34750,52125,69500,86875
17376,34752,52128,69504,86880
17377,34754,52131,69508,86885
17378,34756,52134,69512,86890
17379,34758,52137,69516,86895
17380,34760,52140,69520,86900
17381,34762,52143,69524,86905
17382,34764,52146,69528,86910
17383,34766,52149,69532,86915
17384,34768,52152,69536,86920
17385,34770,52155,69540,86925
17386,34772,52158,69544,86930
17387,34774,52161,69548,86935
17388,34776,52164,69552,86940
17389,34778,52167,69556,86945
17390,34780,52170,69560,86950
17391,34782,52173,69564,86955
17392,34784,52176,69568,86960
17393,34786,52179,69572,86965
17394,34788,52182,69576,86970
17395,34790,52185,69580,86975
17396,34792,52188,69584,86980
17397,34794,52191,69588,86985
17398,34796,52194,69592,86990
17399,34798,52197,69596,86995
17400,34800,52200,69600,87000
17401,34802,52203,69604,87005
17402,34804,52206,69608,87010
17403,34806,52209,69612,87015
17404,34808,52212,69616,87020
17405,34810,52215,69620,87025
17406,34812,52218,69624,87030
17407,34814,52221,69628,87035
17408,34816,52224,69632,87040
17409,34818,52227,69636,87045
17410,34820,52230,69640,87050
17411,34822,52233,69644,87055
17412,34824,52236,69648,87060
17413,34826,52239,69652,87065
17414,34828,52242,69656,87070
17415,34830,52245,69660,87075
17416,34832,52248,69664,87080
17417,34834,52251,69668,87085
17418,34836,52254,69672,87090
17419,34838,52257,69676,87095
17420,34840,52260,69680,87100
17421,34842,52263,69684,87105
17422,34844,52266,69688,87110
17423,34846,52269,69692,87115
17424,34848,52272,69696,87120
17425,34850,52275,69700,87125
17426,34852,52278,69704,87130
17427,34854,52281,69708,87135
17428,34856,52284,69712,87140
17429,34858,52287,69716,87145
17430,34860,52290,69720,87150
17431,34862,52293,69724,87155
17432,34864,52296,69728,87160
17433,34866,52299,69732,87165
17434,34868,52302,69736,87170
17435,34870,52305,69740,87175
17436,34872,52308,69744,87180
17437,34874,52311,69748,87185
17438,34876,52314,69752,87190
17439,34878,52317,69756,87195
17440,34880,52320,69760,87200
17441,34882,52323,69764,87205
17442,34884,52326,69768,87210
17443,34886,52329,69772,87215
17444,34888,52332,69776,87220
17445,34890,52335,69780,87225
17446,34892,52338,69784,87230
17447,34894,52341,69788,87235
17448,34896,52344,69792,87240
17449,34898,52347,69796,87245
17450,34900,52350,69800,87250
17451,34902,52353,69804,87255
17452,34904,52356,69808,87260
17453,34906,52359,69812,87265
17454,34908,52362,69816,87270
17455,34910,52365,69820,87275
17456,34912,52368,69824,87280
17457,34914,52371,69828,87285
17458,34916,52374,69832,87290
17459,34918,52377,69836,87295
17460,34920,52380,69840,87300
17461,34922,52383,69844,87305
17462,34924,52386,69848,87310
17463,34926,52389,69852,87315
17464,34928,52392,69856,87320
17465,34930,52395,69860,87325
17466,34932,52398,69864,87330
17467,34934,52401,69868,87335
17468,34936,52404,69872,87340
17469,34938,52407,69876,87345
17470,34940,52410,69880,87350
17471,34942,52413,69884,87355
17472,34944,52416,69888,87360
17473,34946,52419,69892,87365
17474,34948,52422,69896,87370
17475,34950,52425,69900,87375
17476,34952,52428,69904,87380
17477,34954,52431,69908,87385
17478,34956,52434,69912,87390
17479,34958,52437,69916,87395
17480,34960,52440,69920,87400
17481,34962,52443,69924,87405
17482,34964,52446,69928,87410
17483,34966,52449,69932,87415
17484,34968,52452,69936,87420
17485,34970,52455,69940,87425
17486,34972,52458,69944,87430
17487,34974,52461,69948,87435
17488,34976,52464,69952,87440
17489,34978,52467,69956,87445
17490,34980,52470,69960,87450
17491,34982,52473,69964,87455
17492,34984,52476,69968,87460
17493,34986,52479,69972,87465
17494,34988,52482,69976,87470
17495,34990,52485,69980,87475
17496,34992,52488,69984,87480
17497,34994,52491,69988,87485
17498,34996,52494,69992,87490
17499,34998,52497,69996,87495
17500,35000,52500,70000,87500
17501,35002,52503,70004,87505
17502,35004,52506,70008,87510
17503,35006,52509,70012,87515
17504,35008,52512,70016,87520
17505,35010,52515,70020,87525
17506,35012,52518,70024,87530
17507,35014,52521,70028,87535
17508,35016,52524,70032,87540
17509,35018,52527,70036,87545
17510,35020,52530,70040,87550
17511,35022,52533,70044,87555
17512,35024,52536,70048,87560
17513,35026,52539,70052,87565
17514,35028,52542,70056,87570
17515,35030,52545,70060,87575
17516,35032,52548,70064,87580
17517,35034,52551,70068,87585
17518,35036,52554,70072,87590
17519,35038,52557,70076,87595
17520,35040,52560,70080,87600
17521,35042,52563,70084,87605
17522,35044,52566,70088,87610
17523,35046,52569,70092,87615
17524,35048,52572,70096,87620
17525,35050,52575,70100,87625
17526,35052,52578,70104,87630
17527,35054,52581,70108,87635
17528,35056,52584,70112,87640
17529,35058,52587,70116,87645
17530,35060,52590,70120,87650
17531,35062,52593,70124,87655
17532,35064,52596,70128,87660
17533,35066,52599,70132,87665
17534,35068,52602,70136,87670
17535,35070,52605,70140,87675
17536,35072,52608,70144,87680
17537,35074,52611,70148,87685
17538,35076,52614,70152,87690
17539,35078,52617,70156,87695
17540,35080,52620,70160,87700
17541,35082,52623,70164,87705
17542,35084,52626,70168,87710
17543,35086,52629,70172,87715
17544,35088,52632,70176,87720
17545,35090,52635,70180,87725
17546,35092,52638,70184,87730
17547,35094,52641,70188,87735
17548,35096,52644,70192,87740
17549,35098,52647,70196,87745
17550,35100,52650,70200,87750
17551,35102,52653,70204,87755
17552,35104,52656,70208,87760
17553,35106,52659,70212,87765
17554,35108,52662,70216,87770
17555,35110,52665,70220,87775
17556,35112,52668,70224,87780
17557,35114,52671,70228,87785
17558,35116,52674,70232,87790
17559,35118,52677,70236,87795
17560,35120,52680,70240,87800
17561,35122,52683,70244,87805
17562,35124,52686,70248,87810
17563,35126,52689,70252,87815
17564,35128,52692,70256,87820
17565,35130,52695,70260,87825
17566,35132,52698,70264,87830
17567,35134,52701,70268,87835
17568,35136,52704,70272,87840
17569,35138,52707,70276,87845
17570,35140,52710,70280,87850
17571,35142,52713,70284,87855
17572,35144,52716,70288,87860
17573,35146,52719,70292,87865
17574,35148,52722,70296,87870
17575,35150,52725,70300,87875
17576,35152,52728,70304,87880
17577,35154,52731,70308,87885
17578,35156,52734,70312,87890
17579,35158,52737,70316,87895
17580,35160,52740,70320,87900
17581,35162,52743,70324,87905
17582,35164,52746,70328,87910
17583,35166,52749,70332,87915
17584,35168,52752,70336,87920
17585,35170,52755,70340,87925
17586,35172,52758,70344,87930
17587,35174,52761,70348,87935
17588,35176,52764,70352,87940
17589,35178,52767,70356,87945
17590,35180,52770,70360,87950
17591,35182,52773,70364,87955
17592,35184,52776,70368,87960
17593,35186,52779,70372,87965
17594,35188,52782,70376,87970
17595,35190,52785,70380,87975
17596,35192,52788,70384,87980
17597,35194,52791,70388,87985
17598,35196,52794,70392,87990
17599,35198,52797,70396,87995
17600,35200,52800,70400,88000
17601,35202,52803,70404,88005
17602,35204,52806,70408,88010
17603,35206,52809,70412,88015
17604,35208,52812,70416,88020
17605,35210,52815,70420,88025
17606,35212,52818,70424,88030
17607,35214,52821,70428,88035
17608,35216,52824,70432,88040
17609,35218,52827,70436,88045
17610,35220,52830,70440,88050
17611,35222,52833,70444,88055
17612,35224,52836,70448,88060
17613,35226,52839,70452,88065
17614,35228,52842,70456,88070
17615,35230,52845,70460,88075
17616,35232,52848,70464,88080
17617,35234,52851,70468,88085
17618,35236,52854,70472,88090
17619,35238,52857,70476,88095
17620,35240,52860,70480,88100
17621,35242,52863,70484,88105
17622,35244,52866,70488,88110
17623,35246,52869,70492,88115
17624,35248,52872,70496,88120
17625,35250,52875,70500,88125
17626,35252,52878,70504,88130
17627,35254,52881,70508,88135
17628,35256,52884,70512,88140
17629,35258,52887,70516,88145
17630,35260,52890,70520,88150
17631,35262,52893,70524,88155
17632,35264,52896,70528,88160
17633,35266,52899,70532,88165
17634,35268,52902,70536,88170
17635,35270,52905,70540,88175
17636,35272,52908,70544,88180
17637,35274,52911,70548,88185
17638,35276,52914,70552,88190
17639,35278,52917,70556,88195
17640,35280,52920,70560,88200
17641,35282,52923,70564,88205
17642,35284,52926,70568,88210
17643,35286,52929,70572,88215
17644,35288,52932,70576,88220
17645,35290,52935,70580,88225
17646,35292,52938,70584,88230
17647,35294,52941,70588,88235
17648,35296,52944,70592,88240
17649,35298,52947,70596,88245
17650,35300,52950,70600,88250
17651,35302,52953,70604,88255
17652,35304,52956,70608,88260
17653,35306,52959,70612,88265
17654,35308,52962,70616,88270
17655,35310,52965,70620,88275
17656,35312,52968,70624,88280
17657,35314,52971,70628,88285
17658,35316,52974,70632,88290
17659,35318,52977,70636,88295
17660,35320,52980,70640,88300
17661,35322,52983,70644,88305
17662,35324,52986,70648,88310
17663,35326,52989,70652,88315
17664,35328,52992,70656,88320
17665,35330,52995,70660,88325
17666,35332,52998,70664,88330
17667,35334,53001,70668,88335
17668,35336,53004,70672,88340
17669,35338,53007,70676,88345
17670,35340,53010,70680,88350
17671,35342,53013,70684,88355
17672,35344,53016,70688,88360
17673,35346,53019,70692,88365
17674,35348,53022,70696,88370
17675,35350,53025,70700,88375
17676,35352,53028,70704,88380
17677,35354,53031,70708,88385
17678,35356,53034,70712,88390
17679,35358,53037,70716,88395
17680,35360,53040,70720,88400
17681,35362,53043,70724,88405
17682,35364,53046,70728,88410
17683,35366,53049,70732,88415
17684,35368,53052,70736,88420
17685,35370,53055,70740,88425
17686,35372,53058,70744,88430
17687,35374,53061,70748,88435
17688,35376,53064,70752,88440
17689,35378,53067,70756,88445
17690,35380,53070,70760,88450
17691,35382,53073,70764,88455
17692,35384,53076,70768,88460
17693,35386,53079,70772,88465
17694,35388,53082,70776,88470
17695,35390,53085,70780,88475
17696,35392,53088,70784,88480
17697,35394,53091,70788,88485
17698,35396,53094,70792,88490
17699,35398,53097,70796,88495
17700,35400,53100,70800,88500
17701,35402,53103,70804,88505
17702,35404,53106,70808,88510
17703,35406,53109,70812,88515
17704,35408,53112,70816,88520
17705,35410,53115,70820,88525
17706,35412,53118,70824,88530
17707,35414,53121,70828,88535
17708,35416,53124,70832,88540
17709,35418,53127,70836,88545
17710,35420,53130,70840,88550
17711,35422,53133,70844,88555
17712,35424,53136,70848,88560
17713,35426,53139,70852,88565
17714,35428,53142,70856,88570
17715,35430,53145,70860,88575
17716,35432,53148,70864,88580
17717,35434,53151,70868,88585
17718,35436,53154,70872,88590
17719,35438,53157,70876,88595
17720,35440,53160,70880,88600
17721,35442,53163,70884,88605
17722,35444,53166,70888,88610
17723,35446,53169,70892,88615
17724,35448,53172,70896,88620
17725,35450,53175,70900,88625
17726,35452,53178,70904,88630
17727,35454,53181,70908,88635
17728,35456,53184,70912,88640
17729,35458,53187,70916,88645
17730,35460,53190,70920,88650
17731,35462,53193,70924,88655
17732,35464,53196,70928,88660
17733,35466,53199,70932,88665
17734,35468,53202,70936,88670
17735,35470,53205,70940,88675
17736,35472,53208,70944,88680
17737,35474,53211,70948,88685
17738,35476,53214,70952,88690
17739,35478,53217,70956,88695
17740,35480,53220,70960,88700
17741,35482,53223,70964,88705
17742,35484,53226,70968,88710
17743,35486,53229,70972,88715
17744,35488,53232,70976,88720
17745,35490,53235,70980,88725
17746,35492,53238,70984,88730
17747,35494,53241,70988,88735
17748,35496,53244,70992,88740
17749,35498,53247,70996,88745
17750,35500,53250,71000,88750
17751,35502,53253,71004,88755
17752,35504,53256,71008,88760
17753,35506,53259,71012,88765
17754,35508,53262,71016,88770
17755,35510,53265,71020,88775
17756,35512,53268,71024,88780
17757,35514,53271,71028,88785
17758,35516,53274,71032,88790
17759,35518,53277,71036,88795
17760,35520,53280,71040,88800
17761,35522,53283,71044,88805
17762,35524,53286,71048,88810
17763,35526,53289,71052,88815
17764,35528,53292,71056,88820
17765,35530,53295,71060,88825
17766,35532,53298,71064,88830
17767,35534,53301,71068,88835
17768,35536,53304,71072,88840
17769,35538,53307,71076,88845
17770,35540,53310,71080,88850
17771,35542,53313,71084,88855
17772,35544,53316,71088,88860
17773,35546,53319,71092,88865
17774,35548,53322,71096,88870
17775,35550,53325,71100,88875
17776,35552,53328,71104,88880
17777,35554,53331,71108,88885
17778,35556,53334,71112,88890
17779,35558,53337,71116,88895
17780,35560,53340,71120,88900
17781,35562,53343,71124,88905
17782,35564,53346,71128,88910
17783,35566,53349,71132,88915
17784,35568,53352,71136,88920
17785,35570,53355,71140,88925
17786,35572,53358,71144,88930
17787,35574,53361,71148,88935
17788,35576,53364,71152,88940
17789,35578,53367,71156,88945
17790,35580,53370,71160,88950
17791,35582,53373,71164,88955
17792,35584,53376,71168,88960
17793,35586,53379,71172,88965
17794,35588,53382,71176,88970
17795,35590,53385,71180,88975
17796,35592,53388,71184,88980
17797,35594,53391,71188,88985
17798,35596,53394,71192,88990
17799,35598,53397,71196,88995
17800,35600,53400,71200,89000
17801,35602,53403,71204,89005
17802,35604,53406,71208,89010
17803,35606,53409,71212,89015
17804,35608,53412,71216,89020
17805,35610,53415,71220,89025
17806,35612,53418,71224,89030
17807,35614,53421,71228,89035
17808,35616,53424,71232,89040
17809,35618,53427,71236,89045
17810,35620,53430,71240,89050
17811,35622,53433,71244,89055
17812,35624,53436,71248,89060
17813,35626,53439,71252,89065
17814,35628,53442,71256,89070
17815,35630,53445,71260,89075
17816,35632,53448,71264,89080
17817,35634,53451,71268,89085
17818,35636,53454,71272,89090
17819,35638,53457,71276,89095
17820,35640,53460,71280,89100
17821,35642,53463,71284,89105
17822,35644,53466,71288,89110
17823,35646,53469,71292,89115
17824,35648,53472,71296,89120
17825,35650,53475,71300,89125
17826,35652,53478,71304,89130
17827,35654,53481,71308,89135
17828,35656,53484,71312,89140
17829,35658,53487,71316,89145
17830,35660,53490,71320,89150
17831,35662,53493,71324,89155
17832,35664,53496,71328,89160
17833,35666,53499,71332,89165
17834,35668,53502,71336,89170
17835,35670,53505,71340,89175
17836,35672,53508,71344,89180
17837,35674,53511,71348,89185
17838,35676,53514,71352,89190
17839,35678,53517,71356,89195
17840,35680,53520,71360,89200
17841,35682,53523,71364,89205
17842,35684,53526,71368,89210
17843,35686,53529,71372,89215
17844,35688,53532,71376,89220
17845,35690,53535,71380,89225
17846,35692,53538,71384,89230
17847,35694,53541,71388,89235
17848,35696,53544,71392,89240
17849,35698,53547,71396,89245
17850,35700,53550,71400,89250
17851,35702,53553,71404,89255
17852,35704,53556,71408,89260
17853,35706,53559,71412,89265
17854,35708,53562,71416,89270
17855,35710,53565,71420,89275
17856,35712,53568,71424,89280
17857,35714,53571,71428,89285
17858,35716,53574,71432,89290
17859,35718,53577,71436,89295
17860,35720,53580,71440,89300
17861,35722,53583,71444,89305
17862,35724,53586,71448,89310
17863,35726,53589,71452,89315
17864,35728,53592,71456,89320
17865,35730,53595,71460,89325
17866,35732,53598,71464,89330
17867,35734,53601,71468,89335
17868,35736,53604,71472,89340
17869,35738,53607,71476,89345
17870,35740,53610,71480,89350
17871,35742,53613,71484,89355
17872,35744,53616,71488,89360
17873,35746,53619,71492,89365
17874,35748,53622,71496,89370
17875,35750,53625,71500,89375
17876,35752,53628,71504,89380
17877,35754,53631,71508,89385
17878,35756,53634,71512,89390
17879,35758,53637,71516,89395
17880,35760,53640,71520,89400
17881,35762,53643,71524,89405
17882,35764,53646,71528,89410
17883,35766,53649,71532,89415
17884,35768,53652,71536,89420
17885,35770,53655,71540,89425
17886,35772,53658,71544,89430
17887,35774,53661,71548,89435
17888,35776,53664,71552,89440
17889,35778,53667,71556,89445
17890,35780,53670,71560,89450
17891,35782,53673,71564,89455
17892,35784,53676,71568,89460
17893,35786,53679,71572,89465
17894,35788,53682,71576,89470
17895,35790,53685,71580,89475
17896,35792,53688,71584,89480
17897,35794,53691,71588,89485
17898,35796,53694,71592,89490
17899,35798,53697,71596,89495
17900,35800,53700,71600,89500
17901,35802,53703,71604,89505
17902,35804,53706,71608,89510
17903,35806,53709,71612,89515
17904,35808,53712,71616,89520
17905,35810,53715,71620,89525
17906,35812,53718,71624,89530
17907,35814,53721,71628,89535
17908,35816,53724,71632,89540
17909,35818,53727,71636,89545
17910,35820,53730,71640,89550
17911,35822,53733,71644,89555
17912,35824,53736,71648,89560
17913,35826,53739,71652,89565
17914,35828,53742,71656,89570
17915,35830,53745,71660,89575
17916,35832,53748,71664,89580
17917,35834,53751,71668,89585
17918,35836,53754,71672,89590
17919,35838,53757,71676,89595
17920,35840,53760,71680,89600
17921,35842,53763,71684,89605
17922,35844,53766,71688,89610
17923,35846,53769,71692,89615
17924,35848,53772,71696,89620
17925,35850,53775,71700,89625
17926,35852,53778,71704,89630
17927,35854,53781,71708,89635
17928,35856,53784,71712,89640
17929,35858,53787,71716,89645
17930,35860,53790,71720,89650
17931,35862,53793,71724,89655
17932,35864,53796,71728,89660
17933,35866,53799,71732,89665
17934,35868,53802,71736,89670
17935,35870,53805,71740,89675
17936,35872,53808,71744,89680
17937,35874,53811,71748,89685
17938,35876,53814,71752,89690
17939,35878,53817,71756,89695
17940,35880,53820,71760,89700
17941,35882,53823,71764,89705
17942,35884,53826,71768,89710
17943,35886,53829,71772,89715
17944,35888,53832,71776,89720
17945,35890,53835,71780,89725
17946,35892,53838,71784,89730
17947,35894,53841,71788,89735
17948,35896,53844,71792,89740
17949,35898,53847,71796,89745
17950,35900,53850,71800,89750
17951,35902,53853,71804,89755
17952,35904,53856,71808,89760
17953,35906,53859,71812,89765
17954,35908,53862,71816,89770
17955,35910,53865,71820,89775
17956,35912,53868,71824,89780
17957,35914,53871,71828,89785
17958,35916,53874,71832,89790
17959,35918,53877,71836,89795
17960,35920,53880,71840,89800
17961,35922,53883,71844,89805
17962,35924,53886,71848,89810
17963,35926,53889,71852,89815
17964,35928,53892,71856,89820
17965,35930,53895,71860,89825
17966,35932,53898,71864,89830
17967,35934,53901,71868,89835
17968,35936,53904,71872,89840
17969,35938,53907,71876,89845
17970,35940,53910,71880,89850
17971,35942,53913,71884,89855
17972,35944,53916,71888,89860
17973,35946,53919,71892,89865
17974,35948,53922,71896,89870
17975,35950,53925,71900,89875
17976,35952,53928,71904,89880
17977,35954,53931,71908,89885
17978,35956,53934,71912,89890
17979,35958,53937,71916,89895
17980,35960,53940,71920,89900
17981,35962,53943,71924,89905
17982,35964,53946,71928,89910
17983,35966,53949,71932,89915
17984,35968,53952,71936,89920
17985,35970,53955,71940,89925
17986,35972,53958,71944,89930
17987,35974,53961,71948,89935
17988,35976,53964,71952,89940
17989,35978,53967,71956,89945
17990,35980,53970,71960,89950
17991,35982,53973,71964,89955
17992,35984,53976,71968,89960
17993,35986,53979,71972,89965
17994,35988,53982,71976,89970
17995,35990,53985,71980,89975
17996,35992,53988,71984,89980
17997,35994,53991,71988,89985
17998,35996,53994,71992,89990
17999,35998,53997,71996,89995
18000,36000,54000,72000,90000
18001,36002,54003,72004,90005
18002,36004,54006,72008,90010
18003,36006,54009,72012,90015
18004,36008,54012,72016,90020
18005,36010,54015,72020,90025
18006,36012,54018,72024,90030
18007,36014,54021,72028,90035
18008,36016,54024,72032,90040
18009,36018,54027,72036,90045
18010,36020,54030,72040,90050
18011,36022,54033,72044,90055
18012,36024,54036,72048,90060
18013,36026,54039,72052,90065
18014,36028,54042,72056,90070
18015,36030,54045,72060,90075
18016,36032,54048,72064,90080
18017,36034,54051,72068,90085
18018,36036,54054,72072,90090
18019,36038,54057,72076,90095
18020,36040,54060,72080,90100
18021,36042,54063,72084,90105
18022,36044,54066,72088,90110
18023,36046,54069,72092,90115
18024,36048,54072,72096,90120
18025,36050,54075,72100,90125
18026,36052,54078,72104,90130
18027,36054,54081,72108,90135
18028,36056,54084,72112,90140
18029,36058,54087,72116,90145
18030,36060,54090,72120,90150
18031,36062,54093,72124,90155
18032,36064,54096,72128,90160
18033,36066,54099,72132,90165
18034,36068,54102,72136,90170
18035,36070,54105,72140,90175
18036,36072,54108,72144,90180
18037,36074,54111,72148,90185
18038,36076,54114,72152,90190
18039,36078,54117,72156,90195
18040,36080,54120,72160,90200
18041,36082,54123,72164,90205
18042,36084,54126,72168,90210
18043,36086,54129,72172,90215
18044,36088,54132,72176,90220
18045,36090,54135,72180,90225
18046,36092,54138,72184,90230
18047,36094,54141,72188,90235
18048,36096,54144,72192,90240
18049,36098,54147,72196,90245
18050,36100,54150,72200,90250
18051,36102,54153,72204,90255
18052,36104,54156,72208,90260
18053,36106,54159,72212,90265
18054,36108,54162,72216,90270
18055,36110,54165,72220,90275
18056,36112,54168,72224,90280
18057,36114,54171,72228,90285
18058,36116,54174,72232,90290
18059,36118,54177,72236,90295
18060,36120,54180,72240,90300
18061,36122,54183,72244,90305
18062,36124,54186,72248,90310
18063,36126,54189,72252,90315
18064,36128,54192,72256,90320
18065,36130,54195,72260,90325
18066,36132,54198,72264,90330
18067,36134,54201,72268,90335
18068,36136,54204,72272,90340
18069,36138,54207,72276,90345
18070,36140,54210,72280,90350
18071,36142,54213,72284,90355
18072,36144,54216,72288,90360
18073,36146,54219,72292,90365
18074,36148,54222,72296,90370
18075,36150,54225,72300,90375
18076,36152,54228,72304,90380
18077,36154,54231,72308,90385
18078,36156,54234,72312,90390
18079,36158,54237,72316,90395
18080,36160,54240,72320,90400
18081,36162,54243,72324,90405
18082,36164,54246,72328,90410
18083,36166,54249,72332,90415
18084,36168,54252,72336,90420
18085,36170,54255,72340,90425
18086,36172,54258,72344,90430
18087,36174,54261,72348,90435
18088,36176,54264,72352,90440
18089,36178,54267,72356,90445
18090,36180,54270,72360,90450
18091,36182,54273,72364,90455
18092,36184,54276,72368,90460
18093,36186,54279,72372,90465
18094,36188,54282,72376,90470
18095,36190,54285,72380,90475
18096,36192,54288,72384,90480
18097,36194,54291,72388,90485
18098,36196,54294,72392,90490
18099,36198,54297,72396,90495
18100,36200,54300,72400,90500
18101,36202,54303,72404,90505
18102,36204,54306,72408,90510
18103,36206,54309,72412,90515
18104,36208,54312,72416,90520
18105,36210,54315,72420,90525
18106,36212,54318,72424,90530
18107,36214,54321,72428,90535
18108,36216,54324,72432,90540
18109,36218,54327,72436,90545
18110,36220,54330,72440,90550
18111,36222,54333,72444,90555
18112,36224,54336,72448,90560
18113,36226,54339,72452,90565
18114,36228,54342,72456,90570
18115,36230,54345,72460,90575
18116,36232,54348,72464,90580
18117,36234,54351,72468,90585
18118,36236,54354,72472,90590
18119,36238,54357,72476,90595
18120,36240,54360,72480,90600
18121,36242,54363,72484,90605
18122,36244,54366,72488,90610
18123,36246,54369,72492,90615
18124,36248,54372,72496,90620
18125,36250,54375,72500,90625
18126,36252,54378,72504,90630
18127,36254,54381,72508,90635
18128,36256,54384,72512,90640
18129,36258,54387,72516,90645
18130,36260,54390,72520,90650
18131,36262,54393,72524,90655
18132,36264,54396,72528,90660
18133,36266,54399,72532,90665
18134,36268,54402,72536,90670
18135,36270,54405,72540,90675
18136,36272,54408,72544,90680
18137,36274,54411,72548,90685
18138,36276,54414,72552,90690
18139,36278,54417,72556,90695
18140,36280,54420,72560,90700
18141,36282,54423,72564,90705
18142,36284,54426,72568,90710
18143,36286,54429,72572,90715
18144,36288,54432,72576,90720
18145,36290,54435,72580,90725
18146,36292,54438,72584,90730
18147,36294,54441,72588,90735
18148,36296,54444,72592,90740
18149,36298,54447,72596,90745
18150,36300,54450,72600,90750
18151,36302,54453,72604,90755
18152,36304,54456,72608,90760
18153,36306,54459,72612,90765
18154,36308,54462,72616,90770
18155,36310,54465,72620,90775
18156,36312,54468,72624,90780
18157,36314,54471,72628,90785
18158,36316,54474,72632,90790
18159,36318,54477,72636,90795
18160,36320,54480,72640,90800
18161,36322,54483,72644,90805
18162,36324,54486,72648,90810
18163,36326,54489,72652,90815
18164,36328,54492,72656,90820
18165,36330,54495,72660,90825
18166,36332,54498,72664,90830
18167,36334,54501,72668,90835
18168,36336,54504,72672,90840
18169,36338,54507,72676,90845
18170,36340,54510,72680,90850
18171,36342,54513,72684,90855
18172,36344,54516,72688,90860
18173,36346,54519,72692,90865
18174,36348,54522,72696,90870
18175,36350,54525,72700,90875
18176,36352,54528,72704,90880
18177,36354,54531,72708,90885
18178,36356,54534,72712,90890
18179,36358,54537,72716,90895
18180,36360,54540,72720,90900
18181,36362,54543,72724,90905
18182,36364,54546,72728,90910
18183,36366,54549,72732,90915
18184,36368,54552,72736,90920
18185,36370,54555,72740,90925
18186,36372,54558,72744,90930
18187,36374,54561,72748,90935
18188,36376,54564,72752,90940
18189,36378,54567,72756,90945
18190,36380,54570,72760,90950
18191,36382,54573,72764,90955
18192,36384,54576,72768,90960
18193,36386,54579,72772,90965
18194,36388,54582,72776,90970
18195,36390,54585,72780,90975
18196,36392,54588,72784,90980
18197,36394,54591,72788,90985
18198,36396,54594,72792,90990
18199,36398,54597,72796,90995
18200,36400,54600,72800,91000
18201,36402,54603,72804,91005
18202,36404,54606,72808,91010
18203,36406,54609,72812,91015
18204,36408,54612,72816,91020
18205,36410,54615,72820,91025
18206,36412,54618,72824,91030
18207,36414,54621,72828,91035
18208,36416,54624,72832,91040
18209,36418,54627,72836,91045
18210,36420,54630,72840,91050
18211,36422,54633,72844,91055
18212,36424,54636,72848,91060
18213,36426,54639,72852,91065
18214,36428,54642,72856,91070
18215,36430,54645,72860,91075
18216,36432,54648,72864,91080
18217,36434,54651,72868,91085
18218,36436,54654,72872,91090
18219,36438,54657,72876,91095
18220,36440,54660,72880,91100
18221,36442,54663,72884,91105
18222,36444,54666,72888,91110
18223,36446,54669,72892,91115
18224,36448,54672,72896,91120
18225,36450,54675,72900,91125
18226,36452,54678,72904,91130
18227,36454,54681,72908,91135
18228,36456,54684,72912,91140
18229,36458,54687,72916,91145
18230,36460,54690,72920,91150
18231,36462,54693,72924,91155
18232,36464,54696,72928,91160
18233,36466,54699,72932,91165
18234,36468,54702,72936,91170
18235,36470,54705,72940,91175
18236,36472,54708,72944,91180
18237,36474,54711,72948,91185
18238,36476,54714,72952,91190
18239,36478,54717,72956,91195
18240,36480,54720,72960,91200
18241,36482,54723,72964,91205
18242,36484,54726,72968,91210
18243,36486,54729,72972,91215
18244,36488,54732,72976,91220
18245,36490,54735,72980,91225
18246,36492,54738,72984,91230
18247,36494,54741,72988,91235
18248,36496,54744,72992,91240
18249,36498,54747,72996,91245
18250,36500,54750,73000,91250
18251,36502,54753,73004,91255
18252,36504,54756,73008,91260
18253,36506,54759,73012,91265
18254,36508,54762,73016,91270
18255,36510,54765,73020,91275
18256,36512,54768,73024,91280
18257,36514,54771,73028,91285
18258,36516,54774,73032,91290
18259,36518,54777,73036,91295
18260,36520,54780,73040,91300
18261,36522,54783,73044,91305
18262,36524,54786,73048,91310
18263,36526,54789,73052,91315
18264,36528,54792,73056,91320
18265,36530,54795,73060,91325
18266,36532,54798,73064,91330
18267,36534,54801,73068,91335
18268,36536,54804,73072,91340
18269,36538,54807,73076,91345
18270,36540,54810,73080,91350
18271,36542,54813,73084,91355
18272,36544,54816,73088,91360
18273,36546,54819,73092,91365
18274,36548,54822,73096,91370
18275,36550,54825,73100,91375
18276,36552,54828,73104,91380
18277,36554,54831,73108,91385
18278,36556,54834,73112,91390
18279,36558,54837,73116,91395
18280,36560,54840,73120,91400
18281,36562,54843,73124,91405
18282,36564,54846,73128,91410
18283,36566,54849,73132,91415
18284,36568,54852,73136,91420
18285,36570,54855,73140,91425
18286,36572,54858,73144,91430
18287,36574,54861,73148,91435
18288,36576,54864,73152,91440
18289,36578,54867,73156,91445
18290,36580,54870,73160,91450
18291,36582,54873,73164,91455
18292,36584,54876,73168,91460
18293,36586,54879,73172,91465
18294,36588,54882,73176,91470
18295,36590,54885,73180,91475
18296,36592,54888,73184,91480
18297,36594,54891,73188,91485
18298,36596,54894,73192,91490
18299,36598,54897,73196,91495
18300,36600,54900,73200,91500
18301,36602,54903,73204,91505
18302,36604,54906,73208,91510
18303,36606,54909,73212,91515
18304,36608,54912,73216,91520
18305,36610,54915,73220,91525
18306,36612,54918,73224,91530
18307,36614,54921,73228,91535
18308,36616,54924,73232,91540
18309,36618,54927,73236,91545
18310,36620,54930,73240,91550
18311,36622,54933,73244,91555
18312,36624,54936,73248,91560
18313,36626,54939,73252,91565
18314,36628,54942,73256,91570
18315,36630,54945,73260,91575
18316,36632,54948,73264,91580
18317,36634,54951,73268,91585
18318,36636,54954,73272,91590
18319,36638,54957,73276,91595
18320,36640,54960,73280,91600
18321,36642,54963,73284,91605
18322,36644,54966,73288,91610
18323,36646,54969,73292,91615
18324,36648,54972,73296,91620
18325,36650,54975,73300,91625
18326,36652,54978,73304,91630
18327,36654,54981,73308,91635
18328,36656,54984,73312,91640
18329,36658,54987,73316,91645
18330,36660,54990,73320,91650
18331,36662,54993,73324,91655
18332,36664,54996,73328,91660
18333,36666,54999,73332,91665
18334,36668,55002,73336,91670
18335,36670,55005,73340,91675
18336,36672,55008,73344,91680
18337,36674,55011,73348,91685
18338,36676,55014,73352,91690
18339,36678,55017,73356,91695
18340,36680,55020,73360,91700
18341,36682,55023,73364,91705
18342,36684,55026,73368,91710
18343,36686,55029,73372,91715
18344,36688,55032,73376,91720
18345,36690,55035,73380,91725
18346,36692,55038,73384,91730
18347,36694,55041,73388,91735
18348,36696,55044,73392,91740
18349,36698,55047,73396,91745
18350,36700,55050,73400,91750
18351,36702,55053,73404,91755
18352,36704,55056,73408,91760
18353,36706,55059,73412,91765
18354,36708,55062,73416,91770
18355,36710,55065,73420,91775
18356,36712,55068,73424,91780
18357,36714,55071,73428,91785
18358,36716,55074,73432,91790
18359,36718,55077,73436,91795
18360,36720,55080,73440,91800
18361,36722,55083,73444,91805
18362,36724,55086,73448,91810
18363,36726,55089,73452,91815
18364,36728,55092,73456,91820
18365,36730,55095,73460,91825
18366,36732,55098,73464,91830
18367,36734,55101,73468,91835
18368,36736,55104,73472,91840
18369,36738,55107,73476,91845
18370,36740,55110,73480,91850
18371,36742,55113,73484,91855
18372,36744,55116,73488,91860
18373,36746,55119,73492,91865
18374,36748,55122,73496,91870
18375,36750,55125,73500,91875
18376,36752,55128,73504,91880
18377,36754,55131,73508,91885
18378,36756,55134,73512,91890
18379,36758,55137,73516,91895
18380,36760,55140,73520,91900
18381,36762,55143,73524,91905
18382,36764,55146,73528,91910
18383,36766,55149,73532,91915
18384,36768,55152,73536,91920
18385,36770,55155,73540,91925
18386,36772,55158,73544,91930
18387,36774,55161,73548,91935
18388,36776,55164,73552,91940
18389,36778,55167,73556,91945
18390,36780,55170,73560,91950
18391,36782,55173,73564,91955
18392,36784,55176,73568,91960
18393,36786,55179,73572,91965
18394,36788,55182,73576,91970
18395,36790,55185,73580,91975
18396,36792,55188,73584,91980
18397,36794,55191,73588,91985
18398,36796,55194,73592,91990
18399,36798,55197,73596,91995
18400,36800,55200,73600,92000
18401,36802,55203,73604,92005
18402,36804,55206,73608,92010
18403,36806,55209,73612,92015
18404,36808,55212,73616,92020
18405,36810,55215,73620,92025
18406,36812,55218,73624,92030
18407,36814,55221,73628,92035
18408,36816,55224,73632,92040
18409,36818,55227,73636,92045
18410,36820,55230,73640,92050
18411,36822,55233,73644,92055
18412,36824,55236,73648,92060
18413,36826,55239,73652,92065
18414,36828,55242,73656,92070
18415,36830,55245,73660,92075
18416,36832,55248,73664,92080
18417,36834,55251,73668,92085
18418,36836,55254,73672,92090
18419,36838,55257,73676,92095
18420,36840,55260,73680,92100
18421,36842,55263,73684,92105
18422,36844,55266,73688,92110
18423,36846,55269,73692,92115
18424,36848,55272,73696,92120
18425,36850,55275,73700,92125
18426,36852,55278,73704,92130
18427,36854,55281,73708,92135
18428,36856,55284,73712,92140
18429,36858,55287,73716,92145
18430,36860,55290,73720,92150
18431,36862,55293,73724,92155
18432,36864,55296,73728,92160
18433,36866,55299,73732,92165
18434,36868,55302,73736,92170
18435,36870,55305,73740,92175
18436,36872,55308,73744,92180
18437,36874,55311,73748,92185
18438,36876,55314,73752,92190
18439,36878,55317,73756,92195
18440,36880,55320,73760,92200
18441,36882,55323,73764,92205
18442,36884,55326,73768,92210
18443,36886,55329,73772,92215
18444,36888,55332,73776,92220
18445,36890,55335,73780,92225
18446,36892,55338,73784,92230
18447,36894,55341,73788,92235
18448,36896,55344,73792,92240
18449,36898,55347,73796,92245
18450,36900,55350,73800,92250
18451,36902,55353,73804,92255
18452,36904,55356,73808,92260
18453,36906,55359,73812,92265
18454,36908,55362,73816,92270
18455,36910,55365,73820,92275
18456,36912,55368,73824,92280
18457,36914,55371,73828,92285
18458,36916,55374,73832,92290
18459,36918,55377,73836,92295
18460,36920,55380,73840,92300
18461,36922,55383,73844,92305
18462,36924,55386,73848,92310
18463,36926,55389,73852,92315
18464,36928,55392,73856,92320
18465,36930,55395,73860,92325
18466,36932,55398,73864,92330
18467,36934,55401,73868,92335
18468,36936,55404,73872,92340
18469,36938,55407,73876,92345
18470,36940,55410,73880,92350
18471,36942,55413,73884,92355
18472,36944,55416,73888,92360
18473,36946,55419,73892,92365
18474,36948,55422,73896,92370
18475,36950,55425,73900,92375
18476,36952,55428,73904,92380
18477,36954,55431,73908,92385
18478,36956,55434,73912,92390
18479,36958,55437,73916,92395
18480,36960,55440,73920,92400
18481,36962,55443,73924,92405
18482,36964,55446,73928,92410
18483,36966,55449,73932,92415
18484,36968,55452,73936,92420
18485,36970,55455,73940,92425
18486,36972,55458,73944,92430
18487,36974,55461,73948,92435
18488,36976,55464,73952,92440
18489,36978,55467,73956,92445
18490,36980,55470,73960,92450
18491,36982,55473,73964,92455
18492,36984,55476,73968,92460
18493,36986,55479,73972,92465
18494,36988,55482,73976,92470
18495,36990,55485,73980,92475
18496,36992,55488,73984,92480
18497,36994,55491,73988,92485
18498,36996,55494,73992,92490
18499,36998,55497,73996,92495
18500,37000,55500,74000,92500
18501,37002,55503,74004,92505
18502,37004,55506,74008,92510
18503,37006,55509,74012,92515
18504,37008,55512,74016,92520
18505,37010,55515,74020,92525
18506,37012,55518,74024,92530
18507,37014,55521,74028,92535
18508,37016,55524,74032,92540
18509,37018,55527,74036,92545
18510,37020,55530,74040,92550
18511,37022,55533,74044,92555
18512,37024,55536,74048,92560
18513,37026,55539,74052,92565
18514,37028,55542,74056,92570
18515,37030,55545,74060,92575
18516,37032,55548,74064,92580
18517,37034,55551,74068,92585
18518,37036,55554,74072,92590
18519,37038,55557,74076,92595
18520,37040,55560,74080,92600
18521,37042,55563,74084,92605
18522,37044,55566,74088,92610
18523,37046,55569,74092,92615
18524,37048,55572,74096,92620
18525,37050,55575,74100,92625
18526,37052,55578,74104,92630
18527,37054,55581,74108,92635
18528,37056,55584,74112,92640
18529,37058,55587,74116,92645
18530,37060,55590,74120,92650
18531,37062,55593,74124,92655
18532,37064,55596,74128,92660
18533,37066,55599,74132,92665
18534,37068,55602,74136,92670
18535,37070,55605,74140,92675
18536,37072,55608,74144,92680
18537,37074,55611,74148,92685
18538,37076,55614,74152,92690
18539,37078,55617,74156,92695
18540,37080,55620,74160,92700
18541,37082,55623,74164,92705
18542,37084,55626,74168,92710
18543,37086,55629,74172,92715
18544,37088,55632,74176,92720
18545,37090,55635,74180,92725
18546,37092,55638,74184,92730
18547,37094,55641,74188,92735
18548,37096,55644,74192,92740
18549,37098,55647,74196,92745
18550,37100,55650,74200,92750
18551,37102,55653,74204,92755
18552,37104,55656,74208,92760
18553,37106,55659,74212,92765
18554,37108,55662,74216,92770
18555,37110,55665,74220,92775
18556,37112,55668,74224,92780
18557,37114,55671,74228,92785
18558,37116,55674,74232,92790
18559,37118,55677,74236,92795
18560,37120,55680,74240,92800
18561,37122,55683,74244,92805
18562,37124,55686,74248,92810
18563,37126,55689,74252,92815
18564,37128,55692,74256,92820
18565,37130,55695,74260,92825
18566,37132,55698,74264,92830
18567,37134,55701,74268,92835
18568,37136,55704,74272,92840
18569,37138,55707,74276,92845
18570,37140,55710,74280,92850
18571,37142,55713,74284,92855
18572,37144,55716,74288,92860
18573,37146,55719,74292,92865
18574,37148,55722,74296,92870
18575,37150,55725,74300,92875
18576,37152,55728,74304,92880
18577,37154,55731,74308,92885
18578,37156,55734,74312,92890
18579,37158,55737,74316,92895
18580,37160,55740,74320,92900
18581,37162,55743,74324,92905
18582,37164,55746,74328,92910
18583,37166,55749,74332,92915
18584,37168,55752,74336,92920
18585,37170,55755,74340,92925
18586,37172,55758,74344,92930
18587,37174,55761,74348,92935
18588,37176,55764,74352,92940
18589,37178,55767,74356,92945
18590,37180,55770,74360,92950
18591,37182,55773,74364,92955
18592,37184,55776,74368,92960
18593,37186,55779,74372,92965
18594,37188,55782,74376,92970
18595,37190,55785,74380,92975
18596,37192,55788,74384,92980
18597,37194,55791,74388,92985
18598,37196,55794,74392,92990
18599,37198,55797,74396,92995
18600,37200,55800,74400,93000
18601,37202,55803,74404,93005
18602,37204,55806,74408,93010
18603,37206,55809,74412,93015
18604,37208,55812,74416,93020
18605,37210,55815,74420,93025
18606,37212,55818,74424,93030
18607,37214,55821,74428,93035
18608,37216,55824,74432,93040
18609,37218,55827,74436,93045
18610,37220,55830,74440,93050
18611,37222,55833,74444,93055
18612,37224,55836,74448,93060
18613,37226,55839,74452,93065
18614,37228,55842,74456,93070
18615,37230,55845,74460,93075
18616,37232,55848,74464,93080
18617,37234,55851,74468,93085
18618,37236,55854,74472,93090
18619,37238,55857,74476,93095
18620,37240,55860,74480,93100
18621,37242,55863,74484,93105
18622,37244,55866,74488,93110
18623,37246,55869,74492,93115
18624,37248,55872,74496,93120
18625,37250,55875,74500,93125
18626,37252,55878,74504,93130
18627,37254,55881,74508,93135
18628,37256,55884,74512,93140
18629,37258,55887,74516,93145
18630,37260,55890,74520,93150
18631,37262,55893,74524,93155
18632,37264,55896,74528,93160
18633,37266,55899,74532,93165
18634,37268,55902,74536,93170
18635,37270,55905,74540,93175
18636,37272,55908,74544,93180
18637,37274,55911,74548,93185
18638,37276,55914,74552,93190
18639,37278,55917,74556,93195
18640,37280,55920,74560,93200
18641,37282,55923,74564,93205
18642,37284,55926,74568,93210
18643,37286,55929,74572,93215
18644,37288,55932,74576,93220
18645,37290,55935,74580,93225
18646,37292,55938,74584,93230
18647,37294,55941,74588,93235
18648,37296,55944,74592,93240
18649,37298,55947,74596,93245
18650,37300,55950,74600,93250
18651,37302,55953,74604,93255
18652,37304,55956,74608,93260
18653,37306,55959,74612,93265
18654,37308,55962,74616,93270
18655,37310,55965,74620,93275
18656,37312,55968,74624,93280
18657,37314,55971,74628,93285
18658,37316,55974,74632,93290
18659,37318,55977,74636,93295
18660,37320,55980,74640,93300
18661,37322,55983,74644,93305
18662,37324,55986,74648,93310
18663,37326,55989,74652,93315
18664,37328,55992,74656,93320
18665,37330,55995,74660,93325
18666,37332,55998,74664,93330
18667,37334,56001,74668,93335
18668,37336,56004,74672,93340
18669,37338,56007,74676,93345
18670,37340,56010,74680,93350
18671,37342,56013,74684,93355
18672,37344,56016,74688,93360
18673,37346,56019,74692,93365
18674,37348,56022,74696,93370
18675,37350,56025,74700,93375
18676,37352,56028,74704,93380
18677,37354,56031,74708,93385
18678,37356,56034,74712,93390
18679,37358,56037,74716,93395
18680,37360,56040,74720,93400
18681,37362,56043,74724,93405
18682,37364,56046,74728,93410
18683,37366,56049,74732,93415
18684,37368,56052,74736,93420
18685,37370,56055,74740,93425
18686,37372,56058,74744,93430
18687,37374,56061,74748,93435
18688,37376,56064,74752,93440
18689,37378,56067,74756,93445
18690,37380,56070,74760,93450
18691,37382,56073,74764,93455
18692,37384,56076,74768,93460
18693,37386,56079,74772,93465
18694,37388,56082,74776,93470
18695,37390,56085,74780,93475
18696,37392,56088,74784,93480
18697,37394,56091,74788,93485
18698,37396,56094,74792,93490
18699,37398,56097,74796,93495
18700,37400,56100,74800,93500
18701,37402,56103,74804,93505
18702,37404,56106,74808,93510
18703,37406,56109,74812,93515
18704,37408,56112,74816,93520
18705,37410,56115,74820,93525
18706,37412,56118,74824,93530
18707,37414,56121,74828,93535
18708,37416,56124,74832,93540
18709,37418,56127,74836,93545
18710,37420,56130,74840,93550
18711,37422,56133,74844,93555
18712,37424,56136,74848,93560
18713,37426,56139,74852,93565
18714,37428,56142,74856,93570
18715,37430,56145,74860,93575
18716,37432,56148,74864,93580
18717,37434,56151,74868,93585
18718,37436,56154,74872,93590
18719,37438,56157,74876,93595
18720,37440,56160,74880,93600
18721,37442,56163,74884,93605
18722,37444,56166,74888,93610
18723,37446,56169,74892,93615
18724,37448,56172,74896,93620
18725,37450,56175,74900,93625
18726,37452,56178,74904,93630
18727,37454,56181,74908,93635
18728,37456,56184,74912,93640
18729,37458,56187,74916,93645
18730,37460,56190,74920,93650
18731,37462,56193,74924,93655
18732,37464,56196,74928,93660
18733,37466,56199,74932,93665
18734,37468,56202,74936,93670
18735,37470,56205,74940,93675
18736,37472,56208,74944,93680
18737,37474,56211,74948,93685
18738,37476,56214,74952,93690
18739,37478,56217,74956,93695
18740,37480,56220,74960,93700
18741,37482,56223,74964,93705
18742,37484,56226,74968,93710
18743,37486,56229,74972,93715
18744,37488,56232,74976,93720
18745,37490,56235,74980,93725
18746,37492,56238,74984,93730
18747,37494,56241,74988,93735
18748,37496,56244,74992,93740
18749,37498,56247,74996,93745
18750,37500,56250,75000,93750
18751,37502,56253,75004,93755
18752,37504,56256,75008,93760
18753,37506,56259,75012,93765
18754,37508,56262,75016,93770
18755,37510,56265,75020,93775
18756,37512,56268,75024,93780
18757,37514,56271,75028,93785
18758,37516,56274,75032,93790
18759,37518,56277,75036,93795
18760,37520,56280,75040,93800
18761,37522,56283,75044,93805
18762,37524,56286,75048,93810
18763,37526,56289,75052,93815
18764,37528,56292,75056,93820
18765,37530,56295,75060,93825
18766,37532,56298,75064,93830
18767,37534,56301,75068,93835
18768,37536,56304,75072,93840
18769,37538,56307,75076,93845
18770,37540,56310,75080,93850
18771,37542,56313,75084,93855
18772,37544,56316,75088,93860
18773,37546,56319,75092,93865
18774,37548,56322,75096,93870
18775,37550,56325,75100,93875
18776,37552,56328,75104,93880
18777,37554,56331,75108,93885
18778,37556,56334,75112,93890
18779,37558,56337,75116,93895
18780,37560,56340,75120,93900
18781,37562,56343,75124,93905
18782,37564,56346,75128,93910
18783,37566,56349,75132,93915
18784,37568,56352,75136,93920
18785,37570,56355,75140,93925
18786,37572,56358,75144,93930
18787,37574,56361,75148,93935
18788,37576,56364,75152,93940
18789,37578,56367,75156,93945
18790,37580,56370,75160,93950
18791,37582,56373,75164,93955
18792,37584,56376,75168,93960
18793,37586,56379,75172,93965
18794,37588,56382,75176,93970
18795,37590,56385,75180,93975
18796,37592,56388,75184,93980
18797,37594,56391,75188,93985
18798,37596,56394,75192,93990
18799,37598,56397,75196,93995
18800,37600,56400,75200,94000
18801,37602,56403,75204,94005
18802,37604,56406,75208,94010
18803,37606,56409,75212,94015
18804,37608,56412,75216,94020
18805,37610,56415,75220,94025
18806,37612,56418,75224,94030
18807,37614,56421,75228,94035
18808,37616,56424,75232,94040
18809,37618,56427,75236,94045
18810,37620,56430,75240,94050
18811,37622,56433,75244,94055
18812,37624,56436,75248,94060
18813,37626,56439,75252,94065
18814,37628,56442,75256,94070
18815,37630,56445,75260,94075
18816,37632,56448,75264,94080
18817,37634,56451,75268,94085
18818,37636,56454,75272,94090
18819,37638,56457,75276,94095
18820,37640,56460,75280,94100
18821,37642,56463,75284,94105
18822,37644,56466,75288,94110
18823,37646,56469,75292,94115
18824,37648,56472,75296,94120
18825,37650,56475,75300,94125
18826,37652,56478,75304,94130
18827,37654,56481,75308,94135
18828,37656,56484,75312,94140
18829,37658,56487,75316,94145
18830,37660,56490,75320,94150
18831,37662,56493,75324,94155
18832,37664,56496,75328,94160
18833,37666,56499,75332,94165
18834,37668,56502,75336,94170
18835,37670,56505,75340,94175
18836,37672,56508,75344,94180
18837,37674,56511,75348,94185
18838,37676,56514,75352,94190
18839,37678,56517,75356,94195
18840,37680,56520,75360,94200
18841,37682,56523,75364,94205
18842,37684,56526,75368,94210
18843,37686,56529,75372,94215
18844,37688,56532,75376,94220
18845,37690,56535,75380,94225
18846,37692,56538,75384,94230
18847,37694,56541,75388,94235
18848,37696,56544,75392,94240
18849,37698,56547,75396,94245
18850,37700,56550,75400,94250
18851,37702,56553,75404,94255
18852,37704,56556,75408,94260
18853,37706,56559,75412,94265
18854,37708,56562,75416,94270
18855,37710,56565,75420,94275
18856,37712,56568,75424,94280
18857,37714,56571,75428,94285
18858,37716,56574,75432,94290
18859,37718,56577,75436,94295
18860,37720,56580,75440,94300
18861,37722,56583,75444,94305
18862,37724,56586,75448,94310
18863,37726,56589,75452,94315
18864,37728,56592,75456,94320
18865,37730,56595,75460,94325
18866,37732,56598,75464,94330
18867,37734,56601,75468,94335
18868,37736,56604,75472,94340
18869,37738,56607,75476,94345
18870,37740,56610,75480,94350
18871,37742,56613,75484,94355
18872,37744,56616,75488,94360
18873,37746,56619,75492,94365
18874,37748,56622,75496,94370
18875,37750,56625,75500,94375
18876,37752,56628,75504,94380
18877,37754,56631,75508,94385
18878,37756,56634,75512,94390
18879,37758,56637,75516,94395
18880,37760,56640,75520,94400
18881,37762,56643,75524,94405
18882,37764,56646,75528,94410
18883,37766,56649,75532,94415
18884,37768,56652,75536,94420
18885,37770,56655,75540,94425
18886,37772,56658,75544,94430
18887,37774,56661,75548,94435
18888,37776,56664,75552,94440
18889,37778,56667,75556,94445
18890,37780,56670,75560,94450
18891,37782,56673,75564,94455
18892,37784,56676,75568,94460
18893,37786,56679,75572,94465
18894,37788,56682,75576,94470
18895,37790,56685,75580,94475
18896,37792,56688,75584,94480
18897,37794,56691,75588,94485
18898,37796,56694,75592,94490
18899,37798,56697,75596,94495
18900,37800,56700,75600,94500
18901,37802,56703,75604,94505
18902,37804,56706,75608,94510
18903,37806,56709,75612,94515
18904,37808,56712,75616,94520
18905,37810,56715,75620,94525
18906,37812,56718,75624,94530
18907,37814,56721,75628,94535
18908,37816,56724,75632,94540
18909,37818,56727,75636,94545
18910,37820,56730,75640,94550
18911,37822,56733,75644,94555
18912,37824,56736,75648,94560
18913,37826,56739,75652,94565
18914,37828,56742,75656,94570
18915,37830,56745,75660,94575
18916,37832,56748,75664,94580
18917,37834,56751,75668,94585
18918,37836,56754,75672,94590
18919,37838,56757,75676,94595
18920,37840,56760,75680,94600
18921,37842,56763,75684,94605
18922,37844,56766,75688,94610
18923,37846,56769,75692,94615
18924,37848,56772,75696,94620
18925,37850,56775,75700,94625
18926,37852,56778,75704,94630
18927,37854,56781,75708,94635
18928,37856,56784,75712,94640
18929,37858,56787,75716,94645
18930,37860,56790,75720,94650
18931,37862,56793,75724,94655
18932,37864,56796,75728,94660
18933,37866,56799,75732,94665
18934,37868,56802,75736,94670
18935,37870,56805,75740,94675
18936,37872,56808,75744,94680
18937,37874,56811,75748,94685
18938,37876,56814,75752,94690
18939,37878,56817,75756,94695
18940,37880,56820,75760,94700
18941,37882,56823,75764,94705
18942,37884,56826,75768,94710
18943,37886,56829,75772,94715
18944,37888,56832,75776,94720
18945,37890,56835,75780,94725
18946,37892,56838,75784,94730
18947,37894,56841,75788,94735
18948,37896,56844,75792,94740
18949,37898,56847,75796,94745
18950,37900,56850,75800,94750
18951,37902,56853,75804,94755
18952,37904,56856,75808,94760
18953,37906,56859,75812,94765
18954,37908,56862,75816,94770
18955,37910,56865,75820,94775
18956,37912,56868,75824,94780
18957,37914,56871,75828,94785
18958,37916,56874,75832,94790
18959,37918,56877,75836,94795
18960,37920,56880,75840,94800
18961,37922,56883,75844,94805
18962,37924,56886,75848,94810
18963,37926,56889,75852,94815
18964,37928,56892,75856,94820
18965,37930,56895,75860,94825
18966,37932,56898,75864,94830
18967,37934,56901,75868,94835
18968,37936,56904,75872,94840
18969,37938,56907,75876,94845
18970,37940,56910,75880,94850
18971,37942,56913,75884,94855
18972,37944,56916,75888,94860
18973,37946,56919,75892,94865
18974,37948,56922,75896,94870
18975,37950,56925,75900,94875
18976,37952,56928,75904,94880
18977,37954,56931,75908,94885
18978,37956,56934,75912,94890
18979,37958,56937,75916,94895
18980,37960,56940,75920,94900
18981,37962,56943,75924,94905
18982,37964,56946,75928,94910
18983,37966,56949,75932,94915
18984,37968,56952,75936,94920
18985,37970,56955,75940,94925
18986,37972,56958,75944,94930
18987,37974,56961,75948,94935
18988,37976,56964,75952,94940
18989,37978,56967,75956,94945
18990,37980,56970,75960,94950
18991,37982,56973,75964,94955
18992,37984,56976,75968,94960
18993,37986,56979,75972,94965
18994,37988,56982,75976,94970
18995,37990,56985,75980,94975
18996,37992,56988,75984,94980
18997,37994,56991,75988,94985
18998,37996,56994,75992,94990
18999,37998,56997,75996,94995
19000,38000,57000,76000,95000
19001,38002,57003,76004,95005
19002,38004,57006,76008,95010
19003,38006,57009,76012,95015
19004,38008,57012,76016,95020
19005,38010,57015,76020,95025
19006,38012,57018,76024,95030
19007,38014,57021,76028,95035
19008,38016,57024,76032,95040
19009,38018,57027,76036,95045
19010,38020,57030,76040,95050
19011,38022,57033,76044,95055
19012,38024,57036,76048,95060
19013,38026,57039,76052,95065
19014,38028,57042,76056,95070
19015,38030,57045,76060,95075
19016,38032,57048,76064,95080
19017,38034,57051,76068,95085
19018,38036,57054,76072,95090
19019,38038,57057,76076,95095
19020,38040,57060,76080,95100
19021,38042,57063,76084,95105
19022,38044,57066,76088,95110
19023,38046,57069,76092,95115
19024,38048,57072,76096,95120
19025,38050,57075,76100,95125
19026,38052,57078,76104,95130
19027,38054,57081,76108,95135
19028,38056,57084,76112,95140
19029,38058,57087,76116,95145
19030,38060,57090,76120,95150
19031,38062,57093,76124,95155
19032,38064,57096,76128,95160
19033,38066,57099,76132,95165
19034,38068,57102,76136,95170
19035,38070,57105,76140,95175
19036,38072,57108,76144,95180
19037,38074,57111,76148,95185
19038,38076,57114,76152,95190
19039,38078,57117,76156,95195
19040,38080,57120,76160,95200
19041,38082,57123,76164,95205
19042,38084,57126,76168,95210
19043,38086,57129,76172,95215
19044,38088,57132,76176,95220
19045,38090,57135,76180,95225
19046,38092,57138,76184,95230
19047,38094,57141,76188,95235
19048,38096,57144,76192,95240
19049,38098,57147,76196,95245
19050,38100,57150,76200,95250
19051,38102,57153,76204,95255
19052,38104,57156,76208,95260
19053,38106,57159,76212,95265
19054,38108,57162,76216,95270
19055,38110,57165,76220,95275
19056,38112,57168,76224,95280
19057,38114,57171,76228,95285
19058,38116,57174,76232,95290
19059,38118,57177,76236,95295
19060,38120,57180,76240,95300
19061,38122,57183,76244,95305
19062,38124,57186,76248,95310
19063,38126,57189,76252,95315
19064,38128,57192,76256,95320
19065,38130,57195,76260,95325
19066,38132,57198,76264,95330
19067,38134,57201,76268,95335
19068,38136,57204,76272,95340
19069,38138,57207,76276,95345
19070,38140,57210,76280,95350
19071,38142,57213,76284,95355
19072,38144,57216,76288,95360
19073,38146,57219,76292,95365
19074,38148,57222,76296,95370
19075,38150,57225,76300,95375
19076,38152,57228,76304,95380
19077,38154,57231,76308,95385
19078,38156,57234,76312,95390
19079,38158,57237,76316,95395
19080,38160,57240,76320,95400
19081,38162,57243,76324,95405
19082,38164,57246,76328,95410
19083,38166,57249,76332,95415
19084,38168,57252,76336,95420
19085,38170,57255,76340,95425
19086,38172,57258,76344,95430
19087,38174,57261,76348,95435
19088,38176,57264,76352,95440
19089,38178,57267,76356,95445
19090,38180,57270,76360,95450
19091,38182,57273,76364,95455
19092,38184,57276,76368,95460
19093,38186,57279,76372,95465
19094,38188,57282,76376,95470
19095,38190,57285,76380,95475
19096,38192,57288,76384,95480
19097,38194,57291,76388,95485
19098,38196,57294,76392,95490
19099,38198,57297,76396,95495
19100,38200,57300,76400,95500
19101,38202,57303,76404,95505
19102,38204,57306,76408,95510
19103,38206,57309,76412,95515
19104,38208,57312,76416,95520
19105,38210,57315,76420,95525
19106,38212,57318,76424,95530
19107,38214,57321,76428,95535
19108,38216,57324,76432,95540
19109,38218,57327,76436,95545
19110,38220,57330,76440,95550
19111,38222,57333,76444,95555
19112,38224,57336,76448,95560
19113,38226,57339,76452,95565
19114,38228,57342,76456,95570
19115,38230,57345,76460,95575
19116,38232,57348,76464,95580
19117,38234,57351,76468,95585
19118,38236,57354,76472,95590
19119,38238,57357,76476,95595
19120,38240,57360,76480,95600
19121,38242,57363,76484,95605
19122,38244,57366,76488,95610
19123,38246,57369,76492,95615
19124,38248,57372,76496,95620
19125,38250,57375,76500,95625
19126,38252,57378,76504,95630
19127,38254,57381,76508,95635
19128,38256,57384,76512,95640
19129,38258,57387,76516,95645
19130,38260,57390,76520,95650
19131,38262,57393,76524,95655
19132,38264,57396,76528,95660
19133,38266,57399,76532,95665
19134,38268,57402,76536,95670
19135,38270,57405,76540,95675
19136,38272,57408,76544,95680
19137,38274,57411,76548,95685
19138,38276,57414,76552,95690
19139,38278,57417,76556,95695
19140,38280,57420,76560,95700
19141,38282,57423,76564,95705
19142,38284,57426,76568,95710
19143,38286,57429,76572,95715
19144,38288,57432,76576,95720
19145,38290,57435,76580,95725
19146,38292,57438,76584,95730
19147,38294,57441,76588,95735
19148,38296,57444,76592,95740
19149,38298,57447,76596,95745
19150,38300,57450,76600,95750
19151,38302,57453,76604,95755
19152,38304,57456,76608,95760
19153,38306,57459,76612,95765
19154,38308,57462,76616,95770
19155,38310,57465,76620,95775
19156,38312,57468,76624,95780
19157,38314,57471,76628,95785
19158,38316,57474,76632,95790
19159,38318,57477,76636,95795
19160,38320,57480,76640,95800
19161,38322,57483,76644,95805
19162,38324,57486,76648,95810
19163,38326,57489,76652,95815
19164,38328,57492,76656,95820
19165,38330,57495,76660,95825
19166,38332,57498,76664,95830
19167,38334,57501,76668,95835
19168,38336,57504,76672,95840
19169,38338,57507,76676,95845
19170,38340,57510,76680,95850
19171,38342,57513,76684,95855
19172,38344,57516,76688,95860
19173,38346,57519,76692,95865
19174,38348,57522,76696,95870
19175,38350,57525,76700,95875
19176,38352,57528,76704,95880
19177,38354,57531,76708,95885
19178,38356,57534,76712,95890
19179,38358,57537,76716,95895
19180,38360,57540,76720,95900
19181,38362,57543,76724,95905
19182,38364,57546,76728,95910
19183,38366,57549,76732,95915
19184,38368,57552,76736,95920
19185,38370,57555,76740,95925
19186,38372,57558,76744,95930
19187,38374,57561,76748,95935
19188,38376,57564,76752,95940
19189,38378,57567,76756,95945
19190,38380,57570,76760,95950
19191,38382,57573,76764,95955
19192,38384,57576,76768,95960
19193,38386,57579,76772,95965
19194,38388,57582,76776,95970
19195,38390,57585,76780,95975
19196,38392,57588,76784,95980
19197,38394,57591,76788,95985
19198,38396,57594,76792,95990
19199,38398,57597,76796,95995
19200,38400,57600,76800,96000
19201,38402,57603,76804,96005
19202,38404,57606,76808,96010
19203,38406,57609,76812,96015
19204,38408,57612,76816,96020
19205,38410,57615,76820,96025
19206,38412,57618,76824,96030
19207,38414,57621,76828,96035
19208,38416,57624,76832,96040
19209,38418,57627,76836,96045
19210,38420,57630,76840,96050
19211,38422,57633,76844,96055
19212,38424,57636,76848,96060
19213,38426,57639,76852,96065
19214,38428,57642,76856,96070
19215,38430,57645,76860,96075
19216,38432,57648,76864,96080
19217,38434,57651,76868,96085
19218,38436,57654,76872,96090
19219,38438,57657,76876,96095
19220,38440,57660,76880,96100
19221,38442,57663,76884,96105
19222,38444,57666,76888,96110
19223,38446,57669,76892,96115
19224,38448,57672,76896,96120
19225,38450,57675,76900,96125
19226,38452,57678,76904,96130
19227,38454,57681,76908,96135
19228,38456,57684,76912,96140
19229,38458,57687,76916,96145
19230,38460,57690,76920,96150
19231,38462,57693,76924,96155
19232,38464,57696,76928,96160
19233,38466,57699,76932,96165
19234,38468,57702,76936,96170
19235,38470,57705,76940,96175
19236,38472,57708,76944,96180
19237,38474,57711,76948,96185
19238,38476,57714,76952,96190
19239,38478,57717,76956,96195
19240,38480,57720,76960,96200
19241,38482,57723,76964,96205
19242,38484,57726,76968,96210
19243,38486,57729,76972,96215
19244,38488,57732,76976,96220
19245,38490,57735,76980,96225
19246,38492,57738,76984,96230
19247,38494,57741,76988,96235
19248,38496,57744,76992,96240
19249,38498,57747,76996,96245
19250,38500,57750,77000,96250
19251,38502,57753,77004,96255
19252,38504,57756,77008,96260
19253,38506,57759,77012,96265
19254,38508,57762,77016,96270
19255,38510,57765,77020,96275
19256,38512,57768,77024,96280
19257,38514,57771,77028,96285
19258,38516,57774,77032,96290
19259,38518,57777,77036,96295
19260,38520,57780,77040,96300
19261,38522,57783,77044,96305
19262,38524,57786,77048,96310
19263,38526,57789,77052,96315
19264,38528,57792,77056,96320
19265,38530,57795,77060,96325
19266,38532,57798,77064,96330
19267,38534,57801,77068,96335
19268,38536,57804,77072,96340
19269,38538,57807,77076,96345
19270,38540,57810,77080,96350
19271,38542,57813,77084,96355
19272,38544,57816,77088,96360
19273,38546,57819,77092,96365
19274,38548,57822,77096,96370
19275,38550,57825,77100,96375
19276,38552,57828,77104,96380
19277,38554,57831,77108,96385
19278,38556,57834,77112,96390
19279,38558,57837,77116,96395
19280,38560,57840,77120,96400
19281,38562,57843,77124,96405
19282,38564,57846,77128,96410
19283,38566,57849,77132,96415
19284,38568,57852,77136,96420
19285,38570,57855,77140,96425
19286,38572,57858,77144,96430
19287,38574,57861,77148,96435
19288,38576,57864,77152,96440
19289,38578,57867,77156,96445
19290,38580,57870,77160,96450
19291,38582,57873,77164,96455
19292,38584,57876,77168,96460
19293,38586,57879,77172,96465
19294,38588,57882,77176,96470
19295,38590,57885,77180,96475
19296,38592,57888,77184,96480
19297,38594,57891,77188,96485
19298,38596,57894,77192,96490
19299,38598,57897,77196,96495
19300,38600,57900,77200,96500
19301,38602,57903,77204,96505
19302,38604,57906,77208,96510
19303,38606,57909,77212,96515
19304,38608,57912,77216,96520
19305,38610,57915,77220,96525
19306,38612,57918,77224,96530
19307,38614,57921,77228,96535
19308,38616,57924,77232,96540
19309,38618,57927,77236,96545
19310,38620,57930,77240,96550
19311,38622,57933,77244,96555
19312,38624,57936,77248,96560
19313,38626,57939,77252,96565
19314,38628,57942,77256,96570
19315,38630,57945,77260,96575
19316,38632,57948,77264,96580
19317,38634,57951,77268,96585
19318,38636,57954,77272,96590
19319,38638,57957,77276,96595
19320,38640,57960,77280,96600
19321,38642,57963,77284,96605
19322,38644,57966,77288,96610
19323,38646,57969,77292,96615
19324,38648,57972,77296,96620
19325,38650,57975,77300,96625
19326,38652,57978,77304,96630
19327,38654,57981,77308,96635
19328,38656,57984,77312,96640
19329,38658,57987,77316,96645
19330,38660,57990,77320,96650
19331,38662,57993,77324,96655
19332,38664,57996,77328,96660
19333,38666,57999,77332,96665
19334,38668,58002,77336,96670
19335,38670,58005,77340,96675
19336,38672,58008,77344,96680
19337,38674,58011,77348,96685
19338,38676,58014,77352,96690
19339,38678,58017,77356,96695
19340,38680,58020,77360,96700
19341,38682,58023,77364,96705
19342,38684,58026,77368,96710
19343,38686,58029,77372,96715
19344,38688,58032,77376,96720
19345,38690,58035,77380,96725
19346,38692,58038,77384,96730
19347,38694,58041,77388,96735
19348,38696,58044,77392,96740
19349,38698,58047,77396,96745
19350,38700,58050,77400,96750
19351,38702,58053,77404,96755
19352,38704,58056,77408,96760
19353,38706,58059,77412,96765
19354,38708,58062,77416,96770
19355,38710,58065,77420,96775
19356,38712,58068,77424,96780
19357,38714,58071,77428,96785
19358,38716,58074,77432,96790
19359,38718,58077,77436,96795
19360,38720,58080,77440,96800
19361,38722,58083,77444,96805
19362,38724,58086,77448,96810
19363,38726,58089,77452,96815
19364,38728,58092,77456,96820
19365,38730,58095,77460,96825
19366,38732,58098,77464,96830
19367,38734,58101,77468,96835
19368,38736,58104,77472,96840
19369,38738,58107,77476,96845
19370,38740,58110,77480,96850
19371,38742,58113,77484,96855
19372,38744,58116,77488,96860
19373,38746,58119,77492,96865
19374,38748,58122,77496,96870
19375,38750,58125,77500,96875
19376,38752,58128,77504,96880
19377,38754,58131,77508,96885
19378,38756,58134,77512,96890
19379,38758,58137,77516,96895
19380,38760,58140,77520,96900
19381,38762,58143,77524,96905
19382,38764,58146,77528,96910
19383,38766,58149,77532,96915
19384,38768,58152,77536,96920
19385,38770,58155,77540,96925
19386,38772,58158,77544,96930
19387,38774,58161,77548,96935
19388,38776,58164,77552,96940
19389,38778,58167,77556,96945
19390,38780,58170,77560,96950
19391,38782,58173,77564,96955
19392,38784,58176,77568,96960
19393,38786,58179,77572,96965
19394,38788,58182,77576,96970
19395,38790,58185,77580,96975
19396,38792,58188,77584,96980
19397,38794,58191,77588,96985
19398,38796,58194,77592,96990
19399,38798,58197,77596,96995
19400,38800,58200,77600,97000
19401,38802,58203,77604,97005
19402,38804,58206,77608,97010
19403,38806,58209,77612,97015
19404,38808,58212,77616,97020
19405,38810,58215,77620,97025
19406,38812,58218,77624,97030
19407,38814,58221,77628,97035
19408,38816,58224,77632,97040
19409,38818,58227,77636,97045
19410,38820,58230,77640,97050
19411,38822,58233,77644,97055
19412,38824,58236,77648,97060
19413,38826,58239,77652,97065
19414,38828,58242,77656,97070
19415,38830,58245,77660,97075
19416,38832,58248,77664,97080
19417,38834,58251,77668,97085
19418,38836,58254,77672,97090
19419,38838,58257,77676,97095
19420,38840,58260,77680,97100
19421,38842,58263,77684,97105
19422,38844,58266,77688,97110
19423,38846,58269,77692,97115
19424,38848,58272,77696,97120
19425,38850,58275,77700,97125
19426,38852,58278,77704,97130
19427,38854,58281,77708,97135
19428,38856,58284,77712,97140
19429,38858,58287,77716,97145
19430,38860,58290,77720,97150
19431,38862,58293,77724,97155
19432,38864,58296,77728,97160
19433,38866,58299,77732,97165
19434,38868,58302,77736,97170
19435,38870,58305,77740,97175
19436,38872,58308,77744,97180
19437,38874,58311,77748,97185
19438,38876,58314,77752,97190
19439,38878,58317,77756,97195
19440,38880,58320,77760,97200
19441,38882,58323,77764,97205
19442,38884,58326,77768,97210
19443,38886,58329,77772,97215
19444,38888,58332,77776,97220
19445,38890,58335,77780,97225
19446,38892,58338,77784,97230
19447,38894,58341,77788,97235
19448,38896,58344,77792,97240
19449,38898,58347,77796,97245
19450,38900,58350,77800,97250
19451,38902,58353,77804,97255
19452,38904,58356,77808,97260
19453,38906,58359,77812,97265
19454,38908,58362,77816,97270
19455,38910,58365,77820,97275
19456,38912,58368,77824,97280
19457,38914,58371,77828,97285
19458,38916,58374,77832,97290
19459,38918,58377,77836,97295
19460,38920,58380,77840,97300
19461,38922,58383,77844,97305
19462,38924,58386,77848,97310
19463,38926,58389,77852,97315
19464,38928,58392,77856,97320
19465,38930,58395,77860,97325
19466,38932,58398,77864,97330
19467,38934,58401,77868,97335
19468,38936,58404,77872,97340
19469,38938,58407,77876,97345
19470,38940,58410,77880,97350
19471,38942,58413,77884,97355
19472,38944,58416,77888,97360
19473,38946,58419,77892,97365
19474,38948,58422,77896,97370
19475,38950,58425,77900,97375
19476,38952,58428,77904,97380
19477,38954,58431,77908,97385
19478,38956,58434,77912,97390
19479,38958,58437,77916,97395
19480,38960,58440,77920,97400
19481,38962,58443,77924,97405
19482,38964,58446,77928,97410
19483,38966,58449,77932,97415
19484,38968,58452,77936,97420
19485,38970,58455,77940,97425
19486,38972,58458,77944,97430
19487,38974,58461,77948,97435
19488,38976,58464,77952,97440
19489,38978,58467,77956,97445
19490,38980,58470,77960,97450
19491,38982,58473,77964,97455
19492,38984,58476,77968,97460
19493,38986,58479,77972,97465
19494,38988,58482,77976,97470
19495,38990,58485,77980,97475
19496,38992,58488,77984,97480
19497,38994,58491,77988,97485
19498,38996,58494,77992,97490
19499,38998,58497,77996,97495
19500,39000,58500,78000,97500
19501,39002,58503,78004,97505
19502,39004,58506,78008,97510
19503,39006,58509,78012,97515
19504,39008,58512,78016,97520
19505,39010,58515,78020,97525
19506,39012,58518,78024,97530
19507,39014,58521,78028,97535
19508,39016,58524,78032,97540
19509,39018,58527,78036,97545
19510,39020,58530,78040,97550
19511,39022,58533,78044,97555
19512,39024,58536,78048,97560
19513,39026,58539,78052,97565
19514,39028,58542,78056,97570
19515,39030,58545,78060,97575
19516,39032,58548,78064,97580
19517,39034,58551,78068,97585
19518,39036,58554,78072,97590
19519,39038,58557,78076,97595
19520,39040,58560,78080,97600
19521,39042,58563,78084,97605
19522,39044,58566,78088,97610
19523,39046,58569,78092,97615
19524,39048,58572,78096,97620
19525,39050,58575,78100,97625
19526,39052,58578,78104,97630
19527,39054,58581,78108,97635
19528,39056,58584,78112,97640
19529,39058,58587,78116,97645
19530,39060,58590,78120,97650
19531,39062,58593,78124,97655
19532,39064,58596,78128,97660
19533,39066,58599,78132,97665
19534,39068,58602,78136,97670
19535,39070,58605,78140,97675
19536,39072,58608,78144,97680
19537,39074,58611,78148,97685
19538,39076,58614,78152,97690
19539,39078,58617,78156,97695
19540,39080,58620,78160,97700
19541,39082,58623,78164,97705
19542,39084,58626,78168,97710
19543,39086,58629,78172,97715
19544,39088,58632,78176,97720
19545,39090,58635,78180,97725
19546,39092,58638,78184,97730
19547,39094,58641,78188,97735
19548,39096,58644,78192,97740
19549,39098,58647,78196,97745
19550,39100,58650,78200,97750
19551,39102,58653,78204,97755
19552,39104,58656,78208,97760
19553,39106,58659,78212,97765
19554,39108,58662,78216,97770
19555,39110,58665,78220,97775
19556,39112,58668,78224,97780
19557,39114,58671,78228,97785
19558,39116,58674,78232,97790
19559,39118,58677,78236,97795
19560,39120,58680,78240,97800
19561,39122,58683,78244,97805
19562,39124,58686,78248,97810
19563,39126,58689,78252,97815
19564,39128,58692,78256,97820
19565,39130,58695,78260,97825
19566,39132,58698,78264,97830
19567,39134,58701,78268,97835
19568,39136,58704,78272,97840
19569,39138,58707,78276,97845
19570,39140,58710,78280,97850
19571,39142,58713,78284,97855
19572,39144,58716,78288,97860
19573,39146,58719,78292,97865
19574,39148,58722,78296,97870
19575,39150,58725,78300,97875
19576,39152,58728,78304,97880
19577,39154,58731,78308,97885
19578,39156,58734,78312,97890
19579,39158,58737,78316,97895
19580,39160,58740,78320,97900
19581,39162,58743,78324,97905
19582,39164,58746,78328,97910
19583,39166,58749,78332,97915
19584,39168,58752,78336,97920
19585,39170,58755,78340,97925
19586,39172,58758,78344,97930
19587,39174,58761,78348,97935
19588,39176,58764,78352,97940
19589,39178,58767,78356,97945
19590,39180,58770,78360,97950
19591,39182,58773,78364,97955
19592,39184,58776,78368,97960
19593,39186,58779,78372,97965
19594,39188,58782,78376,97970
19595,39190,58785,78380,97975
19596,39192,58788,78384,97980
19597,39194,58791,78388,97985
19598,39196,58794,78392,97990
19599,39198,58797,78396,97995
19600,39200,58800,78400,98000
19601,39202,58803,78404,98005
19602,39204,58806,78408,98010
19603,39206,58809,78412,98015
19604,39208,58812,78416,98020
19605,39210,58815,78420,98025
19606,39212,58818,78424,98030
19607,39214,58821,78428,98035
19608,39216,58824,78432,98040
19609,39218,58827,78436,98045
19610,39220,58830,78440,98050
19611,39222,58833,78444,98055
19612,39224,58836,78448,98060
19613,39226,58839,78452,98065
19614,39228,58842,78456,98070
19615,39230,58845,78460,98075
19616,39232,58848,78464,98080
19617,39234,58851,78468,98085
19618,39236,58854,78472,98090
19619,39238,58857,78476,98095
19620,39240,58860,78480,98100
19621,39242,58863,78484,98105
19622,39244,58866,78488,98110
19623,39246,58869,78492,98115
19624,39248,58872,78496,98120
19625,39250,58875,78500,98125
19626,39252,58878,78504,98130
19627,39254,58881,78508,98135
19628,39256,58884,78512,98140
19629,39258,58887,78516,98145
19630,39260,58890,78520,98150
19631,39262,58893,78524,98155
19632,39264,58896,78528,98160
19633,39266,58899,78532,98165
19634,39268,58902,78536,98170
19635,39270,58905,78540,98175
19636,39272,58908,78544,98180
19637,39274,58911,78548,98185
19638,39276,58914,78552,98190
19639,39278,58917,78556,98195
19640,39280,58920,78560,98200
19641,39282,58923,78564,98205
19642,39284,58926,78568,98210
19643,39286,58929,78572,98215
19644,39288,58932,78576,98220
19645,39290,58935,78580,98225
19646,39292,58938,78584,98230
19647,39294,58941,78588,98235
19648,39296,58944,78592,98240
19649,39298,58947,78596,98245
19650,39300,58950,78600,98250
19651,39302,58953,78604,98255
19652,39304,58956,78608,98260
19653,39306,58959,78612,98265
19654,39308,58962,78616,98270
19655,39310,58965,78620,98275
19656,39312,58968,78624,98280
19657,39314,58971,78628,98285
19658,39316,58974,78632,98290
19659,39318,58977,78636,98295
19660,39320,58980,78640,98300
19661,39322,58983,78644,98305
19662,39324,58986,78648,98310
19663,39326,58989,78652,98315
19664,39328,58992,78656,98320
19665,39330,58995,78660,98325
19666,39332,58998,78664,98330
19667,39334,59001,78668,98335
19668,39336,59004,78672,98340
19669,39338,59007,78676,98345
19670,39340,59010,78680,98350
19671,39342,59013,78684,98355
19672,39344,59016,78688,98360
19673,39346,59019,78692,98365
19674,39348,59022,78696,98370
19675,39350,59025,78700,98375
19676,39352,59028,78704,98380
19677,39354,59031,78708,98385
19678,39356,59034,78712,98390
19679,39358,59037,78716,98395
19680,39360,59040,78720,98400
19681,39362,59043,78724,98405
19682,39364,59046,78728,98410
19683,39366,59049,78732,98415
19684,39368,59052,78736,98420
19685,39370,59055,78740,98425
19686,39372,59058,78744,98430
19687,39374,59061,78748,98435
19688,39376,59064,78752,98440
19689,39378,59067,78756,98445
19690,39380,59070,78760,98450
19691,39382,59073,78764,98455
19692,39384,59076,78768,98460
19693,39386,59079,78772,98465
19694,39388,59082,78776,98470
19695,39390,59085,78780,98475
19696,39392,59088,78784,98480
19697,39394,59091,78788,98485
19698,39396,59094,78792,98490
19699,39398,59097,78796,98495
19700,39400,59100,78800,98500
19701,39402,59103,78804,98505
19702,39404,59106,78808,98510
19703,39406,59109,78812,98515
19704,39408,59112,78816,98520
19705,39410,59115,78820,98525
19706,39412,59118,78824,98530
19707,39414,59121,78828,98535
19708,39416,59124,78832,98540
19709,39418,59127,78836,98545
19710,39420,59130,78840,98550
19711,39422,59133,78844,98555
19712,39424,59136,78848,98560
19713,39426,59139,78852,98565
19714,39428,59142,78856,98570
19715,39430,59145,78860,98575
19716,39432,59148,78864,98580
19717,39434,59151,78868,98585
19718,39436,59154,78872,98590
19719,39438,59157,78876,98595
19720,39440,59160,78880,98600
19721,39442,59163,78884,98605
19722,39444,59166,78888,98610
19723,39446,59169,78892,98615
19724,39448,59172,78896,98620
19725,39450,59175,78900,98625
19726,39452,59178,78904,98630
19727,39454,59181,78908,98635
19728,39456,59184,78912,98640
19729,39458,59187,78916,98645
19730,39460,59190,78920,98650
19731,39462,59193,78924,98655
19732,39464,59196,78928,98660
19733,39466,59199,78932,98665
19734,39468,59202,78936,98670
19735,39470,59205,78940,98675
19736,39472,59208,78944,98680
19737,39474,59211,78948,98685
19738,39476,59214,78952,98690
19739,39478,59217,78956,98695
19740,39480,59220,78960,98700
19741,39482,59223,78964,98705
19742,39484,59226,78968,98710
19743,39486,59229,78972,98715
19744,39488,59232,78976,98720
19745,39490,59235,78980,98725
19746,39492,59238,78984,98730
19747,39494,59241,78988,98735
19748,39496,59244,78992,98740
19749,39498,59247,78996,98745
19750,39500,59250,79000,98750
19751,39502,59253,79004,98755
19752,39504,59256,79008,98760
19753,39506,59259,79012,98765
19754,39508,59262,79016,98770
19755,39510,59265,79020,98775
19756,39512,59268,79024,98780
19757,39514,59271,79028,98785
19758,39516,59274,79032,98790
19759,39518,59277,79036,98795
19760,39520,59280,79040,98800
19761,39522,59283,79044,98805
19762,39524,59286,79048,98810
19763,39526,59289,79052,98815
19764,39528,59292,79056,98820
19765,39530,59295,79060,98825
19766,39532,59298,79064,98830
19767,39534,59301,79068,98835
19768,39536,59304,79072,98840
19769,39538,59307,79076,98845
19770,39540,59310,79080,98850
19771,39542,59313,79084,98855
19772,39544,59316,79088,98860
19773,39546,59319,79092,98865
19774,39548,59322,79096,98870
19775,39550,59325,79100,98875
19776,39552,59328,79104,98880
19777,39554,59331,79108,98885
19778,39556,59334,79112,98890
19779,39558,59337,79116,98895
19780,39560,59340,79120,98900
19781,39562,59343,79124,98905
19782,39564,59346,79128,98910
19783,39566,59349,79132,98915
19784,39568,59352,79136,98920
19785,39570,59355,79140,98925
19786,39572,59358,79144,98930
19787,39574,59361,79148,98935
19788,39576,59364,79152,98940
19789,39578,59367,79156,98945
19790,39580,59370,79160,98950
19791,39582,59373,79164,98955
19792,39584,59376,79168,98960
19793,39586,59379,79172,98965
19794,39588,59382,79176,98970
19795,39590,59385,79180,98975
19796,39592,59388,79184,98980
19797,39594,59391,79188,98985
19798,39596,59394,79192,98990
19799,39598,59397,79196,98995
19800,39600,59400,79200,99000
19801,39602,59403,79204,99005
19802,39604,59406,79208,99010
19803,39606,59409,79212,99015
19804,39608,59412,79216,99020
19805,39610,59415,79220,99025
19806,39612,59418,79224,99030
19807,39614,59421,79228,99035
19808,39616,59424,79232,99040
19809,39618,59427,79236,99045
19810,39620,59430,79240,99050
19811,39622,59433,79244,99055
19812,39624,59436,79248,99060
19813,39626,59439,79252,99065
19814,39628,59442,79256,99070
19815,39630,59445,79260,99075
19816,39632,59448,79264,99080
19817,39634,59451,79268,99085
19818,39636,59454,79272,99090
19819,39638,59457,79276,99095
19820,39640,59460,79280,99100
19821,39642,59463,79284,99105
19822,39644,59466,79288,99110
19823,39646,59469,79292,99115
19824,39648,59472,79296,99120
19825,39650,59475,79300,99125
19826,39652,59478,79304,99130
19827,39654,59481,79308,99135
19828,39656,59484,79312,99140
19829,39658,59487,79316,99145
19830,39660,59490,79320,99150
19831,39662,59493,79324,99155
19832,39664,59496,79328,99160
19833,39666,59499,79332,99165
19834,39668,59502,79336,99170
19835,39670,59505,79340,99175
19836,39672,59508,79344,99180
19837,39674,59511,79348,99185
19838,39676,59514,79352,99190
19839,39678,59517,79356,99195
19840,39680,59520,79360,99200
19841,39682,59523,79364,99205
19842,39684,59526,79368,99210
19843,39686,59529,79372,99215
19844,39688,59532,79376,99220
19845,39690,59535,79380,99225
19846,39692,59538,79384,99230
19847,39694,59541,79388,99235
19848,39696,59544,79392,99240
19849,39698,59547,79396,99245
19850,39700,59550,79400,99250
19851,39702,59553,79404,99255
19852,39704,59556,79408,99260
19853,39706,59559,79412,99265
19854,39708,59562,79416,99270
19855,39710,59565,79420,99275
19856,39712,59568,79424,99280
19857,39714,59571,79428,99285
19858,39716,59574,79432,99290
19859,39718,59577,79436,99295
19860,39720,59580,79440,99300
19861,39722,59583,79444,99305
19862,39724,59586,79448,99310
19863,39726,59589,79452,99315
19864,39728,59592,79456,99320
19865,39730,59595,79460,99325
19866,39732,59598,79464,99330
19867,39734,59601,79468,99335
19868,39736,59604,79472,99340
19869,39738,59607,79476,99345
19870,39740,59610,79480,99350
19871,39742,59613,79484,99355
19872,39744,59616,79488,99360
19873,39746,59619,79492,99365
19874,39748,59622,79496,99370
19875,39750,59625,79500,99375
19876,39752,59628,79504,99380
19877,39754,59631,79508,99385
19878,39756,59634,79512,99390
19879,39758,59637,79516,99395
19880,39760,59640,79520,99400
19881,39762,59643,79524,99405
19882,39764,59646,79528,99410
19883,39766,59649,79532,99415
19884,39768,59652,79536,99420
19885,39770,59655,79540,99425
19886,39772,59658,79544,99430
19887,39774,59661,79548,99435
19888,39776,59664,79552,99440
19889,39778,59667,79556,99445
19890,39780,59670,79560,99450
19891,39782,59673,79564,99455
19892,39784,59676,79568,99460
19893,39786,59679,79572,99465
19894,39788,59682,79576,99470
19895,39790,59685,79580,99475
19896,39792,59688,79584,99480
19897,39794,59691,79588,99485
19898,39796,59694,79592,99490
19899,39798,59697,79596,99495
19900,39800,59700,79600,99500
19901,39802,59703,79604,99505
19902,39804,59706,79608,99510
19903,39806,59709,79612,99515
19904,39808,59712,79616,99520
19905,39810,59715,79620,99525
19906,39812,59718,79624,99530
19907,39814,59721,79628,99535
19908,39816,59724,79632,99540
19909,39818,59727,79636,99545
19910,39820,59730,79640,99550
19911,39822,59733,79644,99555
19912,39824,59736,79648,99560
19913,39826,59739,79652,99565
19914,39828,59742,79656,99570
19915,39830,59745,79660,99575
19916,39832,59748,79664,99580
19917,39834,59751,79668,99585
19918,39836,59754,79672,99590
19919,39838,59757,79676,99595
19920,39840,59760,79680,99600
19921,39842,59763,79684,99605
19922,39844,59766,79688,99610
19923,39846,59769,79692,99615
19924,39848,59772,79696,99620
19925,39850,59775,79700,99625
19926,39852,59778,79704,99630
19927,39854,59781,79708,99635
19928,39856,59784,79712,99640
19929,39858,59787,79716,99645
19930,39860,59790,79720,99650
19931,39862,59793,79724,99655
19932,39864,59796,79728,99660
19933,39866,59799,79732,99665
19934,39868,59802,79736,99670
19935,39870,59805,79740,99675
19936,39872,59808,79744,99680
19937,39874,59811,79748,99685
19938,39876,59814,79752,99690
19939,39878,59817,79756,99695
19940,39880,59820,79760,99700
19941,39882,59823,79764,99705
19942,39884,59826,79768,99710
19943,39886,59829,79772,99715
19944,39888,59832,79776,99720
19945,39890,59835,79780,99725
19946,39892,59838,79784,99730
19947,39894,59841,79788,99735
19948,39896,59844,79792,99740
19949,39898,59847,79796,99745
19950,39900,59850,79800,99750
19951,39902,59853,79804,99755
19952,39904,59856,79808,99760
19953,39906,59859,79812,99765
19954,39908,59862,79816,99770
19955,39910,59865,79820,99775
19956,39912,59868,79824,99780
19957,39914,59871,79828,99785
19958,39916,59874,79832,99790
19959,39918,59877,79836,99795
19960,39920,59880,79840,99800
19961,39922,59883,79844,99805
19962,39924,59886,79848,99810
19963,39926,59889,79852,99815
19964,39928,59892,79856,99820
19965,39930,59895,79860,99825
19966,39932,59898,79864,99830
19967,39934,59901,79868,99835
19968,39936,59904,79872,99840
19969,39938,59907,79876,99845
19970,39940,59910,79880,99850
19971,39942,59913,79884,99855
19972,39944,59916,79888,99860
19973,39946,59919,79892,99865
19974,39948,59922,79896,99870
19975,39950,59925,79900,99875
19976,39952,59928,79904,99880
19977,39954,59931,79908,99885
19978,39956,59934,79912,99890
19979,39958,59937,79916,99895
19980,39960,59940,79920,99900
19981,39962,59943,79924,99905
19982,39964,59946,79928,99910
19983,39966,59949,79932,99915
19984,39968,59952,79936,99920
19985,39970,59955,79940,99925
19986,39972,59958,79944,99930
19987,39974,59961,79948,99935
19988,39976,59964,79952,99940
19989,39978,59967,79956,99945
19990,39980,59970,79960,99950
19991,39982,59973,79964,99955
19992,39984,59976,79968,99960
19993,39986,59979,79972,99965
19994,39988,59982,79976,99970
19995,39990,59985,79980,99975
19996,39992,59988,79984,99980
19997,39994,59991,79988,99985
19998,39996,59994,79992,99990
19999,39998,59997,79996,99995
20000,40000,60000,80000,100000
20001,40002,60003,80004,100005
20002,40004,60006,80008,100010
20003,40006,60009,80012,100015
20004,40008,60012,80016,100020
20005,40010,60015,80020,100025
20006,40012,60018,80024,100030
20007,40014,60021,80028,100035
20008,40016,60024,80032,100040
20009,40018,60027,80036,100045
20010,40020,60030,80040,100050
20011,40022,60033,80044,100055
20012,40024,60036,80048,100060
20013,40026,60039,80052,100065
20014,40028,60042,80056,100070
20015,40030,60045,80060,100075
20016,40032,60048,80064,100080
20017,40034,60051,80068,100085
20018,40036,60054,80072,100090
20019,40038,60057,80076,100095
20020,40040,60060,80080,100100
20021,40042,60063,80084,100105
20022,40044,60066,80088,100110
20023,40046,60069,80092,100115
20024,40048,60072,80096,100120
20025,40050,60075,80100,100125
20026,40052,60078,80104,100130
20027,40054,60081,80108,100135
20028,40056,60084,80112,100140
20029,40058,60087,80116,100145
20030,40060,60090,80120,100150
20031,40062,60093,80124,100155
20032,40064,60096,80128,100160
20033,40066,60099,80132,100165
20034,40068,60102,80136,100170
20035,40070,60105,80140,100175
20036,40072,60108,80144,100180
20037,40074,60111,80148,100185
20038,40076,60114,80152,100190
20039,40078,60117,80156,100195
20040,40080,60120,80160,100200
20041,40082,60123,80164,100205
20042,40084,60126,80168,100210
20043,40086,60129,80172,100215
20044,40088,60132,80176,100220
20045,40090,60135,80180,100225
20046,40092,60138,80184,100230
20047,40094,60141,80188,100235
20048,40096,60144,80192,100240
20049,40098,60147,80196,100245
20050,40100,60150,80200,100250
20051,40102,60153,80204,100255
20052,40104,60156,80208,100260
20053,40106,60159,80212,100265
20054,40108,60162,80216,100270
20055,40110,60165,80220,100275
20056,40112,60168,80224,100280
20057,40114,60171,80228,100285
20058,40116,60174,80232,100290
20059,40118,60177,80236,100295
20060,40120,60180,80240,100300
20061,40122,60183,80244,100305
20062,40124,60186,80248,100310
20063,40126,60189,80252,100315
20064,40128,60192,80256,100320
20065,40130,60195,80260,100325
20066,40132,60198,80264,100330
20067,40134,60201,80268,100335
20068,40136,60204,80272,100340
20069,40138,60207,80276,100345
20070,40140,60210,80280,100350
20071,40142,60213,80284,100355
20072,40144,60216,80288,100360
20073,40146,60219,80292,100365
20074,40148,60222,80296,100370
20075,40150,60225,80300,100375
20076,40152,60228,80304,100380
20077,40154,60231,80308,100385
20078,40156,60234,80312,100390
20079,40158,60237,80316,100395
20080,40160,60240,80320,100400
20081,40162,60243,80324,100405
20082,40164,60246,80328,100410
20083,40166,60249,80332,100415
20084,40168,60252,80336,100420
20085,40170,60255,80340,100425
20086,40172,60258,80344,100430
20087,40174,60261,80348,100435
20088,40176,60264,80352,100440
20089,40178,60267,80356,100445
20090,40180,60270,80360,100450
20091,40182,60273,80364,100455
20092,40184,60276,80368,100460
20093,40186,60279,80372,100465
20094,40188,60282,80376,100470
20095,40190,60285,80380,100475
20096,40192,60288,80384,100480
20097,40194,60291,80388,100485
20098,40196,60294,80392,100490
20099,40198,60297,80396,100495
20100,40200,60300,80400,100500
20101,40202,60303,80404,100505
20102,40204,60306,80408,100510
20103,40206,60309,80412,100515
20104,40208,60312,80416,100520
20105,40210,60315,80420,100525
20106,40212,60318,80424,100530
20107,40214,60321,80428,100535
20108,40216,60324,80432,100540
20109,40218,60327,80436,100545
20110,40220,60330,80440,100550
20111,40222,60333,80444,100555
20112,40224,60336,80448,100560
20113,40226,60339,80452,100565
20114,40228,60342,80456,100570
20115,40230,60345,80460,100575
20116,40232,60348,80464,100580
20117,40234,60351,80468,100585
20118,40236,60354,80472,100590
20119,40238,60357,80476,100595
20120,40240,60360,80480,100600
20121,40242,60363,80484,100605
20122,40244,60366,80488,100610
20123,40246,60369,80492,100615
20124,40248,60372,80496,100620
20125,40250,60375,80500,100625
20126,40252,60378,80504,100630
20127,40254,60381,80508,100635
20128,40256,60384,80512,100640
20129,40258,60387,80516,100645
20130,40260,60390,80520,100650
20131,40262,60393,80524,100655
20132,40264,60396,80528,100660
20133,40266,60399,80532,100665
20134,40268,60402,80536,100670
20135,40270,60405,80540,100675
20136,40272,60408,80544,100680
20137,40274,60411,80548,100685
20138,40276,60414,80552,100690
20139,40278,60417,80556,100695
20140,40280,60420,80560,100700
20141,40282,60423,80564,100705
20142,40284,60426,80568,100710
20143,40286,60429,80572,100715
20144,40288,60432,80576,100720
20145,40290,60435,80580,100725
20146,40292,60438,80584,100730
20147,40294,60441,80588,100735
20148,40296,60444,80592,100740
20149,40298,60447,80596,100745
20150,40300,60450,80600,100750
20151,40302,60453,80604,100755
20152,40304,60456,80608,100760
20153,40306,60459,80612,100765
20154,40308,60462,80616,100770
20155,40310,60465,80620,100775
20156,40312,60468,80624,100780
20157,40314,60471,80628,100785
20158,40316,60474,80632,100790
20159,40318,60477,80636,100795
20160,40320,60480,80640,100800
20161,40322,60483,80644,100805
20162,40324,60486,80648,100810
20163,40326,60489,80652,100815
20164,40328,60492,80656,100820
20165,40330,60495,80660,100825
20166,40332,60498,80664,100830
20167,40334,60501,80668,100835
20168,40336,60504,80672,100840
20169,40338,60507,80676,100845
20170,40340,60510,80680,100850
20171,40342,60513,80684,100855
20172,40344,60516,80688,100860
20173,40346,60519,80692,100865
20174,40348,60522,80696,100870
20175,40350,60525,80700,100875
20176,40352,60528,80704,100880
20177,40354,60531,80708,100885
20178,40356,60534,80712,100890
20179,40358,60537,80716,100895
20180,40360,60540,80720,100900
20181,40362,60543,80724,100905
20182,40364,60546,80728,100910
20183,40366,60549,80732,100915
20184,40368,60552,80736,100920
20185,40370,60555,80740,100925
20186,40372,60558,80744,100930
20187,40374,60561,80748,100935
20188,40376,60564,80752,100940
20189,40378,60567,80756,100945
20190,40380,60570,80760,100950
20191,40382,60573,80764,100955
20192,40384,60576,80768,100960
20193,40386,60579,80772,100965
20194,40388,60582,80776,100970
20195,40390,60585,80780,100975
20196,40392,60588,80784,100980
20197,40394,60591,80788,100985
20198,40396,60594,80792,100990
20199,40398,60597,80796,100995
20200,40400,60600,80800,101000
20201,40402,60603,80804,101005
20202,40404,60606,80808,101010
20203,40406,60609,80812,101015
20204,40408,60612,80816,101020
20205,40410,60615,80820,101025
20206,40412,60618,80824,101030
20207,40414,60621,80828,101035
20208,40416,60624,80832,101040
20209,40418,60627,80836,101045
20210,40420,60630,80840,101050
20211,40422,60633,80844,101055
20212,40424,60636,80848,101060
20213,40426,60639,80852,101065
20214,40428,60642,80856,101070
20215,40430,60645,80860,101075
20216,40432,60648,80864,101080
20217,40434,60651,80868,101085
20218,40436,60654,80872,101090
20219,40438,60657,80876,101095
20220,40440,60660,80880,101100
20221,40442,60663,80884,101105
20222,40444,60666,80888,101110
20223,40446,60669,80892,101115
20224,40448,60672,80896,101120
20225,40450,60675,80900,101125
20226,40452,60678,80904,101130
20227,40454,60681,80908,101135
20228,40456,60684,80912,101140
20229,40458,60687,80916,101145
20230,40460,60690,80920,101150
20231,40462,60693,80924,101155
20232,40464,60696,80928,101160
20233,40466,60699,80932,101165
20234,40468,60702,80936,101170
20235,40470,60705,80940,101175
20236,40472,60708,80944,101180
20237,40474,60711,80948,101185
20238,40476,60714,80952,101190
20239,40478,60717,80956,101195
20240,40480,60720,80960,101200
20241,40482,60723,80964,101205
20242,40484,60726,80968,101210
20243,40486,60729,80972,101215
20244,40488,60732,80976,101220
20245,40490,60735,80980,101225
20246,40492,60738,80984,101230
20247,40494,60741,80988,101235
20248,40496,60744,80992,101240
20249,40498,60747,80996,101245
20250,40500,60750,81000,101250
20251,40502,60753,81004,101255
20252,40504,60756,81008,101260
20253,40506,60759,81012,101265
20254,40508,60762,81016,101270
20255,40510,60765,81020,101275
20256,40512,60768,81024,101280
20257,40514,60771,81028,101285
20258,40516,60774,81032,101290
20259,40518,60777,81036,101295
20260,40520,60780,81040,101300
20261,40522,60783,81044,101305
20262,40524,60786,81048,101310
20263,40526,60789,81052,101315
20264,40528,60792,81056,101320
20265,40530,60795,81060,101325
20266,40532,60798,81064,101330
20267,40534,60801,81068,101335
20268,40536,60804,81072,101340
20269,40538,60807,81076,101345
20270,40540,60810,81080,101350
20271,40542,60813,81084,101355
20272,40544,60816,81088,101360
20273,40546,60819,81092,101365
20274,40548,60822,81096,101370
20275,40550,60825,81100,101375
20276,40552,60828,81104,101380
20277,40554,60831,81108,101385
20278,40556,60834,81112,101390
20279,40558,60837,81116,101395
20280,40560,60840,81120,101400
20281,40562,60843,81124,101405
20282,40564,60846,81128,101410
20283,40566,60849,81132,101415
20284,40568,60852,81136,101420
20285,40570,60855,81140,101425
20286,40572,60858,81144,101430
20287,40574,60861,81148,101435
20288,40576,60864,81152,101440
20289,40578,60867,81156,101445
20290,40580,60870,81160,101450
20291,40582,60873,81164,101455
20292,40584,60876,81168,101460
20293,40586,60879,81172,101465
20294,40588,60882,81176,101470
20295,40590,60885,81180,101475
20296,40592,60888,81184,101480
20297,40594,60891,81188,101485
20298,40596,60894,81192,101490
20299,40598,60897,81196,101495
20300,40600,60900,81200,101500
20301,40602,60903,81204,101505
20302,40604,60906,81208,101510
20303,40606,60909,81212,101515
20304,40608,60912,81216,101520
20305,40610,60915,81220,101525
20306,40612,60918,81224,101530
20307,40614,60921,81228,101535
20308,40616,60924,81232,101540
20309,40618,60927,81236,101545
20310,40620,60930,81240,101550
20311,40622,60933,81244,101555
20312,40624,60936,81248,101560
20313,40626,60939,81252,101565
20314,40628,60942,81256,101570
20315,40630,60945,81260,101575
20316,40632,60948,81264,101580
20317,40634,60951,81268,101585
20318,40636,60954,81272,101590
20319,40638,60957,81276,101595
20320,40640,60960,81280,101600
20321,40642,60963,81284,101605
20322,40644,60966,81288,101610
20323,40646,60969,81292,101615
20324,40648,60972,81296,101620
20325,40650,60975,81300,101625
20326,40652,60978,81304,101630
20327,40654,60981,81308,101635
20328,40656,60984,81312,101640
20329,40658,60987,81316,101645
20330,40660,60990,81320,101650
20331,40662,60993,81324,101655
20332,40664,60996,81328,101660
20333,40666,60999,81332,101665
20334,40668,61002,81336,101670
20335,40670,61005,81340,101675
20336,40672,61008,81344,101680
20337,40674,61011,81348,101685
20338,40676,61014,81352,101690
20339,40678,61017,81356,101695
20340,40680,61020,81360,101700
20341,40682,61023,81364,101705
20342,40684,61026,81368,101710
20343,40686,61029,81372,101715
20344,40688,61032,81376,101720
20345,40690,61035,81380,101725
20346,40692,61038,81384,101730
20347,40694,61041,81388,101735
20348,40696,61044,81392,101740
20349,40698,61047,81396,101745
20350,40700,61050,81400,101750
20351,40702,61053,81404,101755
20352,40704,61056,81408,101760
20353,40706,61059,81412,101765
20354,40708,61062,81416,101770
20355,40710,61065,81420,101775
20356,40712,61068,81424,101780
20357,40714,61071,81428,101785
20358,40716,61074,81432,101790
20359,40718,61077,81436,101795
20360,40720,61080,81440,101800
20361,40722,61083,81444,101805
20362,40724,61086,81448,101810
20363,40726,61089,81452,101815
20364,40728,61092,81456,101820
20365,40730,61095,81460,101825
20366,40732,61098,81464,101830
20367,40734,61101,81468,101835
20368,40736,61104,81472,101840
20369,40738,61107,81476,101845
20370,40740,61110,81480,101850
20371,40742,61113,81484,101855
20372,40744,61116,81488,101860
20373,40746,61119,81492,101865
20374,40748,61122,81496,101870
20375,40750,61125,81500,101875
20376,40752,61128,81504,101880
20377,40754,61131,81508,101885
20378,40756,61134,81512,101890
20379,40758,61137,81516,101895
20380,40760,61140,81520,101900
20381,40762,61143,81524,101905
20382,40764,61146,81528,101910
20383,40766,61149,81532,101915
20384,40768,61152,81536,101920
20385,40770,61155,81540,101925
20386,40772,61158,81544,101930
20387,40774,61161,81548,101935
20388,40776,61164,81552,101940
20389,40778,61167,81556,101945
20390,40780,61170,81560,101950
20391,40782,61173,81564,101955
20392,40784,61176,81568,101960
20393,40786,61179,81572,101965
20394,40788,61182,81576,101970
20395,40790,61185,81580,101975
20396,40792,61188,81584,101980
20397,40794,61191,81588,101985
20398,40796,61194,81592,101990
20399,40798,61197,81596,101995
20400,40800,61200,81600,102000
20401,40802,61203,81604,102005
20402,40804,61206,81608,102010
20403,40806,61209,81612,102015
20404,40808,61212,81616,102020
20405,40810,61215,81620,102025
20406,40812,61218,81624,102030
20407,40814,61221,81628,102035
20408,40816,61224,81632,102040
20409,40818,61227,81636,102045
20410,40820,61230,81640,102050
20411,40822,61233,81644,102055
20412,40824,61236,81648,102060
20413,40826,61239,81652,102065
20414,40828,61242,81656,102070
20415,40830,61245,81660,102075
20416,40832,61248,81664,102080
20417,40834,61251,81668,102085
20418,40836,61254,81672,102090
20419,40838,61257,81676,102095
20420,40840,61260,81680,102100
20421,40842,61263,81684,102105
20422,40844,61266,81688,102110
20423,40846,61269,81692,102115
20424,40848,61272,81696,102120
20425,40850,61275,81700,102125
20426,40852,61278,81704,102130
20427,40854,61281,81708,102135
20428,40856,61284,81712,102140
20429,40858,61287,81716,102145
20430,40860,61290,81720,102150
20431,40862,61293,81724,102155
20432,40864,61296,81728,102160
20433,40866,61299,81732,102165
20434,40868,61302,81736,102170
20435,40870,61305,81740,102175
20436,40872,61308,81744,102180
20437,40874,61311,81748,102185
20438,40876,61314,81752,102190
20439,40878,61317,81756,102195
20440,40880,61320,81760,102200
20441,40882,61323,81764,102205
20442,40884,61326,81768,102210
20443,40886,61329,81772,102215
20444,40888,61332,81776,102220
20445,40890,61335,81780,102225
20446,40892,61338,81784,102230
20447,40894,61341,81788,102235
20448,40896,61344,81792,102240
20449,40898,61347,81796,102245
20450,40900,61350,81800,102250
20451,40902,61353,81804,102255
20452,40904,61356,81808,102260
20453,40906,61359,81812,102265
20454,40908,61362,81816,102270
20455,40910,61365,81820,102275
20456,40912,61368,81824,102280
20457,40914,61371,81828,102285
20458,40916,61374,81832,102290
20459,40918,61377,81836,102295
20460,40920,61380,81840,102300
20461,40922,61383,81844,102305
20462,40924,61386,81848,102310
20463,40926,61389,81852,102315
20464,40928,61392,81856,102320
20465,40930,61395,81860,102325
20466,40932,61398,81864,102330
20467,40934,61401,81868,102335
20468,40936,61404,81872,102340
20469,40938,61407,81876,102345
20470,40940,61410,81880,102350
20471,40942,61413,81884,102355
20472,40944,61416,81888,102360
20473,40946,61419,81892,102365
20474,40948,61422,81896,102370
20475,40950,61425,81900,102375
20476,40952,61428,81904,102380
20477,40954,61431,81908,102385
20478,40956,61434,81912,102390
20479,40958,61437,81916,102395
20480,40960,61440,81920,102400
20481,40962,61443,81924,102405
20482,40964,61446,81928,102410
20483,40966,61449,81932,102415
20484,40968,61452,81936,102420
20485,40970,61455,81940,102425
20486,40972,61458,81944,102430
20487,40974,61461,81948,102435
20488,40976,61464,81952,102440
20489,40978,61467,81956,102445
20490,40980,61470,81960,102450
20491,40982,61473,81964,102455
20492,40984,61476,81968,102460
20493,40986,61479,81972,102465
20494,40988,61482,81976,102470
20495,40990,61485,81980,102475
20496,40992,61488,81984,102480
20497,40994,61491,81988,102485
20498,40996,61494,81992,102490
20499,40998,61497,81996,102495
20500,41000,61500,82000,102500
20501,41002,61503,82004,102505
20502,41004,61506,82008,102510
20503,41006,61509,82012,102515
20504,41008,61512,82016,102520
20505,41010,61515,82020,102525
20506,41012,61518,82024,102530
20507,41014,61521,82028,102535
20508,41016,61524,82032,102540
20509,41018,61527,82036,102545
20510,41020,61530,82040,102550
20511,41022,61533,82044,102555
20512,41024,61536,82048,102560
20513,41026,61539,82052,102565
20514,41028,61542,82056,102570
20515,41030,61545,82060,102575
20516,41032,61548,82064,102580
20517,41034,61551,82068,102585
20518,41036,61554,82072,102590
20519,41038,61557,82076,102595
20520,41040,61560,82080,102600
20521,41042,61563,82084,102605
20522,41044,61566,82088,102610
20523,41046,61569,82092,102615
20524,41048,61572,82096,102620
20525,41050,61575,82100,102625
20526,41052,61578,82104,102630
20527,41054,61581,82108,102635
20528,41056,61584,82112,102640
20529,41058,61587,82116,102645
20530,41060,61590,82120,102650
20531,41062,61593,82124,102655
20532,41064,61596,82128,102660
20533,41066,61599,82132,102665
20534,41068,61602,82136,102670
20535,41070,61605,82140,102675
20536,41072,61608,82144,102680
20537,41074,61611,82148,102685
20538,41076,61614,82152,102690
20539,41078,61617,82156,102695
20540,41080,61620,82160,102700
20541,41082,61623,82164,102705
20542,41084,61626,82168,102710
20543,41086,61629,82172,102715
20544,41088,61632,82176,102720
20545,41090,61635,82180,102725
20546,41092,61638,82184,102730
20547,41094,61641,82188,102735
20548,41096,61644,82192,102740
20549,41098,61647,82196,102745
20550,41100,61650,82200,102750
20551,41102,61653,82204,102755
20552,41104,61656,82208,102760
20553,41106,61659,82212,102765
20554,41108,61662,82216,102770
20555,41110,61665,82220,102775
20556,41112,61668,82224,102780
20557,41114,61671,82228,102785
20558,41116,61674,82232,102790
20559,41118,61677,82236,102795
20560,41120,61680,82240,102800
20561,41122,61683,82244,102805
20562,41124,61686,82248,102810
20563,41126,61689,82252,102815
20564,41128,61692,82256,102820
20565,41130,61695,82260,102825
20566,41132,61698,82264,102830
20567,41134,61701,82268,102835
20568,41136,61704,82272,102840
20569,41138,61707,82276,102845
20570,41140,61710,82280,102850
20571,41142,61713,82284,102855
20572,41144,61716,82288,102860
20573,41146,61719,82292,102865
20574,41148,61722,82296,102870
20575,41150,61725,82300,102875
20576,41152,61728,82304,102880
20577,41154,61731,82308,102885
20578,41156,61734,82312,102890
20579,41158,61737,82316,102895
20580,41160,61740,82320,102900
20581,41162,61743,82324,102905
20582,41164,61746,82328,102910
20583,41166,61749,82332,102915
20584,41168,61752,82336,102920
20585,41170,61755,82340,102925
20586,41172,61758,82344,102930
20587,41174,61761,82348,102935
20588,41176,61764,82352,102940
20589,41178,61767,82356,102945
20590,41180,61770,82360,102950
20591,41182,61773,82364,102955
20592,41184,61776,82368,102960
20593,41186,61779,82372,102965
20594,41188,61782,82376,102970
20595,41190,61785,82380,102975
20596,41192,61788,82384,102980
20597,41194,61791,82388,102985
20598,41196,61794,82392,102990
20599,41198,61797,82396,102995
20600,41200,61800,82400,103000
20601,41202,61803,82404,103005
20602,41204,61806,82408,103010
20603,41206,61809,82412,103015
20604,41208,61812,82416,103020
20605,41210,61815,82420,103025
20606,41212,61818,82424,103030
20607,41214,61821,82428,103035
20608,41216,61824,82432,103040
20609,41218,61827,82436,103045
20610,41220,61830,82440,103050
20611,41222,61833,82444,103055
20612,41224,61836,82448,103060
20613,41226,61839,82452,103065
20614,41228,61842,82456,103070
20615,41230,61845,82460,103075
20616,41232,61848,82464,103080
20617,41234,61851,82468,103085
20618,41236,61854,82472,103090
20619,41238,61857,82476,103095
20620,41240,61860,82480,103100
20621,41242,61863,82484,103105
20622,41244,61866,82488,103110
20623,41246,61869,82492,103115
20624,41248,61872,82496,103120
20625,41250,61875,82500,103125
20626,41252,61878,82504,103130
20627,41254,61881,82508,103135
20628,41256,61884,82512,103140
20629,41258,61887,82516,103145
20630,41260,61890,82520,103150
20631,41262,61893,82524,103155
20632,41264,61896,82528,103160
20633,41266,61899,82532,103165
20634,41268,61902,82536,103170
20635,41270,61905,82540,103175
20636,41272,61908,82544,103180
20637,41274,61911,82548,103185
20638,41276,61914,82552,103190
20639,41278,61917,82556,103195
20640,41280,61920,82560,103200
20641,41282,61923,82564,103205
20642,41284,61926,82568,103210
20643,41286,61929,82572,103215
20644,41288,61932,82576,103220
20645,41290,61935,82580,103225
20646,41292,61938,82584,103230
20647,41294,61941,82588,103235
20648,41296,61944,82592,103240
20649,41298,61947,82596,103245
20650,41300,61950,82600,103250
20651,41302,61953,82604,103255
20652,41304,61956,82608,103260
20653,41306,61959,82612,103265
20654,41308,61962,82616,103270
20655,41310,61965,82620,103275
20656,41312,61968,82624,103280
20657,41314,61971,82628,103285
20658,41316,61974,82632,103290
20659,41318,61977,82636,103295
20660,41320,61980,82640,103300
20661,41322,61983,82644,103305
20662,41324,61986,82648,103310
20663,41326,61989,82652,103315
20664,41328,61992,82656,103320
20665,41330,61995,82660,103325
20666,41332,61998,82664,103330
20667,41334,62001,82668,103335
20668,41336,62004,82672,103340
20669,41338,62007,82676,103345
20670,41340,62010,82680,103350
20671,41342,62013,82684,103355
20672,41344,62016,82688,103360
20673,41346,62019,82692,103365
20674,41348,62022,82696,103370
20675,41350,62025,82700,103375
20676,41352,62028,82704,103380
20677,41354,62031,82708,103385
20678,41356,62034,82712,103390
20679,41358,62037,82716,103395
20680,41360,62040,82720,103400
20681,41362,62043,82724,103405
20682,41364,62046,82728,103410
20683,41366,62049,82732,103415
20684,41368,62052,82736,103420
20685,41370,62055,82740,103425
20686,41372,62058,82744,103430
20687,41374,62061,82748,103435
20688,41376,62064,82752,103440
20689,41378,62067,82756,103445
20690,41380,62070,82760,103450
20691,41382,62073,82764,103455
20692,41384,62076,82768,103460
20693,41386,62079,82772,103465
20694,41388,62082,82776,103470
20695,41390,62085,82780,103475
20696,41392,62088,82784,103480
20697,41394,62091,82788,103485
20698,41396,62094,82792,103490
20699,41398,62097,82796,103495
20700,41400,62100,82800,103500
20701,41402,62103,82804,103505
20702,41404,62106,82808,103510
20703,41406,62109,82812,103515
20704,41408,62112,82816,103520
20705,41410,62115,82820,103525
20706,41412,62118,82824,103530
20707,41414,62121,82828,103535
20708,41416,62124,82832,103540
20709,41418,62127,82836,103545
20710,41420,62130,82840,103550
20711,41422,62133,82844,103555
20712,41424,62136,82848,103560
20713,41426,62139,82852,103565
20714,41428,62142,82856,103570
20715,41430,62145,82860,103575
20716,41432,62148,82864,103580
20717,41434,62151,82868,103585
20718,41436,62154,82872,103590
20719,41438,62157,82876,103595
20720,41440,62160,82880,103600
20721,41442,62163,82884,103605
20722,41444,62166,82888,103610
20723,41446,62169,82892,103615
20724,41448,62172,82896,103620
20725,41450,62175,82900,103625
20726,41452,62178,82904,103630
20727,41454,62181,82908,103635
20728,41456,62184,82912,103640
20729,41458,62187,82916,103645
20730,41460,62190,82920,103650
20731,41462,62193,82924,103655
20732,41464,62196,82928,103660
20733,41466,62199,82932,103665
20734,41468,62202,82936,103670
20735,41470,62205,82940,103675
20736,41472,62208,82944,103680
20737,41474,62211,82948,103685
20738,41476,62214,82952,103690
20739,41478,62217,82956,103695
20740,41480,62220,82960,103700
20741,41482,62223,82964,103705
20742,41484,62226,82968,103710
20743,41486,62229,82972,103715
20744,41488,62232,82976,103720
20745,41490,62235,82980,103725
20746,41492,62238,82984,103730
20747,41494,62241,82988,103735
20748,41496,62244,82992,103740
20749,41498,62247,82996,103745
20750,41500,62250,83000,103750
20751,41502,62253,83004,103755
20752,41504,62256,83008,103760
20753,41506,62259,83012,103765
20754,41508,62262,83016,103770
20755,41510,62265,83020,103775
20756,41512,62268,83024,103780
20757,41514,62271,83028,103785
20758,41516,62274,83032,103790
20759,41518,62277,83036,103795
20760,41520,62280,83040,103800
20761,41522,62283,83044,103805
20762,41524,62286,83048,103810
20763,41526,62289,83052,103815
20764,41528,62292,83056,103820
20765,41530,62295,83060,103825
20766,41532,62298,83064,103830
20767,41534,62301,83068,103835
20768,41536,62304,83072,103840
20769,41538,62307,83076,103845
20770,41540,62310,83080,103850
20771,41542,62313,83084,103855
20772,41544,62316,83088,103860
20773,41546,62319,83092,103865
20774,41548,62322,83096,103870
20775,41550,62325,83100,103875
20776,41552,62328,83104,103880
20777,41554,62331,83108,103885
20778,41556,62334,83112,103890
20779,41558,62337,83116,103895
20780,41560,62340,83120,103900
20781,41562,62343,83124,103905
20782,41564,62346,83128,103910
20783,41566,62349,83132,103915
20784,41568,62352,83136,103920
20785,41570,62355,83140,103925
20786,41572,62358,83144,103930
20787,41574,62361,83148,103935
20788,41576,62364,83152,103940
20789,41578,62367,83156,103945
20790,41580,62370,83160,103950
20791,41582,62373,83164,103955
20792,41584,62376,83168,103960
20793,41586,62379,83172,103965
20794,41588,62382,83176,103970
20795,41590,62385,83180,103975
20796,41592,62388,83184,103980
20797,41594,62391,83188,103985
20798,41596,62394,83192,103990
20799,41598,62397,83196,103995
20800,41600,62400,83200,104000
20801,41602,62403,83204,104005
20802,41604,62406,83208,104010
20803,41606,62409,83212,104015
20804,41608,62412,83216,104020
20805,41610,62415,83220,104025
20806,41612,62418,83224,104030
20807,41614,62421,83228,104035
20808,41616,62424,83232,104040
20809,41618,62427,83236,104045
20810,41620,62430,83240,104050
20811,41622,62433,83244,104055
20812,41624,62436,83248,104060
20813,41626,62439,83252,104065
20814,41628,62442,83256,104070
20815,41630,62445,83260,104075
20816,41632,62448,83264,104080
20817,41634,62451,83268,104085
20818,41636,62454,83272,104090
20819,41638,62457,83276,104095
20820,41640,62460,83280,104100
20821,41642,62463,83284,104105
20822,41644,62466,83288,104110
20823,41646,62469,83292,104115
20824,41648,62472,83296,104120
20825,41650,62475,83300,104125
20826,41652,62478,83304,104130
20827,41654,62481,83308,104135
20828,41656,62484,83312,104140
20829,41658,62487,83316,104145
20830,41660,62490,83320,104150
20831,41662,62493,83324,104155
20832,41664,62496,83328,104160
20833,41666,62499,83332,104165
20834,41668,62502,83336,104170
20835,41670,62505,83340,104175
20836,41672,62508,83344,104180
20837,41674,62511,83348,104185
20838,41676,62514,83352,104190
20839,41678,62517,83356,104195
20840,41680,62520,83360,104200
20841,41682,62523,83364,104205
20842,41684,62526,83368,104210
20843,41686,62529,83372,104215
20844,41688,62532,83376,104220
20845,41690,62535,83380,104225
20846,41692,62538,83384,104230
20847,41694,62541,83388,104235
20848,41696,62544,83392,104240
20849,41698,62547,83396,104245
20850,41700,62550,83400,104250
20851,41702,62553,83404,104255
20852,41704,62556,83408,104260
20853,41706,62559,83412,104265
20854,41708,62562,83416,104270
20855,41710,62565,83420,104275
20856,41712,62568,83424,104280
20857,41714,62571,83428,104285
20858,41716,62574,83432,104290
20859,41718,62577,83436,104295
20860,41720,62580,83440,104300
20861,41722,62583,83444,104305
20862,41724,62586,83448,104310
20863,41726,62589,83452,104315
20864,41728,62592,83456,104320
20865,41730,62595,83460,104325
20866,41732,62598,83464,104330
20867,41734,62601,83468,104335
20868,41736,62604,83472,104340
20869,41738,62607,83476,104345
20870,41740,62610,83480,104350
20871,41742,62613,83484,104355
20872,41744,62616,83488,104360
20873,41746,62619,83492,104365
20874,41748,62622,83496,104370
20875,41750,62625,83500,104375
20876,41752,62628,83504,104380
20877,41754,62631,83508,104385
20878,41756,62634,83512,104390
20879,41758,62637,83516,104395
20880,41760,62640,83520,104400
20881,41762,62643,83524,104405
20882,41764,62646,83528,104410
20883,41766,62649,83532,104415
20884,41768,62652,83536,104420
20885,41770,62655,83540,104425
20886,41772,62658,83544,104430
20887,41774,62661,83548,104435
20888,41776,62664,83552,104440
20889,41778,62667,83556,104445
20890,41780,62670,83560,104450
20891,41782,62673,83564,104455
20892,41784,62676,83568,104460
20893,41786,62679,83572,104465
20894,41788,62682,83576,104470
20895,41790,62685,83580,104475
20896,41792,62688,83584,104480
20897,41794,62691,83588,104485
20898,41796,62694,83592,104490
20899,41798,62697,83596,104495
20900,41800,62700,83600,104500
20901,41802,62703,83604,104505
20902,41804,62706,83608,104510
20903,41806,62709,83612,104515
20904,41808,62712,83616,104520
20905,41810,62715,83620,104525
20906,41812,62718,83624,104530
20907,41814,62721,83628,104535
20908,41816,62724,83632,104540
20909,41818,62727,83636,104545
20910,41820,62730,83640,104550
20911,41822,62733,83644,104555
20912,41824,62736,83648,104560
20913,41826,62739,83652,104565
20914,41828,62742,83656,104570
20915,41830,62745,83660,104575
20916,41832,62748,83664,104580
20917,41834,62751,83668,104585
20918,41836,62754,83672,104590
20919,41838,62757,83676,104595
20920,41840,62760,83680,104600
20921,41842,62763,83684,104605
20922,41844,62766,83688,104610
20923,41846,62769,83692,104615
20924,41848,62772,83696,104620
20925,41850,62775,83700,104625
20926,41852,62778,83704,104630
20927,41854,62781,83708,104635
20928,41856,62784,83712,104640
20929,41858,62787,83716,104645
20930,41860,62790,83720,104650
20931,41862,62793,83724,104655
20932,41864,62796,83728,104660
20933,41866,62799,83732,104665
20934,41868,62802,83736,104670
20935,41870,62805,83740,104675
20936,41872,62808,83744,104680
20937,41874,62811,83748,104685
20938,41876,62814,83752,104690
20939,41878,62817,83756,104695
20940,41880,62820,83760,104700
20941,41882,62823,83764,104705
20942,41884,62826,83768,104710
20943,41886,62829,83772,104715
20944,41888,62832,83776,104720
20945,41890,62835,83780,104725
20946,41892,62838,83784,104730
20947,41894,62841,83788,104735
20948,41896,62844,83792,104740
20949,41898,62847,83796,104745
20950,41900,62850,83800,104750
20951,41902,62853,83804,104755
20952,41904,62856,83808,104760
20953,41906,62859,83812,104765
20954,41908,62862,83816,104770
20955,41910,62865,83820,104775
20956,41912,62868,83824,104780
20957,41914,62871,83828,104785
20958,41916,62874,83832,104790
20959,41918,62877,83836,104795
20960,41920,62880,83840,104800
20961,41922,62883,83844,104805
20962,41924,62886,83848,104810
20963,41926,62889,83852,104815
20964,41928,62892,83856,104820
20965,41930,62895,83860,104825
20966,41932,62898,83864,104830
20967,41934,62901,83868,104835
20968,41936,62904,83872,104840
20969,41938,62907,83876,104845
20970,41940,62910,83880,104850
20971,41942,62913,83884,104855
20972,41944,62916,83888,104860
20973,41946,62919,83892,104865
20974,41948,62922,83896,104870
20975,41950,62925,83900,104875
20976,41952,62928,83904,104880
20977,41954,62931,83908,104885
20978,41956,62934,83912,104890
20979,41958,62937,83916,104895
20980,41960,62940,83920,104900
20981,41962,62943,83924,104905
20982,41964,62946,83928,104910
20983,41966,62949,83932,104915
20984,41968,62952,83936,104920
20985,41970,62955,83940,104925
20986,41972,62958,83944,104930
20987,41974,62961,83948,104935
20988,41976,62964,83952,104940
20989,41978,62967,83956,104945
20990,41980,62970,83960,104950
20991,41982,62973,83964,104955
20992,41984,62976,83968,104960
20993,41986,62979,83972,104965
20994,41988,62982,83976,104970
20995,41990,62985,83980,104975
20996,41992,62988,83984,104980
20997,41994,62991,83988,104985
20998,41996,62994,83992,104990
20999,41998,62997,83996,104995
21000,42000,63000,84000,105000
21001,42002,63003,84004,105005
21002,42004,63006,84008,105010
21003,42006,63009,84012,105015
21004,42008,63012,84016,105020
21005,42010,63015,84020,105025
21006,42012,63018,84024,105030
21007,42014,63021,84028,105035
21008,42016,63024,84032,105040
21009,42018,63027,84036,105045
21010,42020,63030,84040,105050
21011,42022,63033,84044,105055
21012,42024,63036,84048,105060
21013,42026,63039,84052,105065
21014,42028,63042,84056,105070
21015,42030,63045,84060,105075
21016,42032,63048,84064,105080
21017,42034,63051,84068,105085
21018,42036,63054,84072,105090
21019,42038,63057,84076,105095
21020,42040,63060,84080,105100
21021,42042,63063,84084,105105
21022,42044,63066,84088,105110
21023,42046,63069,84092,105115
21024,42048,63072,84096,105120
21025,42050,63075,84100,105125
21026,42052,63078,84104,105130
21027,42054,63081,84108,105135
21028,42056,63084,84112,105140
21029,42058,63087,84116,105145
21030,42060,63090,84120,105150
21031,42062,63093,84124,105155
21032,42064,63096,84128,105160
21033,42066,63099,84132,105165
21034,42068,63102,84136,105170
21035,42070,63105,84140,105175
21036,42072,63108,84144,105180
21037,42074,63111,84148,105185
21038,42076,63114,84152,105190
21039,42078,63117,84156,105195
21040,42080,63120,84160,105200
21041,42082,63123,84164,105205
21042,42084,63126,84168,105210
21043,42086,63129,84172,105215
21044,42088,63132,84176,105220
21045,42090,63135,84180,105225
21046,42092,63138,84184,105230
21047,42094,63141,84188,105235
21048,42096,63144,84192,105240
21049,42098,63147,84196,105245
21050,42100,63150,84200,105250
21051,42102,63153,84204,105255
21052,42104,63156,84208,105260
21053,42106,63159,84212,105265
21054,42108,63162,84216,105270
21055,42110,63165,84220,105275
21056,42112,63168,84224,105280
21057,42114,63171,84228,105285
21058,42116,63174,84232,105290
21059,42118,63177,84236,105295
21060,42120,63180,84240,105300
21061,42122,63183,84244,105305
21062,42124,63186,84248,105310
21063,42126,63189,84252,105315
21064,42128,63192,84256,105320
21065,42130,63195,84260,105325
21066,42132,63198,84264,105330
21067,42134,63201,84268,105335
21068,42136,63204,84272,105340
21069,42138,63207,84276,105345
21070,42140,63210,84280,105350
21071,42142,63213,84284,105355
21072,42144,63216,84288,105360
21073,42146,63219,84292,105365
21074,42148,63222,84296,105370
21075,42150,63225,84300,105375
21076,42152,63228,84304,105380
21077,42154,63231,84308,105385
21078,42156,63234,84312,105390
21079,42158,63237,84316,105395
21080,42160,63240,84320,105400
21081,42162,63243,84324,105405
21082,42164,63246,84328,105410
21083,42166,63249,84332,105415
21084,42168,63252,84336,105420
21085,42170,63255,84340,105425
21086,42172,63258,84344,105430
21087,42174,63261,84348,105435
21088,42176,63264,84352,105440
21089,42178,63267,84356,105445
21090,42180,63270,84360,105450
21091,42182,63273,84364,105455
21092,42184,63276,84368,105460
21093,42186,63279,84372,105465
21094,42188,63282,84376,105470
21095,42190,63285,84380,105475
21096,42192,63288,84384,105480
21097,42194,63291,84388,105485
21098,42196,63294,84392,105490
21099,42198,63297,84396,105495
21100,42200,63300,84400,105500
21101,42202,63303,84404,105505
21102,42204,63306,84408,105510
21103,42206,63309,84412,105515
21104,42208,63312,84416,105520
21105,42210,63315,84420,105525
21106,42212,63318,84424,105530
21107,42214,63321,84428,105535
21108,42216,63324,84432,105540
21109,42218,63327,84436,105545
21110,42220,63330,84440,105550
21111,42222,63333,84444,105555
21112,42224,63336,84448,105560
21113,42226,63339,84452,105565
21114,42228,63342,84456,105570
21115,42230,63345,84460,105575
21116,42232,63348,84464,105580
21117,42234,63351,84468,105585
21118,42236,63354,84472,105590
21119,42238,63357,84476,105595
21120,42240,63360,84480,105600
21121,42242,63363,84484,105605
21122,42244,63366,84488,105610
21123,42246,63369,84492,105615
21124,42248,63372,84496,105620
21125,42250,63375,84500,105625
21126,42252,63378,84504,105630
21127,42254,63381,84508,105635
21128,42256,63384,84512,105640
21129,42258,63387,84516,105645
21130,42260,63390,84520,105650
21131,42262,63393,84524,105655
21132,42264,63396,84528,105660
21133,42266,63399,84532,105665
21134,42268,63402,84536,105670
21135,42270,63405,84540,105675
21136,42272,63408,84544,105680
21137,42274,63411,84548,105685
21138,42276,63414,84552,105690
21139,42278,63417,84556,105695
21140,42280,63420,84560,105700
21141,42282,63423,84564,105705
21142,42284,63426,84568,105710
21143,42286,63429,84572,105715
21144,42288,63432,84576,105720
21145,42290,63435,84580,105725
21146,42292,63438,84584,105730
21147,42294,63441,84588,105735
21148,42296,63444,84592,105740
21149,42298,63447,84596,105745
21150,42300,63450,84600,105750
21151,42302,63453,84604,105755
21152,42304,63456,84608,105760
21153,42306,63459,84612,105765
21154,42308,63462,84616,105770
21155,42310,63465,84620,105775
21156,42312,63468,84624,105780
21157,42314,63471,84628,105785
21158,42316,63474,84632,105790
21159,42318,63477,84636,105795
21160,42320,63480,84640,105800
21161,42322,63483,84644,105805
21162,42324,63486,84648,105810
21163,42326,63489,84652,105815
21164,42328,63492,84656,105820
21165,42330,63495,84660,105825
21166,42332,63498,84664,105830
21167,42334,63501,84668,105835
21168,42336,63504,84672,105840
21169,42338,63507,84676,105845
21170,42340,63510,84680,105850
21171,42342,63513,84684,105855
21172,42344,63516,84688,105860
21173,42346,63519,84692,105865
21174,42348,63522,84696,105870
21175,42350,63525,84700,105875
21176,42352,63528,84704,105880
21177,42354,63531,84708,105885
21178,42356,63534,84712,105890
21179,42358,63537,84716,105895
21180,42360,63540,84720,105900
21181,42362,63543,84724,105905
21182,42364,63546,84728,105910
21183,42366,63549,84732,105915
21184,42368,63552,84736,105920
21185,42370,63555,84740,105925
21186,42372,63558,84744,105930
21187,42374,63561,84748,105935
21188,42376,63564,84752,105940
21189,42378,63567,84756,105945
21190,42380,63570,84760,105950
21191,42382,63573,84764,105955
21192,42384,63576,84768,105960
21193,42386,63579,84772,105965
21194,42388,63582,84776,105970
21195,42390,63585,84780,105975
21196,42392,63588,84784,105980
21197,42394,63591,84788,105985
21198,42396,63594,84792,105990
21199,42398,63597,84796,105995
21200,42400,63600,84800,106000
21201,42402,63603,84804,106005
21202,42404,63606,84808,106010
21203,42406,63609,84812,106015
21204,42408,63612,84816,106020
21205,42410,63615,84820,106025
21206,42412,63618,84824,106030
21207,42414,63621,84828,106035
21208,42416,63624,84832,106040
21209,42418,63627,84836,106045
21210,42420,63630,84840,106050
21211,42422,63633,84844,106055
21212,42424,63636,84848,106060
21213,42426,63639,84852,106065
21214,42428,63642,84856,106070
21215,42430,63645,84860,106075
21216,42432,63648,84864,106080
21217,42434,63651,84868,106085
21218,42436,63654,84872,106090
21219,42438,63657,84876,106095
21220,42440,63660,84880,106100
21221,42442,63663,84884,106105
21222,42444,63666,84888,106110
21223,42446,63669,84892,106115
21224,42448,63672,84896,106120
21225,42450,63675,84900,106125
21226,42452,63678,84904,106130
21227,42454,63681,84908,106135
21228,42456,63684,84912,106140
21229,42458,63687,84916,106145
21230,42460,63690,84920,106150
21231,42462,63693,84924,106155
21232,42464,63696,84928,106160
21233,42466,63699,84932,106165
21234,42468,63702,84936,106170
21235,42470,63705,84940,106175
21236,42472,63708,84944,106180
21237,42474,63711,84948,106185
21238,42476,63714,84952,106190
21239,42478,63717,84956,106195
21240,42480,63720,84960,106200
21241,42482,63723,84964,106205
21242,42484,63726,84968,106210
21243,42486,63729,84972,106215
21244,42488,63732,84976,106220
21245,42490,63735,84980,106225
21246,42492,63738,84984,106230
21247,42494,63741,84988,106235
21248,42496,63744,84992,106240
21249,42498,63747,84996,106245
21250,42500,63750,85000,106250
21251,42502,63753,85004,106255
21252,42504,63756,85008,106260
21253,42506,63759,85012,106265
21254,42508,63762,85016,106270
21255,42510,63765,85020,106275
21256,42512,63768,85024,106280
21257,42514,63771,85028,106285
21258,42516,63774,85032,106290
21259,42518,63777,85036,106295
21260,42520,63780,85040,106300
21261,42522,63783,85044,106305
21262,42524,63786,85048,106310
21263,42526,63789,85052,106315
21264,42528,63792,85056,106320
21265,42530,63795,85060,106325
21266,42532,63798,85064,106330
21267,42534,63801,85068,106335
21268,42536,63804,85072,106340
21269,42538,63807,85076,106345
21270,42540,63810,85080,106350
21271,42542,63813,85084,106355
21272,42544,63816,85088,106360
21273,42546,63819,85092,106365
21274,42548,63822,85096,106370
21275,42550,63825,85100,106375
21276,42552,63828,85104,106380
21277,42554,63831,85108,106385
21278,42556,63834,85112,106390
21279,42558,63837,85116,106395
21280,42560,63840,85120,106400
21281,42562,63843,85124,106405
21282,42564,63846,85128,106410
21283,42566,63849,85132,106415
21284,42568,63852,85136,106420
21285,42570,63855,85140,106425
21286,42572,63858,85144,106430
21287,42574,63861,85148,106435
21288,42576,63864,85152,106440
21289,42578,63867,85156,106445
21290,42580,63870,85160,106450
21291,42582,63873,85164,106455
21292,42584,63876,85168,106460
21293,42586,63879,85172,106465
21294,42588,63882,85176,106470
21295,42590,63885,85180,106475
21296,42592,63888,85184,106480
21297,42594,63891,85188,106485
21298,42596,63894,85192,106490
21299,42598,63897,85196,106495
21300,42600,63900,85200,106500
21301,42602,63903,85204,106505
21302,42604,63906,85208,106510
21303,42606,63909,85212,106515
21304,42608,63912,85216,106520
21305,42610,63915,85220,106525
21306,42612,63918,85224,106530
21307,42614,63921,85228,106535
21308,42616,63924,85232,106540
21309,42618,63927,85236,106545
21310,42620,63930,85240,106550
21311,42622,63933,85244,106555
21312,42624,63936,85248,106560
21313,42626,63939,85252,106565
21314,42628,63942,85256,106570
21315,42630,63945,85260,106575
21316,42632,63948,85264,106580
21317,42634,63951,85268,106585
21318,42636,63954,85272,106590
21319,42638,63957,85276,106595
21320,42640,63960,85280,106600
21321,42642,63963,85284,106605
21322,42644,63966,85288,106610
21323,42646,63969,85292,106615
21324,42648,63972,85296,106620
21325,42650,63975,85300,106625
21326,42652,63978,85304,106630
21327,42654,63981,85308,106635
21328,42656,63984,85312,106640
21329,42658,63987,85316,106645
21330,42660,63990,85320,106650
21331,42662,63993,85324,106655
21332,42664,63996,85328,106660
21333,42666,63999,85332,106665
21334,42668,64002,85336,106670
21335,42670,64005,85340,106675
21336,42672,64008,85344,106680
21337,42674,64011,85348,106685
21338,42676,64014,85352,106690
21339,42678,64017,85356,106695
21340,42680,64020,85360,106700
21341,42682,64023,85364,106705
21342,42684,64026,85368,106710
21343,42686,64029,85372,106715
21344,42688,64032,85376,106720
21345,42690,64035,85380,106725
21346,42692,64038,85384,106730
21347,42694,64041,85388,106735
21348,42696,64044,85392,106740
21349,42698,64047,85396,106745
21350,42700,64050,85400,106750
21351,42702,64053,85404,106755
21352,42704,64056,85408,106760
21353,42706,64059,85412,106765
21354,42708,64062,85416,106770
21355,42710,64065,85420,106775
21356,42712,64068,85424,106780
21357,42714,64071,85428,106785
21358,42716,64074,85432,106790
21359,42718,64077,85436,106795
21360,42720,64080,85440,106800
21361,42722,64083,85444,106805
21362,42724,64086,85448,106810
21363,42726,64089,85452,106815
21364,42728,64092,85456,106820
21365,42730,64095,85460,106825
21366,42732,64098,85464,106830
21367,42734,64101,85468,106835
21368,42736,64104,85472,106840
21369,42738,64107,85476,106845
21370,42740,64110,85480,106850
21371,42742,64113,85484,106855
21372,42744,64116,85488,106860
21373,42746,64119,85492,106865
21374,42748,64122,85496,106870
21375,42750,64125,85500,106875
21376,42752,64128,85504,106880
21377,42754,64131,85508,106885
21378,42756,64134,85512,106890
21379,42758,64137,85516,106895
21380,42760,64140,85520,106900
21381,42762,64143,85524,106905
21382,42764,64146,85528,106910
21383,42766,64149,85532,106915
21384,42768,64152,85536,106920
21385,42770,64155,85540,106925
21386,42772,64158,85544,106930
21387,42774,64161,85548,106935
21388,42776,64164,85552,106940
21389,42778,64167,85556,106945
21390,42780,64170,85560,106950
21391,42782,64173,85564,106955
21392,42784,64176,85568,106960
21393,42786,64179,85572,106965
21394,42788,64182,85576,106970
21395,42790,64185,85580,106975
21396,42792,64188,85584,106980
21397,42794,64191,85588,106985
21398,42796,64194,85592,106990
21399,42798,64197,85596,106995
21400,42800,64200,85600,107000
21401,42802,64203,85604,107005
21402,42804,64206,85608,107010
21403,42806,64209,85612,107015
21404,42808,64212,85616,107020
21405,42810,64215,85620,107025
21406,42812,64218,85624,107030
21407,42814,64221,85628,107035
21408,42816,64224,85632,107040
21409,42818,64227,85636,107045
21410,42820,64230,85640,107050
21411,42822,64233,85644,107055
21412,42824,64236,85648,107060
21413,42826,64239,85652,107065
21414,42828,64242,85656,107070
21415,42830,64245,85660,107075
21416,42832,64248,85664,107080
21417,42834,64251,85668,107085
21418,42836,64254,85672,107090
21419,42838,64257,85676,107095
21420,42840,64260,85680,107100
21421,42842,64263,85684,107105
21422,42844,64266,85688,107110
21423,42846,64269,85692,107115
21424,42848,64272,85696,107120
21425,42850,64275,85700,107125
21426,42852,64278,85704,107130
21427,42854,64281,85708,107135
21428,42856,64284,85712,107140
21429,42858,64287,85716,107145
21430,42860,64290,85720,107150
21431,42862,64293,85724,107155
21432,42864,64296,85728,107160
21433,42866,64299,85732,107165
21434,42868,64302,85736,107170
21435,42870,64305,85740,107175
21436,42872,64308,85744,107180
21437,42874,64311,85748,107185
21438,42876,64314,85752,107190
21439,42878,64317,85756,107195
21440,42880,64320,85760,107200
21441,42882,64323,85764,107205
21442,42884,64326,85768,107210
21443,42886,64329,85772,107215
21444,42888,64332,85776,107220
21445,42890,64335,85780,107225
21446,42892,64338,85784,107230
21447,42894,64341,85788,107235
21448,42896,64344,85792,107240
21449,42898,64347,85796,107245
21450,42900,64350,85800,107250
21451,42902,64353,85804,107255
21452,42904,64356,85808,107260
21453,42906,64359,85812,107265
21454,42908,64362,85816,107270
21455,42910,64365,85820,107275
21456,42912,64368,85824,107280
21457,42914,64371,85828,107285
21458,42916,64374,85832,107290
21459,42918,64377,85836,107295
21460,42920,64380,85840,107300
21461,42922,64383,85844,107305
21462,42924,64386,85848,107310
21463,42926,64389,85852,107315
21464,42928,64392,85856,107320
21465,42930,64395,85860,107325
21466,42932,64398,85864,107330
21467,42934,64401,85868,107335
21468,42936,64404,85872,107340
21469,42938,64407,85876,107345
21470,42940,64410,85880,107350
21471,42942,64413,85884,107355
21472,42944,64416,85888,107360
21473,42946,64419,85892,107365
21474,42948,64422,85896,107370
21475,42950,64425,85900,107375
21476,42952,64428,85904,107380
21477,42954,64431,85908,107385
21478,42956,64434,85912,107390
21479,42958,64437,85916,107395
21480,42960,64440,85920,107400
21481,42962,64443,85924,107405
21482,42964,64446,85928,107410
21483,42966,64449,85932,107415
21484,42968,64452,85936,107420
21485,42970,64455,85940,107425
21486,42972,64458,85944,107430
21487,42974,64461,85948,107435
21488,42976,64464,85952,107440
21489,42978,64467,85956,107445
21490,42980,64470,85960,107450
21491,42982,64473,85964,107455
21492,42984,64476,85968,107460
21493,42986,64479,85972,107465
21494,42988,64482,85976,107470
21495,42990,64485,85980,107475
21496,42992,64488,85984,107480
21497,42994,64491,85988,107485
21498,42996,64494,85992,107490
21499,42998,64497,85996,107495
21500,43000,64500,86000,107500
21501,43002,64503,86004,107505
21502,43004,64506,86008,107510
21503,43006,64509,86012,107515
21504,43008,64512,86016,107520
21505,43010,64515,86020,107525
21506,43012,64518,86024,107530
21507,43014,64521,86028,107535
21508,43016,64524,86032,107540
21509,43018,64527,86036,107545
21510,43020,64530,86040,107550
21511,43022,64533,86044,107555
21512,43024,64536,86048,107560
21513,43026,64539,86052,107565
21514,43028,64542,86056,107570
21515,43030,64545,86060,107575
21516,43032,64548,86064,107580
21517,43034,64551,86068,107585
21518,43036,64554,86072,107590
21519,43038,64557,86076,107595
21520,43040,64560,86080,107600
21521,43042,64563,86084,107605
21522,43044,64566,86088,107610
21523,43046,64569,86092,107615
21524,43048,64572,86096,107620
21525,43050,64575,86100,107625
21526,43052,64578,86104,107630
21527,43054,64581,86108,107635
21528,43056,64584,86112,107640
21529,43058,64587,86116,107645
21530,43060,64590,86120,107650
21531,43062,64593,86124,107655
21532,43064,64596,86128,107660
21533,43066,64599,86132,107665
21534,43068,64602,86136,107670
21535,43070,64605,86140,107675
21536,43072,64608,86144,107680
21537,43074,64611,86148,107685
21538,43076,64614,86152,107690
21539,43078,64617,86156,107695
21540,43080,64620,86160,107700
21541,43082,64623,86164,107705
21542,43084,64626,86168,107710
21543,43086,64629,86172,107715
21544,43088,64632,86176,107720
21545,43090,64635,86180,107725
21546,43092,64638,86184,107730
21547,43094,64641,86188,107735
21548,43096,64644,86192,107740
21549,43098,64647,86196,107745
21550,43100,64650,86200,107750
21551,43102,64653,86204,107755
21552,43104,64656,86208,107760
21553,43106,64659,86212,107765
21554,43108,64662,86216,107770
21555,43110,64665,86220,107775
21556,43112,64668,86224,107780
21557,43114,64671,86228,107785
21558,43116,64674,86232,107790
21559,43118,64677,86236,107795
21560,43120,64680,86240,107800
21561,43122,64683,86244,107805
21562,43124,64686,86248,107810
21563,43126,64689,86252,107815
21564,43128,64692,86256,107820
21565,43130,64695,86260,107825
21566,43132,64698,86264,107830
21567,43134,64701,86268,107835
21568,43136,64704,86272,107840
21569,43138,64707,86276,107845
21570,43140,64710,86280,107850
21571,43142,64713,86284,107855
21572,43144,64716,86288,107860
21573,43146,64719,86292,107865
21574,43148,64722,86296,107870
21575,43150,64725,86300,107875
21576,43152,64728,86304,107880
21577,43154,64731,86308,107885
21578,43156,64734,86312,107890
21579,43158,64737,86316,107895
21580,43160,64740,86320,107900
21581,43162,64743,86324,107905
21582,43164,64746,86328,107910
21583,43166,64749,86332,107915
21584,43168,64752,86336,107920
21585,43170,64755,86340,107925
21586,43172,64758,86344,107930
21587,43174,64761,86348,107935
21588,43176,64764,86352,107940
21589,43178,64767,86356,107945
21590,43180,64770,86360,107950
21591,43182,64773,86364,107955
21592,43184,64776,86368,107960
21593,43186,64779,86372,107965
21594,43188,64782,86376,107970
21595,43190,64785,86380,107975
21596,43192,64788,86384,107980
21597,43194,64791,86388,107985
21598,43196,64794,86392,107990
21599,43198,64797,86396,107995
21600,43200,64800,86400,108000
21601,43202,64803,86404,108005
21602,43204,64806,86408,108010
21603,43206,64809,86412,108015
21604,43208,64812,86416,108020
21605,43210,64815,86420,108025
21606,43212,64818,86424,108030
21607,43214,64821,86428,108035
21608,43216,64824,86432,108040
21609,43218,64827,86436,108045
21610,43220,64830,86440,108050
21611,43222,64833,86444,108055
21612,43224,64836,86448,108060
21613,43226,64839,86452,108065
21614,43228,64842,86456,108070
21615,43230,64845,86460,108075
21616,43232,64848,86464,108080
21617,43234,64851,86468,108085
21618,43236,64854,86472,108090
21619,43238,64857,86476,108095
21620,43240,64860,86480,108100
21621,43242,64863,86484,108105
21622,43244,64866,86488,108110
21623,43246,64869,86492,108115
21624,43248,64872,86496,108120
21625,43250,64875,86500,108125
21626,43252,64878,86504,108130
21627,43254,64881,86508,108135
21628,43256,64884,86512,108140
21629,43258,64887,86516,108145
21630,43260,64890,86520,108150
21631,43262,64893,86524,108155
21632,43264,64896,86528,108160
21633,43266,64899,86532,108165
21634,43268,64902,86536,108170
21635,43270,64905,86540,108175
21636,43272,64908,86544,108180
21637,43274,64911,86548,108185
21638,43276,64914,86552,108190
21639,43278,64917,86556,108195
21640,43280,64920,86560,108200
21641,43282,64923,86564,108205
21642,43284,64926,86568,108210
21643,43286,64929,86572,108215
21644,43288,64932,86576,108220
21645,43290,64935,86580,108225
21646,43292,64938,86584,108230
21647,43294,64941,86588,108235
21648,43296,64944,86592,108240
21649,43298,64947,86596,108245
21650,43300,64950,86600,108250
21651,43302,64953,86604,108255
21652,43304,64956,86608,108260
21653,43306,64959,86612,108265
21654,43308,64962,86616,108270
21655,43310,64965,86620,108275
21656,43312,64968,86624,108280
21657,43314,64971,86628,108285
21658,43316,64974,86632,108290
21659,43318,64977,86636,108295
21660,43320,64980,86640,108300
21661,43322,64983,86644,108305
21662,43324,64986,86648,108310
21663,43326,64989,86652,108315
21664,43328,64992,86656,108320
21665,43330,64995,86660,108325
21666,43332,64998,86664,108330
21667,43334,65001,86668,108335
21668,43336,65004,86672,108340
21669,43338,65007,86676,108345
21670,43340,65010,86680,108350
21671,43342,65013,86684,108355
21672,43344,65016,86688,108360
21673,43346,65019,86692,108365
21674,43348,65022,86696,108370
21675,43350,65025,86700,108375
21676,43352,65028,86704,108380
21677,43354,65031,86708,108385
21678,43356,65034,86712,108390
21679,43358,65037,86716,108395
21680,43360,65040,86720,108400
21681,43362,65043,86724,108405
21682,43364,65046,86728,108410
21683,43366,65049,86732,108415
21684,43368,65052,86736,108420
21685,43370,65055,86740,108425
21686,43372,65058,86744,108430
21687,43374,65061,86748,108435
21688,43376,65064,86752,108440
21689,43378,65067,86756,108445
21690,43380,65070,86760,108450
21691,43382,65073,86764,108455
21692,43384,65076,86768,108460
21693,43386,65079,86772,108465
21694,43388,65082,86776,108470
21695,43390,65085,86780,108475
21696,43392,65088,86784,108480
21697,43394,65091,86788,108485
21698,43396,65094,86792,108490
21699,43398,65097,86796,108495
21700,43400,65100,86800,108500
21701,43402,65103,86804,108505
21702,43404,65106,86808,108510
21703,43406,65109,86812,108515
21704,43408,65112,86816,108520
21705,43410,65115,86820,108525
21706,43412,65118,86824,108530
21707,43414,65121,86828,108535
21708,43416,65124,86832,108540
21709,43418,65127,86836,108545
21710,43420,65130,86840,108550
21711,43422,65133,86844,108555
21712,43424,65136,86848,108560
21713,43426,65139,86852,108565
21714,43428,65142,86856,108570
21715,43430,65145,86860,108575
21716,43432,65148,86864,108580
21717,43434,65151,86868,108585
21718,43436,65154,86872,108590
21719,43438,65157,86876,108595
21720,43440,65160,86880,108600
21721,43442,65163,86884,108605
21722,43444,65166,86888,108610
21723,43446,65169,86892,108615
21724,43448,65172,86896,108620
21725,43450,65175,86900,108625
21726,43452,65178,86904,108630
21727,43454,65181,86908,108635
21728,43456,65184,86912,108640
21729,43458,65187,86916,108645
21730,43460,65190,86920,108650
21731,43462,65193,86924,108655
21732,43464,65196,86928,108660
21733,43466,65199,86932,108665
21734,43468,65202,86936,108670
21735,43470,65205,86940,108675
21736,43472,65208,86944,108680
21737,43474,65211,86948,108685
21738,43476,65214,86952,108690
21739,43478,65217,86956,108695
21740,43480,65220,86960,108700
21741,43482,65223,86964,108705
21742,43484,65226,86968,108710
21743,43486,65229,86972,108715
21744,43488,65232,86976,108720
21745,43490,65235,86980,108725
21746,43492,65238,86984,108730
21747,43494,65241,86988,108735
21748,43496,65244,86992,108740
21749,43498,65247,86996,108745
21750,43500,65250,87000,108750
21751,43502,65253,87004,108755
21752,43504,65256,87008,108760
21753,43506,65259,87012,108765
21754,43508,65262,87016,108770
21755,43510,65265,87020,108775
21756,43512,65268,87024,108780
21757,43514,65271,87028,108785
21758,43516,65274,87032,108790
21759,43518,65277,87036,108795
21760,43520,65280,87040,108800
21761,43522,65283,87044,108805
21762,43524,65286,87048,108810
21763,43526,65289,87052,108815
21764,43528,65292,87056,108820
21765,43530,65295,87060,108825
21766,43532,65298,87064,108830
21767,43534,65301,87068,108835
21768,43536,65304,87072,108840
21769,43538,65307,87076,108845
21770,43540,65310,87080,108850
21771,43542,65313,87084,108855
21772,43544,65316,87088,108860
21773,43546,65319,87092,108865
21774,43548,65322,87096,108870
21775,43550,65325,87100,108875
21776,43552,65328,87104,108880
21777,43554,65331,87108,108885
21778,43556,65334,87112,108890
21779,43558,65337,87116,108895
21780,43560,65340,87120,108900
21781,43562,65343,87124,108905
21782,43564,65346,87128,108910
21783,43566,65349,87132,108915
21784,43568,65352,87136,108920
21785,43570,65355,87140,108925
21786,43572,65358,87144,108930
21787,43574,65361,87148,108935
21788,43576,65364,87152,108940
21789,43578,65367,87156,108945
21790,43580,65370,87160,108950
21791,43582,65373,87164,108955
21792,43584,65376,87168,108960
21793,43586,65379,87172,108965
21794,43588,65382,87176,108970
21795,43590,65385,87180,108975
21796,43592,65388,87184,108980
21797,43594,65391,87188,108985
21798,43596,65394,87192,108990
21799,43598,65397,87196,108995
21800,43600,65400,87200,109000
21801,43602,65403,87204,109005
21802,43604,65406,87208,109010
21803,43606,65409,87212,109015
21804,43608,65412,87216,109020
21805,43610,65415,87220,109025
21806,43612,65418,87224,109030
21807,43614,65421,87228,109035
21808,43616,65424,87232,109040
21809,43618,65427,87236,109045
21810,43620,65430,87240,109050
21811,43622,65433,87244,109055
21812,43624,65436,87248,109060
21813,43626,65439,87252,109065
21814,43628,65442,87256,109070
21815,43630,65445,87260,109075
21816,43632,65448,87264,109080
21817,43634,65451,87268,109085
21818,43636,65454,87272,109090
21819,43638,65457,87276,109095
21820,43640,65460,87280,109100
21821,43642,65463,87284,109105
21822,43644,65466,87288,109110
21823,43646,65469,87292,109115
21824,43648,65472,87296,109120
21825,43650,65475,87300,109125
21826,43652,65478,87304,109130
21827,43654,65481,87308,109135
21828,43656,65484,87312,109140
21829,43658,65487,87316,109145
21830,43660,65490,87320,109150
21831,43662,65493,87324,109155
21832,43664,65496,87328,109160
21833,43666,65499,87332,109165
21834,43668,65502,87336,109170
21835,43670,65505,87340,109175
21836,43672,65508,87344,109180
21837,43674,65511,87348,109185
21838,43676,65514,87352,109190
21839,43678,65517,87356,109195
21840,43680,65520,87360,109200
21841,43682,65523,87364,109205
21842,43684,65526,87368,109210
21843,43686,65529,87372,109215
21844,43688,65532,87376,109220
21845,43690,65535,87380,109225
21846,43692,65538,87384,109230
21847,43694,65541,87388,109235
21848,43696,65544,87392,109240
21849,43698,65547,87396,109245
21850,43700,65550,87400,109250
21851,43702,65553,87404,109255
21852,43704,65556,87408,109260
21853,43706,65559,87412,109265
21854,43708,65562,87416,109270
21855,43710,65565,87420,109275
21856,43712,65568,87424,109280
21857,43714,65571,87428,109285
21858,43716,65574,87432,109290
21859,43718,65577,87436,109295
21860,43720,65580,87440,109300
21861,43722,65583,87444,109305
21862,43724,65586,87448,109310
21863,43726,65589,87452,109315
21864,43728,65592,87456,109320
21865,43730,65595,87460,109325
21866,43732,65598,87464,109330
21867,43734,65601,87468,109335
21868,43736,65604,87472,109340
21869,43738,65607,87476,109345
21870,43740,65610,87480,109350
21871,43742,65613,87484,109355
21872,43744,65616,87488,109360
21873,43746,65619,87492,109365
21874,43748,65622,87496,109370
21875,43750,65625,87500,109375
21876,43752,65628,87504,109380
21877,43754,65631,87508,109385
21878,43756,65634,87512,109390
21879,43758,65637,87516,109395
21880,43760,65640,87520,109400
21881,43762,65643,87524,109405
21882,43764,65646,87528,109410
21883,43766,65649,87532,109415
21884,43768,65652,87536,109420
21885,43770,65655,87540,109425
21886,43772,65658,87544,109430
21887,43774,65661,87548,109435
21888,43776,65664,87552,109440
21889,43778,65667,87556,109445
21890,43780,65670,87560,109450
21891,43782,65673,87564,109455
21892,43784,65676,87568,109460
21893,43786,65679,87572,109465
21894,43788,65682,87576,109470
21895,43790,65685,87580,109475
21896,43792,65688,87584,109480
21897,43794,65691,87588,109485
21898,43796,65694,87592,109490
21899,43798,65697,87596,109495
21900,43800,65700,87600,109500
21901,43802,65703,87604,109505
21902,43804,65706,87608,109510
21903,43806,65709,87612,109515
21904,43808,65712,87616,109520
21905,43810,65715,87620,109525
21906,43812,65718,87624,109530
21907,43814,65721,87628,109535
21908,43816,65724,87632,109540
21909,43818,65727,87636,109545
21910,43820,65730,87640,109550
21911,43822,65733,87644,109555
21912,43824,65736,87648,109560
21913,43826,65739,87652,109565
21914,43828,65742,87656,109570
21915,43830,65745,87660,109575
21916,43832,65748,87664,109580
21917,43834,65751,87668,109585
21918,43836,65754,87672,109590
21919,43838,65757,87676,109595
21920,43840,65760,87680,109600
21921,43842,65763,87684,109605
21922,43844,65766,87688,109610
21923,43846,65769,87692,109615
21924,43848,65772,87696,109620
21925,43850,65775,87700,109625
21926,43852,65778,87704,109630
21927,43854,65781,87708,109635
21928,43856,65784,87712,109640
21929,43858,65787,87716,109645
21930,43860,65790,87720,109650
21931,43862,65793,87724,109655
21932,43864,65796,87728,109660
21933,43866,65799,87732,109665
21934,43868,65802,87736,109670
21935,43870,65805,87740,109675
21936,43872,65808,87744,109680
21937,43874,65811,87748,109685
21938,43876,65814,87752,109690
21939,43878,65817,87756,109695
21940,43880,65820,87760,109700
21941,43882,65823,87764,109705
21942,43884,65826,87768,109710
21943,43886,65829,87772,109715
21944,43888,65832,87776,109720
21945,43890,65835,87780,109725
21946,43892,65838,87784,109730
21947,43894,65841,87788,109735
21948,43896,65844,87792,109740
21949,43898,65847,87796,109745
21950,43900,65850,87800,109750
21951,43902,65853,87804,109755
21952,43904,65856,87808,109760
21953,43906,65859,87812,109765
21954,43908,65862,87816,109770
21955,43910,65865,87820,109775
21956,43912,65868,87824,109780
21957,43914,65871,87828,109785
21958,43916,65874,87832,109790
21959,43918,65877,87836,109795
21960,43920,65880,87840,109800
21961,43922,65883,87844,109805
21962,43924,65886,87848,109810
21963,43926,65889,87852,109815
21964,43928,65892,87856,109820
21965,43930,65895,87860,109825
21966,43932,65898,87864,109830
21967,43934,65901,87868,109835
21968,43936,65904,87872,109840
21969,43938,65907,87876,109845
21970,43940,65910,87880,109850
21971,43942,65913,87884,109855
21972,43944,65916,87888,109860
21973,43946,65919,87892,109865
21974,43948,65922,87896,109870
21975,43950,65925,87900,109875
21976,43952,65928,87904,109880
21977,43954,65931,87908,109885
21978,43956,65934,87912,109890
21979,43958,65937,87916,109895
21980,43960,65940,87920,109900
21981,43962,65943,87924,109905
21982,43964,65946,87928,109910
21983,43966,65949,87932,109915
21984,43968,65952,87936,109920
21985,43970,65955,87940,109925
21986,43972,65958,87944,109930
21987,43974,65961,87948,109935
21988,43976,65964,87952,109940
21989,43978,65967,87956,109945
21990,43980,65970,87960,109950
21991,43982,65973,87964,109955
21992,43984,65976,87968,109960
21993,43986,65979,87972,109965
21994,43988,65982,87976,109970
21995,43990,65985,87980,109975
21996,43992,65988,87984,109980
21997,43994,65991,87988,109985
21998,43996,65994,87992,109990
21999,43998,65997,87996,109995
22000,44000,66000,88000,110000
22001,44002,66003,88004,110005
22002,44004,66006,88008,110010
22003,44006,66009,88012,110015
22004,44008,66012,88016,110020
22005,44010,66015,88020,110025
22006,44012,66018,88024,110030
22007,44014,66021,88028,110035
22008,44016,66024,88032,110040
22009,44018,66027,88036,110045
22010,44020,66030,88040,110050
22011,44022,66033,88044,110055
22012,44024,66036,88048,110060
22013,44026,66039,88052,110065
22014,44028,66042,88056,110070
22015,44030,66045,88060,110075
22016,44032,66048,88064,110080
22017,44034,66051,88068,110085
22018,44036,66054,88072,110090
22019,44038,66057,88076,110095
22020,44040,66060,88080,110100
22021,44042,66063,88084,110105
22022,44044,66066,88088,110110
22023,44046,66069,88092,110115
22024,44048,66072,88096,110120
22025,44050,66075,88100,110125
22026,44052,66078,88104,110130
22027,44054,66081,88108,110135
22028,44056,66084,88112,110140
22029,44058,66087,88116,110145
22030,44060,66090,88120,110150
22031,44062,66093,88124,110155
22032,44064,66096,88128,110160
22033,44066,66099,88132,110165
22034,44068,66102,88136,110170
22035,44070,66105,88140,110175
22036,44072,66108,88144,110180
22037,44074,66111,88148,110185
22038,44076,66114,88152,110190
22039,44078,66117,88156,110195
22040,44080,66120,88160,110200
22041,44082,66123,88164,110205
22042,44084,66126,88168,110210
22043,44086,66129,88172,110215
22044,44088,66132,88176,110220
22045,44090,66135,88180,110225
22046,44092,66138,88184,110230
22047,44094,66141,88188,110235
22048,44096,66144,88192,110240
22049,44098,66147,88196,110245
22050,44100,66150,88200,110250
22051,44102,66153,88204,110255
22052,44104,66156,88208,110260
22053,44106,66159,88212,110265
22054,44108,66162,88216,110270
22055,44110,66165,88220,110275
22056,44112,66168,88224,110280
22057,44114,66171,88228,110285
22058,44116,66174,88232,110290
22059,44118,66177,88236,110295
22060,44120,66180,88240,110300
22061,44122,66183,88244,110305
22062,44124,66186,88248,110310
22063,44126,66189,88252,110315
22064,44128,66192,88256,110320
22065,44130,66195,88260,110325
22066,44132,66198,88264,110330
22067,44134,66201,88268,110335
22068,44136,66204,88272,110340
22069,44138,66207,88276,110345
22070,44140,66210,88280,110350
22071,44142,66213,88284,110355
22072,44144,66216,88288,110360
22073,44146,66219,88292,110365
22074,44148,66222,88296,110370
22075,44150,66225,88300,110375
22076,44152,66228,88304,110380
22077,44154,66231,88308,110385
22078,44156,66234,88312,110390
22079,44158,66237,88316,110395
22080,44160,66240,88320,110400
22081,44162,66243,88324,110405
22082,44164,66246,88328,110410
22083,44166,66249,88332,110415
22084,44168,66252,88336,110420
22085,44170,66255,88340,110425
22086,44172,66258,88344,110430
22087,44174,66261,88348,110435
22088,44176,66264,88352,110440
22089,44178,66267,88356,110445
22090,44180,66270,88360,110450
22091,44182,66273,88364,110455
22092,44184,66276,88368,110460
22093,44186,66279,88372,110465
22094,44188,66282,88376,110470
22095,44190,66285,88380,110475
22096,44192,66288,88384,110480
22097,44194,66291,88388,110485
22098,44196,66294,88392,110490
22099,44198,66297,88396,110495
22100,44200,66300,88400,110500
22101,44202,66303,88404,110505
22102,44204,66306,88408,110510
22103,44206,66309,88412,110515
22104,44208,66312,88416,110520
22105,44210,66315,88420,110525
22106,44212,66318,88424,110530
22107,44214,66321,88428,110535
22108,44216,66324,88432,110540
22109,44218,66327,88436,110545
22110,44220,66330,88440,110550
22111,44222,66333,88444,110555
22112,44224,66336,88448,110560
22113,44226,66339,88452,110565
22114,44228,66342,88456,110570
22115,44230,66345,88460,110575
22116,44232,66348,88464,110580
22117,44234,66351,88468,110585
22118,44236,66354,88472,110590
22119,44238,66357,88476,110595
22120,44240,66360,88480,110600
22121,44242,66363,88484,110605
22122,44244,66366,88488,110610
22123,44246,66369,88492,110615
22124,44248,66372,88496,110620
22125,44250,66375,88500,110625
22126,44252,66378,88504,110630
22127,44254,66381,88508,110635
22128,44256,66384,88512,110640
22129,44258,66387,88516,110645
22130,44260,66390,88520,110650
22131,44262,66393,88524,110655
22132,44264,66396,88528,110660
22133,44266,66399,88532,110665
22134,44268,66402,88536,110670
22135,44270,66405,88540,110675
22136,44272,66408,88544,110680
22137,44274,66411,88548,110685
22138,44276,66414,88552,110690
22139,44278,66417,88556,110695
22140,44280,66420,88560,110700
22141,44282,66423,88564,110705
22142,44284,66426,88568,110710
22143,44286,66429,88572,110715
22144,44288,66432,88576,110720
22145,44290,66435,88580,110725
22146,44292,66438,88584,110730
22147,44294,66441,88588,110735
22148,44296,66444,88592,110740
22149,44298,66447,88596,110745
22150,44300,66450,88600,110750
22151,44302,66453,88604,110755
22152,44304,66456,88608,110760
22153,44306,66459,88612,110765
22154,44308,66462,88616,110770
22155,44310,66465,88620,110775
22156,44312,66468,88624,110780
22157,44314,66471,88628,110785
22158,44316,66474,88632,110790
22159,44318,66477,88636,110795
22160,44320,66480,88640,110800
22161,44322,66483,88644,110805
22162,44324,66486,88648,110810
22163,44326,66489,88652,110815
22164,44328,66492,88656,110820
22165,44330,66495,88660,110825
22166,44332,66498,88664,110830
22167,44334,66501,88668,110835
22168,44336,66504,88672,110840
22169,44338,66507,88676,110845
22170,44340,66510,88680,110850
22171,44342,66513,88684,110855
22172,44344,66516,88688,110860
22173,44346,66519,88692,110865
22174,44348,66522,88696,110870
22175,44350,66525,88700,110875
22176,44352,66528,88704,110880
22177,44354,66531,88708,110885
22178,44356,66534,88712,110890
22179,44358,66537,88716,110895
22180,44360,66540,88720,110900
22181,44362,66543,88724,110905
22182,44364,66546,88728,110910
22183,44366,66549,88732,110915
22184,44368,66552,88736,110920
22185,44370,66555,88740,110925
22186,44372,66558,88744,110930
22187,44374,66561,88748,110935
22188,44376,66564,88752,110940
22189,44378,66567,88756,110945
22190,44380,66570,88760,110950
22191,44382,66573,88764,110955
22192,44384,66576,88768,110960
22193,44386,66579,88772,110965
22194,44388,66582,88776,110970
22195,44390,66585,88780,110975
22196,44392,66588,88784,110980
22197,44394,66591,88788,110985
22198,44396,66594,88792,110990
22199,44398,66597,88796,110995
22200,44400,66600,88800,111000
22201,44402,66603,88804,111005
22202,44404,66606,88808,111010
22203,44406,66609,88812,111015
22204,44408,66612,88816,111020
22205,44410,66615,88820,111025
22206,44412,66618,88824,111030
22207,44414,66621,88828,111035
22208,44416,66624,88832,111040
22209,44418,66627,88836,111045
22210,44420,66630,88840,111050
22211,44422,66633,88844,111055
22212,44424,66636,88848,111060
22213,44426,66639,88852,111065
22214,44428,66642,88856,111070
22215,44430,66645,88860,111075
22216,44432,66648,88864,111080
22217,44434,66651,88868,111085
22218,44436,66654,88872,111090
22219,44438,66657,88876,111095
22220,44440,66660,88880,111100
22221,44442,66663,88884,111105
22222,44444,66666,88888,111110
22223,44446,66669,88892,111115
22224,44448,66672,88896,111120
22225,44450,66675,88900,111125
22226,44452,66678,88904,111130
22227,44454,66681,88908,111135
22228,44456,66684,88912,111140
22229,44458,66687,88916,111145
22230,44460,66690,88920,111150
22231,44462,66693,88924,111155
22232,44464,66696,88928,111160
22233,44466,66699,88932,111165
22234,44468,66702,88936,111170
22235,44470,66705,88940,111175
22236,44472,66708,88944,111180
22237,44474,66711,88948,111185
22238,44476,66714,88952,111190
22239,44478,66717,88956,111195
22240,44480,66720,88960,111200
22241,44482,66723,88964,111205
22242,44484,66726,88968,111210
22243,44486,66729,88972,111215
22244,44488,66732,88976,111220
22245,44490,66735,88980,111225
22246,44492,66738,88984,111230
22247,44494,66741,88988,111235
22248,44496,66744,88992,111240
22249,44498,66747,88996,111245
22250,44500,66750,89000,111250
22251,44502,66753,89004,111255
22252,44504,66756,89008,111260
22253,44506,66759,89012,111265
22254,44508,66762,89016,111270
22255,44510,66765,89020,111275
22256,44512,66768,89024,111280
22257,44514,66771,89028,111285
22258,44516,66774,89032,111290
22259,44518,66777,89036,111295
22260,44520,66780,89040,111300
22261,44522,66783,89044,111305
22262,44524,66786,89048,111310
22263,44526,66789,89052,111315
22264,44528,66792,89056,111320
22265,44530,66795,89060,111325
22266,44532,66798,89064,111330
22267,44534,66801,89068,111335
22268,44536,66804,89072,111340
22269,44538,66807,89076,111345
22270,44540,66810,89080,111350
22271,44542,66813,89084,111355
22272,44544,66816,89088,111360
22273,44546,66819,89092,111365
22274,44548,66822,89096,111370
22275,44550,66825,89100,111375
22276,44552,66828,89104,111380
22277,44554,66831,89108,111385
22278,44556,66834,89112,111390
22279,44558,66837,89116,111395
22280,44560,66840,89120,111400
22281,44562,66843,89124,111405
22282,44564,66846,89128,111410
22283,44566,66849,89132,111415
22284,44568,66852,89136,111420
22285,44570,66855,89140,111425
22286,44572,66858,89144,111430
22287,44574,66861,89148,111435
22288,44576,66864,89152,111440
22289,44578,66867,89156,111445
22290,44580,66870,89160,111450
22291,44582,66873,89164,111455
22292,44584,66876,89168,111460
22293,44586,66879,89172,111465
22294,44588,66882,89176,111470
22295,44590,66885,89180,111475
22296,44592,66888,89184,111480
22297,44594,66891,89188,111485
22298,44596,66894,89192,111490
22299,44598,66897,89196,111495
22300,44600,66900,89200,111500
22301,44602,66903,89204,111505
22302,44604,66906,89208,111510
22303,44606,66909,89212,111515
22304,44608,66912,89216,111520
22305,44610,66915,89220,111525
22306,44612,66918,89224,111530
22307,44614,66921,89228,111535
22308,44616,66924,89232,111540
22309,44618,66927,89236,111545
22310,44620,66930,89240,111550
22311,44622,66933,89244,111555
22312,44624,66936,89248,111560
22313,44626,66939,89252,111565
22314,44628,66942,89256,111570
22315,44630,66945,89260,111575
22316,44632,66948,89264,111580
22317,44634,66951,89268,111585
22318,44636,66954,89272,111590
22319,44638,66957,89276,111595
22320,44640,66960,89280,111600
22321,44642,66963,89284,111605
22322,44644,66966,89288,111610
22323,44646,66969,89292,111615
22324,44648,66972,89296,111620
22325,44650,66975,89300,111625
22326,44652,66978,89304,111630
22327,44654,66981,89308,111635
22328,44656,66984,89312,111640
22329,44658,66987,89316,111645
22330,44660,66990,89320,111650
22331,44662,66993,89324,111655
22332,44664,66996,89328,111660
22333,44666,66999,89332,111665
22334,44668,67002,89336,111670
22335,44670,67005,89340,111675
22336,44672,67008,89344,111680
22337,44674,67011,89348,111685
22338,44676,67014,89352,111690
22339,44678,67017,89356,111695
22340,44680,67020,89360,111700
22341,44682,67023,89364,111705
22342,44684,67026,89368,111710
22343,44686,67029,89372,111715
22344,44688,67032,89376,111720
22345,44690,67035,89380,111725
22346,44692,67038,89384,111730
22347,44694,67041,89388,111735
22348,44696,67044,89392,111740
22349,44698,67047,89396,111745
22350,44700,67050,89400,111750
22351,44702,67053,89404,111755
22352,44704,67056,89408,111760
22353,44706,67059,89412,111765
22354,44708,67062,89416,111770
22355,44710,67065,89420,111775
22356,44712,67068,89424,111780
22357,44714,67071,89428,111785
22358,44716,67074,89432,111790
22359,44718,67077,89436,111795
22360,44720,67080,89440,111800
22361,44722,67083,89444,111805
22362,44724,67086,89448,111810
22363,44726,67089,89452,111815
22364,44728,67092,89456,111820
22365,44730,67095,89460,111825
22366,44732,67098,89464,111830
22367,44734,67101,89468,111835
22368,44736,67104,89472,111840
22369,44738,67107,89476,111845
22370,44740,67110,89480,111850
22371,44742,67113,89484,111855
22372,44744,67116,89488,111860
22373,44746,67119,89492,111865
22374,44748,67122,89496,111870
22375,44750,67125,89500,111875
22376,44752,67128,89504,111880
22377,44754,67131,89508,111885
22378,44756,67134,89512,111890
22379,44758,67137,89516,111895
22380,44760,67140,89520,111900
22381,44762,67143,89524,111905
22382,44764,67146,89528,111910
22383,44766,67149,89532,111915
22384,44768,67152,89536,111920
22385,44770,67155,89540,111925
22386,44772,67158,89544,111930
22387,44774,67161,89548,111935
22388,44776,67164,89552,111940
22389,44778,67167,89556,111945
22390,44780,67170,89560,111950
22391,44782,67173,89564,111955
22392,44784,67176,89568,111960
22393,44786,67179,89572,111965
22394,44788,67182,89576,111970
22395,44790,67185,89580,111975
22396,44792,67188,89584,111980
22397,44794,67191,89588,111985
22398,44796,67194,89592,111990
22399,44798,67197,89596,111995
22400,44800,67200,89600,112000
22401,44802,67203,89604,112005
22402,44804,67206,89608,112010
22403,44806,67209,89612,112015
22404,44808,67212,89616,112020
22405,44810,67215,89620,112025
22406,44812,67218,89624,112030
22407,44814,67221,89628,112035
22408,44816,67224,89632,112040
22409,44818,67227,89636,112045
22410,44820,67230,89640,112050
22411,44822,67233,89644,112055
22412,44824,67236,89648,112060
22413,44826,67239,89652,112065
22414,44828,67242,89656,112070
22415,44830,67245,89660,112075
22416,44832,67248,89664,112080
22417,44834,67251,89668,112085
22418,44836,67254,89672,112090
22419,44838,67257,89676,112095
22420,44840,67260,89680,112100
22421,44842,67263,89684,112105
22422,44844,67266,89688,112110
22423,44846,67269,89692,112115
22424,44848,67272,89696,112120
22425,44850,67275,89700,112125
22426,44852,67278,89704,112130
22427,44854,67281,89708,112135
22428,44856,67284,89712,112140
22429,44858,67287,89716,112145
22430,44860,67290,89720,112150
22431,44862,67293,89724,112155
22432,44864,67296,89728,112160
22433,44866,67299,89732,112165
22434,44868,67302,89736,112170
22435,44870,67305,89740,112175
22436,44872,67308,89744,112180
22437,44874,67311,89748,112185
22438,44876,67314,89752,112190
22439,44878,67317,89756,112195
22440,44880,67320,89760,112200
22441,44882,67323,89764,112205
22442,44884,67326,89768,112210
22443,44886,67329,89772,112215
22444,44888,67332,89776,112220
22445,44890,67335,89780,112225
22446,44892,67338,89784,112230
22447,44894,67341,89788,112235
22448,44896,67344,89792,112240
22449,44898,67347,89796,112245
22450,44900,67350,89800,112250
22451,44902,67353,89804,112255
22452,44904,67356,89808,112260
22453,44906,67359,89812,112265
22454,44908,67362,89816,112270
22455,44910,67365,89820,112275
22456,44912,67368,89824,112280
22457,44914,67371,89828,112285
22458,44916,67374,89832,112290
22459,44918,67377,89836,112295
22460,44920,67380,89840,112300
22461,44922,67383,89844,112305
22462,44924,67386,89848,112310
22463,44926,67389,89852,112315
22464,44928,67392,89856,112320
22465,44930,67395,89860,112325
22466,44932,67398,89864,112330
22467,44934,67401,89868,112335
22468,44936,67404,89872,112340
22469,44938,67407,89876,112345
22470,44940,67410,89880,112350
22471,44942,67413,89884,112355
22472,44944,67416,89888,112360
22473,44946,67419,89892,112365
22474,44948,67422,89896,112370
22475,44950,67425,89900,112375
22476,44952,67428,89904,112380
22477,44954,67431,89908,112385
22478,44956,67434,89912,112390
22479,44958,67437,89916,112395
22480,44960,67440,89920,112400
22481,44962,67443,89924,112405
22482,44964,67446,89928,112410
22483,44966,67449,89932,112415
22484,44968,67452,89936,112420
22485,44970,67455,89940,112425
22486,44972,67458,89944,112430
22487,44974,67461,89948,112435
22488,44976,67464,89952,112440
22489,44978,67467,89956,112445
22490,44980,67470,89960,112450
22491,44982,67473,89964,112455
22492,44984,67476,89968,112460
22493,44986,67479,89972,112465
22494,44988,67482,89976,112470
22495,44990,67485,89980,112475
22496,44992,67488,89984,112480
22497,44994,67491,89988,112485
22498,44996,67494,89992,112490
22499,44998,67497,89996,112495
22500,45000,67500,90000,112500
22501,45002,67503,90004,112505
22502,45004,67506,90008,112510
22503,45006,67509,90012,112515
22504,45008,67512,90016,112520
22505,45010,67515,90020,112525
22506,45012,67518,90024,112530
22507,45014,67521,90028,112535
22508,45016,67524,90032,112540
22509,45018,67527,90036,112545
22510,45020,67530,90040,112550
22511,45022,67533,90044,112555
22512,45024,67536,90048,112560
22513,45026,67539,90052,112565
22514,45028,67542,90056,112570
22515,45030,67545,90060,112575
22516,45032,67548,90064,112580
22517,45034,67551,90068,112585
22518,45036,67554,90072,112590
22519,45038,67557,90076,112595
22520,45040,67560,90080,112600
22521,45042,67563,90084,112605
22522,45044,67566,90088,112610
22523,45046,67569,90092,112615
22524,45048,67572,90096,112620
22525,45050,67575,90100,112625
22526,45052,67578,90104,112630
22527,45054,67581,90108,112635
22528,45056,67584,90112,112640
22529,45058,67587,90116,112645
22530,45060,67590,90120,112650
22531,45062,67593,90124,112655
22532,45064,67596,90128,112660
22533,45066,67599,90132,112665
22534,45068,67602,90136,112670
22535,45070,67605,90140,112675
22536,45072,67608,90144,112680
22537,45074,67611,90148,112685
22538,45076,67614,90152,112690
22539,45078,67617,90156,112695
22540,45080,67620,90160,112700
22541,45082,67623,90164,112705
22542,45084,67626,90168,112710
22543,45086,67629,90172,112715
22544,45088,67632,90176,112720
22545,45090,67635,90180,112725
22546,45092,67638,90184,112730
22547,45094,67641,90188,112735
22548,45096,67644,90192,112740
22549,45098,67647,90196,112745
22550,45100,67650,90200,112750
22551,45102,67653,90204,112755
22552,45104,67656,90208,112760
22553,45106,67659,90212,112765
22554,45108,67662,90216,112770
22555,45110,67665,90220,112775
22556,45112,67668,90224,112780
22557,45114,67671,90228,112785
22558,45116,67674,90232,112790
22559,45118,67677,90236,112795
22560,45120,67680,90240,112800
22561,45122,67683,90244,112805
22562,45124,67686,90248,112810
22563,45126,67689,90252,112815
22564,45128,67692,90256,112820
22565,45130,67695,90260,112825
22566,45132,67698,90264,112830
22567,45134,67701,90268,112835
22568,45136,67704,90272,112840
22569,45138,67707,90276,112845
22570,45140,67710,90280,112850
22571,45142,67713,90284,112855
22572,45144,67716,90288,112860
22573,45146,67719,90292,112865
22574,45148,67722,90296,112870
22575,45150,67725,90300,112875
22576,45152,67728,90304,112880
22577,45154,67731,90308,112885
22578,45156,67734,90312,112890
22579,45158,67737,90316,112895
22580,45160,67740,90320,112900
22581,45162,67743,90324,112905
22582,45164,67746,90328,112910
22583,45166,67749,90332,112915
22584,45168,67752,90336,112920
22585,45170,67755,90340,112925
22586,45172,67758,90344,112930
22587,45174,67761,90348,112935
22588,45176,67764,90352,112940
22589,45178,67767,90356,112945
22590,45180,67770,90360,112950
22591,45182,67773,90364,112955
22592,45184,67776,90368,112960
22593,45186,67779,90372,112965
22594,45188,67782,90376,112970
22595,45190,67785,90380,112975
22596,45192,67788,90384,112980
22597,45194,67791,90388,112985
22598,45196,67794,90392,112990
22599,45198,67797,90396,112995
22600,45200,67800,90400,113000
22601,45202,67803,90404,113005
22602,45204,67806,90408,113010
22603,45206,67809,90412,113015
22604,45208,67812,90416,113020
22605,45210,67815,90420,113025
22606,45212,67818,90424,113030
22607,45214,67821,90428,113035
22608,45216,67824,90432,113040
22609,45218,67827,90436,113045
22610,45220,67830,90440,113050
22611,45222,67833,90444,113055
22612,45224,67836,90448,113060
22613,45226,67839,90452,113065
22614,45228,67842,90456,113070
22615,45230,67845,90460,113075
22616,45232,67848,90464,113080
22617,45234,67851,90468,113085
22618,45236,67854,90472,113090
22619,45238,67857,90476,113095
22620,45240,67860,90480,113100
22621,45242,67863,90484,113105
22622,45244,67866,90488,113110
22623,45246,67869,90492,113115
22624,45248,67872,90496,113120
22625,45250,67875,90500,113125
22626,45252,67878,90504,113130
22627,45254,67881,90508,113135
22628,45256,67884,90512,113140
22629,45258,67887,90516,113145
22630,45260,67890,90520,113150
22631,45262,67893,90524,113155
22632,45264,67896,90528,113160
22633,45266,67899,90532,113165
22634,45268,67902,90536,113170
22635,45270,67905,90540,113175
22636,45272,67908,90544,113180
22637,45274,67911,90548,113185
22638,45276,67914,90552,113190
22639,45278,67917,90556,113195
22640,45280,67920,90560,113200
22641,45282,67923,90564,113205
22642,45284,67926,90568,113210
22643,45286,67929,90572,113215
22644,45288,67932,90576,113220
22645,45290,67935,90580,113225
22646,45292,67938,90584,113230
22647,45294,67941,90588,113235
22648,45296,67944,90592,113240
22649,45298,67947,90596,113245
22650,45300,67950,90600,113250
22651,45302,67953,90604,113255
22652,45304,67956,90608,113260
22653,45306,67959,90612,113265
22654,45308,67962,90616,113270
22655,45310,67965,90620,113275
22656,45312,67968,90624,113280
22657,45314,67971,90628,113285
22658,45316,67974,90632,113290
22659,45318,67977,90636,113295
22660,45320,67980,90640,113300
22661,45322,67983,90644,113305
22662,45324,67986,90648,113310
22663,45326,67989,90652,113315
22664,45328,67992,90656,113320
22665,45330,67995,90660,113325
22666,45332,67998,90664,113330
22667,45334,68001,90668,113335
22668,45336,68004,90672,113340
22669,45338,68007,90676,113345
22670,45340,68010,90680,113350
22671,45342,68013,90684,113355
22672,45344,68016,90688,113360
22673,45346,68019,90692,113365
22674,45348,68022,90696,113370
22675,45350,68025,90700,113375
22676,45352,68028,90704,113380
22677,45354,68031,90708,113385
22678,45356,68034,90712,113390
22679,45358,68037,90716,113395
22680,45360,68040,90720,113400
22681,45362,68043,90724,113405
22682,45364,68046,90728,113410
22683,45366,68049,90732,113415
22684,45368,68052,90736,113420
22685,45370,68055,90740,113425
22686,45372,68058,90744,113430
22687,45374,68061,90748,113435
22688,45376,68064,90752,113440
22689,45378,68067,90756,113445
22690,45380,68070,90760,113450
22691,45382,68073,90764,113455
22692,45384,68076,90768,113460
22693,45386,68079,90772,113465
22694,45388,68082,90776,113470
22695,45390,68085,90780,113475
22696,45392,68088,90784,113480
22697,45394,68091,90788,113485
22698,45396,68094,90792,113490
22699,45398,68097,90796,113495
22700,45400,68100,90800,113500
22701,45402,68103,90804,113505
22702,45404,68106,90808,113510
22703,45406,68109,90812,113515
22704,45408,68112,90816,113520
22705,45410,68115,90820,113525
22706,45412,68118,90824,113530
22707,45414,68121,90828,113535
22708,45416,68124,90832,113540
22709,45418,68127,90836,113545
22710,45420,68130,90840,113550
22711,45422,68133,90844,113555
22712,45424,68136,90848,113560
22713,45426,68139,90852,113565
22714,45428,68142,90856,113570
22715,45430,68145,90860,113575
22716,45432,68148,90864,113580
22717,45434,68151,90868,113585
22718,45436,68154,90872,113590
22719,45438,68157,90876,113595
22720,45440,68160,90880,113600
22721,45442,68163,90884,113605
22722,45444,68166,90888,113610
22723,45446,68169,90892,113615
22724,45448,68172,90896,113620
22725,45450,68175,90900,113625
22726,45452,68178,90904,113630
22727,45454,68181,90908,113635
22728,45456,68184,90912,113640
22729,45458,68187,90916,113645
22730,45460,68190,90920,113650
22731,45462,68193,90924,113655
22732,45464,68196,90928,113660
22733,45466,68199,90932,113665
22734,45468,68202,90936,113670
22735,45470,68205,90940,113675
22736,45472,68208,90944,113680
22737,45474,68211,90948,113685
22738,45476,68214,90952,113690
22739,45478,68217,90956,113695
22740,45480,68220,90960,113700
22741,45482,68223,90964,113705
22742,45484,68226,90968,113710
22743,45486,68229,90972,113715
22744,45488,68232,90976,113720
22745,45490,68235,90980,113725
22746,45492,68238,90984,113730
22747,45494,68241,90988,113735
22748,45496,68244,90992,113740
22749,45498,68247,90996,113745
22750,45500,68250,91000,113750
22751,45502,68253,91004,113755
22752,45504,68256,91008,113760
22753,45506,68259,91012,113765
22754,45508,68262,91016,113770
22755,45510,68265,91020,113775
22756,45512,68268,91024,113780
22757,45514,68271,91028,113785
22758,45516,68274,91032,113790
22759,45518,68277,91036,113795
22760,45520,68280,91040,113800
22761,45522,68283,91044,113805
22762,45524,68286,91048,113810
22763,45526,68289,91052,113815
22764,45528,68292,91056,113820
22765,45530,68295,91060,113825
22766,45532,68298,91064,113830
22767,45534,68301,91068,113835
22768,45536,68304,91072,113840
22769,45538,68307,91076,113845
22770,45540,68310,91080,113850
22771,45542,68313,91084,113855
22772,45544,68316,91088,113860
22773,45546,68319,91092,113865
22774,45548,68322,91096,113870
22775,45550,68325,91100,113875
22776,45552,68328,91104,113880
22777,45554,68331,91108,113885
22778,45556,68334,91112,113890
22779,45558,68337,91116,113895
22780,45560,68340,91120,113900
22781,45562,68343,91124,113905
22782,45564,68346,91128,113910
22783,45566,68349,91132,113915
22784,45568,68352,91136,113920
22785,45570,68355,91140,113925
22786,45572,68358,91144,113930
22787,45574,68361,91148,113935
22788,45576,68364,91152,113940
22789,45578,68367,91156,113945
22790,45580,68370,91160,113950
22791,45582,68373,91164,113955
22792,45584,68376,91168,113960
22793,45586,68379,91172,113965
22794,45588,68382,91176,113970
22795,45590,68385,91180,113975
22796,45592,68388,91184,113980
22797,45594,68391,91188,113985
22798,45596,68394,91192,113990
22799,45598,68397,91196,113995
22800,45600,68400,91200,114000
22801,45602,68403,91204,114005
22802,45604,68406,91208,114010
22803,45606,68409,91212,114015
22804,45608,68412,91216,114020
22805,45610,68415,91220,114025
22806,45612,68418,91224,114030
22807,45614,68421,91228,114035
22808,45616,68424,91232,114040
22809,45618,68427,91236,114045
22810,45620,68430,91240,114050
22811,45622,68433,91244,114055
22812,45624,68436,91248,114060
22813,45626,68439,91252,114065
22814,45628,68442,91256,114070
22815,45630,68445,91260,114075
22816,45632,68448,91264,114080
22817,45634,68451,91268,114085
22818,45636,68454,91272,114090
22819,45638,68457,91276,114095
22820,45640,68460,91280,114100
22821,45642,68463,91284,114105
22822,45644,68466,91288,114110
22823,45646,68469,91292,114115
22824,45648,68472,91296,114120
22825,45650,68475,91300,114125
22826,45652,68478,91304,114130
22827,45654,68481,91308,114135
22828,45656,68484,91312,114140
22829,45658,68487,91316,114145
22830,45660,68490,91320,114150
22831,45662,68493,91324,114155
22832,45664,68496,91328,114160
22833,45666,68499,91332,114165
22834,45668,68502,91336,114170
22835,45670,68505,91340,114175
22836,45672,68508,91344,114180
22837,45674,68511,91348,114185
22838,45676,68514,91352,114190
22839,45678,68517,91356,114195
22840,45680,68520,91360,114200
22841,45682,68523,91364,114205
22842,45684,68526,91368,114210
22843,45686,68529,91372,114215
22844,45688,68532,91376,114220
22845,45690,68535,91380,114225
22846,45692,68538,91384,114230
22847,45694,68541,91388,114235
22848,45696,68544,91392,114240
22849,45698,68547,91396,114245
22850,45700,68550,91400,114250
22851,45702,68553,91404,114255
22852,45704,68556,91408,114260
22853,45706,68559,91412,114265
22854,45708,68562,91416,114270
22855,45710,68565,91420,114275
22856,45712,68568,91424,114280
22857,45714,68571,91428,114285
22858,45716,68574,91432,114290
22859,45718,68577,91436,114295
22860,45720,68580,91440,114300
22861,45722,68583,91444,114305
22862,45724,68586,91448,114310
22863,45726,68589,91452,114315
22864,45728,68592,91456,114320
22865,45730,68595,91460,114325
22866,45732,68598,91464,114330
22867,45734,68601,91468,114335
22868,45736,68604,91472,114340
22869,45738,68607,91476,114345
22870,45740,68610,91480,114350
22871,45742,68613,91484,114355
22872,45744,68616,91488,114360
22873,45746,68619,91492,114365
22874,45748,68622,91496,114370
22875,45750,68625,91500,114375
22876,45752,68628,91504,114380
22877,45754,68631,91508,114385
22878,45756,68634,91512,114390
22879,45758,68637,91516,114395
22880,45760,68640,91520,114400
22881,45762,68643,91524,114405
22882,45764,68646,91528,114410
22883,45766,68649,91532,114415
22884,45768,68652,91536,114420
22885,45770,68655,91540,114425
22886,45772,68658,91544,114430
22887,45774,68661,91548,114435
22888,45776,68664,91552,114440
22889,45778,68667,91556,114445
22890,45780,68670,91560,114450
22891,45782,68673,91564,114455
22892,45784,68676,91568,114460
22893,45786,68679,91572,114465
22894,45788,68682,91576,114470
22895,45790,68685,91580,114475
22896,45792,68688,91584,114480
22897,45794,68691,91588,114485
22898,45796,68694,91592,114490
22899,45798,68697,91596,114495
22900,45800,68700,91600,114500
22901,45802,68703,91604,114505
22902,45804,68706,91608,114510
22903,45806,68709,91612,114515
22904,45808,68712,91616,114520
22905,45810,68715,91620,114525
22906,45812,68718,91624,114530
22907,45814,68721,91628,114535
22908,45816,68724,91632,114540
22909,45818,68727,91636,114545
22910,45820,68730,91640,114550
22911,45822,68733,91644,114555
22912,45824,68736,91648,114560
22913,45826,68739,91652,114565
22914,45828,68742,91656,114570
22915,45830,68745,91660,114575
22916,45832,68748,91664,114580
22917,45834,68751,91668,114585
22918,45836,68754,91672,114590
22919,45838,68757,91676,114595
22920,45840,68760,91680,114600
22921,45842,68763,91684,114605
22922,45844,68766,91688,114610
22923,45846,68769,91692,114615
22924,45848,68772,91696,114620
22925,45850,68775,91700,114625
22926,45852,68778,91704,114630
22927,45854,68781,91708,114635
22928,45856,68784,91712,114640
22929,45858,68787,91716,114645
22930,45860,68790,91720,114650
22931,45862,68793,91724,114655
22932,45864,68796,91728,114660
22933,45866,68799,91732,114665
22934,45868,68802,91736,114670
22935,45870,68805,91740,114675
22936,45872,68808,91744,114680
22937,45874,68811,91748,114685
22938,45876,68814,91752,114690
22939,45878,68817,91756,114695
22940,45880,68820,91760,114700
22941,45882,68823,91764,114705
22942,45884,68826,91768,114710
22943,45886,68829,91772,114715
22944,45888,68832,91776,114720
22945,45890,68835,91780,114725
22946,45892,68838,91784,114730
22947,45894,68841,91788,114735
22948,45896,68844,91792,114740
22949,45898,68847,91796,114745
22950,45900,68850,91800,114750
22951,45902,68853,91804,114755
22952,45904,68856,91808,114760
22953,45906,68859,91812,114765
22954,45908,68862,91816,114770
22955,45910,68865,91820,114775
22956,45912,68868,91824,114780
22957,45914,68871,91828,114785
22958,45916,68874,91832,114790
22959,45918,68877,91836,114795
22960,45920,68880,91840,114800
22961,45922,68883,91844,114805
22962,45924,68886,91848,114810
22963,45926,68889,91852,114815
22964,45928,68892,91856,114820
22965,45930,68895,91860,114825
22966,45932,68898,91864,114830
22967,45934,68901,91868,114835
22968,45936,68904,91872,114840
22969,45938,68907,91876,114845
22970,45940,68910,91880,114850
22971,45942,68913,91884,114855
22972,45944,68916,91888,114860
22973,45946,68919,91892,114865
22974,45948,68922,91896,114870
22975,45950,68925,91900,114875
22976,45952,68928,91904,114880
22977,45954,68931,91908,114885
22978,45956,68934,91912,114890
22979,45958,68937,91916,114895
22980,45960,68940,91920,114900
22981,45962,68943,91924,114905
22982,45964,68946,91928,114910
22983,45966,68949,91932,114915
22984,45968,68952,91936,114920
22985,45970,68955,91940,114925
22986,45972,68958,91944,114930
22987,45974,68961,91948,114935
22988,45976,68964,91952,114940
22989,45978,68967,91956,114945
22990,45980,68970,91960,114950
22991,45982,68973,91964,114955
22992,45984,68976,91968,114960
22993,45986,68979,91972,114965
22994,45988,68982,91976,114970
22995,45990,68985,91980,114975
22996,45992,68988,91984,114980
22997,45994,68991,91988,114985
22998,45996,68994,91992,114990
22999,45998,68997,91996,114995
23000,46000,69000,92000,115000
23001,46002,69003,92004,115005
23002,46004,69006,92008,115010
23003,46006,69009,92012,115015
23004,46008,69012,92016,115020
23005,46010,69015,92020,115025
23006,46012,69018,92024,115030
23007,46014,69021,92028,115035
23008,46016,69024,92032,115040
23009,46018,69027,92036,115045
23010,46020,69030,92040,115050
23011,46022,69033,92044,115055
23012,46024,69036,92048,115060
23013,46026,69039,92052,115065
23014,46028,69042,92056,115070
23015,46030,69045,92060,115075
23016,46032,69048,92064,115080
23017,46034,69051,92068,115085
23018,46036,69054,92072,115090
23019,46038,69057,92076,115095
23020,46040,69060,92080,115100
23021,46042,69063,92084,115105
23022,46044,69066,92088,115110
23023,46046,69069,92092,115115
23024,46048,69072,92096,115120
23025,46050,69075,92100,115125
23026,46052,69078,92104,115130
23027,46054,69081,92108,115135
23028,46056,69084,92112,115140
23029,46058,69087,92116,115145
23030,46060,69090,92120,115150
23031,46062,69093,92124,115155
23032,46064,69096,92128,115160
23033,46066,69099,92132,115165
23034,46068,69102,92136,115170
23035,46070,69105,92140,115175
23036,46072,69108,92144,115180
23037,46074,69111,92148,115185
23038,46076,69114,92152,115190
23039,46078,69117,92156,115195
23040,46080,69120,92160,115200
23041,46082,69123,92164,115205
23042,46084,69126,92168,115210
23043,46086,69129,92172,115215
23044,46088,69132,92176,115220
23045,46090,69135,92180,115225
23046,46092,69138,92184,115230
23047,46094,69141,92188,115235
23048,46096,69144,92192,115240
23049,46098,69147,92196,115245
23050,46100,69150,92200,115250
23051,46102,69153,92204,115255
23052,46104,69156,92208,115260
23053,46106,69159,92212,115265
23054,46108,69162,92216,115270
23055,46110,69165,92220,115275
23056,46112,69168,92224,115280
23057,46114,69171,92228,115285
23058,46116,69174,92232,115290
23059,46118,69177,92236,115295
23060,46120,69180,92240,115300
23061,46122,69183,92244,115305
23062,46124,69186,92248,115310
23063,46126,69189,92252,115315
23064,46128,69192,92256,115320
23065,46130,69195,92260,115325
23066,46132,69198,92264,115330
23067,46134,69201,92268,115335
23068,46136,69204,92272,115340
23069,46138,69207,92276,115345
23070,46140,69210,92280,115350
23071,46142,69213,92284,115355
23072,46144,69216,92288,115360
23073,46146,69219,92292,115365
23074,46148,69222,92296,115370
23075,46150,69225,92300,115375
23076,46152,69228,92304,115380
23077,46154,69231,92308,115385
23078,46156,69234,92312,115390
23079,46158,69237,92316,115395
23080,46160,69240,92320,115400
23081,46162,69243,92324,115405
23082,46164,69246,92328,115410
23083,46166,69249,92332,115415
23084,46168,69252,92336,115420
23085,46170,69255,92340,115425
23086,46172,69258,92344,115430
23087,46174,69261,92348,115435
23088,46176,69264,92352,115440
23089,46178,69267,92356,115445
23090,46180,69270,92360,115450
23091,46182,69273,92364,115455
23092,46184,69276,92368,115460
23093,46186,69279,92372,115465
23094,46188,69282,92376,115470
23095,46190,69285,92380,115475
23096,46192,69288,92384,115480
23097,46194,69291,92388,115485
23098,46196,69294,92392,115490
23099,46198,69297,92396,115495
23100,46200,69300,92400,115500
23101,46202,69303,92404,115505
23102,46204,69306,92408,115510
23103,46206,69309,92412,115515
23104,46208,69312,92416,115520
23105,46210,69315,92420,115525
23106,46212,69318,92424,115530
23107,46214,69321,92428,115535
23108,46216,69324,92432,115540
23109,46218,69327,92436,115545
23110,46220,69330,92440,115550
23111,46222,69333,92444,115555
23112,46224,69336,92448,115560
23113,46226,69339,92452,115565
23114,46228,69342,92456,115570
23115,46230,69345,92460,115575
23116,46232,69348,92464,115580
23117,46234,69351,92468,115585
23118,46236,69354,92472,115590
23119,46238,69357,92476,115595
23120,46240,69360,92480,115600
23121,46242,69363,92484,115605
23122,46244,69366,92488,115610
23123,46246,69369,92492,115615
23124,46248,69372,92496,115620
23125,46250,69375,92500,115625
23126,46252,69378,92504,115630
23127,46254,69381,92508,115635
23128,46256,69384,92512,115640
23129,46258,69387,92516,115645
23130,46260,69390,92520,115650
23131,46262,69393,92524,115655
23132,46264,69396,92528,115660
23133,46266,69399,92532,115665
23134,46268,69402,92536,115670
23135,46270,69405,92540,115675
23136,46272,69408,92544,115680
23137,46274,69411,92548,115685
23138,46276,69414,92552,115690
23139,46278,69417,92556,115695
23140,46280,69420,92560,115700
23141,46282,69423,92564,115705
23142,46284,69426,92568,115710
23143,46286,69429,92572,115715
23144,46288,69432,92576,115720
23145,46290,69435,92580,115725
23146,46292,69438,92584,115730
23147,46294,69441,92588,115735
23148,46296,69444,92592,115740
23149,46298,69447,92596,115745
23150,46300,69450,92600,115750
23151,46302,69453,92604,115755
23152,46304,69456,92608,115760
23153,46306,69459,92612,115765
23154,46308,69462,92616,115770
23155,46310,69465,92620,115775
23156,46312,69468,92624,115780
23157,46314,69471,92628,115785
23158,46316,69474,92632,115790
23159,46318,69477,92636,115795
23160,46320,69480,92640,115800
23161,46322,69483,92644,115805
23162,46324,69486,92648,115810
23163,46326,69489,92652,115815
23164,46328,69492,92656,115820
23165,46330,69495,92660,115825
23166,46332,69498,92664,115830
23167,46334,69501,92668,115835
23168,46336,69504,92672,115840
23169,46338,69507,92676,115845
23170,46340,69510,92680,115850
23171,46342,69513,92684,115855
23172,46344,69516,92688,115860
23173,46346,69519,92692,115865
23174,46348,69522,92696,115870
23175,46350,69525,92700,115875
23176,46352,69528,92704,115880
23177,46354,69531,92708,115885
23178,46356,69534,92712,115890
23179,46358,69537,92716,115895
23180,46360,69540,92720,115900
23181,46362,69543,92724,115905
23182,46364,69546,92728,115910
23183,46366,69549,92732,115915
23184,46368,69552,92736,115920
23185,46370,69555,92740,115925
23186,46372,69558,92744,115930
23187,46374,69561,92748,115935
23188,46376,69564,92752,115940
23189,46378,69567,92756,115945
23190,46380,69570,92760,115950
23191,46382,69573,92764,115955
23192,46384,69576,92768,115960
23193,46386,69579,92772,115965
23194,46388,69582,92776,115970
23195,46390,69585,92780,115975
23196,46392,69588,92784,115980
23197,46394,69591,92788,115985
23198,46396,69594,92792,115990
23199,46398,69597,92796,115995
23200,46400,69600,92800,116000
23201,46402,69603,92804,116005
23202,46404,69606,92808,116010
23203,46406,69609,92812,116015
23204,46408,69612,92816,116020
23205,46410,69615,92820,116025
23206,46412,69618,92824,116030
23207,46414,69621,92828,116035
23208,46416,69624,92832,116040
23209,46418,69627,92836,116045
23210,46420,69630,92840,116050
23211,46422,69633,92844,116055
23212,46424,69636,92848,116060
23213,46426,69639,92852,116065
23214,46428,69642,92856,116070
23215,46430,69645,92860,116075
23216,46432,69648,92864,116080
23217,46434,69651,92868,116085
23218,46436,69654,92872,116090
23219,46438,69657,92876,116095
23220,46440,69660,92880,116100
23221,46442,69663,92884,116105
23222,46444,69666,92888,116110
23223,46446,69669,92892,116115
23224,46448,69672,92896,116120
23225,46450,69675,92900,116125
23226,46452,69678,92904,116130
23227,46454,69681,92908,116135
23228,46456,69684,92912,116140
23229,46458,69687,92916,116145
23230,46460,69690,92920,116150
23231,46462,69693,92924,116155
23232,46464,69696,92928,116160
23233,46466,69699,92932,116165
23234,46468,69702,92936,116170
23235,46470,69705,92940,116175
23236,46472,69708,92944,116180
23237,46474,69711,92948,116185
23238,46476,69714,92952,116190
23239,46478,69717,92956,116195
23240,46480,69720,92960,116200
23241,46482,69723,92964,116205
23242,46484,69726,92968,116210
23243,46486,69729,92972,116215
23244,46488,69732,92976,116220
23245,46490,69735,92980,116225
23246,46492,69738,92984,116230
23247,46494,69741,92988,116235
23248,46496,69744,92992,116240
23249,46498,69747,92996,116245
23250,46500,69750,93000,116250
23251,46502,69753,93004,116255
23252,46504,69756,93008,116260
23253,46506,69759,93012,116265
23254,46508,69762,93016,116270
23255,46510,69765,93020,116275
23256,46512,69768,93024,116280
23257,46514,69771,93028,116285
23258,46516,69774,93032,116290
23259,46518,69777,93036,116295
23260,46520,69780,93040,116300
23261,46522,69783,93044,116305
23262,46524,69786,93048,116310
23263,46526,69789,93052,116315
23264,46528,69792,93056,116320
23265,46530,69795,93060,116325
23266,46532,69798,93064,116330
23267,46534,69801,93068,116335
23268,46536,69804,93072,116340
23269,46538,69807,93076,116345
23270,46540,69810,93080,116350
23271,46542,69813,93084,116355
23272,46544,69816,93088,116360
23273,46546,69819,93092,116365
23274,46548,69822,93096,116370
23275,46550,69825,93100,116375
23276,46552,69828,93104,116380
23277,46554,69831,93108,116385
23278,46556,69834,93112,116390
23279,46558,69837,93116,116395
23280,46560,69840,93120,116400
23281,46562,69843,93124,116405
23282,46564,69846,93128,116410
23283,46566,69849,93132,116415
23284,46568,69852,93136,116420
23285,46570,69855,93140,116425
23286,46572,69858,93144,116430
23287,46574,69861,93148,116435
23288,46576,69864,93152,116440
23289,46578,69867,93156,116445
23290,46580,69870,93160,116450
23291,46582,69873,93164,116455
23292,46584,69876,93168,116460
23293,46586,69879,93172,116465
23294,46588,69882,93176,116470
23295,46590,69885,93180,116475
23296,46592,69888,93184,116480
23297,46594,69891,93188,116485
23298,46596,69894,93192,116490
23299,46598,69897,93196,116495
23300,46600,69900,93200,116500
23301,46602,69903,93204,116505
23302,46604,69906,93208,116510
23303,46606,69909,93212,116515
23304,46608,69912,93216,116520
23305,46610,69915,93220,116525
23306,46612,69918,93224,116530
23307,46614,69921,93228,116535
23308,46616,69924,93232,116540
23309,46618,69927,93236,116545
23310,46620,69930,93240,116550
23311,46622,69933,93244,116555
23312,46624,69936,93248,116560
23313,46626,69939,93252,116565
23314,46628,69942,93256,116570
23315,46630,69945,93260,116575
23316,46632,69948,93264,116580
23317,46634,69951,93268,116585
23318,46636,69954,93272,116590
23319,46638,69957,93276,116595
23320,46640,69960,93280,116600
23321,46642,69963,93284,116605
23322,46644,69966,93288,116610
23323,46646,69969,93292,116615
23324,46648,69972,93296,116620
23325,46650,69975,93300,116625
23326,46652,69978,93304,116630
23327,46654,69981,93308,116635
23328,46656,69984,93312,116640
23329,46658,69987,93316,116645
23330,46660,69990,93320,116650
23331,46662,69993,93324,116655
23332,46664,69996,93328,116660
23333,46666,69999,93332,116665
23334,46668,70002,93336,116670
23335,46670,70005,93340,116675
23336,46672,70008,93344,116680
23337,46674,70011,93348,116685
23338,46676,70014,93352,116690
23339,46678,70017,93356,116695
23340,46680,70020,93360,116700
23341,46682,70023,93364,116705
23342,46684,70026,93368,116710
23343,46686,70029,93372,116715
23344,46688,70032,93376,116720
23345,46690,70035,93380,116725
23346,46692,70038,93384,116730
23347,46694,70041,93388,116735
23348,46696,70044,93392,116740
23349,46698,70047,93396,116745
23350,46700,70050,93400,116750
23351,46702,70053,93404,116755
23352,46704,70056,93408,116760
23353,46706,70059,93412,116765
23354,46708,70062,93416,116770
23355,46710,70065,93420,116775
23356,46712,70068,93424,116780
23357,46714,70071,93428,116785
23358,46716,70074,93432,116790
23359,46718,70077,93436,116795
23360,46720,70080,93440,116800
23361,46722,70083,93444,116805
23362,46724,70086,93448,116810
23363,46726,70089,93452,116815
23364,46728,70092,93456,116820
23365,46730,70095,93460,116825
23366,46732,70098,93464,116830
23367,46734,70101,93468,116835
23368,46736,70104,93472,116840
23369,46738,70107,93476,116845
23370,46740,70110,93480,116850
23371,46742,70113,93484,116855
23372,46744,70116,93488,116860
23373,46746,70119,93492,116865
23374,46748,70122,93496,116870
23375,46750,70125,93500,116875
23376,46752,70128,93504,116880
23377,46754,70131,93508,116885
23378,46756,70134,93512,116890
23379,46758,70137,93516,116895
23380,46760,70140,93520,116900
23381,46762,70143,93524,116905
23382,46764,70146,93528,116910
23383,46766,70149,93532,116915
23384,46768,70152,93536,116920
23385,46770,70155,93540,116925
23386,46772,70158,93544,116930
23387,46774,70161,93548,116935
23388,46776,70164,93552,116940
23389,46778,70167,93556,116945
23390,46780,70170,93560,116950
23391,46782,70173,93564,116955
23392,46784,70176,93568,116960
23393,46786,70179,93572,116965
23394,46788,70182,93576,116970
23395,46790,70185,93580,116975
23396,46792,70188,93584,116980
23397,46794,70191,93588,116985
23398,46796,70194,93592,116990
23399,46798,70197,93596,116995
23400,46800,70200,93600,117000
23401,46802,70203,93604,117005
23402,46804,70206,93608,117010
23403,46806,70209,93612,117015
23404,46808,70212,93616,117020
23405,46810,70215,93620,117025
23406,46812,70218,93624,117030
23407,46814,70221,93628,117035
23408,46816,70224,93632,117040
23409,46818,70227,93636,117045
23410,46820,70230,93640,117050
23411,46822,70233,93644,117055
23412,46824,70236,93648,117060
23413,46826,70239,93652,117065
23414,46828,70242,93656,117070
23415,46830,70245,93660,117075
23416,46832,70248,93664,117080
23417,46834,70251,93668,117085
23418,46836,70254,93672,117090
23419,46838,70257,93676,117095
23420,46840,70260,93680,117100
23421,46842,70263,93684,117105
23422,46844,70266,93688,117110
23423,46846,70269,93692,117115
23424,46848,70272,93696,117120
23425,46850,70275,93700,117125
23426,46852,70278,93704,117130
23427,46854,70281,93708,117135
23428,46856,70284,93712,117140
23429,46858,70287,93716,117145
23430,46860,70290,93720,117150
23431,46862,70293,93724,117155
23432,46864,70296,93728,117160
23433,46866,70299,93732,117165
23434,46868,70302,93736,117170
23435,46870,70305,93740,117175
23436,46872,70308,93744,117180
23437,46874,70311,93748,117185
23438,46876,70314,93752,117190
23439,46878,70317,93756,117195
23440,46880,70320,93760,117200
23441,46882,70323,93764,117205
23442,46884,70326,93768,117210
23443,46886,70329,93772,117215
23444,46888,70332,93776,117220
23445,46890,70335,93780,117225
23446,46892,70338,93784,117230
23447,46894,70341,93788,117235
23448,46896,70344,93792,117240
23449,46898,70347,93796,117245
23450,46900,70350,93800,117250
23451,46902,70353,93804,117255
23452,46904,70356,93808,117260
23453,46906,70359,93812,117265
23454,46908,70362,93816,117270
23455,46910,70365,93820,117275
23456,46912,70368,93824,117280
23457,46914,70371,93828,117285
23458,46916,70374,93832,117290
23459,46918,70377,93836,117295
23460,46920,70380,93840,117300
23461,46922,70383,93844,117305
23462,46924,70386,93848,117310
23463,46926,70389,93852,117315
23464,46928,70392,93856,117320
23465,46930,70395,93860,117325
23466,46932,70398,93864,117330
23467,46934,70401,93868,117335
23468,46936,70404,93872,117340
23469,46938,70407,93876,117345
23470,46940,70410,93880,117350
23471,46942,70413,93884,117355
23472,46944,70416,93888,117360
23473,46946,70419,93892,117365
23474,46948,70422,93896,117370
23475,46950,70425,93900,117375
23476,46952,70428,93904,117380
23477,46954,70431,93908,117385
23478,46956,70434,93912,117390
23479,46958,70437,93916,117395
23480,46960,70440,93920,117400
23481,46962,70443,93924,117405
23482,46964,70446,93928,117410
23483,46966,70449,93932,117415
23484,46968,70452,93936,117420
23485,46970,70455,93940,117425
23486,46972,70458,93944,117430
23487,46974,70461,93948,117435
23488,46976,70464,93952,117440
23489,46978,70467,93956,117445
23490,46980,70470,93960,117450
23491,46982,70473,93964,117455
23492,46984,70476,93968,117460
23493,46986,70479,93972,117465
23494,46988,70482,93976,117470
23495,46990,70485,93980,117475
23496,46992,70488,93984,117480
23497,46994,70491,93988,117485
23498,46996,70494,93992,117490
23499,46998,70497,93996,117495
23500,47000,70500,94000,117500
23501,47002,70503,94004,117505
23502,47004,70506,94008,117510
23503,47006,70509,94012,117515
23504,47008,70512,94016,117520
23505,47010,70515,94020,117525
23506,47012,70518,94024,117530
23507,47014,70521,94028,117535
23508,47016,70524,94032,117540
23509,47018,70527,94036,117545
23510,47020,70530,94040,117550
23511,47022,70533,94044,117555
23512,47024,70536,94048,117560
23513,47026,70539,94052,117565
23514,47028,70542,94056,117570
23515,47030,70545,94060,117575
23516,47032,70548,94064,117580
23517,47034,70551,94068,117585
23518,47036,70554,94072,117590
23519,47038,70557,94076,117595
23520,47040,70560,94080,117600
23521,47042,70563,94084,117605
23522,47044,70566,94088,117610
23523,47046,70569,94092,117615
23524,47048,70572,94096,117620
23525,47050,70575,94100,117625
23526,47052,70578,94104,117630
23527,47054,70581,94108,117635
23528,47056,70584,94112,117640
23529,47058,70587,94116,117645
23530,47060,70590,94120,117650
23531,47062,70593,94124,117655
23532,47064,70596,94128,117660
23533,47066,70599,94132,117665
23534,47068,70602,94136,117670
23535,47070,70605,94140,117675
23536,47072,70608,94144,117680
23537,47074,70611,94148,117685
23538,47076,70614,94152,117690
23539,47078,70617,94156,117695
23540,47080,70620,94160,117700
23541,47082,70623,94164,117705
23542,47084,70626,94168,117710
23543,47086,70629,94172,117715
23544,47088,70632,94176,117720
23545,47090,70635,94180,117725
23546,47092,70638,94184,117730
23547,47094,70641,94188,117735
23548,47096,70644,94192,117740
23549,47098,70647,94196,117745
23550,47100,70650,94200,117750
23551,47102,70653,94204,117755
23552,47104,70656,94208,117760
23553,47106,70659,94212,117765
23554,47108,70662,94216,117770
23555,47110,70665,94220,117775
23556,47112,70668,94224,117780
23557,47114,70671,94228,117785
23558,47116,70674,94232,117790
23559,47118,70677,94236,117795
23560,47120,70680,94240,117800
23561,47122,70683,94244,117805
23562,47124,70686,94248,117810
23563,47126,70689,94252,117815
23564,47128,70692,94256,117820
23565,47130,70695,94260,117825
23566,47132,70698,94264,117830
23567,47134,70701,94268,117835
23568,47136,70704,94272,117840
23569,47138,70707,94276,117845
23570,47140,70710,94280,117850
23571,47142,70713,94284,117855
23572,47144,70716,94288,117860
23573,47146,70719,94292,117865
23574,47148,70722,94296,117870
23575,47150,70725,94300,117875
23576,47152,70728,94304,117880
23577,47154,70731,94308,117885
23578,47156,70734,94312,117890
23579,47158,70737,94316,117895
23580,47160,70740,94320,117900
23581,47162,70743,94324,117905
23582,47164,70746,94328,117910
23583,47166,70749,94332,117915
23584,47168,70752,94336,117920
23585,47170,70755,94340,117925
23586,47172,70758,94344,117930
23587,47174,70761,94348,117935
23588,47176,70764,94352,117940
23589,47178,70767,94356,117945
23590,47180,70770,94360,117950
23591,47182,70773,94364,117955
23592,47184,70776,94368,117960
23593,47186,70779,94372,117965
23594,47188,70782,94376,117970
23595,47190,70785,94380,117975
23596,47192,70788,94384,117980
23597,47194,70791,94388,117985
23598,47196,70794,94392,117990
23599,47198,70797,94396,117995
23600,47200,70800,94400,118000
23601,47202,70803,94404,118005
23602,47204,70806,94408,118010
23603,47206,70809,94412,118015
23604,47208,70812,94416,118020
23605,47210,70815,94420,118025
23606,47212,70818,94424,118030
23607,47214,70821,94428,118035
23608,47216,70824,94432,118040
23609,47218,70827,94436,118045
23610,47220,70830,94440,118050
23611,47222,70833,94444,118055
23612,47224,70836,94448,118060
23613,47226,70839,94452,118065
23614,47228,70842,94456,118070
23615,47230,70845,94460,118075
23616,47232,70848,94464,118080
23617,47234,70851,94468,118085
23618,47236,70854,94472,118090
23619,47238,70857,94476,118095
23620,47240,70860,94480,118100
23621,47242,70863,94484,118105
23622,47244,70866,94488,118110
23623,47246,70869,94492,118115
23624,47248,70872,94496,118120
23625,47250,70875,94500,118125
23626,47252,70878,94504,118130
23627,47254,70881,94508,118135
23628,47256,70884,94512,118140
23629,47258,70887,94516,118145
23630,47260,70890,94520,118150
23631,47262,70893,94524,118155
23632,47264,70896,94528,118160
23633,47266,70899,94532,118165
23634,47268,70902,94536,118170
23635,47270,70905,94540,118175
23636,47272,70908,94544,118180
23637,47274,70911,94548,118185
23638,47276,70914,94552,118190
23639,47278,70917,94556,118195
23640,47280,70920,94560,118200
23641,47282,70923,94564,118205
23642,47284,70926,94568,118210
23643,47286,70929,94572,118215
23644,47288,70932,94576,118220
23645,47290,70935,94580,118225
23646,47292,70938,94584,118230
23647,47294,70941,94588,118235
23648,47296,70944,94592,118240
23649,47298,70947,94596,118245
23650,47300,70950,94600,118250
23651,47302,70953,94604,118255
23652,47304,70956,94608,118260
23653,47306,70959,94612,118265
23654,47308,70962,94616,118270
23655,47310,70965,94620,118275
23656,47312,70968,94624,118280
23657,47314,70971,94628,118285
23658,47316,70974,94632,118290
23659,47318,70977,94636,118295
23660,47320,70980,94640,118300
23661,47322,70983,94644,118305
23662,47324,70986,94648,118310
23663,47326,70989,94652,118315
23664,47328,70992,94656,118320
23665,47330,70995,94660,118325
23666,47332,70998,94664,118330
23667,47334,71001,94668,118335
23668,47336,71004,94672,118340
23669,47338,71007,94676,118345
23670,47340,71010,94680,118350
23671,47342,71013,94684,118355
23672,47344,71016,94688,118360
23673,47346,71019,94692,118365
23674,47348,71022,94696,118370
23675,47350,71025,94700,118375
23676,47352,71028,94704,118380
23677,47354,71031,94708,118385
23678,47356,71034,94712,118390
23679,47358,71037,94716,118395
23680,47360,71040,94720,118400
23681,47362,71043,94724,118405
23682,47364,71046,94728,118410
23683,47366,71049,94732,118415
23684,47368,71052,94736,118420
23685,47370,71055,94740,118425
23686,47372,71058,94744,118430
23687,47374,71061,94748,118435
23688,47376,71064,94752,118440
23689,47378,71067,94756,118445
23690,47380,71070,94760,118450
23691,47382,71073,94764,118455
23692,47384,71076,94768,118460
23693,47386,71079,94772,118465
23694,47388,71082,94776,118470
23695,47390,71085,94780,118475
23696,47392,71088,94784,118480
23697,47394,71091,94788,118485
23698,47396,71094,94792,118490
23699,47398,71097,94796,118495
23700,47400,71100,94800,118500
23701,47402,71103,94804,118505
23702,47404,71106,94808,118510
23703,47406,71109,94812,118515
23704,47408,71112,94816,118520
23705,47410,71115,94820,118525
23706,47412,71118,94824,118530
23707,47414,71121,94828,118535
23708,47416,71124,94832,118540
23709,47418,71127,94836,118545
23710,47420,71130,94840,118550
23711,47422,71133,94844,118555
23712,47424,71136,94848,118560
23713,47426,71139,94852,118565
23714,47428,71142,94856,118570
23715,47430,71145,94860,118575
23716,47432,71148,94864,118580
23717,47434,71151,94868,118585
23718,47436,71154,94872,118590
23719,47438,71157,94876,118595
23720,47440,71160,94880,118600
23721,47442,71163,94884,118605
23722,47444,71166,94888,118610
23723,47446,71169,94892,118615
23724,47448,71172,94896,118620
23725,47450,71175,94900,118625
23726,47452,71178,94904,118630
23727,47454,71181,94908,118635
23728,47456,71184,94912,118640
23729,47458,71187,94916,118645
23730,47460,71190,94920,118650
23731,47462,71193,94924,118655
23732,47464,71196,94928,118660
23733,47466,71199,94932,118665
23734,47468,71202,94936,118670
23735,47470,71205,94940,118675
23736,47472,71208,94944,118680
23737,47474,71211,94948,118685
23738,47476,71214,94952,118690
23739,47478,71217,94956,118695
23740,47480,71220,94960,118700
23741,47482,71223,94964,118705
23742,47484,71226,94968,118710
23743,47486,71229,94972,118715
23744,47488,71232,94976,118720
23745,47490,71235,94980,118725
23746,47492,71238,94984,118730
23747,47494,71241,94988,118735
23748,47496,71244,94992,118740
23749,47498,71247,94996,118745
23750,47500,71250,95000,118750
23751,47502,71253,95004,118755
23752,47504,71256,95008,118760
23753,47506,71259,95012,118765
23754,47508,71262,95016,118770
23755,47510,71265,95020,118775
23756,47512,71268,95024,118780
23757,47514,71271,95028,118785
23758,47516,71274,95032,118790
23759,47518,71277,95036,118795
23760,47520,71280,95040,118800
23761,47522,71283,95044,118805
23762,47524,71286,95048,118810
23763,47526,71289,95052,118815
23764,47528,71292,95056,118820
23765,47530,71295,95060,118825
23766,47532,71298,95064,118830
23767,47534,71301,95068,118835
23768,47536,71304,95072,118840
23769,47538,71307,95076,118845
23770,47540,71310,95080,118850
23771,47542,71313,95084,118855
23772,47544,71316,95088,118860
23773,47546,71319,95092,118865
23774,47548,71322,95096,118870
23775,47550,71325,95100,118875
23776,47552,71328,95104,118880
23777,47554,71331,95108,118885
23778,47556,71334,95112,118890
23779,47558,71337,95116,118895
23780,47560,71340,95120,118900
23781,47562,71343,95124,118905
23782,47564,71346,95128,118910
23783,47566,71349,95132,118915
23784,47568,71352,95136,118920
23785,47570,71355,95140,118925
23786,47572,71358,95144,118930
23787,47574,71361,95148,118935
23788,47576,71364,95152,118940
23789,47578,71367,95156,118945
23790,47580,71370,95160,118950
23791,47582,71373,95164,118955
23792,47584,71376,95168,118960
23793,47586,71379,95172,118965
23794,47588,71382,95176,118970
23795,47590,71385,95180,118975
23796,47592,71388,95184,118980
23797,47594,71391,95188,118985
23798,47596,71394,95192,118990
23799,47598,71397,95196,118995
23800,47600,71400,95200,119000
23801,47602,71403,95204,119005
23802,47604,71406,95208,119010
23803,47606,71409,95212,119015
23804,47608,71412,95216,119020
23805,47610,71415,95220,119025
23806,47612,71418,95224,119030
23807,47614,71421,95228,119035
23808,47616,71424,95232,119040
23809,47618,71427,95236,119045
23810,47620,71430,95240,119050
23811,47622,71433,95244,119055
23812,47624,71436,95248,119060
23813,47626,71439,95252,119065
23814,47628,71442,95256,119070
23815,47630,71445,95260,119075
23816,47632,71448,95264,119080
23817,47634,71451,95268,119085
23818,47636,71454,95272,119090
23819,47638,71457,95276,119095
23820,47640,71460,95280,119100
23821,47642,71463,95284,119105
23822,47644,71466,95288,119110
23823,47646,71469,95292,119115
23824,47648,71472,95296,119120
23825,47650,71475,95300,119125
23826,47652,71478,95304,119130
23827,47654,71481,95308,119135
23828,47656,71484,95312,119140
23829,47658,71487,95316,119145
23830,47660,71490,95320,119150
23831,47662,71493,95324,119155
23832,47664,71496,95328,119160
23833,47666,71499,95332,119165
23834,47668,71502,95336,119170
23835,47670,71505,95340,119175
23836,47672,71508,95344,119180
23837,47674,71511,95348,119185
23838,47676,71514,95352,119190
23839,47678,71517,95356,119195
23840,47680,71520,95360,119200
23841,47682,71523,95364,119205
23842,47684,71526,95368,119210
23843,47686,71529,95372,119215
23844,47688,71532,95376,119220
23845,47690,71535,95380,119225
23846,47692,71538,95384,119230
23847,47694,71541,95388,119235
23848,47696,71544,95392,119240
23849,47698,71547,95396,119245
23850,47700,71550,95400,119250
23851,47702,71553,95404,119255
23852,47704,71556,95408,119260
23853,47706,71559,95412,119265
23854,47708,71562,95416,119270
23855,47710,71565,95420,119275
23856,47712,71568,95424,119280
23857,47714,71571,95428,119285
23858,47716,71574,95432,119290
23859,47718,71577,95436,119295
23860,47720,71580,95440,119300
23861,47722,71583,95444,119305
23862,47724,71586,95448,119310
23863,47726,71589,95452,119315
23864,47728,71592,95456,119320
23865,47730,71595,95460,119325
23866,47732,71598,95464,119330
23867,47734,71601,95468,119335
23868,47736,71604,95472,119340
23869,47738,71607,95476,119345
23870,47740,71610,95480,119350
23871,47742,71613,95484,119355
23872,47744,71616,95488,119360
23873,47746,71619,95492,119365
23874,47748,71622,95496,119370
23875,47750,71625,95500,119375
23876,47752,71628,95504,119380
23877,47754,71631,95508,119385
23878,47756,71634,95512,119390
23879,47758,71637,95516,119395
23880,47760,71640,95520,119400
23881,47762,71643,95524,119405
23882,47764,71646,95528,119410
23883,47766,71649,95532,119415
23884,47768,71652,95536,119420
23885,47770,71655,95540,119425
23886,47772,71658,95544,119430
23887,47774,71661,95548,119435
23888,47776,71664,95552,119440
23889,47778,71667,95556,119445
23890,47780,71670,95560,119450
23891,47782,71673,95564,119455
23892,47784,71676,95568,119460
23893,47786,71679,95572,119465
23894,47788,71682,95576,119470
23895,47790,71685,95580,119475
23896,47792,71688,95584,119480
23897,47794,71691,95588,119485
23898,47796,71694,95592,119490
23899,47798,71697,95596,119495
23900,47800,71700,95600,119500
23901,47802,71703,95604,119505
23902,47804,71706,95608,119510
23903,47806,71709,95612,119515
23904,47808,71712,95616,119520
23905,47810,71715,95620,119525
23906,47812,71718,95624,119530
23907,47814,71721,95628,119535
23908,47816,71724,95632,119540
23909,47818,71727,95636,119545
23910,47820,71730,95640,119550
23911,47822,71733,95644,119555
23912,47824,71736,95648,119560
23913,47826,71739,95652,119565
23914,47828,71742,95656,119570
23915,47830,71745,95660,119575
23916,47832,71748,95664,119580
23917,47834,71751,95668,119585
23918,47836,71754,95672,119590
23919,47838,71757,95676,119595
23920,47840,71760,95680,119600
23921,47842,71763,95684,119605
23922,47844,71766,95688,119610
23923,47846,71769,95692,119615
23924,47848,71772,95696,119620
23925,47850,71775,95700,119625
23926,47852,71778,95704,119630
23927,47854,71781,95708,119635
23928,47856,71784,95712,119640
23929,47858,71787,95716,119645
23930,47860,71790,95720,119650
23931,47862,71793,95724,119655
23932,47864,71796,95728,119660
23933,47866,71799,95732,119665
23934,47868,71802,95736,119670
23935,47870,71805,95740,119675
23936,47872,71808,95744,119680
23937,47874,71811,95748,119685
23938,47876,71814,95752,119690
23939,47878,71817,95756,119695
23940,47880,71820,95760,119700
23941,47882,71823,95764,119705
23942,47884,71826,95768,119710
23943,47886,71829,95772,119715
23944,47888,71832,95776,119720
23945,47890,71835,95780,119725
23946,47892,71838,95784,119730
23947,47894,71841,95788,119735
23948,47896,71844,95792,119740
23949,47898,71847,95796,119745
23950,47900,71850,95800,119750
23951,47902,71853,95804,119755
23952,47904,71856,95808,119760
23953,47906,71859,95812,119765
23954,47908,71862,95816,119770
23955,47910,71865,95820,119775
23956,47912,71868,95824,119780
23957,47914,71871,95828,119785
23958,47916,71874,95832,119790
23959,47918,71877,95836,119795
23960,47920,71880,95840,119800
23961,47922,71883,95844,119805
23962,47924,71886,95848,119810
23963,47926,71889,95852,119815
23964,47928,71892,95856,119820
23965,47930,71895,95860,119825
23966,47932,71898,95864,119830
23967,47934,71901,95868,119835
23968,47936,71904,95872,119840
23969,47938,71907,95876,119845
23970,47940,71910,95880,119850
23971,47942,71913,95884,119855
23972,47944,71916,95888,119860
23973,47946,71919,95892,119865
23974,47948,71922,95896,119870
23975,47950,71925,95900,119875
23976,47952,71928,95904,119880
23977,47954,71931,95908,119885
23978,47956,71934,95912,119890
23979,47958,71937,95916,119895
23980,47960,71940,95920,119900
23981,47962,71943,95924,119905
23982,47964,71946,95928,119910
23983,47966,71949,95932,119915
23984,47968,71952,95936,119920
23985,47970,71955,95940,119925
23986,47972,71958,95944,119930
23987,47974,71961,95948,119935
23988,47976,71964,95952,119940
23989,47978,71967,95956,119945
23990,47980,71970,95960,119950
23991,47982,71973,95964,119955
23992,47984,71976,95968,119960
23993,47986,71979,95972,119965
23994,47988,71982,95976,119970
23995,47990,71985,95980,119975
23996,47992,71988,95984,119980
23997,47994,71991,95988,119985
23998,47996,71994,95992,119990
23999,47998,71997,95996,119995
24000,48000,72000,96000,120000
24001,48002,72003,96004,120005
24002,48004,72006,96008,120010
24003,48006,72009,96012,120015
24004,48008,72012,96016,120020
24005,48010,72015,96020,120025
24006,48012,72018,96024,120030
24007,48014,72021,96028,120035
24008,48016,72024,96032,120040
24009,48018,72027,96036,120045
24010,48020,72030,96040,120050
24011,48022,72033,96044,120055
24012,48024,72036,96048,120060
24013,48026,72039,96052,120065
24014,48028,72042,96056,120070
24015,48030,72045,96060,120075
24016,48032,72048,96064,120080
24017,48034,72051,96068,120085
24018,48036,72054,96072,120090
24019,48038,72057,96076,120095
24020,48040,72060,96080,120100
24021,48042,72063,96084,120105
24022,48044,72066,96088,120110
24023,48046,72069,96092,120115
24024,48048,72072,96096,120120
24025,48050,72075,96100,120125
24026,48052,72078,96104,120130
24027,48054,72081,96108,120135
24028,48056,72084,96112,120140
24029,48058,72087,96116,120145
24030,48060,72090,96120,120150
24031,48062,72093,96124,120155
24032,48064,72096,96128,120160
24033,48066,72099,96132,120165
24034,48068,72102,96136,120170
24035,48070,72105,96140,120175
24036,48072,72108,96144,120180
24037,48074,72111,96148,120185
24038,48076,72114,96152,120190
24039,48078,72117,96156,120195
24040,48080,72120,96160,120200
24041,48082,72123,96164,120205
24042,48084,72126,96168,120210
24043,48086,72129,96172,120215
24044,48088,72132,96176,120220
24045,48090,72135,96180,120225
24046,48092,72138,96184,120230
24047,48094,72141,96188,120235
24048,48096,72144,96192,120240
24049,48098,72147,96196,120245
24050,48100,72150,96200,120250
24051,48102,72153,96204,120255
24052,48104,72156,96208,120260
24053,48106,72159,96212,120265
24054,48108,72162,96216,120270
24055,48110,72165,96220,120275
24056,48112,72168,96224,120280
24057,48114,72171,96228,120285
24058,48116,72174,96232,120290
24059,48118,72177,96236,120295
24060,48120,72180,96240,120300
24061,48122,72183,96244,120305
24062,48124,72186,96248,120310
24063,48126,72189,96252,120315
24064,48128,72192,96256,120320
24065,48130,72195,96260,120325
24066,48132,72198,96264,120330
24067,48134,72201,96268,120335
24068,48136,72204,96272,120340
24069,48138,72207,96276,120345
24070,48140,72210,96280,120350
24071,48142,72213,96284,120355
24072,48144,72216,96288,120360
24073,48146,72219,96292,120365
24074,48148,72222,96296,120370
24075,48150,72225,96300,120375
24076,48152,72228,96304,120380
24077,48154,72231,96308,120385
24078,48156,72234,96312,120390
24079,48158,72237,96316,120395
24080,48160,72240,96320,120400
24081,48162,72243,96324,120405
24082,48164,72246,96328,120410
24083,48166,72249,96332,120415
24084,48168,72252,96336,120420
24085,48170,72255,96340,120425
24086,48172,72258,96344,120430
24087,48174,72261,96348,120435
24088,48176,72264,96352,120440
24089,48178,72267,96356,120445
24090,48180,72270,96360,120450
24091,48182,72273,96364,120455
24092,48184,72276,96368,120460
24093,48186,72279,96372,120465
24094,48188,72282,96376,120470
24095,48190,72285,96380,120475
24096,48192,72288,96384,120480
24097,48194,72291,96388,120485
24098,48196,72294,96392,120490
24099,48198,72297,96396,120495
24100,48200,72300,96400,120500
24101,48202,72303,96404,120505
24102,48204,72306,96408,120510
24103,48206,72309,96412,120515
24104,48208,72312,96416,120520
24105,48210,72315,96420,120525
24106,48212,72318,96424,120530
24107,48214,72321,96428,120535
24108,48216,72324,96432,120540
24109,48218,72327,96436,120545
24110,48220,72330,96440,120550
24111,48222,72333,96444,120555
24112,48224,72336,96448,120560
24113,48226,72339,96452,120565
24114,48228,72342,96456,120570
24115,48230,72345,96460,120575
24116,48232,72348,96464,120580
24117,48234,72351,96468,120585
24118,48236,72354,96472,120590
24119,48238,72357,96476,120595
24120,48240,72360,96480,120600
24121,48242,72363,96484,120605
24122,48244,72366,96488,120610
24123,48246,72369,96492,120615
24124,48248,72372,96496,120620
24125,48250,72375,96500,120625
24126,48252,72378,96504,120630
24127,48254,72381,96508,120635
24128,48256,72384,96512,120640
24129,48258,72387,96516,120645
24130,48260,72390,96520,120650
24131,48262,72393,96524,120655
24132,48264,72396,96528,120660
24133,48266,72399,96532,120665
24134,48268,72402,96536,120670
24135,48270,72405,96540,120675
24136,48272,72408,96544,120680
24137,48274,72411,96548,120685
24138,48276,72414,96552,120690
24139,48278,72417,96556,120695
24140,48280,72420,96560,120700
24141,48282,72423,96564,120705
24142,48284,72426,96568,120710
24143,48286,72429,96572,120715
24144,48288,72432,96576,120720
24145,48290,72435,96580,120725
24146,48292,72438,96584,120730
24147,48294,72441,96588,120735
24148,48296,72444,96592,120740
24149,48298,72447,96596,120745
24150,48300,72450,96600,120750
24151,48302,72453,96604,120755
24152,48304,72456,96608,120760
24153,48306,72459,96612,120765
24154,48308,72462,96616,120770
24155,48310,72465,96620,120775
24156,48312,72468,96624,120780
24157,48314,72471,96628,120785
24158,48316,72474,96632,120790
24159,48318,72477,96636,120795
24160,48320,72480,96640,120800
24161,48322,72483,96644,120805
24162,48324,72486,96648,120810
24163,48326,72489,96652,120815
24164,48328,72492,96656,120820
24165,48330,72495,96660,120825
24166,48332,72498,96664,120830
24167,48334,72501,96668,120835
24168,48336,72504,96672,120840
24169,48338,72507,96676,120845
24170,48340,72510,96680,120850
24171,48342,72513,96684,120855
24172,48344,72516,96688,120860
24173,48346,72519,96692,120865
24174,48348,72522,96696,120870
24175,48350,72525,96700,120875
24176,48352,72528,96704,120880
24177,48354,72531,96708,120885
24178,48356,72534,96712,120890
24179,48358,72537,96716,120895
24180,48360,72540,96720,120900
24181,48362,72543,96724,120905
24182,48364,72546,96728,120910
24183,48366,72549,96732,120915
24184,48368,72552,96736,120920
24185,48370,72555,96740,120925
24186,48372,72558,96744,120930
24187,48374,72561,96748,120935
24188,48376,72564,96752,120940
24189,48378,72567,96756,120945
24190,48380,72570,96760,120950
24191,48382,72573,96764,120955
24192,48384,72576,96768,120960
24193,48386,72579,96772,120965
24194,48388,72582,96776,120970
24195,48390,72585,96780,120975
24196,48392,72588,96784,120980
24197,48394,72591,96788,120985
24198,48396,72594,96792,120990
24199,48398,72597,96796,120995
24200,48400,72600,96800,121000
24201,48402,72603,96804,121005
24202,48404,72606,96808,121010
24203,48406,72609,96812,121015
24204,48408,72612,96816,121020
24205,48410,72615,96820,121025
24206,48412,72618,96824,121030
24207,48414,72621,96828,121035
24208,48416,72624,96832,121040
24209,48418,72627,96836,121045
24210,48420,72630,96840,121050
24211,48422,72633,96844,121055
24212,48424,72636,96848,121060
24213,48426,72639,96852,121065
24214,48428,72642,96856,121070
24215,48430,72645,96860,121075
24216,48432,72648,96864,121080
24217,48434,72651,96868,121085
24218,48436,72654,96872,121090
24219,48438,72657,96876,121095
24220,48440,72660,96880,121100
24221,48442,72663,96884,121105
24222,48444,72666,96888,121110
24223,48446,72669,96892,121115
24224,48448,72672,96896,121120
24225,48450,72675,96900,121125
24226,48452,72678,96904,121130
24227,48454,72681,96908,121135
24228,48456,72684,96912,121140
24229,48458,72687,96916,121145
24230,48460,72690,96920,121150
24231,48462,72693,96924,121155
24232,48464,72696,96928,121160
24233,48466,72699,96932,121165
24234,48468,72702,96936,121170
24235,48470,72705,96940,121175
24236,48472,72708,96944,121180
24237,48474,72711,96948,121185
24238,48476,72714,96952,121190
24239,48478,72717,96956,121195
24240,48480,72720,96960,121200
24241,48482,72723,96964,121205
24242,48484,72726,96968,121210
24243,48486,72729,96972,121215
24244,48488,72732,96976,121220
24245,48490,72735,96980,121225
24246,48492,72738,96984,121230
24247,48494,72741,96988,121235
24248,48496,72744,96992,121240
24249,48498,72747,96996,121245
24250,48500,72750,97000,121250
24251,48502,72753,97004,121255
24252,48504,72756,97008,121260
24253,48506,72759,97012,121265
24254,48508,72762,97016,121270
24255,48510,72765,97020,121275
24256,48512,72768,97024,121280
24257,48514,72771,97028,121285
24258,48516,72774,97032,121290
24259,48518,72777,97036,121295
24260,48520,72780,97040,121300
24261,48522,72783,97044,121305
24262,48524,72786,97048,121310
24263,48526,72789,97052,121315
24264,48528,72792,97056,121320
24265,48530,72795,97060,121325
24266,48532,72798,97064,121330
24267,48534,72801,97068,121335
24268,48536,72804,97072,121340
24269,48538,72807,97076,121345
24270,48540,72810,97080,121350
24271,48542,72813,97084,121355
24272,48544,72816,97088,121360
24273,48546,72819,97092,121365
24274,48548,72822,97096,121370
24275,48550,72825,97100,121375
24276,48552,72828,97104,121380
24277,48554,72831,97108,121385
24278,48556,72834,97112,121390
24279,48558,72837,97116,121395
24280,48560,72840,97120,121400
24281,48562,72843,97124,121405
24282,48564,72846,97128,121410
24283,48566,72849,97132,121415
24284,48568,72852,97136,121420
24285,48570,72855,97140,121425
24286,48572,72858,97144,121430
24287,48574,72861,97148,121435
24288,48576,72864,97152,121440
24289,48578,72867,97156,121445
24290,48580,72870,97160,121450
24291,48582,72873,97164,121455
24292,48584,72876,97168,121460
24293,48586,72879,97172,121465
24294,48588,72882,97176,121470
24295,48590,72885,97180,121475
24296,48592,72888,97184,121480
24297,48594,72891,97188,121485
24298,48596,72894,97192,121490
24299,48598,72897,97196,121495
24300,48600,72900,97200,121500
24301,48602,72903,97204,121505
24302,48604,72906,97208,121510
24303,48606,72909,97212,121515
24304,48608,72912,97216,121520
24305,48610,72915,97220,121525
24306,48612,72918,97224,121530
24307,48614,72921,97228,121535
24308,48616,72924,97232,121540
24309,48618,72927,97236,121545
24310,48620,72930,97240,121550
24311,48622,72933,97244,121555
24312,48624,72936,97248,121560
24313,48626,72939,97252,121565
24314,48628,72942,97256,121570
24315,48630,72945,97260,121575
24316,48632,72948,97264,121580
24317,48634,72951,97268,121585
24318,48636,72954,97272,121590
24319,48638,72957,97276,121595
24320,48640,72960,97280,121600
24321,48642,72963,97284,121605
24322,48644,72966,97288,121610
24323,48646,72969,97292,121615
24324,48648,72972,97296,121620
24325,48650,72975,97300,121625
24326,48652,72978,97304,121630
24327,48654,72981,97308,121635
24328,48656,72984,97312,121640
24329,48658,72987,97316,121645
24330,48660,72990,97320,121650
24331,48662,72993,97324,121655
24332,48664,72996,97328,121660
24333,48666,72999,97332,121665
24334,48668,73002,97336,121670
24335,48670,73005,97340,121675
24336,48672,73008,97344,121680
24337,48674,73011,97348,121685
24338,48676,73014,97352,121690
24339,48678,73017,97356,121695
24340,48680,73020,97360,121700
24341,48682,73023,97364,121705
24342,48684,73026,97368,121710
24343,48686,73029,97372,121715
24344,48688,73032,97376,121720
24345,48690,73035,97380,121725
24346,48692,73038,97384,121730
24347,48694,73041,97388,121735
24348,48696,73044,97392,121740
24349,48698,73047,97396,121745
24350,48700,73050,97400,121750
24351,48702,73053,97404,121755
24352,48704,73056,97408,121760
24353,48706,73059,97412,121765
24354,48708,73062,97416,121770
24355,48710,73065,97420,121775
24356,48712,73068,97424,121780
24357,48714,73071,97428,121785
24358,48716,73074,97432,121790
24359,48718,73077,97436,121795
24360,48720,73080,97440,121800
24361,48722,73083,97444,121805
24362,48724,73086,97448,121810
24363,48726,73089,97452,121815
24364,48728,73092,97456,121820
24365,48730,73095,97460,121825
24366,48732,73098,97464,121830
24367,48734,73101,97468,121835
24368,48736,73104,97472,121840
24369,48738,73107,97476,121845
24370,48740,73110,97480,121850
24371,48742,73113,97484,121855
24372,48744,73116,97488,121860
24373,48746,73119,97492,121865
24374,48748,73122,97496,121870
24375,48750,73125,97500,121875
24376,48752,73128,97504,121880
24377,48754,73131,97508,121885
24378,48756,73134,97512,121890
24379,48758,73137,97516,121895
24380,48760,73140,97520,121900
24381,48762,73143,97524,121905
24382,48764,73146,97528,121910
24383,48766,73149,97532,121915
24384,48768,73152,97536,121920
24385,48770,73155,97540,121925
24386,48772,73158,97544,121930
24387,48774,73161,97548,121935
24388,48776,73164,97552,121940
24389,48778,73167,97556,121945
24390,48780,73170,97560,121950
24391,48782,73173,97564,121955
24392,48784,73176,97568,121960
24393,48786,73179,97572,121965
24394,48788,73182,97576,121970
24395,48790,73185,97580,121975
24396,48792,73188,97584,121980
24397,48794,73191,97588,121985
24398,48796,73194,97592,121990
24399,48798,73197,97596,121995
24400,48800,73200,97600,122000
24401,48802,73203,97604,122005
24402,48804,73206,97608,122010
24403,48806,73209,97612,122015
24404,48808,73212,97616,122020
24405,48810,73215,97620,122025
24406,48812,73218,97624,122030
24407,48814,73221,97628,122035
24408,48816,73224,97632,122040
24409,48818,73227,97636,122045
24410,48820,73230,97640,122050
24411,48822,73233,97644,122055
24412,48824,73236,97648,122060
24413,48826,73239,97652,122065
24414,48828,73242,97656,122070
24415,48830,73245,97660,122075
24416,48832,73248,97664,122080
24417,48834,73251,97668,122085
24418,48836,73254,97672,122090
24419,48838,73257,97676,122095
24420,48840,73260,97680,122100
24421,48842,73263,97684,122105
24422,48844,73266,97688,122110
24423,48846,73269,97692,122115
24424,48848,73272,97696,122120
24425,48850,73275,97700,122125
24426,48852,73278,97704,122130
24427,48854,73281,97708,122135
24428,48856,73284,97712,122140
24429,48858,73287,97716,122145
24430,48860,73290,97720,122150
24431,48862,73293,97724,122155
24432,48864,73296,97728,122160
24433,48866,73299,97732,122165
24434,48868,73302,97736,122170
24435,48870,73305,97740,122175
24436,48872,73308,97744,122180
24437,48874,73311,97748,122185
24438,48876,73314,97752,122190
24439,48878,73317,97756,122195
24440,48880,73320,97760,122200
24441,48882,73323,97764,122205
24442,48884,73326,97768,122210
24443,48886,73329,97772,122215
24444,48888,73332,97776,122220
24445,48890,73335,97780,122225
24446,48892,73338,97784,122230
24447,48894,73341,97788,122235
24448,48896,73344,97792,122240
24449,48898,73347,97796,122245
24450,48900,73350,97800,122250
24451,48902,73353,97804,122255
24452,48904,73356,97808,122260
24453,48906,73359,97812,122265
24454,48908,73362,97816,122270
24455,48910,73365,97820,122275
24456,48912,73368,97824,122280
24457,48914,73371,97828,122285
24458,48916,73374,97832,122290
24459,48918,73377,97836,122295
24460,48920,73380,97840,122300
24461,48922,73383,97844,122305
24462,48924,73386,97848,122310
24463,48926,73389,97852,122315
24464,48928,73392,97856,122320
24465,48930,73395,97860,122325
24466,48932,73398,97864,122330
24467,48934,73401,97868,122335
24468,48936,73404,97872,122340
24469,48938,73407,97876,122345
24470,48940,73410,97880,122350
24471,48942,73413,97884,122355
24472,48944,73416,97888,122360
24473,48946,73419,97892,122365
24474,48948,73422,97896,122370
24475,48950,73425,97900,122375
24476,48952,73428,97904,122380
24477,48954,73431,97908,122385
24478,48956,73434,97912,122390
24479,48958,73437,97916,122395
24480,48960,73440,97920,122400
24481,48962,73443,97924,122405
24482,48964,73446,97928,122410
24483,48966,73449,97932,122415
24484,48968,73452,97936,122420
24485,48970,73455,97940,122425
24486,48972,73458,97944,122430
24487,48974,73461,97948,122435
24488,48976,73464,97952,122440
24489,48978,73467,97956,122445
24490,48980,73470,97960,122450
24491,48982,73473,97964,122455
24492,48984,73476,97968,122460
24493,48986,73479,97972,122465
24494,48988,73482,97976,122470
24495,48990,73485,97980,122475
24496,48992,73488,97984,122480
24497,48994,73491,97988,122485
24498,48996,73494,97992,122490
24499,48998,73497,97996,122495
24500,49000,73500,98000,122500
24501,49002,73503,98004,122505
24502,49004,73506,98008,122510
24503,49006,73509,98012,122515
24504,49008,73512,98016,122520
24505,49010,73515,98020,122525
24506,49012,73518,98024,122530
24507,49014,73521,98028,122535
24508,49016,73524,98032,122540
24509,49018,73527,98036,122545
24510,49020,73530,98040,122550
24511,49022,73533,98044,122555
24512,49024,73536,98048,122560
24513,49026,73539,98052,122565
24514,49028,73542,98056,122570
24515,49030,73545,98060,122575
24516,49032,73548,98064,122580
24517,49034,73551,98068,122585
24518,49036,73554,98072,122590
24519,49038,73557,98076,122595
24520,49040,73560,98080,122600
24521,49042,73563,98084,122605
24522,49044,73566,98088,122610
24523,49046,73569,98092,122615
24524,49048,73572,98096,122620
24525,49050,73575,98100,122625
24526,49052,73578,98104,122630
24527,49054,73581,98108,122635
24528,49056,73584,98112,122640
24529,49058,73587,98116,122645
24530,49060,73590,98120,122650
24531,49062,73593,98124,122655
24532,49064,73596,98128,122660
24533,49066,73599,98132,122665
24534,49068,73602,98136,122670
24535,49070,73605,98140,122675
24536,49072,73608,98144,122680
24537,49074,73611,98148,122685
24538,49076,73614,98152,122690
24539,49078,73617,98156,122695
24540,49080,73620,98160,122700
24541,49082,73623,98164,122705
24542,49084,73626,98168,122710
24543,49086,73629,98172,122715
24544,49088,73632,98176,122720
24545,49090,73635,98180,122725
24546,49092,73638,98184,122730
24547,49094,73641,98188,122735
24548,49096,73644,98192,122740
24549,49098,73647,98196,122745
24550,49100,73650,98200,122750
24551,49102,73653,98204,122755
24552,49104,73656,98208,122760
24553,49106,73659,98212,122765
24554,49108,73662,98216,122770
24555,49110,73665,98220,122775
24556,49112,73668,98224,122780
24557,49114,73671,98228,122785
24558,49116,73674,98232,122790
24559,49118,73677,98236,122795
24560,49120,73680,98240,122800
24561,49122,73683,98244,122805
24562,49124,73686,98248,122810
24563,49126,73689,98252,122815
24564,49128,73692,98256,122820
24565,49130,73695,98260,122825
24566,49132,73698,98264,122830
24567,49134,73701,98268,122835
24568,49136,73704,98272,122840
24569,49138,73707,98276,122845
24570,49140,73710,98280,122850
24571,49142,73713,98284,122855
24572,49144,73716,98288,122860
24573,49146,73719,98292,122865
24574,49148,73722,98296,122870
24575,49150,73725,98300,122875
24576,49152,73728,98304,122880
24577,49154,73731,98308,122885
24578,49156,73734,98312,122890
24579,49158,73737,98316,122895
24580,49160,73740,98320,122900
24581,49162,73743,98324,122905
24582,49164,73746,98328,122910
24583,49166,73749,98332,122915
24584,49168,73752,98336,122920
24585,49170,73755,98340,122925
24586,49172,73758,98344,122930
24587,49174,73761,98348,122935
24588,49176,73764,98352,122940
24589,49178,73767,98356,122945
24590,49180,73770,98360,122950
24591,49182,73773,98364,122955
24592,49184,73776,98368,122960
24593,49186,73779,98372,122965
24594,49188,73782,98376,122970
24595,49190,73785,98380,122975
24596,49192,73788,98384,122980
24597,49194,73791,98388,122985
24598,49196,73794,98392,122990
24599,49198,73797,98396,122995
24600,49200,73800,98400,123000
24601,49202,73803,98404,123005
24602,49204,73806,98408,123010
24603,49206,73809,98412,123015
24604,49208,73812,98416,123020
24605,49210,73815,98420,123025
24606,49212,73818,98424,123030
24607,49214,73821,98428,123035
24608,49216,73824,98432,123040
24609,49218,73827,98436,123045
24610,49220,73830,98440,123050
24611,49222,73833,98444,123055
24612,49224,73836,98448,123060
24613,49226,73839,98452,123065
24614,49228,73842,98456,123070
24615,49230,73845,98460,123075
24616,49232,73848,98464,123080
24617,49234,73851,98468,123085
24618,49236,73854,98472,123090
24619,49238,73857,98476,123095
24620,49240,73860,98480,123100
24621,49242,73863,98484,123105
24622,49244,73866,98488,123110
24623,49246,73869,98492,123115
24624,49248,73872,98496,123120
24625,49250,73875,98500,123125
24626,49252,73878,98504,123130
24627,49254,73881,98508,123135
24628,49256,73884,98512,123140
24629,49258,73887,98516,123145
24630,49260,73890,98520,123150
24631,49262,73893,98524,123155
24632,49264,73896,98528,123160
24633,49266,73899,98532,123165
24634,49268,73902,98536,123170
24635,49270,73905,98540,123175
24636,49272,73908,98544,123180
24637,49274,73911,98548,123185
24638,49276,73914,98552,123190
24639,49278,73917,98556,123195
24640,49280,73920,98560,123200
24641,49282,73923,98564,123205
24642,49284,73926,98568,123210
24643,49286,73929,98572,123215
24644,49288,73932,98576,123220
24645,49290,73935,98580,123225
24646,49292,73938,98584,123230
24647,49294,73941,98588,123235
24648,49296,73944,98592,123240
24649,49298,73947,98596,123245
24650,49300,73950,98600,123250
24651,49302,73953,98604,123255
24652,49304,73956,98608,123260
24653,49306,73959,98612,123265
24654,49308,73962,98616,123270
24655,49310,73965,98620,123275
24656,49312,73968,98624,123280
24657,49314,73971,98628,123285
24658,49316,73974,98632,123290
24659,49318,73977,98636,123295
24660,49320,73980,98640,123300
24661,49322,73983,98644,123305
24662,49324,73986,98648,123310
24663,49326,73989,98652,123315
24664,49328,73992,98656,123320
24665,49330,73995,98660,123325
24666,49332,73998,98664,123330
24667,49334,74001,98668,123335
24668,49336,74004,98672,123340
24669,49338,74007,98676,123345
24670,49340,74010,98680,123350
24671,49342,74013,98684,123355
24672,49344,74016,98688,123360
24673,49346,74019,98692,123365
24674,49348,74022,98696,123370
24675,49350,74025,98700,123375
24676,49352,74028,98704,123380
24677,49354,74031,98708,123385
24678,49356,74034,98712,123390
24679,49358,74037,98716,123395
24680,49360,74040,98720,123400
24681,49362,74043,98724,123405
24682,49364,74046,98728,123410
24683,49366,74049,98732,123415
24684,49368,74052,98736,123420
24685,49370,74055,98740,123425
24686,49372,74058,98744,123430
24687,49374,74061,98748,123435
24688,49376,74064,98752,123440
24689,49378,74067,98756,123445
24690,49380,74070,98760,123450
24691,49382,74073,98764,123455
24692,49384,74076,98768,123460
24693,49386,74079,98772,123465
24694,49388,74082,98776,123470
24695,49390,74085,98780,123475
24696,49392,74088,98784,123480
24697,49394,74091,98788,123485
24698,49396,74094,98792,123490
24699,49398,74097,98796,123495
24700,49400,74100,98800,123500
24701,49402,74103,98804,123505
24702,49404,74106,98808,123510
24703,49406,74109,98812,123515
24704,49408,74112,98816,123520
24705,49410,74115,98820,123525
24706,49412,74118,98824,123530
24707,49414,74121,98828,123535
24708,49416,74124,98832,123540
24709,49418,74127,98836,123545
24710,49420,74130,98840,123550
24711,49422,74133,98844,123555
24712,49424,74136,98848,123560
24713,49426,74139,98852,123565
24714,49428,74142,98856,123570
24715,49430,74145,98860,123575
24716,49432,74148,98864,123580
24717,49434,74151,98868,123585
24718,49436,74154,98872,123590
24719,49438,74157,98876,123595
24720,49440,74160,98880,123600
24721,49442,74163,98884,123605
24722,49444,74166,98888,123610
24723,49446,74169,98892,123615
24724,49448,74172,98896,123620
24725,49450,74175,98900,123625
24726,49452,74178,98904,123630
24727,49454,74181,98908,123635
24728,49456,74184,98912,123640
24729,49458,74187,98916,123645
24730,49460,74190,98920,123650
24731,49462,74193,98924,123655
24732,49464,74196,98928,123660
24733,49466,74199,98932,123665
24734,49468,74202,98936,123670
24735,49470,74205,98940,123675
24736,49472,74208,98944,123680
24737,49474,74211,98948,123685
24738,49476,74214,98952,123690
24739,49478,74217,98956,123695
24740,49480,74220,98960,123700
24741,49482,74223,98964,123705
24742,49484,74226,98968,123710
24743,49486,74229,98972,123715
24744,49488,74232,98976,123720
24745,49490,74235,98980,123725
24746,49492,74238,98984,123730
24747,49494,74241,98988,123735
24748,49496,74244,98992,123740
24749,49498,74247,98996,123745
24750,49500,74250,99000,123750
24751,49502,74253,99004,123755
24752,49504,74256,99008,123760
24753,49506,74259,99012,123765
24754,49508,74262,99016,123770
24755,49510,74265,99020,123775
24756,49512,74268,99024,123780
24757,49514,74271,99028,123785
24758,49516,74274,99032,123790
24759,49518,74277,99036,123795
24760,49520,74280,99040,123800
24761,49522,74283,99044,123805
24762,49524,74286,99048,123810
24763,49526,74289,99052,123815
24764,49528,74292,99056,123820
24765,49530,74295,99060,123825
24766,49532,74298,99064,123830
24767,49534,74301,99068,123835
24768,49536,74304,99072,123840
24769,49538,74307,99076,123845
24770,49540,74310,99080,123850
24771,49542,74313,99084,123855
24772,49544,74316,99088,123860
24773,49546,74319,99092,123865
24774,49548,74322,99096,123870
24775,49550,74325,99100,123875
24776,49552,74328,99104,123880
24777,49554,74331,99108,123885
24778,49556,74334,99112,123890
24779,49558,74337,99116,123895
24780,49560,74340,99120,123900
24781,49562,74343,99124,123905
24782,49564,74346,99128,123910
24783,49566,74349,99132,123915
24784,49568,74352,99136,123920
24785,49570,74355,99140,123925
24786,49572,74358,99144,123930
24787,49574,74361,99148,123935
24788,49576,74364,99152,123940
24789,49578,74367,99156,123945
24790,49580,74370,99160,123950
24791,49582,74373,99164,123955
24792,49584,74376,99168,123960
24793,49586,74379,99172,123965
24794,49588,74382,99176,123970
24795,49590,74385,99180,123975
24796,49592,74388,99184,123980
24797,49594,74391,99188,123985
24798,49596,74394,99192,123990
24799,49598,74397,99196,123995
24800,49600,74400,99200,124000
24801,49602,74403,99204,124005
24802,49604,74406,99208,124010
24803,49606,74409,99212,124015
24804,49608,74412,99216,124020
24805,49610,74415,99220,124025
24806,49612,74418,99224,124030
24807,49614,74421,99228,124035
24808,49616,74424,99232,124040
24809,49618,74427,99236,124045
24810,49620,74430,99240,124050
24811,49622,74433,99244,124055
24812,49624,74436,99248,124060
24813,49626,74439,99252,124065
24814,49628,74442,99256,124070
24815,49630,74445,99260,124075
24816,49632,74448,99264,124080
24817,49634,74451,99268,124085
24818,49636,74454,99272,124090
24819,49638,74457,99276,124095
24820,49640,74460,99280,124100
24821,49642,74463,99284,124105
24822,49644,74466,99288,124110
24823,49646,74469,99292,124115
24824,49648,74472,99296,124120
24825,49650,74475,99300,124125
24826,49652,74478,99304,124130
24827,49654,74481,99308,124135
24828,49656,74484,99312,124140
24829,49658,74487,99316,124145
24830,49660,74490,99320,124150
24831,49662,74493,99324,124155
24832,49664,74496,99328,124160
24833,49666,74499,99332,124165
24834,49668,74502,99336,124170
24835,49670,74505,99340,124175
24836,49672,74508,99344,124180
24837,49674,74511,99348,124185
24838,49676,74514,99352,124190
24839,49678,74517,99356,124195
24840,49680,74520,99360,124200
24841,49682,74523,99364,124205
24842,49684,74526,99368,124210
24843,49686,74529,99372,124215
24844,49688,74532,99376,124220
24845,49690,74535,99380,124225
24846,49692,74538,99384,124230
24847,49694,74541,99388,124235
24848,49696,74544,99392,124240
24849,49698,74547,99396,124245
24850,49700,74550,99400,124250
24851,49702,74553,99404,124255
24852,49704,74556,99408,124260
24853,49706,74559,99412,124265
24854,49708,74562,99416,124270
24855,49710,74565,99420,124275
24856,49712,74568,99424,124280
24857,49714,74571,99428,124285
24858,49716,74574,99432,124290
24859,49718,74577,99436,124295
24860,49720,74580,99440,124300
24861,49722,74583,99444,124305
24862,49724,74586,99448,124310
24863,49726,74589,99452,124315
24864,49728,74592,99456,124320
24865,49730,74595,99460,124325
24866,49732,74598,99464,124330
24867,49734,74601,99468,124335
24868,49736,74604,99472,124340
24869,49738,74607,99476,124345
24870,49740,74610,99480,124350
24871,49742,74613,99484,124355
24872,49744,74616,99488,124360
24873,49746,74619,99492,124365
24874,49748,74622,99496,124370
24875,49750,74625,99500,124375
24876,49752,74628,99504,124380
24877,49754,74631,99508,124385
24878,49756,74634,99512,124390
24879,49758,74637,99516,124395
24880,49760,74640,99520,124400
24881,49762,74643,99524,124405
24882,49764,74646,99528,124410
24883,49766,74649,99532,124415
24884,49768,74652,99536,124420
24885,49770,74655,99540,124425
24886,49772,74658,99544,124430
24887,49774,74661,99548,124435
24888,49776,74664,99552,124440
24889,49778,74667,99556,124445
24890,49780,74670,99560,124450
24891,49782,74673,99564,124455
24892,49784,74676,99568,124460
24893,49786,74679,99572,124465
24894,49788,74682,99576,124470
24895,49790,74685,99580,124475
24896,49792,74688,99584,124480
24897,49794,74691,99588,124485
24898,49796,74694,99592,124490
24899,49798,74697,99596,124495
24900,49800,74700,99600,124500
24901,49802,74703,99604,124505
24902,49804,74706,99608,124510
24903,49806,74709,99612,124515
24904,49808,74712,99616,124520
24905,49810,74715,99620,124525
24906,49812,74718,99624,124530
24907,49814,74721,99628,124535
24908,49816,74724,99632,124540
24909,49818,74727,99636,124545
24910,49820,74730,99640,124550
24911,49822,74733,99644,124555
24912,49824,74736,99648,124560
24913,49826,74739,99652,124565
24914,49828,74742,99656,124570
24915,49830,74745,99660,124575
24916,49832,74748,99664,124580
24917,49834,74751,99668,124585
24918,49836,74754,99672,124590
24919,49838,74757,99676,124595
24920,49840,74760,99680,124600
24921,49842,74763,99684,124605
24922,49844,74766,99688,124610
24923,49846,74769,99692,124615
24924,49848,74772,99696,124620
24925,49850,74775,99700,124625
24926,49852,74778,99704,124630
24927,49854,74781,99708,124635
24928,49856,74784,99712,124640
24929,49858,74787,99716,124645
24930,49860,74790,99720,124650
24931,49862,74793,99724,124655
24932,49864,74796,99728,124660
24933,49866,74799,99732,124665
24934,49868,74802,99736,124670
24935,49870,74805,99740,124675
24936,49872,74808,99744,124680
24937,49874,74811,99748,124685
24938,49876,74814,99752,124690
24939,49878,74817,99756,124695
24940,49880,74820,99760,124700
24941,49882,74823,99764,124705
24942,49884,74826,99768,124710
24943,49886,74829,99772,124715
24944,49888,74832,99776,124720
24945,49890,74835,99780,124725
24946,49892,74838,99784,124730
24947,49894,74841,99788,124735
24948,49896,74844,99792,124740
24949,49898,74847,99796,124745
24950,49900,74850,99800,124750
24951,49902,74853,99804,124755
24952,49904,74856,99808,124760
24953,49906,74859,99812,124765
24954,49908,74862,99816,124770
24955,49910,74865,99820,124775
24956,49912,74868,99824,124780
24957,49914,74871,99828,124785
24958,49916,74874,99832,124790
24959,49918,74877,99836,124795
24960,49920,74880,99840,124800
24961,49922,74883,99844,124805
24962,49924,74886,99848,124810
24963,49926,74889,99852,124815
24964,49928,74892,99856,124820
24965,49930,74895,99860,124825
24966,49932,74898,99864,124830
24967,49934,74901,99868,124835
24968,49936,74904,99872,124840
24969,49938,74907,99876,124845
24970,49940,74910,99880,124850
24971,49942,74913,99884,124855
24972,49944,74916,99888,124860
24973,49946,74919,99892,124865
24974,49948,74922,99896,124870
24975,49950,74925,99900,124875
24976,49952,74928,99904,124880
24977,49954,74931,99908,124885
24978,49956,74934,99912,124890
24979,49958,74937,99916,124895
24980,49960,74940,99920,124900
24981,49962,74943,99924,124905
24982,49964,74946,99928,124910
24983,49966,74949,99932,124915
24984,49968,74952,99936,124920
24985,49970,74955,99940,124925
24986,49972,74958,99944,124930
24987,49974,74961,99948,124935
24988,49976,74964,99952,124940
24989,49978,74967,99956,124945
24990,49980,74970,99960,124950
24991,49982,74973,99964,124955
24992,49984,74976,99968,124960
24993,49986,74979,99972,124965
24994,49988,74982,99976,124970
24995,49990,74985,99980,124975
24996,49992,74988,99984,124980
24997,49994,74991,99988,124985
24998,49996,74994,99992,124990
24999,49998,74997,99996,124995
25000,50000,75000,100000,125000
25001,50002,75003,100004,125005
25002,50004,75006,100008,125010
25003,50006,75009,100012,125015
25004,50008,75012,100016,125020
25005,50010,75015,100020,125025
25006,50012,75018,100024,125030
25007,50014,75021,100028,125035
25008,50016,75024,100032,125040
25009,50018,75027,100036,125045
25010,50020,75030,100040,125050
25011,50022,75033,100044,125055
25012,50024,75036,100048,125060
25013,50026,75039,100052,125065
25014,50028,75042,100056,125070
25015,50030,75045,100060,125075
25016,50032,75048,100064,125080
25017,50034,75051,100068,125085
25018,50036,75054,100072,125090
25019,50038,75057,100076,125095
25020,50040,75060,100080,125100
25021,50042,75063,100084,125105
25022,50044,75066,100088,125110
25023,50046,75069,100092,125115
25024,50048,75072,100096,125120
25025,50050,75075,100100,125125
25026,50052,75078,100104,125130
25027,50054,75081,100108,125135
25028,50056,75084,100112,125140
25029,50058,75087,100116,125145
25030,50060,75090,100120,125150
25031,50062,75093,100124,125155
25032,50064,75096,100128,125160
25033,50066,75099,100132,125165
25034,50068,75102,100136,125170
25035,50070,75105,100140,125175
25036,50072,75108,100144,125180
25037,50074,75111,100148,125185
25038,50076,75114,100152,125190
25039,50078,75117,100156,125195
25040,50080,75120,100160,125200
25041,50082,75123,100164,125205
25042,50084,75126,100168,125210
25043,50086,75129,100172,125215
25044,50088,75132,100176,125220
25045,50090,75135,100180,125225
25046,50092,75138,100184,125230
25047,50094,75141,100188,125235
25048,50096,75144,100192,125240
25049,50098,75147,100196,125245
25050,50100,75150,100200,125250
25051,50102,75153,100204,125255
25052,50104,75156,100208,125260
25053,50106,75159,100212,125265
25054,50108,75162,100216,125270
25055,50110,75165,100220,125275
25056,50112,75168,100224,125280
25057,50114,75171,100228,125285
25058,50116,75174,100232,125290
25059,50118,75177,100236,125295
25060,50120,75180,100240,125300
25061,50122,75183,100244,125305
25062,50124,75186,100248,125310
25063,50126,75189,100252,125315
25064,50128,75192,100256,125320
25065,50130,75195,100260,125325
25066,50132,75198,100264,125330
25067,50134,75201,100268,125335
25068,50136,75204,100272,125340
25069,50138,75207,100276,125345
25070,50140,75210,100280,125350
25071,50142,75213,100284,125355
25072,50144,75216,100288,125360
25073,50146,75219,100292,125365
25074,50148,75222,100296,125370
25075,50150,75225,100300,125375
25076,50152,75228,100304,125380
25077,50154,75231,100308,125385
25078,50156,75234,100312,125390
25079,50158,75237,100316,125395
25080,50160,75240,100320,125400
25081,50162,75243,100324,125405
25082,50164,75246,100328,125410
25083,50166,75249,100332,125415
25084,50168,75252,100336,125420
25085,50170,75255,100340,125425
25086,50172,75258,100344,125430
25087,50174,75261,100348,125435
25088,50176,75264,100352,125440
25089,50178,75267,100356,125445
25090,50180,75270,100360,125450
25091,50182,75273,100364,125455
25092,50184,75276,100368,125460
25093,50186,75279,100372,125465
25094,50188,75282,100376,125470
25095,50190,75285,100380,125475
25096,50192,75288,100384,125480
25097,50194,75291,100388,125485
25098,50196,75294,100392,125490
25099,50198,75297,100396,125495
25100,50200,75300,100400,125500
25101,50202,75303,100404,125505
25102,50204,75306,100408,125510
25103,50206,75309,100412,125515
25104,50208,75312,100416,125520
25105,50210,75315,100420,125525
25106,50212,75318,100424,125530
25107,50214,75321,100428,125535
25108,50216,75324,100432,125540
25109,50218,75327,100436,125545
25110,50220,75330,100440,125550
25111,50222,75333,100444,125555
25112,50224,75336,100448,125560
25113,50226,75339,100452,125565
25114,50228,75342,100456,125570
25115,50230,75345,100460,125575
25116,50232,75348,100464,125580
25117,50234,75351,100468,125585
25118,50236,75354,100472,125590
25119,50238,75357,100476,125595
25120,50240,75360,100480,125600
25121,50242,75363,100484,125605
25122,50244,75366,100488,125610
25123,50246,75369,100492,125615
25124,50248,75372,100496,125620
25125,50250,75375,100500,125625
25126,50252,75378,100504,125630
25127,50254,75381,100508,125635
25128,50256,75384,100512,125640
25129,50258,75387,100516,125645
25130,50260,75390,100520,125650
25131,50262,75393,100524,125655
25132,50264,75396,100528,125660
25133,50266,75399,100532,125665
25134,50268,75402,100536,125670
25135,50270,75405,100540,125675
25136,50272,75408,100544,125680
25137,50274,75411,100548,125685
25138,50276,75414,100552,125690
25139,50278,75417,100556,125695
25140,50280,75420,100560,125700
25141,50282,75423,100564,125705
25142,50284,75426,100568,125710
25143,50286,75429,100572,125715
25144,50288,75432,100576,125720
25145,50290,75435,100580,125725
25146,50292,75438,100584,125730
25147,50294,75441,100588,125735
25148,50296,75444,100592,125740
25149,50298,75447,100596,125745
25150,50300,75450,100600,125750
25151,50302,75453,100604,125755
25152,50304,75456,100608,125760
25153,50306,75459,100612,125765
25154,50308,75462,100616,125770
25155,50310,75465,100620,125775
25156,50312,75468,100624,125780
25157,50314,75471,100628,125785
25158,50316,75474,100632,125790
25159,50318,75477,100636,125795
25160,50320,75480,100640,125800
25161,50322,75483,100644,125805
25162,50324,75486,100648,125810
25163,50326,75489,100652,125815
25164,50328,75492,100656,125820
25165,50330,75495,100660,125825
25166,50332,75498,100664,125830
25167,50334,75501,100668,125835
25168,50336,75504,100672,125840
25169,50338,75507,100676,125845
25170,50340,75510,100680,125850
25171,50342,75513,100684,125855
25172,50344,75516,100688,125860
25173,50346,75519,100692,125865
25174,50348,75522,100696,125870
25175,50350,75525,100700,125875
25176,50352,75528,100704,125880
25177,50354,75531,100708,125885
25178,50356,75534,100712,125890
25179,50358,75537,100716,125895
25180,50360,75540,100720,125900
25181,50362,75543,100724,125905
25182,50364,75546,100728,125910
25183,50366,75549,100732,125915
25184,50368,75552,100736,125920
25185,50370,75555,100740,125925
25186,50372,75558,100744,125930
25187,50374,75561,100748,125935
25188,50376,75564,100752,125940
25189,50378,75567,100756,125945
25190,50380,75570,100760,125950
25191,50382,75573,100764,125955
25192,50384,75576,100768,125960
25193,50386,75579,100772,125965
25194,50388,75582,100776,125970
25195,50390,75585,100780,125975
25196,50392,75588,100784,125980
25197,50394,75591,100788,125985
25198,50396,75594,100792,125990
25199,50398,75597,100796,125995
25200,50400,75600,100800,126000
25201,50402,75603,100804,126005
25202,50404,75606,100808,126010
25203,50406,75609,100812,126015
25204,50408,75612,100816,126020
25205,50410,75615,100820,126025
25206,50412,75618,100824,126030
25207,50414,75621,100828,126035
25208,50416,75624,100832,126040
25209,50418,75627,100836,126045
25210,50420,75630,100840,126050
25211,50422,75633,100844,126055
25212,50424,75636,100848,126060
25213,50426,75639,100852,126065
25214,50428,75642,100856,126070
25215,50430,75645,100860,126075
25216,50432,75648,100864,126080
25217,50434,75651,100868,126085
25218,50436,75654,100872,126090
25219,50438,75657,100876,126095
25220,50440,75660,100880,126100
25221,50442,75663,100884,126105
25222,50444,75666,100888,126110
25223,50446,75669,100892,126115
25224,50448,75672,100896,126120
25225,50450,75675,100900,126125
25226,50452,75678,100904,126130
25227,50454,75681,100908,126135
25228,50456,75684,100912,126140
25229,50458,75687,100916,126145
25230,50460,75690,100920,126150
25231,50462,75693,100924,126155
25232,50464,75696,100928,126160
25233,50466,75699,100932,126165
25234,50468,75702,100936,126170
25235,50470,75705,100940,126175
25236,50472,75708,100944,126180
25237,50474,75711,100948,126185
25238,50476,75714,100952,126190
25239,50478,75717,100956,126195
25240,50480,75720,100960,126200
25241,50482,75723,100964,126205
25242,50484,75726,100968,126210
25243,50486,75729,100972,126215
25244,50488,75732,100976,126220
25245,50490,75735,100980,126225
25246,50492,75738,100984,126230
25247,50494,75741,100988,126235
25248,50496,75744,100992,126240
25249,50498,75747,100996,126245
25250,50500,75750,101000,126250
25251,50502,75753,101004,126255
25252,50504,75756,101008,126260
25253,50506,75759,101012,126265
25254,50508,75762,101016,126270
25255,50510,75765,101020,126275
25256,50512,75768,101024,126280
25257,50514,75771,101028,126285
25258,50516,75774,101032,126290
25259,50518,75777,101036,126295
25260,50520,75780,101040,126300
25261,50522,75783,101044,126305
25262,50524,75786,101048,126310
25263,50526,75789,101052,126315
25264,50528,75792,101056,126320
25265,50530,75795,101060,126325
25266,50532,75798,101064,126330
25267,50534,75801,101068,126335
25268,50536,75804,101072,126340
25269,50538,75807,101076,126345
25270,50540,75810,101080,126350
25271,50542,75813,101084,126355
25272,50544,75816,101088,126360
25273,50546,75819,101092,126365
25274,50548,75822,101096,126370
25275,50550,75825,101100,126375
25276,50552,75828,101104,126380
25277,50554,75831,101108,126385
25278,50556,75834,101112,126390
25279,50558,75837,101116,126395
25280,50560,75840,101120,126400
25281,50562,75843,101124,126405
25282,50564,75846,101128,126410
25283,50566,75849,101132,126415
25284,50568,75852,101136,126420
25285,50570,75855,101140,126425
25286,50572,75858,101144,126430
25287,50574,75861,101148,126435
25288,50576,75864,101152,126440
25289,50578,75867,101156,126445
25290,50580,75870,101160,126450
25291,50582,75873,101164,126455
25292,50584,75876,101168,126460
25293,50586,75879,101172,126465
25294,50588,75882,101176,126470
25295,50590,75885,101180,126475
25296,50592,75888,101184,126480
25297,50594,75891,101188,126485
25298,50596,75894,101192,126490
25299,50598,75897,101196,126495
25300,50600,75900,101200,126500
25301,50602,75903,101204,126505
25302,50604,75906,101208,126510
25303,50606,75909,101212,126515
25304,50608,75912,101216,126520
25305,50610,75915,101220,126525
25306,50612,75918,101224,126530
25307,50614,75921,101228,126535
25308,50616,75924,101232,126540
25309,50618,75927,101236,126545
25310,50620,75930,101240,126550
25311,50622,75933,101244,126555
25312,50624,75936,101248,126560
25313,50626,75939,101252,126565
25314,50628,75942,101256,126570
25315,50630,75945,101260,126575
25316,50632,75948,101264,126580
25317,50634,75951,101268,126585
25318,50636,75954,101272,126590
25319,50638,75957,101276,126595
25320,50640,75960,101280,126600
25321,50642,75963,101284,126605
25322,50644,75966,101288,126610
25323,50646,75969,101292,126615
25324,50648,75972,101296,126620
25325,50650,75975,101300,126625
25326,50652,75978,101304,126630
25327,50654,75981,101308,126635
25328,50656,75984,101312,126640
25329,50658,75987,101316,126645
25330,50660,75990,101320,126650
25331,50662,75993,101324,126655
25332,50664,75996,101328,126660
25333,50666,75999,101332,126665
25334,50668,76002,101336,126670
25335,50670,76005,101340,126675
25336,50672,76008,101344,126680
25337,50674,76011,101348,126685
25338,50676,76014,101352,126690
25339,50678,76017,101356,126695
25340,50680,76020,101360,126700
25341,50682,76023,101364,126705
25342,50684,76026,101368,126710
25343,50686,76029,101372,126715
25344,50688,76032,101376,126720
25345,50690,76035,101380,126725
25346,50692,76038,101384,126730
25347,50694,76041,101388,126735
25348,50696,76044,101392,126740
25349,50698,76047,101396,126745
25350,50700,76050,101400,126750
25351,50702,76053,101404,126755
25352,50704,76056,101408,126760
25353,50706,76059,101412,126765
25354,50708,76062,101416,126770
25355,50710,76065,101420,126775
25356,50712,76068,101424,126780
25357,50714,76071,101428,126785
25358,50716,76074,101432,126790
25359,50718,76077,101436,126795
25360,50720,76080,101440,126800
25361,50722,76083,101444,126805
25362,50724,76086,101448,126810
25363,50726,76089,101452,126815
25364,50728,76092,101456,126820
25365,50730,76095,101460,126825
25366,50732,76098,101464,126830
25367,50734,76101,101468,126835
25368,50736,76104,101472,126840
25369,50738,76107,101476,126845
25370,50740,76110,101480,126850
25371,50742,76113,101484,126855
25372,50744,76116,101488,126860
25373,50746,76119,101492,126865
25374,50748,76122,101496,126870
25375,50750,76125,101500,126875
25376,50752,76128,101504,126880
25377,50754,76131,101508,126885
25378,50756,76134,101512,126890
25379,50758,76137,101516,126895
25380,50760,76140,101520,126900
25381,50762,76143,101524,126905
25382,50764,76146,101528,126910
25383,50766,76149,101532,126915
25384,50768,76152,101536,126920
25385,50770,76155,101540,126925
25386,50772,76158,101544,126930
25387,50774,76161,101548,126935
25388,50776,76164,101552,126940
25389,50778,76167,101556,126945
25390,50780,76170,101560,126950
25391,50782,76173,101564,126955
25392,50784,76176,101568,126960
25393,50786,76179,101572,126965
25394,50788,76182,101576,126970
25395,50790,76185,101580,126975
25396,50792,76188,101584,126980
25397,50794,76191,101588,126985
25398,50796,76194,101592,126990
25399,50798,76197,101596,126995
25400,50800,76200,101600,127000
25401,50802,76203,101604,127005
25402,50804,76206,101608,127010
25403,50806,76209,101612,127015
25404,50808,76212,101616,127020
25405,50810,76215,101620,127025
25406,50812,76218,101624,127030
25407,50814,76221,101628,127035
25408,50816,76224,101632,127040
25409,50818,76227,101636,127045
25410,50820,76230,101640,127050
25411,50822,76233,101644,127055
25412,50824,76236,101648,127060
25413,50826,76239,101652,127065
25414,50828,76242,101656,127070
25415,50830,76245,101660,127075
25416,50832,76248,101664,127080
25417,50834,76251,101668,127085
25418,50836,76254,101672,127090
25419,50838,76257,101676,127095
25420,50840,76260,101680,127100
25421,50842,76263,101684,127105
25422,50844,76266,101688,127110
25423,50846,76269,101692,127115
25424,50848,76272,101696,127120
25425,50850,76275,101700,127125
25426,50852,76278,101704,127130
25427,50854,76281,101708,127135
25428,50856,76284,101712,127140
25429,50858,76287,101716,127145
25430,50860,76290,101720,127150
25431,50862,76293,101724,127155
25432,50864,76296,101728,127160
25433,50866,76299,101732,127165
25434,50868,76302,101736,127170
25435,50870,76305,101740,127175
25436,50872,76308,101744,127180
25437,50874,76311,101748,127185
25438,50876,76314,101752,127190
25439,50878,76317,101756,127195
25440,50880,76320,101760,127200
25441,50882,76323,101764,127205
25442,50884,76326,101768,127210
25443,50886,76329,101772,127215
25444,50888,76332,101776,127220
25445,50890,76335,101780,127225
25446,50892,76338,101784,127230
25447,50894,76341,101788,127235
25448,50896,76344,101792,127240
25449,50898,76347,101796,127245
25450,50900,76350,101800,127250
25451,50902,76353,101804,127255
25452,50904,76356,101808,127260
25453,50906,76359,101812,127265
25454,50908,76362,101816,127270
25455,50910,76365,101820,127275
25456,50912,76368,101824,127280
25457,50914,76371,101828,127285
25458,50916,76374,101832,127290
25459,50918,76377,101836,127295
25460,50920,76380,101840,127300
25461,50922,76383,101844,127305
25462,50924,76386,101848,127310
25463,50926,76389,101852,127315
25464,50928,76392,101856,127320
25465,50930,76395,101860,127325
25466,50932,76398,101864,127330
25467,50934,76401,101868,127335
25468,50936,76404,101872,127340
25469,50938,76407,101876,127345
25470,50940,76410,101880,127350
25471,50942,76413,101884,127355
25472,50944,76416,101888,127360
25473,50946,76419,101892,127365
25474,50948,76422,101896,127370
25475,50950,76425,101900,127375
25476,50952,76428,101904,127380
25477,50954,76431,101908,127385
25478,50956,76434,101912,127390
25479,50958,76437,101916,127395
25480,50960,76440,101920,127400
25481,50962,76443,101924,127405
25482,50964,76446,101928,127410
25483,50966,76449,101932,127415
25484,50968,76452,101936,127420
25485,50970,76455,101940,127425
25486,50972,76458,101944,127430
25487,50974,76461,101948,127435
25488,50976,76464,101952,127440
25489,50978,76467,101956,127445
25490,50980,76470,101960,127450
25491,50982,76473,101964,127455
25492,50984,76476,101968,127460
25493,50986,76479,101972,127465
25494,50988,76482,101976,127470
25495,50990,76485,101980,127475
25496,50992,76488,101984,127480
25497,50994,76491,101988,127485
25498,50996,76494,101992,127490
25499,50998,76497,101996,127495
25500,51000,76500,102000,127500
25501,51002,76503,102004,127505
25502,51004,76506,102008,127510
25503,51006,76509,102012,127515
25504,51008,76512,102016,127520
25505,51010,76515,102020,127525
25506,51012,76518,102024,127530
25507,51014,76521,102028,127535
25508,51016,76524,102032,127540
25509,51018,76527,102036,127545
25510,51020,76530,102040,127550
25511,51022,76533,102044,127555
25512,51024,76536,102048,127560
25513,51026,76539,102052,127565
25514,51028,76542,102056,127570
25515,51030,76545,102060,127575
25516,51032,76548,102064,127580
25517,51034,76551,102068,127585
25518,51036,76554,102072,127590
25519,51038,76557,102076,127595
25520,51040,76560,102080,127600
25521,51042,76563,102084,127605
25522,51044,76566,102088,127610
25523,51046,76569,102092,127615
25524,51048,76572,102096,127620
25525,51050,76575,102100,127625
25526,51052,76578,102104,127630
25527,51054,76581,102108,127635
25528,51056,76584,102112,127640
25529,51058,76587,102116,127645
25530,51060,76590,102120,127650
25531,51062,76593,102124,127655
25532,51064,76596,102128,127660
25533,51066,76599,102132,127665
25534,51068,76602,102136,127670
25535,51070,76605,102140,127675
25536,51072,76608,102144,127680
25537,51074,76611,102148,127685
25538,51076,76614,102152,127690
25539,51078,76617,102156,127695
25540,51080,76620,102160,127700
25541,51082,76623,102164,127705
25542,51084,76626,102168,127710
25543,51086,76629,102172,127715
25544,51088,76632,102176,127720
25545,51090,76635,102180,127725
25546,51092,76638,102184,127730
25547,51094,76641,102188,127735
25548,51096,76644,102192,127740
25549,51098,76647,102196,127745
25550,51100,76650,102200,127750
25551,51102,76653,102204,127755
25552,51104,76656,102208,127760
25553,51106,76659,102212,127765
25554,51108,76662,102216,127770
25555,51110,76665,102220,127775
25556,51112,76668,102224,127780
25557,51114,76671,102228,127785
25558,51116,76674,102232,127790
25559,51118,76677,102236,127795
25560,51120,76680,102240,127800
25561,51122,76683,102244,127805
25562,51124,76686,102248,127810
25563,51126,76689,102252,127815
25564,51128,76692,102256,127820
25565,51130,76695,102260,127825
25566,51132,76698,102264,127830
25567,51134,76701,102268,127835
25568,51136,76704,102272,127840
25569,51138,76707,102276,127845
25570,51140,76710,102280,127850
25571,51142,76713,102284,127855
25572,51144,76716,102288,127860
25573,51146,76719,102292,127865
25574,51148,76722,102296,127870
25575,51150,76725,102300,127875
25576,51152,76728,102304,127880
25577,51154,76731,102308,127885
25578,51156,76734,102312,127890
25579,51158,76737,102316,127895
25580,51160,76740,102320,127900
25581,51162,76743,102324,127905
25582,51164,76746,102328,127910
25583,51166,76749,102332,127915
25584,51168,76752,102336,127920
25585,51170,76755,102340,127925
25586,51172,76758,102344,127930
25587,51174,76761,102348,127935
25588,51176,76764,102352,127940
25589,51178,76767,102356,127945
25590,51180,76770,102360,127950
25591,51182,76773,102364,127955
25592,51184,76776,102368,127960
25593,51186,76779,102372,127965
25594,51188,76782,102376,127970
25595,51190,76785,102380,127975
25596,51192,76788,102384,127980
25597,51194,76791,102388,127985
25598,51196,76794,102392,127990
25599,51198,76797,102396,127995
25600,51200,76800,102400,128000
25601,51202,76803,102404,128005
25602,51204,76806,102408,128010
25603,51206,76809,102412,128015
25604,51208,76812,102416,128020
25605,51210,76815,102420,128025
25606,51212,76818,102424,128030
25607,51214,76821,102428,128035
25608,51216,76824,102432,128040
25609,51218,76827,102436,128045
25610,51220,76830,102440,128050
25611,51222,76833,102444,128055
25612,51224,76836,102448,128060
25613,51226,76839,102452,128065
25614,51228,76842,102456,128070
25615,51230,76845,102460,128075
25616,51232,76848,102464,128080
25617,51234,76851,102468,128085
25618,51236,76854,102472,128090
25619,51238,76857,102476,128095
25620,51240,76860,102480,128100
25621,51242,76863,102484,128105
25622,51244,76866,102488,128110
25623,51246,76869,102492,128115
25624,51248,76872,102496,128120
25625,51250,76875,102500,128125
25626,51252,76878,102504,128130
25627,51254,76881,102508,128135
25628,51256,76884,102512,128140
25629,51258,76887,102516,128145
25630,51260,76890,102520,128150
25631,51262,76893,102524,128155
25632,51264,76896,102528,128160
25633,51266,76899,102532,128165
25634,51268,76902,102536,128170
25635,51270,76905,102540,128175
25636,51272,76908,102544,128180
25637,51274,76911,102548,128185
25638,51276,76914,102552,128190
25639,51278,76917,102556,128195
25640,51280,76920,102560,128200
25641,51282,76923,102564,128205
25642,51284,76926,102568,128210
25643,51286,76929,102572,128215
25644,51288,76932,102576,128220
25645,51290,76935,102580,128225
25646,51292,76938,102584,128230
25647,51294,76941,102588,128235
25648,51296,76944,102592,128240
25649,51298,76947,102596,128245
25650,51300,76950,102600,128250
25651,51302,76953,102604,128255
25652,51304,76956,102608,128260
25653,51306,76959,102612,128265
25654,51308,76962,102616,128270
25655,51310,76965,102620,128275
25656,51312,76968,102624,128280
25657,51314,76971,102628,128285
25658,51316,76974,102632,128290
25659,51318,76977,102636,128295
25660,51320,76980,102640,128300
25661,51322,76983,102644,128305
25662,51324,76986,102648,128310
25663,51326,76989,102652,128315
25664,51328,76992,102656,128320
25665,51330,76995,102660,128325
25666,51332,76998,102664,128330
25667,51334,77001,102668,128335
25668,51336,77004,102672,128340
25669,51338,77007,102676,128345
25670,51340,77010,102680,128350
25671,51342,77013,102684,128355
25672,51344,77016,102688,128360
25673,51346,77019,102692,128365
25674,51348,77022,102696,128370
25675,51350,77025,102700,128375
25676,51352,77028,102704,128380
25677,51354,77031,102708,128385
25678,51356,77034,102712,128390
25679,51358,77037,102716,128395
25680,51360,77040,102720,128400
25681,51362,77043,102724,128405
25682,51364,77046,102728,128410
25683,51366,77049,102732,128415
25684,51368,77052,102736,128420
25685,51370,77055,102740,128425
25686,51372,77058,102744,128430
25687,51374,77061,102748,128435
25688,51376,77064,102752,128440
25689,51378,77067,102756,128445
25690,51380,77070,102760,128450
25691,51382,77073,102764,128455
25692,51384,77076,102768,128460
25693,51386,77079,102772,128465
25694,51388,77082,102776,128470
25695,51390,77085,102780,128475
25696,51392,77088,102784,128480
25697,51394,77091,102788,128485
25698,51396,77094,102792,128490
25699,51398,77097,102796,128495
25700,51400,77100,102800,128500
25701,51402,77103,102804,128505
25702,51404,77106,102808,128510
25703,51406,77109,102812,128515
25704,51408,77112,102816,128520
25705,51410,77115,102820,128525
25706,51412,77118,102824,128530
25707,51414,77121,102828,128535
25708,51416,77124,102832,128540
25709,51418,77127,102836,128545
25710,51420,77130,102840,128550
25711,51422,77133,102844,128555
25712,51424,77136,102848,128560
25713,51426,77139,102852,128565
25714,51428,77142,102856,128570
25715,51430,77145,102860,128575
25716,51432,77148,102864,128580
25717,51434,77151,102868,128585
25718,51436,77154,102872,128590
25719,51438,77157,102876,128595
25720,51440,77160,102880,128600
25721,51442,77163,102884,128605
25722,51444,77166,102888,128610
25723,51446,77169,102892,128615
25724,51448,77172,102896,128620
25725,51450,77175,102900,128625
25726,51452,77178,102904,128630
25727,51454,77181,102908,128635
25728,51456,77184,102912,128640
25729,51458,77187,102916,128645
25730,51460,77190,102920,128650
25731,51462,77193,102924,128655
25732,51464,77196,102928,128660
25733,51466,77199,102932,128665
25734,51468,77202,102936,128670
25735,51470,77205,102940,128675
25736,51472,77208,102944,128680
25737,51474,77211,102948,128685
25738,51476,77214,102952,128690
25739,51478,77217,102956,128695
25740,51480,77220,102960,128700
25741,51482,77223,102964,128705
25742,51484,77226,102968,128710
25743,51486,77229,102972,128715
25744,51488,77232,102976,128720
25745,51490,77235,102980,128725
25746,51492,77238,102984,128730
25747,51494,77241,102988,128735
25748,51496,77244,102992,128740
25749,51498,77247,102996,128745
25750,51500,77250,103000,128750
25751,51502,77253,103004,128755
25752,51504,77256,103008,128760
25753,51506,77259,103012,128765
25754,51508,77262,103016,128770
25755,51510,77265,103020,128775
25756,51512,77268,103024,128780
25757,51514,77271,103028,128785
25758,51516,77274,103032,128790
25759,51518,77277,103036,128795
25760,51520,77280,103040,128800
25761,51522,77283,103044,128805
25762,51524,77286,103048,128810
25763,51526,77289,103052,128815
25764,51528,77292,103056,128820
25765,51530,77295,103060,128825
25766,51532,77298,103064,128830
25767,51534,77301,103068,128835
25768,51536,77304,103072,128840
25769,51538,77307,103076,128845
25770,51540,77310,103080,128850
25771,51542,77313,103084,128855
25772,51544,77316,103088,128860
25773,51546,77319,103092,128865
25774,51548,77322,103096,128870
25775,51550,77325,103100,128875
25776,51552,77328,103104,128880
25777,51554,77331,103108,128885
25778,51556,77334,103112,128890
25779,51558,77337,103116,128895
25780,51560,77340,103120,128900
25781,51562,77343,103124,128905
25782,51564,77346,103128,128910
25783,51566,77349,103132,128915
25784,51568,77352,103136,128920
25785,51570,77355,103140,128925
25786,51572,77358,103144,128930
25787,51574,77361,103148,128935
25788,51576,77364,103152,128940
25789,51578,77367,103156,128945
25790,51580,77370,103160,128950
25791,51582,77373,103164,128955
25792,51584,77376,103168,128960
25793,51586,77379,103172,128965
25794,51588,77382,103176,128970
25795,51590,77385,103180,128975
25796,51592,77388,103184,128980
25797,51594,77391,103188,128985
25798,51596,77394,103192,128990
25799,51598,77397,103196,128995
25800,51600,77400,103200,129000
25801,51602,77403,103204,129005
25802,51604,77406,103208,129010
25803,51606,77409,103212,129015
25804,51608,77412,103216,129020
25805,51610,77415,103220,129025
25806,51612,77418,103224,129030
25807,51614,77421,103228,129035
25808,51616,77424,103232,129040
25809,51618,77427,103236,129045
25810,51620,77430,103240,129050
25811,51622,77433,103244,129055
25812,51624,77436,103248,129060
25813,51626,77439,103252,129065
25814,51628,77442,103256,129070
25815,51630,77445,103260,129075
25816,51632,77448,103264,129080
25817,51634,77451,103268,129085
25818,51636,77454,103272,129090
25819,51638,77457,103276,129095
25820,51640,77460,103280,129100
25821,51642,77463,103284,129105
25822,51644,77466,103288,129110
25823,51646,77469,103292,129115
25824,51648,77472,103296,129120
25825,51650,77475,103300,129125
25826,51652,77478,103304,129130
25827,51654,77481,103308,129135
25828,51656,77484,103312,129140
25829,51658,77487,103316,129145
25830,51660,77490,103320,129150
25831,51662,77493,103324,129155
25832,51664,77496,103328,129160
25833,51666,77499,103332,129165
25834,51668,77502,103336,129170
25835,51670,77505,103340,129175
25836,51672,77508,103344,129180
25837,51674,77511,103348,129185
25838,51676,77514,103352,129190
25839,51678,77517,103356,129195
25840,51680,77520,103360,129200
25841,51682,77523,103364,129205
25842,51684,77526,103368,129210
25843,51686,77529,103372,129215
25844,51688,77532,103376,129220
25845,51690,77535,103380,129225
25846,51692,77538,103384,129230
25847,51694,77541,103388,129235
25848,51696,77544,103392,129240
25849,51698,77547,103396,129245
25850,51700,77550,103400,129250
25851,51702,77553,103404,129255
25852,51704,77556,103408,129260
25853,51706,77559,103412,129265
25854,51708,77562,103416,129270
25855,51710,77565,103420,129275
25856,51712,77568,103424,129280
25857,51714,77571,103428,129285
25858,51716,77574,103432,129290
25859,51718,77577,103436,129295
25860,51720,77580,103440,129300
25861,51722,77583,103444,129305
25862,51724,77586,103448,129310
25863,51726,77589,103452,129315
25864,51728,77592,103456,129320
25865,51730,77595,103460,129325
25866,51732,77598,103464,129330
25867,51734,77601,103468,129335
25868,51736,77604,103472,129340
25869,51738,77607,103476,129345
25870,51740,77610,103480,129350
25871,51742,77613,103484,129355
25872,51744,77616,103488,129360
25873,51746,77619,103492,129365
25874,51748,77622,103496,129370
25875,51750,77625,103500,129375
25876,51752,77628,103504,129380
25877,51754,77631,103508,129385
25878,51756,77634,103512,129390
25879,51758,77637,103516,129395
25880,51760,77640,103520,129400
25881,51762,77643,103524,129405
25882,51764,77646,103528,129410
25883,51766,77649,103532,129415
25884,51768,77652,103536,129420
25885,51770,77655,103540,129425
25886,51772,77658,103544,129430
25887,51774,77661,103548,129435
25888,51776,77664,103552,129440
25889,51778,77667,103556,129445
25890,51780,77670,103560,129450
25891,51782,77673,103564,129455
25892,51784,77676,103568,129460
25893,51786,77679,103572,129465
25894,51788,77682,103576,129470
25895,51790,77685,103580,129475
25896,51792,77688,103584,129480
25897,51794,77691,103588,129485
25898,51796,77694,103592,129490
25899,51798,77697,103596,129495
25900,51800,77700,103600,129500
25901,51802,77703,103604,129505
25902,51804,77706,103608,129510
25903,51806,77709,103612,129515
25904,51808,77712,103616,129520
25905,51810,77715,103620,129525
25906,51812,77718,103624,129530
25907,51814,77721,103628,129535
25908,51816,77724,103632,129540
25909,51818,77727,103636,129545
25910,51820,77730,103640,129550
25911,51822,77733,103644,129555
25912,51824,77736,103648,129560
25913,51826,77739,103652,129565
25914,51828,77742,103656,129570
25915,51830,77745,103660,129575
25916,51832,77748,103664,129580
25917,51834,77751,103668,129585
25918,51836,77754,103672,129590
25919,51838,77757,103676,129595
25920,51840,77760,103680,129600
25921,51842,77763,103684,129605
25922,51844,77766,103688,129610
25923,51846,77769,103692,129615
25924,51848,77772,103696,129620
25925,51850,77775,103700,129625
25926,51852,77778,103704,129630
25927,51854,77781,103708,129635
25928,51856,77784,103712,129640
25929,51858,77787,103716,129645
25930,51860,77790,103720,129650
25931,51862,77793,103724,129655
25932,51864,77796,103728,129660
25933,51866,77799,103732,129665
25934,51868,77802,103736,129670
25935,51870,77805,103740,129675
25936,51872,77808,103744,129680
25937,51874,77811,103748,129685
25938,51876,77814,103752,129690
25939,51878,77817,103756,129695
25940,51880,77820,103760,129700
25941,51882,77823,103764,129705
25942,51884,77826,103768,129710
25943,51886,77829,103772,129715
25944,51888,77832,103776,129720
25945,51890,77835,103780,129725
25946,51892,77838,103784,129730
25947,51894,77841,103788,129735
25948,51896,77844,103792,129740
25949,51898,77847,103796,129745
25950,51900,77850,103800,129750
25951,51902,77853,103804,129755
25952,51904,77856,103808,129760
25953,51906,77859,103812,129765
25954,51908,77862,103816,129770
25955,51910,77865,103820,129775
25956,51912,77868,103824,129780
25957,51914,77871,103828,129785
25958,51916,77874,103832,129790
25959,51918,77877,103836,129795
25960,51920,77880,103840,129800
25961,51922,77883,103844,129805
25962,51924,77886,103848,129810
25963,51926,77889,103852,129815
25964,51928,77892,103856,129820
25965,51930,77895,103860,129825
25966,51932,77898,103864,129830
25967,51934,77901,103868,129835
25968,51936,77904,103872,129840
25969,51938,77907,103876,129845
25970,51940,77910,103880,129850
25971,51942,77913,103884,129855
25972,51944,77916,103888,129860
25973,51946,77919,103892,129865
25974,51948,77922,103896,129870
25975,51950,77925,103900,129875
25976,51952,77928,103904,129880
25977,51954,77931,103908,129885
25978,51956,77934,103912,129890
25979,51958,77937,103916,129895
25980,51960,77940,103920,129900
25981,51962,77943,103924,129905
25982,51964,77946,103928,129910
25983,51966,77949,103932,129915
25984,51968,77952,103936,129920
25985,51970,77955,103940,129925
25986,51972,77958,103944,129930
25987,51974,77961,103948,129935
25988,51976,77964,103952,129940
25989,51978,77967,103956,129945
25990,51980,77970,103960,129950
25991,51982,77973,103964,129955
25992,51984,77976,103968,129960
25993,51986,77979,103972,129965
25994,51988,77982,103976,129970
25995,51990,77985,103980,129975
25996,51992,77988,103984,129980
25997,51994,77991,103988,129985
25998,51996,77994,103992,129990
25999,51998,77997,103996,129995
26000,52000,78000,104000,130000
26001,52002,78003,104004,130005
26002,52004,78006,104008,130010
26003,52006,78009,104012,130015
26004,52008,78012,104016,130020
26005,52010,78015,104020,130025
26006,52012,78018,104024,130030
26007,52014,78021,104028,130035
26008,52016,78024,104032,130040
26009,52018,78027,104036,130045
26010,52020,78030,104040,130050
26011,52022,78033,104044,130055
26012,52024,78036,104048,130060
26013,52026,78039,104052,130065
26014,52028,78042,104056,130070
26015,52030,78045,104060,130075
26016,52032,78048,104064,130080
26017,52034,78051,104068,130085
26018,52036,78054,104072,130090
26019,52038,78057,104076,130095
26020,52040,78060,104080,130100
26021,52042,78063,104084,130105
26022,52044,78066,104088,130110
26023,52046,78069,104092,130115
26024,52048,78072,104096,130120
26025,52050,78075,104100,130125
26026,52052,78078,104104,130130
26027,52054,78081,104108,130135
26028,52056,78084,104112,130140
26029,52058,78087,104116,130145
26030,52060,78090,104120,130150
26031,52062,78093,104124,130155
26032,52064,78096,104128,130160
26033,52066,78099,104132,130165
26034,52068,78102,104136,130170
26035,52070,78105,104140,130175
26036,52072,78108,104144,130180
26037,52074,78111,104148,130185
26038,52076,78114,104152,130190
26039,52078,78117,104156,130195
26040,52080,78120,104160,130200
26041,52082,78123,104164,130205
26042,52084,78126,104168,130210
26043,52086,78129,104172,130215
26044,52088,78132,104176,130220
26045,52090,78135,104180,130225
26046,52092,78138,104184,130230
26047,52094,78141,104188,130235
26048,52096,78144,104192,130240
26049,52098,78147,104196,130245
26050,52100,78150,104200,130250
26051,52102,78153,104204,130255
26052,52104,78156,104208,130260
26053,52106,78159,104212,130265
26054,52108,78162,104216,130270
26055,52110,78165,104220,130275
26056,52112,78168,104224,130280
26057,52114,78171,104228,130285
26058,52116,78174,104232,130290
26059,52118,78177,104236,130295
26060,52120,78180,104240,130300
26061,52122,78183,104244,130305
26062,52124,78186,104248,130310
26063,52126,78189,104252,130315
26064,52128,78192,104256,130320
26065,52130,78195,104260,130325
26066,52132,78198,104264,130330
26067,52134,78201,104268,130335
26068,52136,78204,104272,130340
26069,52138,78207,104276,130345
26070,52140,78210,104280,130350
26071,52142,78213,104284,130355
26072,52144,78216,104288,130360
26073,52146,78219,104292,130365
26074,52148,78222,104296,130370
26075,52150,78225,104300,130375
26076,52152,78228,104304,130380
26077,52154,78231,104308,130385
26078,52156,78234,104312,130390
26079,52158,78237,104316,130395
26080,52160,78240,104320,130400
26081,52162,78243,104324,130405
26082,52164,78246,104328,130410
26083,52166,78249,104332,130415
26084,52168,78252,104336,130420
26085,52170,78255,104340,130425
26086,52172,78258,104344,130430
26087,52174,78261,104348,130435
26088,52176,78264,104352,130440
26089,52178,78267,104356,130445
26090,52180,78270,104360,130450
26091,52182,78273,104364,130455
26092,52184,78276,104368,130460
26093,52186,78279,104372,130465
26094,52188,78282,104376,130470
26095,52190,78285,104380,130475
26096,52192,78288,104384,130480
26097,52194,78291,104388,130485
26098,52196,78294,104392,130490
26099,52198,78297,104396,130495
26100,52200,78300,104400,130500
26101,52202,78303,104404,130505
26102,52204,78306,104408,130510
26103,52206,78309,104412,130515
26104,52208,78312,104416,130520
26105,52210,78315,104420,130525
26106,52212,78318,104424,130530
26107,52214,78321,104428,130535
26108,52216,78324,104432,130540
26109,52218,78327,104436,130545
26110,52220,78330,104440,130550
26111,52222,78333,104444,130555
26112,52224,78336,104448,130560
26113,52226,78339,104452,130565
26114,52228,78342,104456,130570
26115,52230,78345,104460,130575
26116,52232,78348,104464,130580
26117,52234,78351,104468,130585
26118,52236,78354,104472,130590
26119,52238,78357,104476,130595
26120,52240,78360,104480,130600
26121,52242,78363,104484,130605
26122,52244,78366,104488,130610
26123,52246,78369,104492,130615
26124,52248,78372,104496,130620
26125,52250,78375,104500,130625
26126,52252,78378,104504,130630
26127,52254,78381,104508,130635
26128,52256,78384,104512,130640
26129,52258,78387,104516,130645
26130,52260,78390,104520,130650
26131,52262,78393,104524,130655
26132,52264,78396,104528,130660
26133,52266,78399,104532,130665
26134,52268,78402,104536,130670
26135,52270,78405,104540,130675
26136,52272,78408,104544,130680
26137,52274,78411,104548,130685
26138,52276,78414,104552,130690
26139,52278,78417,104556,130695
26140,52280,78420,104560,130700
26141,52282,78423,104564,130705
26142,52284,78426,104568,130710
26143,52286,78429,104572,130715
26144,52288,78432,104576,130720
26145,52290,78435,104580,130725
26146,52292,78438,104584,130730
26147,52294,78441,104588,130735
26148,52296,78444,104592,130740
26149,52298,78447,104596,130745
26150,52300,78450,104600,130750
26151,52302,78453,104604,130755
26152,52304,78456,104608,130760
26153,52306,78459,104612,130765
26154,52308,78462,104616,130770
26155,52310,78465,104620,130775
26156,52312,78468,104624,130780
26157,52314,78471,104628,130785
26158,52316,78474,104632,130790
26159,52318,78477,104636,130795
26160,52320,78480,104640,130800
26161,52322,78483,104644,130805
26162,52324,78486,104648,130810
26163,52326,78489,104652,130815
26164,52328,78492,104656,130820
26165,52330,78495,104660,130825
26166,52332,78498,104664,130830
26167,52334,78501,104668,130835
26168,52336,78504,104672,130840
26169,52338,78507,104676,130845
26170,52340,78510,104680,130850
26171,52342,78513,104684,130855
26172,52344,78516,104688,130860
26173,52346,78519,104692,130865
26174,52348,78522,104696,130870
26175,52350,78525,104700,130875
26176,52352,78528,104704,130880
26177,52354,78531,104708,130885
26178,52356,78534,104712,130890
26179,52358,78537,104716,130895
26180,52360,78540,104720,130900
26181,52362,78543,104724,130905
26182,52364,78546,104728,130910
26183,52366,78549,104732,130915
26184,52368,78552,104736,130920
26185,52370,78555,104740,130925
26186,52372,78558,104744,130930
26187,52374,78561,104748,130935
26188,52376,78564,104752,130940
26189,52378,78567,104756,130945
26190,52380,78570,104760,130950
26191,52382,78573,104764,130955
26192,52384,78576,104768,130960
26193,52386,78579,104772,130965
26194,52388,78582,104776,130970
26195,52390,78585,104780,130975
26196,52392,78588,104784,130980
26197,52394,78591,104788,130985
26198,52396,78594,104792,130990
26199,52398,78597,104796,130995
26200,52400,78600,104800,131000
26201,52402,78603,104804,131005
26202,52404,78606,104808,131010
26203,52406,78609,104812,131015
26204,52408,78612,104816,131020
26205,52410,78615,104820,131025
26206,52412,78618,104824,131030
26207,52414,78621,104828,131035
26208,52416,78624,104832,131040
26209,52418,78627,104836,131045
26210,52420,78630,104840,131050
26211,52422,78633,104844,131055
26212,52424,78636,104848,131060
26213,52426,78639,104852,131065
26214,52428,78642,104856,131070
26215,52430,78645,104860,131075
26216,52432,78648,104864,131080
26217,52434,78651,104868,131085
26218,52436,78654,104872,131090
26219,52438,78657,104876,131095
26220,52440,78660,104880,131100
26221,52442,78663,104884,131105
26222,52444,78666,104888,131110
26223,52446,78669,104892,131115
26224,52448,78672,104896,131120
26225,52450,78675,104900,131125
26226,52452,78678,104904,131130
26227,52454,78681,104908,131135
26228,52456,78684,104912,131140
26229,52458,78687,104916,131145
26230,52460,78690,104920,131150
26231,52462,78693,104924,131155
26232,52464,78696,104928,131160
26233,52466,78699,104932,131165
26234,52468,78702,104936,131170
26235,52470,78705,104940,131175
26236,52472,78708,104944,131180
26237,52474,78711,104948,131185
26238,52476,78714,104952,131190
26239,52478,78717,104956,131195
26240,52480,78720,104960,131200
26241,52482,78723,104964,131205
26242,52484,78726,104968,131210
26243,52486,78729,104972,131215
26244,52488,78732,104976,131220
26245,52490,78735,104980,131225
26246,52492,78738,104984,131230
26247,52494,78741,104988,131235
26248,52496,78744,104992,131240
26249,52498,78747,104996,131245
26250,52500,78750,105000,131250
26251,52502,78753,105004,131255
26252,52504,78756,105008,131260
26253,52506,78759,105012,131265
26254,52508,78762,105016,131270
26255,52510,78765,105020,131275
26256,52512,78768,105024,131280
26257,52514,78771,105028,131285
26258,52516,78774,105032,131290
26259,52518,78777,105036,131295
26260,52520,78780,105040,131300
26261,52522,78783,105044,131305
26262,52524,78786,105048,131310
26263,52526,78789,105052,131315
26264,52528,78792,105056,131320
26265,52530,78795,105060,131325
26266,52532,78798,105064,131330
26267,52534,78801,105068,131335
26268,52536,78804,105072,131340
26269,52538,78807,105076,131345
26270,52540,78810,105080,131350
26271,52542,78813,105084,131355
26272,52544,78816,105088,131360
26273,52546,78819,105092,131365
26274,52548,78822,105096,131370
26275,52550,78825,105100,131375
26276,52552,78828,105104,131380
26277,52554,78831,105108,131385
26278,52556,78834,105112,131390
26279,52558,78837,105116,131395
26280,52560,78840,105120,131400
26281,52562,78843,105124,131405
26282,52564,78846,105128,131410
26283,52566,78849,105132,131415
26284,52568,78852,105136,131420
26285,52570,78855,105140,131425
26286,52572,78858,105144,131430
26287,52574,78861,105148,131435
26288,52576,78864,105152,131440
26289,52578,78867,105156,131445
26290,52580,78870,105160,131450
26291,52582,78873,105164,131455
26292,52584,78876,105168,131460
26293,52586,78879,105172,131465
26294,52588,78882,105176,131470
26295,52590,78885,105180,131475
26296,52592,78888,105184,131480
26297,52594,78891,105188,131485
26298,52596,78894,105192,131490
26299,52598,78897,105196,131495
26300,52600,78900,105200,131500
26301,52602,78903,105204,131505
26302,52604,78906,105208,131510
26303,52606,78909,105212,131515
26304,52608,78912,105216,131520
26305,52610,78915,105220,131525
26306,52612,78918,105224,131530
26307,52614,78921,105228,131535
26308,52616,78924,105232,131540
26309,52618,78927,105236,131545
26310,52620,78930,105240,131550
26311,52622,78933,105244,131555
26312,52624,78936,105248,131560
26313,52626,78939,105252,131565
26314,52628,78942,105256,131570
26315,52630,78945,105260,131575
26316,52632,78948,105264,131580
26317,52634,78951,105268,131585
26318,52636,78954,105272,131590
26319,52638,78957,105276,131595
26320,52640,78960,105280,131600
26321,52642,78963,105284,131605
26322,52644,78966,105288,131610
26323,52646,78969,105292,131615
26324,52648,78972,105296,131620
26325,52650,78975,105300,131625
26326,52652,78978,105304,131630
26327,52654,78981,105308,131635
26328,52656,78984,105312,131640
26329,52658,78987,105316,131645
26330,52660,78990,105320,131650
26331,52662,78993,105324,131655
26332,52664,78996,105328,131660
26333,52666,78999,105332,131665
26334,52668,79002,105336,131670
26335,52670,79005,105340,131675
26336,52672,79008,105344,131680
26337,52674,79011,105348,131685
26338,52676,79014,105352,131690
26339,52678,79017,105356,131695
26340,52680,79020,105360,131700
26341,52682,79023,105364,131705
26342,52684,79026,105368,131710
26343,52686,79029,105372,131715
26344,52688,79032,105376,131720
26345,52690,79035,105380,131725
26346,52692,79038,105384,131730
26347,52694,79041,105388,131735
26348,52696,79044,105392,131740
26349,52698,79047,105396,131745
26350,52700,79050,105400,131750
26351,52702,79053,105404,131755
26352,52704,79056,105408,131760
26353,52706,79059,105412,131765
26354,52708,79062,105416,131770
26355,52710,79065,105420,131775
26356,52712,79068,105424,131780
26357,52714,79071,105428,131785
26358,52716,79074,105432,131790
26359,52718,79077,105436,131795
26360,52720,79080,105440,131800
26361,52722,79083,105444,131805
26362,52724,79086,105448,131810
26363,52726,79089,105452,131815
26364,52728,79092,105456,131820
26365,52730,79095,105460,131825
26366,52732,79098,105464,131830
26367,52734,79101,105468,131835
26368,52736,79104,105472,131840
26369,52738,79107,105476,131845
26370,52740,79110,105480,131850
26371,52742,79113,105484,131855
26372,52744,79116,105488,131860
26373,52746,79119,105492,131865
26374,52748,79122,105496,131870
26375,52750,79125,105500,131875
26376,52752,79128,105504,131880
26377,52754,79131,105508,131885
26378,52756,79134,105512,131890
26379,52758,79137,105516,131895
26380,52760,79140,105520,131900
26381,52762,79143,105524,131905
26382,52764,79146,105528,131910
26383,52766,79149,105532,131915
26384,52768,79152,105536,131920
26385,52770,79155,105540,131925
26386,52772,79158,105544,131930
26387,52774,79161,105548,131935
26388,52776,79164,105552,131940
26389,52778,79167,105556,131945
26390,52780,79170,105560,131950
26391,52782,79173,105564,131955
26392,52784,79176,105568,131960
26393,52786,79179,105572,131965
26394,52788,79182,105576,131970
26395,52790,79185,105580,131975
26396,52792,79188,105584,131980
26397,52794,79191,105588,131985
26398,52796,79194,105592,131990
26399,52798,79197,105596,131995
26400,52800,79200,105600,132000
26401,52802,79203,105604,132005
26402,52804,79206,105608,132010
26403,52806,79209,105612,132015
26404,52808,79212,105616,132020
26405,52810,79215,105620,132025
26406,52812,79218,105624,132030
26407,52814,79221,105628,132035
26408,52816,79224,105632,132040
26409,52818,79227,105636,132045
26410,52820,79230,105640,132050
26411,52822,79233,105644,132055
26412,52824,79236,105648,132060
26413,52826,79239,105652,132065
26414,52828,79242,105656,132070
26415,52830,79245,105660,132075
26416,52832,79248,105664,132080
26417,52834,79251,105668,132085
26418,52836,79254,105672,132090
26419,52838,79257,105676,132095
26420,52840,79260,105680,132100
26421,52842,79263,105684,132105
26422,52844,79266,105688,132110
26423,52846,79269,105692,132115
26424,52848,79272,105696,132120
26425,52850,79275,105700,132125
26426,52852,79278,105704,132130
26427,52854,79281,105708,132135
26428,52856,79284,105712,132140
26429,52858,79287,105716,132145
26430,52860,79290,105720,132150
26431,52862,79293,105724,132155
26432,52864,79296,105728,132160
26433,52866,79299,105732,132165
26434,52868,79302,105736,132170
26435,52870,79305,105740,132175
26436,52872,79308,105744,132180
26437,52874,79311,105748,132185
26438,52876,79314,105752,132190
26439,52878,79317,105756,132195
26440,52880,79320,105760,132200
26441,52882,79323,105764,132205
26442,52884,79326,105768,132210
26443,52886,79329,105772,132215
26444,52888,79332,105776,132220
26445,52890,79335,105780,132225
26446,52892,79338,105784,132230
26447,52894,79341,105788,132235
26448,52896,79344,105792,132240
26449,52898,79347,105796,132245
26450,52900,79350,105800,132250
26451,52902,79353,105804,132255
26452,52904,79356,105808,132260
26453,52906,79359,105812,132265
26454,52908,79362,105816,132270
26455,52910,79365,105820,132275
26456,52912,79368,105824,132280
26457,52914,79371,105828,132285
26458,52916,79374,105832,132290
26459,52918,79377,105836,132295
26460,52920,79380,105840,132300
26461,52922,79383,105844,132305
26462,52924,79386,105848,132310
26463,52926,79389,105852,132315
26464,52928,79392,105856,132320
26465,52930,79395,105860,132325
26466,52932,79398,105864,132330
26467,52934,79401,105868,132335
26468,52936,79404,105872,132340
26469,52938,79407,105876,132345
26470,52940,79410,105880,132350
26471,52942,79413,105884,132355
26472,52944,79416,105888,132360
26473,52946,79419,105892,132365
26474,52948,79422,105896,132370
26475,52950,79425,105900,132375
26476,52952,79428,105904,132380
26477,52954,79431,105908,132385
26478,52956,79434,105912,132390
26479,52958,79437,105916,132395
26480,52960,79440,105920,132400
26481,52962,79443,105924,132405
26482,52964,79446,105928,132410
26483,52966,79449,105932,132415
26484,52968,79452,105936,132420
26485,52970,79455,105940,132425
26486,52972,79458,105944,132430
26487,52974,79461,105948,132435
26488,52976,79464,105952,132440
26489,52978,79467,105956,132445
26490,52980,79470,105960,132450
26491,52982,79473,105964,132455
26492,52984,79476,105968,132460
26493,52986,79479,105972,132465
26494,52988,79482,105976,132470
26495,52990,79485,105980,132475
26496,52992,79488,105984,132480
26497,52994,79491,105988,132485
26498,52996,79494,105992,132490
26499,52998,79497,105996,132495
26500,53000,79500,106000,132500
26501,53002,79503,106004,132505
26502,53004,79506,106008,132510
26503,53006,79509,106012,132515
26504,53008,79512,106016,132520
26505,53010,79515,106020,132525
26506,53012,79518,106024,132530
26507,53014,79521,106028,132535
26508,53016,79524,106032,132540
26509,53018,79527,106036,132545
26510,53020,79530,106040,132550
26511,53022,79533,106044,132555
26512,53024,79536,106048,132560
26513,53026,79539,106052,132565
26514,53028,79542,106056,132570
26515,53030,79545,106060,132575
26516,53032,79548,106064,132580
26517,53034,79551,106068,132585
26518,53036,79554,106072,132590
26519,53038,79557,106076,132595
26520,53040,79560,106080,132600
26521,53042,79563,106084,132605
26522,53044,79566,106088,132610
26523,53046,79569,106092,132615
26524,53048,79572,106096,132620
26525,53050,79575,106100,132625
26526,53052,79578,106104,132630
26527,53054,79581,106108,132635
26528,53056,79584,106112,132640
26529,53058,79587,106116,132645
26530,53060,79590,106120,132650
26531,53062,79593,106124,132655
26532,53064,79596,106128,132660
26533,53066,79599,106132,132665
26534,53068,79602,106136,132670
26535,53070,79605,106140,132675
26536,53072,79608,106144,132680
26537,53074,79611,106148,132685
26538,53076,79614,106152,132690
26539,53078,79617,106156,132695
26540,53080,79620,106160,132700
26541,53082,79623,106164,132705
26542,53084,79626,106168,132710
26543,53086,79629,106172,132715
26544,53088,79632,106176,132720
26545,53090,79635,106180,132725
26546,53092,79638,106184,132730
26547,53094,79641,106188,132735
26548,53096,79644,106192,132740
26549,53098,79647,106196,132745
26550,53100,79650,106200,132750
26551,53102,79653,106204,132755
26552,53104,79656,106208,132760
26553,53106,79659,106212,132765
26554,53108,79662,106216,132770
26555,53110,79665,106220,132775
26556,53112,79668,106224,132780
26557,53114,79671,106228,132785
26558,53116,79674,106232,132790
26559,53118,79677,106236,132795
26560,53120,79680,106240,132800
26561,53122,79683,106244,132805
26562,53124,79686,106248,132810
26563,53126,79689,106252,132815
26564,53128,79692,106256,132820
26565,53130,79695,106260,132825
26566,53132,79698,106264,132830
26567,53134,79701,106268,132835
26568,53136,79704,106272,132840
26569,53138,79707,106276,132845
26570,53140,79710,106280,132850
26571,53142,79713,106284,132855
26572,53144,79716,106288,132860
26573,53146,79719,106292,132865
26574,53148,79722,106296,132870
26575,53150,79725,106300,132875
26576,53152,79728,106304,132880
26577,53154,79731,106308,132885
26578,53156,79734,106312,132890
26579,53158,79737,106316,132895
26580,53160,79740,106320,132900
26581,53162,79743,106324,132905
26582,53164,79746,106328,132910
26583,53166,79749,106332,132915
26584,53168,79752,106336,132920
26585,53170,79755,106340,132925
26586,53172,79758,106344,132930
26587,53174,79761,106348,132935
26588,53176,79764,106352,132940
26589,53178,79767,106356,132945
26590,53180,79770,106360,132950
26591,53182,79773,106364,132955
26592,53184,79776,106368,132960
26593,53186,79779,106372,132965
26594,53188,79782,106376,132970
26595,53190,79785,106380,132975
26596,53192,79788,106384,132980
26597,53194,79791,106388,132985
26598,53196,79794,106392,132990
26599,53198,79797,106396,132995
26600,53200,79800,106400,133000
26601,53202,79803,106404,133005
26602,53204,79806,106408,133010
26603,53206,79809,106412,133015
26604,53208,79812,106416,133020
26605,53210,79815,106420,133025
26606,53212,79818,106424,133030
26607,53214,79821,106428,133035
26608,53216,79824,106432,133040
26609,53218,79827,106436,133045
26610,53220,79830,106440,133050
26611,53222,79833,106444,133055
26612,53224,79836,106448,133060
26613,53226,79839,106452,133065
26614,53228,79842,106456,133070
26615,53230,79845,106460,133075
26616,53232,79848,106464,133080
26617,53234,79851,106468,133085
26618,53236,79854,106472,133090
26619,53238,79857,106476,133095
26620,53240,79860,106480,133100
26621,53242,79863,106484,133105
26622,53244,79866,106488,133110
26623,53246,79869,106492,133115
26624,53248,79872,106496,133120
26625,53250,79875,106500,133125
26626,53252,79878,106504,133130
26627,53254,79881,106508,133135
26628,53256,79884,106512,133140
26629,53258,79887,106516,133145
26630,53260,79890,106520,133150
26631,53262,79893,106524,133155
26632,53264,79896,106528,133160
26633,53266,79899,106532,133165
26634,53268,79902,106536,133170
26635,53270,79905,106540,133175
26636,53272,79908,106544,133180
26637,53274,79911,106548,133185
26638,53276,79914,106552,133190
26639,53278,79917,106556,133195
26640,53280,79920,106560,133200
26641,53282,79923,106564,133205
26642,53284,79926,106568,133210
26643,53286,79929,106572,133215
26644,53288,79932,106576,133220
26645,53290,79935,106580,133225
26646,53292,79938,106584,133230
26647,53294,79941,106588,133235
26648,53296,79944,106592,133240
26649,53298,79947,106596,133245
26650,53300,79950,106600,133250
26651,53302,79953,106604,133255
26652,53304,79956,106608,133260
26653,53306,79959,106612,133265
26654,53308,79962,106616,133270
26655,53310,79965,106620,133275
26656,53312,79968,106624,133280
26657,53314,79971,106628,133285
26658,53316,79974,106632,133290
26659,53318,79977,106636,133295
26660,53320,79980,106640,133300
26661,53322,79983,106644,133305
26662,53324,79986,106648,133310
26663,53326,79989,106652,133315
26664,53328,79992,106656,133320
26665,53330,79995,106660,133325
26666,53332,79998,106664,133330
26667,53334,80001,106668,133335
26668,53336,80004,106672,133340
26669,53338,80007,106676,133345
26670,53340,80010,106680,133350
26671,53342,80013,106684,133355
26672,53344,80016,106688,133360
26673,53346,80019,106692,133365
26674,53348,80022,106696,133370
26675,53350,80025,106700,133375
26676,53352,80028,106704,133380
26677,53354,80031,106708,133385
26678,53356,80034,106712,133390
26679,53358,80037,106716,133395
26680,53360,80040,106720,133400
26681,53362,80043,106724,133405
26682,53364,80046,106728,133410
26683,53366,80049,106732,133415
26684,53368,80052,106736,133420
26685,53370,80055,106740,133425
26686,53372,80058,106744,133430
26687,53374,80061,106748,133435
26688,53376,80064,106752,133440
26689,53378,80067,106756,133445
26690,53380,80070,106760,133450
26691,53382,80073,106764,133455
26692,53384,80076,106768,133460
26693,53386,80079,106772,133465
26694,53388,80082,106776,133470
26695,53390,80085,106780,133475
26696,53392,80088,106784,133480
26697,53394,80091,106788,133485
26698,53396,80094,106792,133490
26699,53398,80097,106796,133495
26700,53400,80100,106800,133500
26701,53402,80103,106804,133505
26702,53404,80106,106808,133510
26703,53406,80109,106812,133515
26704,53408,80112,106816,133520
26705,53410,80115,106820,133525
26706,53412,80118,106824,133530
26707,53414,80121,106828,133535
26708,53416,80124,106832,133540
26709,53418,80127,106836,133545
26710,53420,80130,106840,133550
26711,53422,80133,106844,133555
26712,53424,80136,106848,133560
26713,53426,80139,106852,133565
26714,53428,80142,106856,133570
26715,53430,80145,106860,133575
26716,53432,80148,106864,133580
26717,53434,80151,106868,133585
26718,53436,80154,106872,133590
26719,53438,80157,106876,133595
26720,53440,80160,106880,133600
26721,53442,80163,106884,133605
26722,53444,80166,106888,133610
26723,53446,80169,106892,133615
26724,53448,80172,106896,133620
26725,53450,80175,106900,133625
26726,53452,80178,106904,133630
26727,53454,80181,106908,133635
26728,53456,80184,106912,133640
26729,53458,80187,106916,133645
26730,53460,80190,106920,133650
26731,53462,80193,106924,133655
26732,53464,80196,106928,133660
26733,53466,80199,106932,133665
26734,53468,80202,106936,133670
26735,53470,80205,106940,133675
26736,53472,80208,106944,133680
26737,53474,80211,106948,133685
26738,53476,80214,106952,133690
26739,53478,80217,106956,133695
26740,53480,80220,106960,133700
26741,53482,80223,106964,133705
26742,53484,80226,106968,133710
26743,53486,80229,106972,133715
26744,53488,80232,106976,133720
26745,53490,80235,106980,133725
26746,53492,80238,106984,133730
26747,53494,80241,106988,133735
26748,53496,80244,106992,133740
26749,53498,80247,106996,133745
26750,53500,80250,107000,133750
26751,53502,80253,107004,133755
26752,53504,80256,107008,133760
26753,53506,80259,107012,133765
26754,53508,80262,107016,133770
26755,53510,80265,107020,133775
26756,53512,80268,107024,133780
26757,53514,80271,107028,133785
26758,53516,80274,107032,133790
26759,53518,80277,107036,133795
26760,53520,80280,107040,133800
26761,53522,80283,107044,133805
26762,53524,80286,107048,133810
26763,53526,80289,107052,133815
26764,53528,80292,107056,133820
26765,53530,80295,107060,133825
26766,53532,80298,107064,133830
26767,53534,80301,107068,133835
26768,53536,80304,107072,133840
26769,53538,80307,107076,133845
26770,53540,80310,107080,133850
26771,53542,80313,107084,133855
26772,53544,80316,107088,133860
26773,53546,80319,107092,133865
26774,53548,80322,107096,133870
26775,53550,80325,107100,133875
26776,53552,80328,107104,133880
26777,53554,80331,107108,133885
26778,53556,80334,107112,133890
26779,53558,80337,107116,133895
26780,53560,80340,107120,133900
26781,53562,80343,107124,133905
26782,53564,80346,107128,133910
26783,53566,80349,107132,133915
26784,53568,80352,107136,133920
26785,53570,80355,107140,133925
26786,53572,80358,107144,133930
26787,53574,80361,107148,133935
26788,53576,80364,107152,133940
26789,53578,80367,107156,133945
26790,53580,80370,107160,133950
26791,53582,80373,107164,133955
26792,53584,80376,107168,133960
26793,53586,80379,107172,133965
26794,53588,80382,107176,133970
26795,53590,80385,107180,133975
26796,53592,80388,107184,133980
26797,53594,80391,107188,133985
26798,53596,80394,107192,133990
26799,53598,80397,107196,133995
26800,53600,80400,107200,134000
26801,53602,80403,107204,134005
26802,53604,80406,107208,134010
26803,53606,80409,107212,134015
26804,53608,80412,107216,134020
26805,53610,80415,107220,134025
26806,53612,80418,107224,134030
26807,53614,80421,107228,134035
26808,53616,80424,107232,134040
26809,53618,80427,107236,134045
26810,53620,80430,107240,134050
26811,53622,80433,107244,134055
26812,53624,80436,107248,134060
26813,53626,80439,107252,134065
26814,53628,80442,107256,134070
26815,53630,80445,107260,134075
26816,53632,80448,107264,134080
26817,53634,80451,107268,134085
26818,53636,80454,107272,134090
26819,53638,80457,107276,134095
26820,53640,80460,107280,134100
26821,53642,80463,107284,134105
26822,53644,80466,107288,134110
26823,53646,80469,107292,134115
26824,53648,80472,107296,134120
26825,53650,80475,107300,134125
26826,53652,80478,107304,134130
26827,53654,80481,107308,134135
26828,53656,80484,107312,134140
26829,53658,80487,107316,134145
26830,53660,80490,107320,134150
26831,53662,80493,107324,134155
26832,53664,80496,107328,134160
26833,53666,80499,107332,134165
26834,53668,80502,107336,134170
26835,53670,80505,107340,134175
26836,53672,80508,107344,134180
26837,53674,80511,107348,134185
26838,53676,80514,107352,134190
26839,53678,80517,107356,134195
26840,53680,80520,107360,134200
26841,53682,80523,107364,134205
26842,53684,80526,107368,134210
26843,53686,80529,107372,134215
26844,53688,80532,107376,134220
26845,53690,80535,107380,134225
26846,53692,80538,107384,134230
26847,53694,80541,107388,134235
26848,53696,80544,107392,134240
26849,53698,80547,107396,134245
26850,53700,80550,107400,134250
26851,53702,80553,107404,134255
26852,53704,80556,107408,134260
26853,53706,80559,107412,134265
26854,53708,80562,107416,134270
26855,53710,80565,107420,134275
26856,53712,80568,107424,134280
26857,53714,80571,107428,134285
26858,53716,80574,107432,134290
26859,53718,80577,107436,134295
26860,53720,80580,107440,134300
26861,53722,80583,107444,134305
26862,53724,80586,107448,134310
26863,53726,80589,107452,134315
26864,53728,80592,107456,134320
26865,53730,80595,107460,134325
26866,53732,80598,107464,134330
26867,53734,80601,107468,134335
26868,53736,80604,107472,134340
26869,53738,80607,107476,134345
26870,53740,80610,107480,134350
26871,53742,80613,107484,134355
26872,53744,80616,107488,134360
26873,53746,80619,107492,134365
26874,53748,80622,107496,134370
26875,53750,80625,107500,134375
26876,53752,80628,107504,134380
26877,53754,80631,107508,134385
26878,53756,80634,107512,134390
26879,53758,80637,107516,134395
26880,53760,80640,107520,134400
26881,53762,80643,107524,134405
26882,53764,80646,107528,134410
26883,53766,80649,107532,134415
26884,53768,80652,107536,134420
26885,53770,80655,107540,134425
26886,53772,80658,107544,134430
26887,53774,80661,107548,134435
26888,53776,80664,107552,134440
26889,53778,80667,107556,134445
26890,53780,80670,107560,134450
26891,53782,80673,107564,134455
26892,53784,80676,107568,134460
26893,53786,80679,107572,134465
26894,53788,80682,107576,134470
26895,53790,80685,107580,134475
26896,53792,80688,107584,134480
26897,53794,80691,107588,134485
26898,53796,80694,107592,134490
26899,53798,80697,107596,134495
26900,53800,80700,107600,134500
26901,53802,80703,107604,134505
26902,53804,80706,107608,134510
26903,53806,80709,107612,134515
26904,53808,80712,107616,134520
26905,53810,80715,107620,134525
26906,53812,80718,107624,134530
26907,53814,80721,107628,134535
26908,53816,80724,107632,134540
26909,53818,80727,107636,134545
26910,53820,80730,107640,134550
26911,53822,80733,107644,134555
26912,53824,80736,107648,134560
26913,53826,80739,107652,134565
26914,53828,80742,107656,134570
26915,53830,80745,107660,134575
26916,53832,80748,107664,134580
26917,53834,80751,107668,134585
26918,53836,80754,107672,134590
26919,53838,80757,107676,134595
26920,53840,80760,107680,134600
26921,53842,80763,107684,134605
26922,53844,80766,107688,134610
26923,53846,80769,107692,134615
26924,53848,80772,107696,134620
26925,53850,80775,107700,134625
26926,53852,80778,107704,134630
26927,53854,80781,107708,134635
26928,53856,80784,107712,134640
26929,53858,80787,107716,134645
26930,53860,80790,107720,134650
26931,53862,80793,107724,134655
26932,53864,80796,107728,134660
26933,53866,80799,107732,134665
26934,53868,80802,107736,134670
26935,53870,80805,107740,134675
26936,53872,80808,107744,134680
26937,53874,80811,107748,134685
26938,53876,80814,107752,134690
26939,53878,80817,107756,134695
26940,53880,80820,107760,134700
26941,53882,80823,107764,134705
26942,53884,80826,107768,134710
26943,53886,80829,107772,134715
26944,53888,80832,107776,134720
26945,53890,80835,107780,134725
26946,53892,80838,107784,134730
26947,53894,80841,107788,134735
26948,53896,80844,107792,134740
26949,53898,80847,107796,134745
26950,53900,80850,107800,134750
26951,53902,80853,107804,134755
26952,53904,80856,107808,134760
26953,53906,80859,107812,134765
26954,53908,80862,107816,134770
26955,53910,80865,107820,134775
26956,53912,80868,107824,134780
26957,53914,80871,107828,134785
26958,53916,80874,107832,134790
26959,53918,80877,107836,134795
26960,53920,80880,107840,134800
26961,53922,80883,107844,134805
26962,53924,80886,107848,134810
26963,53926,80889,107852,134815
26964,53928,80892,107856,134820
26965,53930,80895,107860,134825
26966,53932,80898,107864,134830
26967,53934,80901,107868,134835
26968,53936,80904,107872,134840
26969,53938,80907,107876,134845
26970,53940,80910,107880,134850
26971,53942,80913,107884,134855
26972,53944,80916,107888,134860
26973,53946,80919,107892,134865
26974,53948,80922,107896,134870
26975,53950,80925,107900,134875
26976,53952,80928,107904,134880
26977,53954,80931,107908,134885
26978,53956,80934,107912,134890
26979,53958,80937,107916,134895
26980,53960,80940,107920,134900
26981,53962,80943,107924,134905
26982,53964,80946,107928,134910
26983,53966,80949,107932,134915
26984,53968,80952,107936,134920
26985,53970,80955,107940,134925
26986,53972,80958,107944,134930
26987,53974,80961,107948,134935
26988,53976,80964,107952,134940
26989,53978,80967,107956,134945
26990,53980,80970,107960,134950
26991,53982,80973,107964,134955
26992,53984,80976,107968,134960
26993,53986,80979,107972,134965
26994,53988,80982,107976,134970
26995,53990,80985,107980,134975
26996,53992,80988,107984,134980
26997,53994,80991,107988,134985
26998,53996,80994,107992,134990
26999,53998,80997,107996,134995
27000,54000,81000,108000,135000
27001,54002,81003,108004,135005
27002,54004,81006,108008,135010
27003,54006,81009,108012,135015
27004,54008,81012,108016,135020
27005,54010,81015,108020,135025
27006,54012,81018,108024,135030
27007,54014,81021,108028,135035
27008,54016,81024,108032,135040
27009,54018,81027,108036,135045
27010,54020,81030,108040,135050
27011,54022,81033,108044,135055
27012,54024,81036,108048,135060
27013,54026,81039,108052,135065
27014,54028,81042,108056,135070
27015,54030,81045,108060,135075
27016,54032,81048,108064,135080
27017,54034,81051,108068,135085
27018,54036,81054,108072,135090
27019,54038,81057,108076,135095
27020,54040,81060,108080,135100
27021,54042,81063,108084,135105
27022,54044,81066,108088,135110
27023,54046,81069,108092,135115
27024,54048,81072,108096,135120
27025,54050,81075,108100,135125
27026,54052,81078,108104,135130
27027,54054,81081,108108,135135
27028,54056,81084,108112,135140
27029,54058,81087,108116,135145
27030,54060,81090,108120,135150
27031,54062,81093,108124,135155
27032,54064,81096,108128,135160
27033,54066,81099,108132,135165
27034,54068,81102,108136,135170
27035,54070,81105,108140,135175
27036,54072,81108,108144,135180
27037,54074,81111,108148,135185
27038,54076,81114,108152,135190
27039,54078,81117,108156,135195
27040,54080,81120,108160,135200
27041,54082,81123,108164,135205
27042,54084,81126,108168,135210
27043,54086,81129,108172,135215
27044,54088,81132,108176,135220
27045,54090,81135,108180,135225
27046,54092,81138,108184,135230
27047,54094,81141,108188,135235
27048,54096,81144,108192,135240
27049,54098,81147,108196,135245
27050,54100,81150,108200,135250
27051,54102,81153,108204,135255
27052,54104,81156,108208,135260
27053,54106,81159,108212,135265
27054,54108,81162,108216,135270
27055,54110,81165,108220,135275
27056,54112,81168,108224,135280
27057,54114,81171,108228,135285
27058,54116,81174,108232,135290
27059,54118,81177,108236,135295
27060,54120,81180,108240,135300
27061,54122,81183,108244,135305
27062,54124,81186,108248,135310
27063,54126,81189,108252,135315
27064,54128,81192,108256,135320
27065,54130,81195,108260,135325
27066,54132,81198,108264,135330
27067,54134,81201,108268,135335
27068,54136,81204,108272,135340
27069,54138,81207,108276,135345
27070,54140,81210,108280,135350
27071,54142,81213,108284,135355
27072,54144,81216,108288,135360
27073,54146,81219,108292,135365
27074,54148,81222,108296,135370
27075,54150,81225,108300,135375
27076,54152,81228,108304,135380
27077,54154,81231,108308,135385
27078,54156,81234,108312,135390
27079,54158,81237,108316,135395
27080,54160,81240,108320,135400
27081,54162,81243,108324,135405
27082,54164,81246,108328,135410
27083,54166,81249,108332,135415
27084,54168,81252,108336,135420
27085,54170,81255,108340,135425
27086,54172,81258,108344,135430
27087,54174,81261,108348,135435
27088,54176,81264,108352,135440
27089,54178,81267,108356,135445
27090,54180,81270,108360,135450
27091,54182,81273,108364,135455
27092,54184,81276,108368,135460
27093,54186,81279,108372,135465
27094,54188,81282,108376,135470
27095,54190,81285,108380,135475
27096,54192,81288,108384,135480
27097,54194,81291,108388,135485
27098,54196,81294,108392,135490
27099,54198,81297,108396,135495
27100,54200,81300,108400,135500
27101,54202,81303,108404,135505
27102,54204,81306,108408,135510
27103,54206,81309,108412,135515
27104,54208,81312,108416,135520
27105,54210,81315,108420,135525
27106,54212,81318,108424,135530
27107,54214,81321,108428,135535
27108,54216,81324,108432,135540
27109,54218,81327,108436,135545
27110,54220,81330,108440,135550
27111,54222,81333,108444,135555
27112,54224,81336,108448,135560
27113,54226,81339,108452,135565
27114,54228,81342,108456,135570
27115,54230,81345,108460,135575
27116,54232,81348,108464,135580
27117,54234,81351,108468,135585
27118,54236,81354,108472,135590
27119,54238,81357,108476,135595
27120,54240,81360,108480,135600
27121,54242,81363,108484,135605
27122,54244,81366,108488,135610
27123,54246,81369,108492,135615
27124,54248,81372,108496,135620
27125,54250,81375,108500,135625
27126,54252,81378,108504,135630
27127,54254,81381,108508,135635
27128,54256,81384,108512,135640
27129,54258,81387,108516,135645
27130,54260,81390,108520,135650
27131,54262,81393,108524,135655
27132,54264,81396,108528,135660
27133,54266,81399,108532,135665
27134,54268,81402,108536,135670
27135,54270,81405,108540,135675
27136,54272,81408,108544,135680
27137,54274,81411,108548,135685
27138,54276,81414,108552,135690
27139,54278,81417,108556,135695
27140,54280,81420,108560,135700
27141,54282,81423,108564,135705
27142,54284,81426,108568,135710
27143,54286,81429,108572,135715
27144,54288,81432,108576,135720
27145,54290,81435,108580,135725
27146,54292,81438,108584,135730
27147,54294,81441,108588,135735
27148,54296,81444,108592,135740
27149,54298,81447,108596,135745
27150,54300,81450,108600,135750
27151,54302,81453,108604,135755
27152,54304,81456,108608,135760
27153,54306,81459,108612,135765
27154,54308,81462,108616,135770
27155,54310,81465,108620,135775
27156,54312,81468,108624,135780
27157,54314,81471,108628,135785
27158,54316,81474,108632,135790
27159,54318,81477,108636,135795
27160,54320,81480,108640,135800
27161,54322,81483,108644,135805
27162,54324,81486,108648,135810
27163,54326,81489,108652,135815
27164,54328,81492,108656,135820
27165,54330,81495,108660,135825
27166,54332,81498,108664,135830
27167,54334,81501,108668,135835
27168,54336,81504,108672,135840
27169,54338,81507,108676,135845
27170,54340,81510,108680,135850
27171,54342,81513,108684,135855
27172,54344,81516,108688,135860
27173,54346,81519,108692,135865
27174,54348,81522,108696,135870
27175,54350,81525,108700,135875
27176,54352,81528,108704,135880
27177,54354,81531,108708,135885
27178,54356,81534,108712,135890
27179,54358,81537,108716,135895
27180,54360,81540,108720,135900
27181,54362,81543,108724,135905
27182,54364,81546,108728,135910
27183,54366,81549,108732,135915
27184,54368,81552,108736,135920
27185,54370,81555,108740,135925
27186,54372,81558,108744,135930
27187,54374,81561,108748,135935
27188,54376,81564,108752,135940
27189,54378,81567,108756,135945
27190,54380,81570,108760,135950
27191,54382,81573,108764,135955
27192,54384,81576,108768,135960
27193,54386,81579,108772,135965
27194,54388,81582,108776,135970
27195,54390,81585,108780,135975
27196,54392,81588,108784,135980
27197,54394,81591,108788,135985
27198,54396,81594,108792,135990
27199,54398,81597,108796,135995
27200,54400,81600,108800,136000
27201,54402,81603,108804,136005
27202,54404,81606,108808,136010
27203,54406,81609,108812,136015
27204,54408,81612,108816,136020
27205,54410,81615,108820,136025
27206,54412,81618,108824,136030
27207,54414,81621,108828,136035
27208,54416,81624,108832,136040
27209,54418,81627,108836,136045
27210,54420,81630,108840,136050
27211,54422,81633,108844,136055
27212,54424,81636,108848,136060
27213,54426,81639,108852,136065
27214,54428,81642,108856,136070
27215,54430,81645,108860,136075
27216,54432,81648,108864,136080
27217,54434,81651,108868,136085
27218,54436,81654,108872,136090
27219,54438,81657,108876,136095
27220,54440,81660,108880,136100
27221,54442,81663,108884,136105
27222,54444,81666,108888,136110
27223,54446,81669,108892,136115
27224,54448,81672,108896,136120
27225,54450,81675,108900,136125
27226,54452,81678,108904,136130
27227,54454,81681,108908,136135
27228,54456,81684,108912,136140
27229,54458,81687,108916,136145
27230,54460,81690,108920,136150
27231,54462,81693,108924,136155
27232,54464,81696,108928,136160
27233,54466,81699,108932,136165
27234,54468,81702,108936,136170
27235,54470,81705,108940,136175
27236,54472,81708,108944,136180
27237,54474,81711,108948,136185
27238,54476,81714,108952,136190
27239,54478,81717,108956,136195
27240,54480,81720,108960,136200
27241,54482,81723,108964,136205
27242,54484,81726,108968,136210
27243,54486,81729,108972,136215
27244,54488,81732,108976,136220
27245,54490,81735,108980,136225
27246,54492,81738,108984,136230
27247,54494,81741,108988,136235
27248,54496,81744,108992,136240
27249,54498,81747,108996,136245
27250,54500,81750,109000,136250
27251,54502,81753,109004,136255
27252,54504,81756,109008,136260
27253,54506,81759,109012,136265
27254,54508,81762,109016,136270
27255,54510,81765,109020,136275
27256,54512,81768,109024,136280
27257,54514,81771,109028,136285
27258,54516,81774,109032,136290
27259,54518,81777,109036,136295
27260,54520,81780,109040,136300
27261,54522,81783,109044,136305
27262,54524,81786,109048,136310
27263,54526,81789,109052,136315
27264,54528,81792,109056,136320
27265,54530,81795,109060,136325
27266,54532,81798,109064,136330
27267,54534,81801,109068,136335
27268,54536,81804,109072,136340
27269,54538,81807,109076,136345
27270,54540,81810,109080,136350
27271,54542,81813,109084,136355
27272,54544,81816,109088,136360
27273,54546,81819,109092,136365
27274,54548,81822,109096,136370
27275,54550,81825,109100,136375
27276,54552,81828,109104,136380
27277,54554,81831,109108,136385
27278,54556,81834,109112,136390
27279,54558,81837,109116,136395
27280,54560,81840,109120,136400
27281,54562,81843,109124,136405
27282,54564,81846,109128,136410
27283,54566,81849,109132,136415
27284,54568,81852,109136,136420
27285,54570,81855,109140,136425
27286,54572,81858,109144,136430
27287,54574,81861,109148,136435
27288,54576,81864,109152,136440
27289,54578,81867,109156,136445
27290,54580,81870,109160,136450
27291,54582,81873,109164,136455
27292,54584,81876,109168,136460
27293,54586,81879,109172,136465
27294,54588,81882,109176,136470
27295,54590,81885,109180,136475
27296,54592,81888,109184,136480
27297,54594,81891,109188,136485
27298,54596,81894,109192,136490
27299,54598,81897,109196,136495
27300,54600,81900,109200,136500
27301,54602,81903,109204,136505
27302,54604,81906,109208,136510
27303,54606,81909,109212,136515
27304,54608,81912,109216,136520
27305,54610,81915,109220,136525
27306,54612,81918,109224,136530
27307,54614,81921,109228,136535
27308,54616,81924,109232,136540
27309,54618,81927,109236,136545
27310,54620,81930,109240,136550
27311,54622,81933,109244,136555
27312,54624,81936,109248,136560
27313,54626,81939,109252,136565
27314,54628,81942,109256,136570
27315,54630,81945,109260,136575
27316,54632,81948,109264,136580
27317,54634,81951,109268,136585
27318,54636,81954,109272,136590
27319,54638,81957,109276,136595
27320,54640,81960,109280,136600
27321,54642,81963,109284,136605
27322,54644,81966,109288,136610
27323,54646,81969,109292,136615
27324,54648,81972,109296,136620
27325,54650,81975,109300,136625
27326,54652,81978,109304,136630
27327,54654,81981,109308,136635
27328,54656,81984,109312,136640
27329,54658,81987,109316,136645
27330,54660,81990,109320,136650
27331,54662,81993,109324,136655
27332,54664,81996,109328,136660
27333,54666,81999,109332,136665
27334,54668,82002,109336,136670
27335,54670,82005,109340,136675
27336,54672,82008,109344,136680
27337,54674,82011,109348,136685
27338,54676,82014,109352,136690
27339,54678,82017,109356,136695
27340,54680,82020,109360,136700
27341,54682,82023,109364,136705
27342,54684,82026,109368,136710
27343,54686,82029,109372,136715
27344,54688,82032,109376,136720
27345,54690,82035,109380,136725
27346,54692,82038,109384,136730
27347,54694,82041,109388,136735
27348,54696,82044,109392,136740
27349,54698,82047,109396,136745
27350,54700,82050,109400,136750
27351,54702,82053,109404,136755
27352,54704,82056,109408,136760
27353,54706,82059,109412,136765
27354,54708,82062,109416,136770
27355,54710,82065,109420,136775
27356,54712,82068,109424,136780
27357,54714,82071,109428,136785
27358,54716,82074,109432,136790
27359,54718,82077,109436,136795
27360,54720,82080,109440,136800
27361,54722,82083,109444,136805
27362,54724,82086,109448,136810
27363,54726,82089,109452,136815
27364,54728,82092,109456,136820
27365,54730,82095,109460,136825
27366,54732,82098,109464,136830
27367,54734,82101,109468,136835
27368,54736,82104,109472,136840
27369,54738,82107,109476,136845
27370,54740,82110,109480,136850
27371,54742,82113,109484,136855
27372,54744,82116,109488,136860
27373,54746,82119,109492,136865
27374,54748,82122,109496,136870
27375,54750,82125,109500,136875
27376,54752,82128,109504,136880
27377,54754,82131,109508,136885
27378,54756,82134,109512,136890
27379,54758,82137,109516,136895
27380,54760,82140,109520,136900
27381,54762,82143,109524,136905
27382,54764,82146,109528,136910
27383,54766,82149,109532,136915
27384,54768,82152,109536,136920
27385,54770,82155,109540,136925
27386,54772,82158,109544,136930
27387,54774,82161,109548,136935
27388,54776,82164,109552,136940
27389,54778,82167,109556,136945
27390,54780,82170,109560,136950
27391,54782,82173,109564,136955
27392,54784,82176,109568,136960
27393,54786,82179,109572,136965
27394,54788,82182,109576,136970
27395,54790,82185,109580,136975
27396,54792,82188,109584,136980
27397,54794,82191,109588,136985
27398,54796,82194,109592,136990
27399,54798,82197,109596,136995
27400,54800,82200,109600,137000
27401,54802,82203,109604,137005
27402,54804,82206,109608,137010
27403,54806,82209,109612,137015
27404,54808,82212,109616,137020
27405,54810,82215,109620,137025
27406,54812,82218,109624,137030
27407,54814,82221,109628,137035
27408,54816,82224,109632,137040
27409,54818,82227,109636,137045
27410,54820,82230,109640,137050
27411,54822,82233,109644,137055
27412,54824,82236,109648,137060
27413,54826,82239,109652,137065
27414,54828,82242,109656,137070
27415,54830,82245,109660,137075
27416,54832,82248,109664,137080
27417,54834,82251,109668,137085
27418,54836,82254,109672,137090
27419,54838,82257,109676,137095
27420,54840,82260,109680,137100
27421,54842,82263,109684,137105
27422,54844,82266,109688,137110
27423,54846,82269,109692,137115
27424,54848,82272,109696,137120
27425,54850,82275,109700,137125
27426,54852,82278,109704,137130
27427,54854,82281,109708,137135
27428,54856,82284,109712,137140
27429,54858,82287,109716,137145
27430,54860,82290,109720,137150
27431,54862,82293,109724,137155
27432,54864,82296,109728,137160
27433,54866,82299,109732,137165
27434,54868,82302,109736,137170
27435,54870,82305,109740,137175
27436,54872,82308,109744,137180
27437,54874,82311,109748,137185
27438,54876,82314,109752,137190
27439,54878,82317,109756,137195
27440,54880,82320,109760,137200
27441,54882,82323,109764,137205
27442,54884,82326,109768,137210
27443,54886,82329,109772,137215
27444,54888,82332,109776,137220
27445,54890,82335,109780,137225
27446,54892,82338,109784,137230
27447,54894,82341,109788,137235
27448,54896,82344,109792,137240
27449,54898,82347,109796,137245
27450,54900,82350,109800,137250
27451,54902,82353,109804,137255
27452,54904,82356,109808,137260
27453,54906,82359,109812,137265
27454,54908,82362,109816,137270
27455,54910,82365,109820,137275
27456,54912,82368,109824,137280
27457,54914,82371,109828,137285
27458,54916,82374,109832,137290
27459,54918,82377,109836,137295
27460,54920,82380,109840,137300
27461,54922,82383,109844,137305
27462,54924,82386,109848,137310
27463,54926,82389,109852,137315
27464,54928,82392,109856,137320
27465,54930,82395,109860,137325
27466,54932,82398,109864,137330
27467,54934,82401,109868,137335
27468,54936,82404,109872,137340
27469,54938,82407,109876,137345
27470,54940,82410,109880,137350
27471,54942,82413,109884,137355
27472,54944,82416,109888,137360
27473,54946,82419,109892,137365
27474,54948,82422,109896,137370
27475,54950,82425,109900,137375
27476,54952,82428,109904,137380
27477,54954,82431,109908,137385
27478,54956,82434,109912,137390
27479,54958,82437,109916,137395
27480,54960,82440,109920,137400
27481,54962,82443,109924,137405
27482,54964,82446,109928,137410
27483,54966,82449,109932,137415
27484,54968,82452,109936,137420
27485,54970,82455,109940,137425
27486,54972,82458,109944,137430
27487,54974,82461,109948,137435
27488,54976,82464,109952,137440
27489,54978,82467,109956,137445
27490,54980,82470,109960,137450
27491,54982,82473,109964,137455
27492,54984,82476,109968,137460
27493,54986,82479,109972,137465
27494,54988,82482,109976,137470
27495,54990,82485,109980,137475
27496,54992,82488,109984,137480
27497,54994,82491,109988,137485
27498,54996,82494,109992,137490
27499,54998,82497,109996,137495
27500,55000,82500,110000,137500
27501,55002,82503,110004,137505
27502,55004,82506,110008,137510
27503,55006,82509,110012,137515
27504,55008,82512,110016,137520
27505,55010,82515,110020,137525
27506,55012,82518,110024,137530
27507,55014,82521,110028,137535
27508,55016,82524,110032,137540
27509,55018,82527,110036,137545
27510,55020,82530,110040,137550
27511,55022,82533,110044,137555
27512,55024,82536,110048,137560
27513,55026,82539,110052,137565
27514,55028,82542,110056,137570
27515,55030,82545,110060,137575
27516,55032,82548,110064,137580
27517,55034,82551,110068,137585
27518,55036,82554,110072,137590
27519,55038,82557,110076,137595
27520,55040,82560,110080,137600
27521,55042,82563,110084,137605
27522,55044,82566,110088,137610
27523,55046,82569,110092,137615
27524,55048,82572,110096,137620
27525,55050,82575,110100,137625
27526,55052,82578,110104,137630
27527,55054,82581,110108,137635
27528,55056,82584,110112,137640
27529,55058,82587,110116,137645
27530,55060,82590,110120,137650
27531,55062,82593,110124,137655
27532,55064,82596,110128,137660
27533,55066,82599,110132,137665
27534,55068,82602,110136,137670
27535,55070,82605,110140,137675
27536,55072,82608,110144,137680
27537,55074,82611,110148,137685
27538,55076,82614,110152,137690
27539,55078,82617,110156,137695
27540,55080,82620,110160,137700
27541,55082,82623,110164,137705
27542,55084,82626,110168,137710
27543,55086,82629,110172,137715
27544,55088,82632,110176,137720
27545,55090,82635,110180,137725
27546,55092,82638,110184,137730
27547,55094,82641,110188,137735
27548,55096,82644,110192,137740
27549,55098,82647,110196,137745
27550,55100,82650,110200,137750
27551,55102,82653,110204,137755
27552,55104,82656,110208,137760
27553,55106,82659,110212,137765
27554,55108,82662,110216,137770
27555,55110,82665,110220,137775
27556,55112,82668,110224,137780
27557,55114,82671,110228,137785
27558,55116,82674,110232,137790
27559,55118,82677,110236,137795
27560,55120,82680,110240,137800
27561,55122,82683,110244,137805
27562,55124,82686,110248,137810
27563,55126,82689,110252,137815
27564,55128,82692,110256,137820
27565,55130,82695,110260,137825
27566,55132,82698,110264,137830
27567,55134,82701,110268,137835
27568,55136,82704,110272,137840
27569,55138,82707,110276,137845
27570,55140,82710,110280,137850
27571,55142,82713,110284,137855
27572,55144,82716,110288,137860
27573,55146,82719,110292,137865
27574,55148,82722,110296,137870
27575,55150,82725,110300,137875
27576,55152,82728,110304,137880
27577,55154,82731,110308,137885
27578,55156,82734,110312,137890
27579,55158,82737,110316,137895
27580,55160,82740,110320,137900
27581,55162,82743,110324,137905
27582,55164,82746,110328,137910
27583,55166,82749,110332,137915
27584,55168,82752,110336,137920
27585,55170,82755,110340,137925
27586,55172,82758,110344,137930
27587,55174,82761,110348,137935
27588,55176,82764,110352,137940
27589,55178,82767,110356,137945
27590,55180,82770,110360,137950
27591,55182,82773,110364,137955
27592,55184,82776,110368,137960
27593,55186,82779,110372,137965
27594,55188,82782,110376,137970
27595,55190,82785,110380,137975
27596,55192,82788,110384,137980
27597,55194,82791,110388,137985
27598,55196,82794,110392,137990
27599,55198,82797,110396,137995
27600,55200,82800,110400,138000
27601,55202,82803,110404,138005
27602,55204,82806,110408,138010
27603,55206,82809,110412,138015
27604,55208,82812,110416,138020
27605,55210,82815,110420,138025
27606,55212,82818,110424,138030
27607,55214,82821,110428,138035
27608,55216,82824,110432,138040
27609,55218,82827,110436,138045
27610,55220,82830,110440,138050
27611,55222,82833,110444,138055
27612,55224,82836,110448,138060
27613,55226,82839,110452,138065
27614,55228,82842,110456,138070
27615,55230,82845,110460,138075
27616,55232,82848,110464,138080
27617,55234,82851,110468,138085
27618,55236,82854,110472,138090
27619,55238,82857,110476,138095
27620,55240,82860,110480,138100
27621,55242,82863,110484,138105
27622,55244,82866,110488,138110
27623,55246,82869,110492,138115
27624,55248,82872,110496,138120
27625,55250,82875,110500,138125
27626,55252,82878,110504,138130
27627,55254,82881,110508,138135
27628,55256,82884,110512,138140
27629,55258,82887,110516,138145
27630,55260,82890,110520,138150
27631,55262,82893,110524,138155
27632,55264,82896,110528,138160
27633,55266,82899,110532,138165
27634,55268,82902,110536,138170
27635,55270,82905,110540,138175
27636,55272,82908,110544,138180
27637,55274,82911,110548,138185
27638,55276,82914,110552,138190
27639,55278,82917,110556,138195
27640,55280,82920,110560,138200
27641,55282,82923,110564,138205
27642,55284,82926,110568,138210
27643,55286,82929,110572,138215
27644,55288,82932,110576,138220
27645,55290,82935,110580,138225
27646,55292,82938,110584,138230
27647,55294,82941,110588,138235
27648,55296,82944,110592,138240
27649,55298,82947,110596,138245
27650,55300,82950,110600,138250
27651,55302,82953,110604,138255
27652,55304,82956,110608,138260
27653,55306,82959,110612,138265
27654,55308,82962,110616,138270
27655,55310,82965,110620,138275
27656,55312,82968,110624,138280
27657,55314,82971,110628,138285
27658,55316,82974,110632,138290
27659,55318,82977,110636,138295
27660,55320,82980,110640,138300
27661,55322,82983,110644,138305
27662,55324,82986,110648,138310
27663,55326,82989,110652,138315
27664,55328,82992,110656,138320
27665,55330,82995,110660,138325
27666,55332,82998,110664,138330
27667,55334,83001,110668,138335
27668,55336,83004,110672,138340
27669,55338,83007,110676,138345
27670,55340,83010,110680,138350
27671,55342,83013,110684,138355
27672,55344,83016,110688,138360
27673,55346,83019,110692,138365
27674,55348,83022,110696,138370
27675,55350,83025,110700,138375
27676,55352,83028,110704,138380
27677,55354,83031,110708,138385
27678,55356,83034,110712,138390
27679,55358,83037,110716,138395
27680,55360,83040,110720,138400
27681,55362,83043,110724,138405
27682,55364,83046,110728,138410
27683,55366,83049,110732,138415
27684,55368,83052,110736,138420
27685,55370,83055,110740,138425
27686,55372,83058,110744,138430
27687,55374,83061,110748,138435
27688,55376,83064,110752,138440
27689,55378,83067,110756,138445
27690,55380,83070,110760,138450
27691,55382,83073,110764,138455
27692,55384,83076,110768,138460
27693,55386,83079,110772,138465
27694,55388,83082,110776,138470
27695,55390,83085,110780,138475
27696,55392,83088,110784,138480
27697,55394,83091,110788,138485
27698,55396,83094,110792,138490
27699,55398,83097,110796,138495
27700,55400,83100,110800,138500
27701,55402,83103,110804,138505
27702,55404,83106,110808,138510
27703,55406,83109,110812,138515
27704,55408,83112,110816,138520
27705,55410,83115,110820,138525
27706,55412,83118,110824,138530
27707,55414,83121,110828,138535
27708,55416,83124,110832,138540
27709,55418,83127,110836,138545
27710,55420,83130,110840,138550
27711,55422,83133,110844,138555
27712,55424,83136,110848,138560
27713,55426,83139,110852,138565
27714,55428,83142,110856,138570
27715,55430,83145,110860,138575
27716,55432,83148,110864,138580
27717,55434,83151,110868,138585
27718,55436,83154,110872,138590
27719,55438,83157,110876,138595
27720,55440,83160,110880,138600
27721,55442,83163,110884,138605
27722,55444,83166,110888,138610
27723,55446,83169,110892,138615
27724,55448,83172,110896,138620
27725,55450,83175,110900,138625
27726,55452,83178,110904,138630
27727,55454,83181,110908,138635
27728,55456,83184,110912,138640
27729,55458,83187,110916,138645
27730,55460,83190,110920,138650
27731,55462,83193,110924,138655
27732,55464,83196,110928,138660
27733,55466,83199,110932,138665
27734,55468,83202,110936,138670
27735,55470,83205,110940,138675
27736,55472,83208,110944,138680
27737,55474,83211,110948,138685
27738,55476,83214,110952,138690
27739,55478,83217,110956,138695
27740,55480,83220,110960,138700
27741,55482,83223,110964,138705
27742,55484,83226,110968,138710
27743,55486,83229,110972,138715
27744,55488,83232,110976,138720
27745,55490,83235,110980,138725
27746,55492,83238,110984,138730
27747,55494,83241,110988,138735
27748,55496,83244,110992,138740
27749,55498,83247,110996,138745
27750,55500,83250,111000,138750
27751,55502,83253,111004,138755
27752,55504,83256,111008,138760
27753,55506,83259,111012,138765
27754,55508,83262,111016,138770
27755,55510,83265,111020,138775
27756,55512,83268,111024,138780
27757,55514,83271,111028,138785
27758,55516,83274,111032,138790
27759,55518,83277,111036,138795
27760,55520,83280,111040,138800
27761,55522,83283,111044,138805
27762,55524,83286,111048,138810
27763,55526,83289,111052,138815
27764,55528,83292,111056,138820
27765,55530,83295,111060,138825
27766,55532,83298,111064,138830
27767,55534,83301,111068,138835
27768,55536,83304,111072,138840
27769,55538,83307,111076,138845
27770,55540,83310,111080,138850
27771,55542,83313,111084,138855
27772,55544,83316,111088,138860
27773,55546,83319,111092,138865
27774,55548,83322,111096,138870
27775,55550,83325,111100,138875
27776,55552,83328,111104,138880
27777,55554,83331,111108,138885
27778,55556,83334,111112,138890
27779,55558,83337,111116,138895
27780,55560,83340,111120,138900
27781,55562,83343,111124,138905
27782,55564,83346,111128,138910
27783,55566,83349,111132,138915
27784,55568,83352,111136,138920
27785,55570,83355,111140,138925
27786,55572,83358,111144,138930
27787,55574,83361,111148,138935
27788,55576,83364,111152,138940
27789,55578,83367,111156,138945
27790,55580,83370,111160,138950
27791,55582,83373,111164,138955
27792,55584,83376,111168,138960
27793,55586,83379,111172,138965
27794,55588,83382,111176,138970
27795,55590,83385,111180,138975
27796,55592,83388,111184,138980
27797,55594,83391,111188,138985
27798,55596,83394,111192,138990
27799,55598,83397,111196,138995
27800,55600,83400,111200,139000
27801,55602,83403,111204,139005
27802,55604,83406,111208,139010
27803,55606,83409,111212,139015
27804,55608,83412,111216,139020
27805,55610,83415,111220,139025
27806,55612,83418,111224,139030
27807,55614,83421,111228,139035
27808,55616,83424,111232,139040
27809,55618,83427,111236,139045
27810,55620,83430,111240,139050
27811,55622,83433,111244,139055
27812,55624,83436,111248,139060
27813,55626,83439,111252,139065
27814,55628,83442,111256,139070
27815,55630,83445,111260,139075
27816,55632,83448,111264,139080
27817,55634,83451,111268,139085
27818,55636,83454,111272,139090
27819,55638,83457,111276,139095
27820,55640,83460,111280,139100
27821,55642,83463,111284,139105
27822,55644,83466,111288,139110
27823,55646,83469,111292,139115
27824,55648,83472,111296,139120
27825,55650,83475,111300,139125
27826,55652,83478,111304,139130
27827,55654,83481,111308,139135
27828,55656,83484,111312,139140
27829,55658,83487,111316,139145
27830,55660,83490,111320,139150
27831,55662,83493,111324,139155
27832,55664,83496,111328,139160
27833,55666,83499,111332,139165
27834,55668,83502,111336,139170
27835,55670,83505,111340,139175
27836,55672,83508,111344,139180
27837,55674,83511,111348,139185
27838,55676,83514,111352,139190
27839,55678,83517,111356,139195
27840,55680,83520,111360,139200
27841,55682,83523,111364,139205
27842,55684,83526,111368,139210
27843,55686,83529,111372,139215
27844,55688,83532,111376,139220
27845,55690,83535,111380,139225
27846,55692,83538,111384,139230
27847,55694,83541,111388,139235
27848,55696,83544,111392,139240
27849,55698,83547,111396,139245
27850,55700,83550,111400,139250
27851,55702,83553,111404,139255
27852,55704,83556,111408,139260
27853,55706,83559,111412,139265
27854,55708,83562,111416,139270
27855,55710,83565,111420,139275
27856,55712,83568,111424,139280
27857,55714,83571,111428,139285
27858,55716,83574,111432,139290
27859,55718,83577,111436,139295
27860,55720,83580,111440,139300
27861,55722,83583,111444,139305
27862,55724,83586,111448,139310
27863,55726,83589,111452,139315
27864,55728,83592,111456,139320
27865,55730,83595,111460,139325
27866,55732,83598,111464,139330
27867,55734,83601,111468,139335
27868,55736,83604,111472,139340
27869,55738,83607,111476,139345
27870,55740,83610,111480,139350
27871,55742,83613,111484,139355
27872,55744,83616,111488,139360
27873,55746,83619,111492,139365
27874,55748,83622,111496,139370
27875,55750,83625,111500,139375
27876,55752,83628,111504,139380
27877,55754,83631,111508,139385
27878,55756,83634,111512,139390
27879,55758,83637,111516,139395
27880,55760,83640,111520,139400
27881,55762,83643,111524,139405
27882,55764,83646,111528,139410
27883,55766,83649,111532,139415
27884,55768,83652,111536,139420
27885,55770,83655,111540,139425
27886,55772,83658,111544,139430
27887,55774,83661,111548,139435
27888,55776,83664,111552,139440
27889,55778,83667,111556,139445
27890,55780,83670,111560,139450
27891,55782,83673,111564,139455
27892,55784,83676,111568,139460
27893,55786,83679,111572,139465
27894,55788,83682,111576,139470
27895,55790,83685,111580,139475
27896,55792,83688,111584,139480
27897,55794,83691,111588,139485
27898,55796,83694,111592,139490
27899,55798,83697,111596,139495
27900,55800,83700,111600,139500
27901,55802,83703,111604,139505
27902,55804,83706,111608,139510
27903,55806,83709,111612,139515
27904,55808,83712,111616,139520
27905,55810,83715,111620,139525
27906,55812,83718,111624,139530
27907,55814,83721,111628,139535
27908,55816,83724,111632,139540
27909,55818,83727,111636,139545
27910,55820,83730,111640,139550
27911,55822,83733,111644,139555
27912,55824,83736,111648,139560
27913,55826,83739,111652,139565
27914,55828,83742,111656,139570
27915,55830,83745,111660,139575
27916,55832,83748,111664,139580
27917,55834,83751,111668,139585
27918,55836,83754,111672,139590
27919,55838,83757,111676,139595
27920,55840,83760,111680,139600
27921,55842,83763,111684,139605
27922,55844,83766,111688,139610
27923,55846,83769,111692,139615
27924,55848,83772,111696,139620
27925,55850,83775,111700,139625
27926,55852,83778,111704,139630
27927,55854,83781,111708,139635
27928,55856,83784,111712,139640
27929,55858,83787,111716,139645
27930,55860,83790,111720,139650
27931,55862,83793,111724,139655
27932,55864,83796,111728,139660
27933,55866,83799,111732,139665
27934,55868,83802,111736,139670
27935,55870,83805,111740,139675
27936,55872,83808,111744,139680
27937,55874,83811,111748,139685
27938,55876,83814,111752,139690
27939,55878,83817,111756,139695
27940,55880,83820,111760,139700
27941,55882,83823,111764,139705
27942,55884,83826,111768,139710
27943,55886,83829,111772,139715
27944,55888,83832,111776,139720
27945,55890,83835,111780,139725
27946,55892,83838,111784,139730
27947,55894,83841,111788,139735
27948,55896,83844,111792,139740
27949,55898,83847,111796,139745
27950,55900,83850,111800,139750
27951,55902,83853,111804,139755
27952,55904,83856,111808,139760
27953,55906,83859,111812,139765
27954,55908,83862,111816,139770
27955,55910,83865,111820,139775
27956,55912,83868,111824,139780
27957,55914,83871,111828,139785
27958,55916,83874,111832,139790
27959,55918,83877,111836,139795
27960,55920,83880,111840,139800
27961,55922,83883,111844,139805
27962,55924,83886,111848,139810
27963,55926,83889,111852,139815
27964,55928,83892,111856,139820
27965,55930,83895,111860,139825
27966,55932,83898,111864,139830
27967,55934,83901,111868,139835
27968,55936,83904,111872,139840
27969,55938,83907,111876,139845
27970,55940,83910,111880,139850
27971,55942,83913,111884,139855
27972,55944,83916,111888,139860
27973,55946,83919,111892,139865
27974,55948,83922,111896,139870
27975,55950,83925,111900,139875
27976,55952,83928,111904,139880
27977,55954,83931,111908,139885
27978,55956,83934,111912,139890
27979,55958,83937,111916,139895
27980,55960,83940,111920,139900
27981,55962,83943,111924,139905
27982,55964,83946,111928,139910
27983,55966,83949,111932,139915
27984,55968,83952,111936,139920
27985,55970,83955,111940,139925
27986,55972,83958,111944,139930
27987,55974,83961,111948,139935
27988,55976,83964,111952,139940
27989,55978,83967,111956,139945
27990,55980,83970,111960,139950
27991,55982,83973,111964,139955
27992,55984,83976,111968,139960
27993,55986,83979,111972,139965
27994,55988,83982,111976,139970
27995,55990,83985,111980,139975
27996,55992,83988,111984,139980
27997,55994,83991,111988,139985
27998,55996,83994,111992,139990
27999,55998,83997,111996,139995
28000,56000,84000,112000,140000
28001,56002,84003,112004,140005
28002,56004,84006,112008,140010
28003,56006,84009,112012,140015
28004,56008,84012,112016,140020
28005,56010,84015,112020,140025
28006,56012,84018,112024,140030
28007,56014,84021,112028,140035
28008,56016,84024,112032,140040
28009,56018,84027,112036,140045
28010,56020,84030,112040,140050
28011,56022,84033,112044,140055
28012,56024,84036,112048,140060
28013,56026,84039,112052,140065
28014,56028,84042,112056,140070
28015,56030,84045,112060,140075
28016,56032,84048,112064,140080
28017,56034,84051,112068,140085
28018,56036,84054,112072,140090
28019,56038,84057,112076,140095
28020,56040,84060,112080,140100
28021,56042,84063,112084,140105
28022,56044,84066,112088,140110
28023,56046,84069,112092,140115
28024,56048,84072,112096,140120
28025,56050,84075,112100,140125
28026,56052,84078,112104,140130
28027,56054,84081,112108,140135
28028,56056,84084,112112,140140
28029,56058,84087,112116,140145
28030,56060,84090,112120,140150
28031,56062,84093,112124,140155
28032,56064,84096,112128,140160
28033,56066,84099,112132,140165
28034,56068,84102,112136,140170
28035,56070,84105,112140,140175
28036,56072,84108,112144,140180
28037,56074,84111,112148,140185
28038,56076,84114,112152,140190
28039,56078,84117,112156,140195
28040,56080,84120,112160,140200
28041,56082,84123,112164,140205
28042,56084,84126,112168,140210
28043,56086,84129,112172,140215
28044,56088,84132,112176,140220
28045,56090,84135,112180,140225
28046,56092,84138,112184,140230
28047,56094,84141,112188,140235
28048,56096,84144,112192,140240
28049,56098,84147,112196,140245
28050,56100,84150,112200,140250
28051,56102,84153,112204,140255
28052,56104,84156,112208,140260
28053,56106,84159,112212,140265
28054,56108,84162,112216,140270
28055,56110,84165,112220,140275
28056,56112,84168,112224,140280
28057,56114,84171,112228,140285
28058,56116,84174,112232,140290
28059,56118,84177,112236,140295
28060,56120,84180,112240,140300
28061,56122,84183,112244,140305
28062,56124,84186,112248,140310
28063,56126,84189,112252,140315
28064,56128,84192,112256,140320
28065,56130,84195,112260,140325
28066,56132,84198,112264,140330
28067,56134,84201,112268,140335
28068,56136,84204,112272,140340
28069,56138,84207,112276,140345
28070,56140,84210,112280,140350
28071,56142,84213,112284,140355
28072,56144,84216,112288,140360
28073,56146,84219,112292,140365
28074,56148,84222,112296,140370
28075,56150,84225,112300,140375
28076,56152,84228,112304,140380
28077,56154,84231,112308,140385
28078,56156,84234,112312,140390
28079,56158,84237,112316,140395
28080,56160,84240,112320,140400
28081,56162,84243,112324,140405
28082,56164,84246,112328,140410
28083,56166,84249,112332,140415
28084,56168,84252,112336,140420
28085,56170,84255,112340,140425
28086,56172,84258,112344,140430
28087,56174,84261,112348,140435
28088,56176,84264,112352,140440
28089,56178,84267,112356,140445
28090,56180,84270,112360,140450
28091,56182,84273,112364,140455
28092,56184,84276,112368,140460
28093,56186,84279,112372,140465
28094,56188,84282,112376,140470
28095,56190,84285,112380,140475
28096,56192,84288,112384,140480
28097,56194,84291,112388,140485
28098,56196,84294,112392,140490
28099,56198,84297,112396,140495
28100,56200,84300,112400,140500
28101,56202,84303,112404,140505
28102,56204,84306,112408,140510
28103,56206,84309,112412,140515
28104,56208,84312,112416,140520
28105,56210,84315,112420,140525
28106,56212,84318,112424,140530
28107,56214,84321,112428,140535
28108,56216,84324,112432,140540
28109,56218,84327,112436,140545
28110,56220,84330,112440,140550
28111,56222,84333,112444,140555
28112,56224,84336,112448,140560
28113,56226,84339,112452,140565
28114,56228,84342,112456,140570
28115,56230,84345,112460,140575
28116,56232,84348,112464,140580
28117,56234,84351,112468,140585
28118,56236,84354,112472,140590
28119,56238,84357,112476,140595
28120,56240,84360,112480,140600
28121,56242,84363,112484,140605
28122,56244,84366,112488,140610
28123,56246,84369,112492,140615
28124,56248,84372,112496,140620
28125,56250,84375,112500,140625
28126,56252,84378,112504,140630
28127,56254,84381,112508,140635
28128,56256,84384,112512,140640
28129,56258,84387,112516,140645
28130,56260,84390,112520,140650
28131,56262,84393,112524,140655
28132,56264,84396,112528,140660
28133,56266,84399,112532,140665
28134,56268,84402,112536,140670
28135,56270,84405,112540,140675
28136,56272,84408,112544,140680
28137,56274,84411,112548,140685
28138,56276,84414,112552,140690
28139,56278,84417,112556,140695
28140,56280,84420,112560,140700
28141,56282,84423,112564,140705
28142,56284,84426,112568,140710
28143,56286,84429,112572,140715
28144,56288,84432,112576,140720
28145,56290,84435,112580,140725
28146,56292,84438,112584,140730
28147,56294,84441,112588,140735
28148,56296,84444,112592,140740
28149,56298,84447,112596,140745
28150,56300,84450,112600,140750
28151,56302,84453,112604,140755
28152,56304,84456,112608,140760
28153,56306,84459,112612,140765
28154,56308,84462,112616,140770
28155,56310,84465,112620,140775
28156,56312,84468,112624,140780
28157,56314,84471,112628,140785
28158,56316,84474,112632,140790
28159,56318,84477,112636,140795
28160,56320,84480,112640,140800
28161,56322,84483,112644,140805
28162,56324,84486,112648,140810
28163,56326,84489,112652,140815
28164,56328,84492,112656,140820
28165,56330,84495,112660,140825
28166,56332,84498,112664,140830
28167,56334,84501,112668,140835
28168,56336,84504,112672,140840
28169,56338,84507,112676,140845
28170,56340,84510,112680,140850
28171,56342,84513,112684,140855
28172,56344,84516,112688,140860
28173,56346,84519,112692,140865
28174,56348,84522,112696,140870
28175,56350,84525,112700,140875
28176,56352,84528,112704,140880
28177,56354,84531,112708,140885
28178,56356,84534,112712,140890
28179,56358,84537,112716,140895
28180,56360,84540,112720,140900
28181,56362,84543,112724,140905
28182,56364,84546,112728,140910
28183,56366,84549,112732,140915
28184,56368,84552,112736,140920
28185,56370,84555,112740,140925
28186,56372,84558,112744,140930
28187,56374,84561,112748,140935
28188,56376,84564,112752,140940
28189,56378,84567,112756,140945
28190,56380,84570,112760,140950
28191,56382,84573,112764,140955
28192,56384,84576,112768,140960
28193,56386,84579,112772,140965
28194,56388,84582,112776,140970
28195,56390,84585,112780,140975
28196,56392,84588,112784,140980
28197,56394,84591,112788,140985
28198,56396,84594,112792,140990
28199,56398,84597,112796,140995
28200,56400,84600,112800,141000
28201,56402,84603,112804,141005
28202,56404,84606,112808,141010
28203,56406,84609,112812,141015
28204,56408,84612,112816,141020
28205,56410,84615,112820,141025
28206,56412,84618,112824,141030
28207,56414,84621,112828,141035
28208,56416,84624,112832,141040
28209,56418,84627,112836,141045
28210,56420,84630,112840,141050
28211,56422,84633,112844,141055
28212,56424,84636,112848,141060
28213,56426,84639,112852,141065
28214,56428,84642,112856,141070
28215,56430,84645,112860,141075
28216,56432,84648,112864,141080
28217,56434,84651,112868,141085
28218,56436,84654,112872,141090
28219,56438,84657,112876,141095
28220,56440,84660,112880,141100
28221,56442,84663,112884,141105
28222,56444,84666,112888,141110
28223,56446,84669,112892,141115
28224,56448,84672,112896,141120
28225,56450,84675,112900,141125
28226,56452,84678,112904,141130
28227,56454,84681,112908,141135
28228,56456,84684,112912,141140
28229,56458,84687,112916,141145
28230,56460,84690,112920,141150
28231,56462,84693,112924,141155
28232,56464,84696,112928,141160
28233,56466,84699,112932,141165
28234,56468,84702,112936,141170
28235,56470,84705,112940,141175
28236,56472,84708,112944,141180
28237,56474,84711,112948,141185
28238,56476,84714,112952,141190
28239,56478,84717,112956,141195
28240,56480,84720,112960,141200
28241,56482,84723,112964,141205
28242,56484,84726,112968,141210
28243,56486,84729,112972,141215
28244,56488,84732,112976,141220
28245,56490,84735,112980,141225
28246,56492,84738,112984,141230
28247,56494,84741,112988,141235
28248,56496,84744,112992,141240
28249,56498,84747,112996,141245
28250,56500,84750,113000,141250
28251,56502,84753,113004,141255
28252,56504,84756,113008,141260
28253,56506,84759,113012,141265
28254,56508,84762,113016,141270
28255,56510,84765,113020,141275
28256,56512,84768,113024,141280
28257,56514,84771,113028,141285
28258,56516,84774,113032,141290
28259,56518,84777,113036,141295
28260,56520,84780,113040,141300
28261,56522,84783,113044,141305
28262,56524,84786,113048,141310
28263,56526,84789,113052,141315
28264,56528,84792,113056,141320
28265,56530,84795,113060,141325
28266,56532,84798,113064,141330
28267,56534,84801,113068,141335
28268,56536,84804,113072,141340
28269,56538,84807,113076,141345
28270,56540,84810,113080,141350
28271,56542,84813,113084,141355
28272,56544,84816,113088,141360
28273,56546,84819,113092,141365
28274,56548,84822,113096,141370
28275,56550,84825,113100,141375
28276,56552,84828,113104,141380
28277,56554,84831,113108,141385
28278,56556,84834,113112,141390
28279,56558,84837,113116,141395
28280,56560,84840,113120,141400
28281,56562,84843,113124,141405
28282,56564,84846,113128,141410
28283,56566,84849,113132,141415
28284,56568,84852,113136,141420
28285,56570,84855,113140,141425
28286,56572,84858,113144,141430
28287,56574,84861,113148,141435
28288,56576,84864,113152,141440
28289,56578,84867,113156,141445
28290,56580,84870,113160,141450
28291,56582,84873,113164,141455
28292,56584,84876,113168,141460
28293,56586,84879,113172,141465
28294,56588,84882,113176,141470
28295,56590,84885,113180,141475
28296,56592,84888,113184,141480
28297,56594,84891,113188,141485
28298,56596,84894,113192,141490
28299,56598,84897,113196,141495
28300,56600,84900,113200,141500
28301,56602,84903,113204,141505
28302,56604,84906,113208,141510
28303,56606,84909,113212,141515
28304,56608,84912,113216,141520
28305,56610,84915,113220,141525
28306,56612,84918,113224,141530
28307,56614,84921,113228,141535
28308,56616,84924,113232,141540
28309,56618,84927,113236,141545
28310,56620,84930,113240,141550
28311,56622,84933,113244,141555
28312,56624,84936,113248,141560
28313,56626,84939,113252,141565
28314,56628,84942,113256,141570
28315,56630,84945,113260,141575
28316,56632,84948,113264,141580
28317,56634,84951,113268,141585
28318,56636,84954,113272,141590
28319,56638,84957,113276,141595
28320,56640,84960,113280,141600
28321,56642,84963,113284,141605
28322,56644,84966,113288,141610
28323,56646,84969,113292,141615
28324,56648,84972,113296,141620
28325,56650,84975,113300,141625
28326,56652,84978,113304,141630
28327,56654,84981,113308,141635
28328,56656,84984,113312,141640
28329,56658,84987,113316,141645
28330,56660,84990,113320,141650
28331,56662,84993,113324,141655
28332,56664,84996,113328,141660
28333,56666,84999,113332,141665
28334,56668,85002,113336,141670
28335,56670,85005,113340,141675
28336,56672,85008,113344,141680
28337,56674,85011,113348,141685
28338,56676,85014,113352,141690
28339,56678,85017,113356,141695
28340,56680,85020,113360,141700
28341,56682,85023,113364,141705
28342,56684,85026,113368,141710
28343,56686,85029,113372,141715
28344,56688,85032,113376,141720
28345,56690,85035,113380,141725
28346,56692,85038,113384,141730
28347,56694,85041,113388,141735
28348,56696,85044,113392,141740
28349,56698,85047,113396,141745
28350,56700,85050,113400,141750
28351,56702,85053,113404,141755
28352,56704,85056,113408,141760
28353,56706,85059,113412,141765
28354,56708,85062,113416,141770
28355,56710,85065,113420,141775
28356,56712,85068,113424,141780
28357,56714,85071,113428,141785
28358,56716,85074,113432,141790
28359,56718,85077,113436,141795
28360,56720,85080,113440,141800
28361,56722,85083,113444,141805
28362,56724,85086,113448,141810
28363,56726,85089,113452,141815
28364,56728,85092,113456,141820
28365,56730,85095,113460,141825
28366,56732,85098,113464,141830
28367,56734,85101,113468,141835
28368,56736,85104,113472,141840
28369,56738,85107,113476,141845
28370,56740,85110,113480,141850
28371,56742,85113,113484,141855
28372,56744,85116,113488,141860
28373,56746,85119,113492,141865
28374,56748,85122,113496,141870
28375,56750,85125,113500,141875
28376,56752,85128,113504,141880
28377,56754,85131,113508,141885
28378,56756,85134,113512,141890
28379,56758,85137,113516,141895
28380,56760,85140,113520,141900
28381,56762,85143,113524,141905
28382,56764,85146,113528,141910
28383,56766,85149,113532,141915
28384,56768,85152,113536,141920
28385,56770,85155,113540,141925
28386,56772,85158,113544,141930
28387,56774,85161,113548,141935
28388,56776,85164,113552,141940
28389,56778,85167,113556,141945
28390,56780,85170,113560,141950
28391,56782,85173,113564,141955
28392,56784,85176,113568,141960
28393,56786,85179,113572,141965
28394,56788,85182,113576,141970
28395,56790,85185,113580,141975
28396,56792,85188,113584,141980
28397,56794,85191,113588,141985
28398,56796,85194,113592,141990
28399,56798,85197,113596,141995
28400,56800,85200,113600,142000
28401,56802,85203,113604,142005
28402,56804,85206,113608,142010
28403,56806,85209,113612,142015
28404,56808,85212,113616,142020
28405,56810,85215,113620,142025
28406,56812,85218,113624,142030
28407,56814,85221,113628,142035
28408,56816,85224,113632,142040
28409,56818,85227,113636,142045
28410,56820,85230,113640,142050
28411,56822,85233,113644,142055
28412,56824,85236,113648,142060
28413,56826,85239,113652,142065
28414,56828,85242,113656,142070
28415,56830,85245,113660,142075
28416,56832,85248,113664,142080
28417,56834,85251,113668,142085
28418,56836,85254,113672,142090
28419,56838,85257,113676,142095
28420,56840,85260,113680,142100
28421,56842,85263,113684,142105
28422,56844,85266,113688,142110
28423,56846,85269,113692,142115
28424,56848,85272,113696,142120
28425,56850,85275,113700,142125
28426,56852,85278,113704,142130
28427,56854,85281,113708,142135
28428,56856,85284,113712,142140
28429,56858,85287,113716,142145
28430,56860,85290,113720,142150
28431,56862,85293,113724,142155
28432,56864,85296,113728,142160
28433,56866,85299,113732,142165
28434,56868,85302,113736,142170
28435,56870,85305,113740,142175
28436,56872,85308,113744,142180
28437,56874,85311,113748,142185
28438,56876,85314,113752,142190
28439,56878,85317,113756,142195
28440,56880,85320,113760,142200
28441,56882,85323,113764,142205
28442,56884,85326,113768,142210
28443,56886,85329,113772,142215
28444,56888,85332,113776,142220
28445,56890,85335,113780,142225
28446,56892,85338,113784,142230
28447,56894,85341,113788,142235
28448,56896,85344,113792,142240
28449,56898,85347,113796,142245
28450,56900,85350,113800,142250
28451,56902,85353,113804,142255
28452,56904,85356,113808,142260
28453,56906,85359,113812,142265
28454,56908,85362,113816,142270
28455,56910,85365,113820,142275
28456,56912,85368,113824,142280
28457,56914,85371,113828,142285
28458,56916,85374,113832,142290
28459,56918,85377,113836,142295
28460,56920,85380,113840,142300
28461,56922,85383,113844,142305
28462,56924,85386,113848,142310
28463,56926,85389,113852,142315
28464,56928,85392,113856,142320
28465,56930,85395,113860,142325
28466,56932,85398,113864,142330
28467,56934,85401,113868,142335
28468,56936,85404,113872,142340
28469,56938,85407,113876,142345
28470,56940,85410,113880,142350
28471,56942,85413,113884,142355
28472,56944,85416,113888,142360
28473,56946,85419,113892,142365
28474,56948,85422,113896,142370
28475,56950,85425,113900,142375
28476,56952,85428,113904,142380
28477,56954,85431,113908,142385
28478,56956,85434,113912,142390
28479,56958,85437,113916,142395
28480,56960,85440,113920,142400
28481,56962,85443,113924,142405
28482,56964,85446,113928,142410
28483,56966,85449,113932,142415
28484,56968,85452,113936,142420
28485,56970,85455,113940,142425
28486,56972,85458,113944,142430
28487,56974,85461,113948,142435
28488,56976,85464,113952,142440
28489,56978,85467,113956,142445
28490,56980,85470,113960,142450
28491,56982,85473,113964,142455
28492,56984,85476,113968,142460
28493,56986,85479,113972,142465
28494,56988,85482,113976,142470
28495,56990,85485,113980,142475
28496,56992,85488,113984,142480
28497,56994,85491,113988,142485
28498,56996,85494,113992,142490
28499,56998,85497,113996,142495
28500,57000,85500,114000,142500
28501,57002,85503,114004,142505
28502,57004,85506,114008,142510
28503,57006,85509,114012,142515
28504,57008,85512,114016,142520
28505,57010,85515,114020,142525
28506,57012,85518,114024,142530
28507,57014,85521,114028,142535
28508,57016,85524,114032,142540
28509,57018,85527,114036,142545
28510,57020,85530,114040,142550
28511,57022,85533,114044,142555
28512,57024,85536,114048,142560
28513,57026,85539,114052,142565
28514,57028,85542,114056,142570
28515,57030,85545,114060,142575
28516,57032,85548,114064,142580
28517,57034,85551,114068,142585
28518,57036,85554,114072,142590
28519,57038,85557,114076,142595
28520,57040,85560,114080,142600
28521,57042,85563,114084,142605
28522,57044,85566,114088,142610
28523,57046,85569,114092,142615
28524,57048,85572,114096,142620
28525,57050,85575,114100,142625
28526,57052,85578,114104,142630
28527,57054,85581,114108,142635
28528,57056,85584,114112,142640
28529,57058,85587,114116,142645
28530,57060,85590,114120,142650
28531,57062,85593,114124,142655
28532,57064,85596,114128,142660
28533,57066,85599,114132,142665
28534,57068,85602,114136,142670
28535,57070,85605,114140,142675
28536,57072,85608,114144,142680
28537,57074,85611,114148,142685
28538,57076,85614,114152,142690
28539,57078,85617,114156,142695
28540,57080,85620,114160,142700
28541,57082,85623,114164,142705
28542,57084,85626,114168,142710
28543,57086,85629,114172,142715
28544,57088,85632,114176,142720
28545,57090,85635,114180,142725
28546,57092,85638,114184,142730
28547,57094,85641,114188,142735
28548,57096,85644,114192,142740
28549,57098,85647,114196,142745
28550,57100,85650,114200,142750
28551,57102,85653,114204,142755
28552,57104,85656,114208,142760
28553,57106,85659,114212,142765
28554,57108,85662,114216,142770
28555,57110,85665,114220,142775
28556,57112,85668,114224,142780
28557,57114,85671,114228,142785
28558,57116,85674,114232,142790
28559,57118,85677,114236,142795
28560,57120,85680,114240,142800
28561,57122,85683,114244,142805
28562,57124,85686,114248,142810
28563,57126,85689,114252,142815
28564,57128,85692,114256,142820
28565,57130,85695,114260,142825
28566,57132,85698,114264,142830
28567,57134,85701,114268,142835
28568,57136,85704,114272,142840
28569,57138,85707,114276,142845
28570,57140,85710,114280,142850
28571,57142,85713,114284,142855
28572,57144,85716,114288,142860
28573,57146,85719,114292,142865
28574,57148,85722,114296,142870
28575,57150,85725,114300,142875
28576,57152,85728,114304,142880
28577,57154,85731,114308,142885
28578,57156,85734,114312,142890
28579,57158,85737,114316,142895
28580,57160,85740,114320,142900
28581,57162,85743,114324,142905
28582,57164,85746,114328,142910
28583,57166,85749,114332,142915
28584,57168,85752,114336,142920
28585,57170,85755,114340,142925
28586,57172,85758,114344,142930
28587,57174,85761,114348,142935
28588,57176,85764,114352,142940
28589,57178,85767,114356,142945
28590,57180,85770,114360,142950
28591,57182,85773,114364,142955
28592,57184,85776,114368,142960
28593,57186,85779,114372,142965
28594,57188,85782,114376,142970
28595,57190,85785,114380,142975
28596,57192,85788,114384,142980
28597,57194,85791,114388,142985
28598,57196,85794,114392,142990
28599,57198,85797,114396,142995
28600,57200,85800,114400,143000
28601,57202,85803,114404,143005
28602,57204,85806,114408,143010
28603,57206,85809,114412,143015
28604,57208,85812,114416,143020
28605,57210,85815,114420,143025
28606,57212,85818,114424,143030
28607,57214,85821,114428,143035
28608,57216,85824,114432,143040
28609,57218,85827,114436,143045
28610,57220,85830,114440,143050
28611,57222,85833,114444,143055
28612,57224,85836,114448,143060
28613,57226,85839,114452,143065
28614,57228,85842,114456,143070
28615,57230,85845,114460,143075
28616,57232,85848,114464,143080
28617,57234,85851,114468,143085
28618,57236,85854,114472,143090
28619,57238,85857,114476,143095
28620,57240,85860,114480,143100
28621,57242,85863,114484,143105
28622,57244,85866,114488,143110
28623,57246,85869,114492,143115
28624,57248,85872,114496,143120
28625,57250,85875,114500,143125
28626,57252,85878,114504,143130
28627,57254,85881,114508,143135
28628,57256,85884,114512,143140
28629,57258,85887,114516,143145
28630,57260,85890,114520,143150
28631,57262,85893,114524,143155
28632,57264,85896,114528,143160
28633,57266,85899,114532,143165
28634,57268,85902,114536,143170
28635,57270,85905,114540,143175
28636,57272,85908,114544,143180
28637,57274,85911,114548,143185
28638,57276,85914,114552,143190
28639,57278,85917,114556,143195
28640,57280,85920,114560,143200
28641,57282,85923,114564,143205
28642,57284,85926,114568,143210
28643,57286,85929,114572,143215
28644,57288,85932,114576,143220
28645,57290,85935,114580,143225
28646,57292,85938,114584,143230
28647,57294,85941,114588,143235
28648,57296,85944,114592,143240
28649,57298,85947,114596,143245
28650,57300,85950,114600,143250
28651,57302,85953,114604,143255
28652,57304,85956,114608,143260
28653,57306,85959,114612,143265
28654,57308,85962,114616,143270
28655,57310,85965,114620,143275
28656,57312,85968,114624,143280
28657,57314,85971,114628,143285
28658,57316,85974,114632,143290
28659,57318,85977,114636,143295
28660,57320,85980,114640,143300
28661,57322,85983,114644,143305
28662,57324,85986,114648,143310
28663,57326,85989,114652,143315
28664,57328,85992,114656,143320
28665,57330,85995,114660,143325
28666,57332,85998,114664,143330
28667,57334,86001,114668,143335
28668,57336,86004,114672,143340
28669,57338,86007,114676,143345
28670,57340,86010,114680,143350
28671,57342,86013,114684,143355
28672,57344,86016,114688,143360
28673,57346,86019,114692,143365
28674,57348,86022,114696,143370
28675,57350,86025,114700,143375
28676,57352,86028,114704,143380
28677,57354,86031,114708,143385
28678,57356,86034,114712,143390
28679,57358,86037,114716,143395
28680,57360,86040,114720,143400
28681,57362,86043,114724,143405
28682,57364,86046,114728,143410
28683,57366,86049,114732,143415
28684,57368,86052,114736,143420
28685,57370,86055,114740,143425
28686,57372,86058,114744,143430
28687,57374,86061,114748,143435
28688,57376,86064,114752,143440
28689,57378,86067,114756,143445
28690,57380,86070,114760,143450
28691,57382,86073,114764,143455
28692,57384,86076,114768,143460
28693,57386,86079,114772,143465
28694,57388,86082,114776,143470
28695,57390,86085,114780,143475
28696,57392,86088,114784,143480
28697,57394,86091,114788,143485
28698,57396,86094,114792,143490
28699,57398,86097,114796,143495
28700,57400,86100,114800,143500
28701,57402,86103,114804,143505
28702,57404,86106,114808,143510
28703,57406,86109,114812,143515
28704,57408,86112,114816,143520
28705,57410,86115,114820,143525
28706,57412,86118,114824,143530
28707,57414,86121,114828,143535
28708,57416,86124,114832,143540
28709,57418,86127,114836,143545
28710,57420,86130,114840,143550
28711,57422,86133,114844,143555
28712,57424,86136,114848,143560
28713,57426,86139,114852,143565
28714,57428,86142,114856,143570
28715,57430,86145,114860,143575
28716,57432,86148,114864,143580
28717,57434,86151,114868,143585
28718,57436,86154,114872,143590
28719,57438,86157,114876,143595
28720,57440,86160,114880,143600
28721,57442,86163,114884,143605
28722,57444,86166,114888,143610
28723,57446,86169,114892,143615
28724,57448,86172,114896,143620
28725,57450,86175,114900,143625
28726,57452,86178,114904,143630
28727,57454,86181,114908,143635
28728,57456,86184,114912,143640
28729,57458,86187,114916,143645
28730,57460,86190,114920,143650
28731,57462,86193,114924,143655
28732,57464,86196,114928,143660
28733,57466,86199,114932,143665
28734,57468,86202,114936,143670
28735,57470,86205,114940,143675
28736,57472,86208,114944,143680
28737,57474,86211,114948,143685
28738,57476,86214,114952,143690
28739,57478,86217,114956,143695
28740,57480,86220,114960,143700
28741,57482,86223,114964,143705
28742,57484,86226,114968,143710
28743,57486,86229,114972,143715
28744,57488,86232,114976,143720
28745,57490,86235,114980,143725
28746,57492,86238,114984,143730
28747,57494,86241,114988,143735
28748,57496,86244,114992,143740
28749,57498,86247,114996,143745
28750,57500,86250,115000,143750
28751,57502,86253,115004,143755
28752,57504,86256,115008,143760
28753,57506,86259,115012,143765
28754,57508,86262,115016,143770
28755,57510,86265,115020,143775
28756,57512,86268,115024,143780
28757,57514,86271,115028,143785
28758,57516,86274,115032,143790
28759,57518,86277,115036,143795
28760,57520,86280,115040,143800
28761,57522,86283,115044,143805
28762,57524,86286,115048,143810
28763,57526,86289,115052,143815
28764,57528,86292,115056,143820
28765,57530,86295,115060,143825
28766,57532,86298,115064,143830
28767,57534,86301,115068,143835
28768,57536,86304,115072,143840
28769,57538,86307,115076,143845
28770,57540,86310,115080,143850
28771,57542,86313,115084,143855
28772,57544,86316,115088,143860
28773,57546,86319,115092,143865
28774,57548,86322,115096,143870
28775,57550,86325,115100,143875
28776,57552,86328,115104,143880
28777,57554,86331,115108,143885
28778,57556,86334,115112,143890
28779,57558,86337,115116,143895
28780,57560,86340,115120,143900
28781,57562,86343,115124,143905
28782,57564,86346,115128,143910
28783,57566,86349,115132,143915
28784,57568,86352,115136,143920
28785,57570,86355,115140,143925
28786,57572,86358,115144,143930
28787,57574,86361,115148,143935
28788,57576,86364,115152,143940
28789,57578,86367,115156,143945
28790,57580,86370,115160,143950
28791,57582,86373,115164,143955
28792,57584,86376,115168,143960
28793,57586,86379,115172,143965
28794,57588,86382,115176,143970
28795,57590,86385,115180,143975
28796,57592,86388,115184,143980
28797,57594,86391,115188,143985
28798,57596,86394,115192,143990
28799,57598,86397,115196,143995
28800,57600,86400,115200,144000
28801,57602,86403,115204,144005
28802,57604,86406,115208,144010
28803,57606,86409,115212,144015
28804,57608,86412,115216,144020
28805,57610,86415,115220,144025
28806,57612,86418,115224,144030
28807,57614,86421,115228,144035
28808,57616,86424,115232,144040
28809,57618,86427,115236,144045
28810,57620,86430,115240,144050
28811,57622,86433,115244,144055
28812,57624,86436,115248,144060
28813,57626,86439,115252,144065
28814,57628,86442,115256,144070
28815,57630,86445,115260,144075
28816,57632,86448,115264,144080
28817,57634,86451,115268,144085
28818,57636,86454,115272,144090
28819,57638,86457,115276,144095
28820,57640,86460,115280,144100
28821,57642,86463,115284,144105
28822,57644,86466,115288,144110
28823,57646,86469,115292,144115
28824,57648,86472,115296,144120
28825,57650,86475,115300,144125
28826,57652,86478,115304,144130
28827,57654,86481,115308,144135
28828,57656,86484,115312,144140
28829,57658,86487,115316,144145
28830,57660,86490,115320,144150
28831,57662,86493,115324,144155
28832,57664,86496,115328,144160
28833,57666,86499,115332,144165
28834,57668,86502,115336,144170
28835,57670,86505,115340,144175
28836,57672,86508,115344,144180
28837,57674,86511,115348,144185
28838,57676,86514,115352,144190
28839,57678,86517,115356,144195
28840,57680,86520,115360,144200
28841,57682,86523,115364,144205
28842,57684,86526,115368,144210
28843,57686,86529,115372,144215
28844,57688,86532,115376,144220
28845,57690,86535,115380,144225
28846,57692,86538,115384,144230
28847,57694,86541,115388,144235
28848,57696,86544,115392,144240
28849,57698,86547,115396,144245
28850,57700,86550,115400,144250
28851,57702,86553,115404,144255
28852,57704,86556,115408,144260
28853,57706,86559,115412,144265
28854,57708,86562,115416,144270
28855,57710,86565,115420,144275
28856,57712,86568,115424,144280
28857,57714,86571,115428,144285
28858,57716,86574,115432,144290
28859,57718,86577,115436,144295
28860,57720,86580,115440,144300
28861,57722,86583,115444,144305
28862,57724,86586,115448,144310
28863,57726,86589,115452,144315
28864,57728,86592,115456,144320
28865,57730,86595,115460,144325
28866,57732,86598,115464,144330
28867,57734,86601,115468,144335
28868,57736,86604,115472,144340
28869,57738,86607,115476,144345
28870,57740,86610,115480,144350
28871,57742,86613,115484,144355
28872,57744,86616,115488,144360
28873,57746,86619,115492,144365
28874,57748,86622,115496,144370
28875,57750,86625,115500,144375
28876,57752,86628,115504,144380
28877,57754,86631,115508,144385
28878,57756,86634,115512,144390
28879,57758,86637,115516,144395
28880,57760,86640,115520,144400
28881,57762,86643,115524,144405
28882,57764,86646,115528,144410
28883,57766,86649,115532,144415
28884,57768,86652,115536,144420
28885,57770,86655,115540,144425
28886,57772,86658,115544,144430
28887,57774,86661,115548,144435
28888,57776,86664,115552,144440
28889,57778,86667,115556,144445
28890,57780,86670,115560,144450
28891,57782,86673,115564,144455
28892,57784,86676,115568,144460
28893,57786,86679,115572,144465
28894,57788,86682,115576,144470
28895,57790,86685,115580,144475
28896,57792,86688,115584,144480
28897,57794,86691,115588,144485
28898,57796,86694,115592,144490
28899,57798,86697,115596,144495
28900,57800,86700,115600,144500
28901,57802,86703,115604,144505
28902,57804,86706,115608,144510
28903,57806,86709,115612,144515
28904,57808,86712,115616,144520
28905,57810,86715,115620,144525
28906,57812,86718,115624,144530
28907,57814,86721,115628,144535
28908,57816,86724,115632,144540
28909,57818,86727,115636,144545
28910,57820,86730,115640,144550
28911,57822,86733,115644,144555
28912,57824,86736,115648,144560
28913,57826,86739,115652,144565
28914,57828,86742,115656,144570
28915,57830,86745,115660,144575
28916,57832,86748,115664,144580
28917,57834,86751,115668,144585
28918,57836,86754,115672,144590
28919,57838,86757,115676,144595
28920,57840,86760,115680,144600
28921,57842,86763,115684,144605
28922,57844,86766,115688,144610
28923,57846,86769,115692,144615
28924,57848,86772,115696,144620
28925,57850,86775,115700,144625
28926,57852,86778,115704,144630
28927,57854,86781,115708,144635
28928,57856,86784,115712,144640
28929,57858,86787,115716,144645
28930,57860,86790,115720,144650
28931,57862,86793,115724,144655
28932,57864,86796,115728,144660
28933,57866,86799,115732,144665
28934,57868,86802,115736,144670
28935,57870,86805,115740,144675
28936,57872,86808,115744,144680
28937,57874,86811,115748,144685
28938,57876,86814,115752,144690
28939,57878,86817,115756,144695
28940,57880,86820,115760,144700
28941,57882,86823,115764,144705
28942,57884,86826,115768,144710
28943,57886,86829,115772,144715
28944,57888,86832,115776,144720
28945,57890,86835,115780,144725
28946,57892,86838,115784,144730
28947,57894,86841,115788,144735
28948,57896,86844,115792,144740
28949,57898,86847,115796,144745
28950,57900,86850,115800,144750
28951,57902,86853,115804,144755
28952,57904,86856,115808,144760
28953,57906,86859,115812,144765
28954,57908,86862,115816,144770
28955,57910,86865,115820,144775
28956,57912,86868,115824,144780
28957,57914,86871,115828,144785
28958,57916,86874,115832,144790
28959,57918,86877,115836,144795
28960,57920,86880,115840,144800
28961,57922,86883,115844,144805
28962,57924,86886,115848,144810
28963,57926,86889,115852,144815
28964,57928,86892,115856,144820
28965,57930,86895,115860,144825
28966,57932,86898,115864,144830
28967,57934,86901,115868,144835
28968,57936,86904,115872,144840
28969,57938,86907,115876,144845
28970,57940,86910,115880,144850
28971,57942,86913,115884,144855
28972,57944,86916,115888,144860
28973,57946,86919,115892,144865
28974,57948,86922,115896,144870
28975,57950,86925,115900,144875
28976,57952,86928,115904,144880
28977,57954,86931,115908,144885
28978,57956,86934,115912,144890
28979,57958,86937,115916,144895
28980,57960,86940,115920,144900
28981,57962,86943,115924,144905
28982,57964,86946,115928,144910
28983,57966,86949,115932,144915
28984,57968,86952,115936,144920
28985,57970,86955,115940,144925
28986,57972,86958,115944,144930
28987,57974,86961,115948,144935
28988,57976,86964,115952,144940
28989,57978,86967,115956,144945
28990,57980,86970,115960,144950
28991,57982,86973,115964,144955
28992,57984,86976,115968,144960
28993,57986,86979,115972,144965
28994,57988,86982,115976,144970
28995,57990,86985,115980,144975
28996,57992,86988,115984,144980
28997,57994,86991,115988,144985
28998,57996,86994,115992,144990
28999,57998,86997,115996,144995
29000,58000,87000,116000,145000
29001,58002,87003,116004,145005
29002,58004,87006,116008,145010
29003,58006,87009,116012,145015
29004,58008,87012,116016,145020
29005,58010,87015,116020,145025
29006,58012,87018,116024,145030
29007,58014,87021,116028,145035
29008,58016,87024,116032,145040
29009,58018,87027,116036,145045
29010,58020,87030,116040,145050
29011,58022,87033,116044,145055
29012,58024,87036,116048,145060
29013,58026,87039,116052,145065
29014,58028,87042,116056,145070
29015,58030,87045,116060,145075
29016,58032,87048,116064,145080
29017,58034,87051,116068,145085
29018,58036,87054,116072,145090
29019,58038,87057,116076,145095
29020,58040,87060,116080,145100
29021,58042,87063,116084,145105
29022,58044,87066,116088,145110
29023,58046,87069,116092,145115
29024,58048,87072,116096,145120
29025,58050,87075,116100,145125
29026,58052,87078,116104,145130
29027,58054,87081,116108,145135
29028,58056,87084,116112,145140
29029,58058,87087,116116,145145
29030,58060,87090,116120,145150
29031,58062,87093,116124,145155
29032,58064,87096,116128,145160
29033,58066,87099,116132,145165
29034,58068,87102,116136,145170
29035,58070,87105,116140,145175
29036,58072,87108,116144,145180
29037,58074,87111,116148,145185
29038,58076,87114,116152,145190
29039,58078,87117,116156,145195
29040,58080,87120,116160,145200
29041,58082,87123,116164,145205
29042,58084,87126,116168,145210
29043,58086,87129,116172,145215
29044,58088,87132,116176,145220
29045,58090,87135,116180,145225
29046,58092,87138,116184,145230
29047,58094,87141,116188,145235
29048,58096,87144,116192,145240
29049,58098,87147,116196,145245
29050,58100,87150,116200,145250
29051,58102,87153,116204,145255
29052,58104,87156,116208,145260
29053,58106,87159,116212,145265
29054,58108,87162,116216,145270
29055,58110,87165,116220,145275
29056,58112,87168,116224,145280
29057,58114,87171,116228,145285
29058,58116,87174,116232,145290
29059,58118,87177,116236,145295
29060,58120,87180,116240,145300
29061,58122,87183,116244,145305
29062,58124,87186,116248,145310
29063,58126,87189,116252,145315
29064,58128,87192,116256,145320
29065,58130,87195,116260,145325
29066,58132,87198,116264,145330
29067,58134,87201,116268,145335
29068,58136,87204,116272,145340
29069,58138,87207,116276,145345
29070,58140,87210,116280,145350
29071,58142,87213,116284,145355
29072,58144,87216,116288,145360
29073,58146,87219,116292,145365
29074,58148,87222,116296,145370
29075,58150,87225,116300,145375
29076,58152,87228,116304,145380
29077,58154,87231,116308,145385
29078,58156,87234,116312,145390
29079,58158,87237,116316,145395
29080,58160,87240,116320,145400
29081,58162,87243,116324,145405
29082,58164,87246,116328,145410
29083,58166,87249,116332,145415
29084,58168,87252,116336,145420
29085,58170,87255,116340,145425
29086,58172,87258,116344,145430
29087,58174,87261,116348,145435
29088,58176,87264,116352,145440
29089,58178,87267,116356,145445
29090,58180,87270,116360,145450
29091,58182,87273,116364,145455
29092,58184,87276,116368,145460
29093,58186,87279,116372,145465
29094,58188,87282,116376,145470
29095,58190,87285,116380,145475
29096,58192,87288,116384,145480
29097,58194,87291,116388,145485
29098,58196,87294,116392,145490
29099,58198,87297,116396,145495
29100,58200,87300,116400,145500
29101,58202,87303,116404,145505
29102,58204,87306,116408,145510
29103,58206,87309,116412,145515
29104,58208,87312,116416,145520
29105,58210,87315,116420,145525
29106,58212,87318,116424,145530
29107,58214,87321,116428,145535
29108,58216,87324,116432,145540
29109,58218,87327,116436,145545
29110,58220,87330,116440,145550
29111,58222,87333,116444,145555
29112,58224,87336,116448,145560
29113,58226,87339,116452,145565
29114,58228,87342,116456,145570
29115,58230,87345,116460,145575
29116,58232,87348,116464,145580
29117,58234,87351,116468,145585
29118,58236,87354,116472,145590
29119,58238,87357,116476,145595
29120,58240,87360,116480,145600
29121,58242,87363,116484,145605
29122,58244,87366,116488,145610
29123,58246,87369,116492,145615
29124,58248,87372,116496,145620
29125,58250,87375,116500,145625
29126,58252,87378,116504,145630
29127,58254,87381,116508,145635
29128,58256,87384,116512,145640
29129,58258,87387,116516,145645
29130,58260,87390,116520,145650
29131,58262,87393,116524,145655
29132,58264,87396,116528,145660
29133,58266,87399,116532,145665
29134,58268,87402,116536,145670
29135,58270,87405,116540,145675
29136,58272,87408,116544,145680
29137,58274,87411,116548,145685
29138,58276,87414,116552,145690
29139,58278,87417,116556,145695
29140,58280,87420,116560,145700
29141,58282,87423,116564,145705
29142,58284,87426,116568,145710
29143,58286,87429,116572,145715
29144,58288,87432,116576,145720
29145,58290,87435,116580,145725
29146,58292,87438,116584,145730
29147,58294,87441,116588,145735
29148,58296,87444,116592,145740
29149,58298,87447,116596,145745
29150,58300,87450,116600,145750
29151,58302,87453,116604,145755
29152,58304,87456,116608,145760
29153,58306,87459,116612,145765
29154,58308,87462,116616,145770
29155,58310,87465,116620,145775
29156,58312,87468,116624,145780
29157,58314,87471,116628,145785
29158,58316,87474,116632,145790
29159,58318,87477,116636,145795
29160,58320,87480,116640,145800
29161,58322,87483,116644,145805
29162,58324,87486,116648,145810
29163,58326,87489,116652,145815
29164,58328,87492,116656,145820
29165,58330,87495,116660,145825
29166,58332,87498,116664,145830
29167,58334,87501,116668,145835
29168,58336,87504,116672,145840
29169,58338,87507,116676,145845
29170,58340,87510,116680,145850
29171,58342,87513,116684,145855
29172,58344,87516,116688,145860
29173,58346,87519,116692,145865
29174,58348,87522,116696,145870
29175,58350,87525,116700,145875
29176,58352,87528,116704,145880
29177,58354,87531,116708,145885
29178,58356,87534,116712,145890
29179,58358,87537,116716,145895
29180,58360,87540,116720,145900
29181,58362,87543,116724,145905
29182,58364,87546,116728,145910
29183,58366,87549,116732,145915
29184,58368,87552,116736,145920
29185,58370,87555,116740,145925
29186,58372,87558,116744,145930
29187,58374,87561,116748,145935
29188,58376,87564,116752,145940
29189,58378,87567,116756,145945
29190,58380,87570,116760,145950
29191,58382,87573,116764,145955
29192,58384,87576,116768,145960
29193,58386,87579,116772,145965
29194,58388,87582,116776,145970
29195,58390,87585,116780,145975
29196,58392,87588,116784,145980
29197,58394,87591,116788,145985
29198,58396,87594,116792,145990
29199,58398,87597,116796,145995
29200,58400,87600,116800,146000
29201,58402,87603,116804,146005
29202,58404,87606,116808,146010
29203,58406,87609,116812,146015
29204,58408,87612,116816,146020
29205,58410,87615,116820,146025
29206,58412,87618,116824,146030
29207,58414,87621,116828,146035
29208,58416,87624,116832,146040
29209,58418,87627,116836,146045
29210,58420,87630,116840,146050
29211,58422,87633,116844,146055
29212,58424,87636,116848,146060
29213,58426,87639,116852,146065
29214,58428,87642,116856,146070
29215,58430,87645,116860,146075
29216,58432,87648,116864,146080
29217,58434,87651,116868,146085
29218,58436,87654,116872,146090
29219,58438,87657,116876,146095
29220,58440,87660,116880,146100
29221,58442,87663,116884,146105
29222,58444,87666,116888,146110
29223,58446,87669,116892,146115
29224,58448,87672,116896,146120
29225,58450,87675,116900,146125
29226,58452,87678,116904,146130
29227,58454,87681,116908,146135
29228,58456,87684,116912,146140
29229,58458,87687,116916,146145
29230,58460,87690,116920,146150
29231,58462,87693,116924,146155
29232,58464,87696,116928,146160
29233,58466,87699,116932,146165
29234,58468,87702,116936,146170
29235,58470,87705,116940,146175
29236,58472,87708,116944,146180
29237,58474,87711,116948,146185
29238,58476,87714,116952,146190
29239,58478,87717,116956,146195
29240,58480,87720,116960,146200
29241,58482,87723,116964,146205
29242,58484,87726,116968,146210
29243,58486,87729,116972,146215
29244,58488,87732,116976,146220
29245,58490,87735,116980,146225
29246,58492,87738,116984,146230
29247,58494,87741,116988,146235
29248,58496,87744,116992,146240
29249,58498,87747,116996,146245
29250,58500,87750,117000,146250
29251,58502,87753,117004,146255
29252,58504,87756,117008,146260
29253,58506,87759,117012,146265
29254,58508,87762,117016,146270
29255,58510,87765,117020,146275
29256,58512,87768,117024,146280
29257,58514,87771,117028,146285
29258,58516,87774,117032,146290
29259,58518,87777,117036,146295
29260,58520,87780,117040,146300
29261,58522,87783,117044,146305
29262,58524,87786,117048,146310
29263,58526,87789,117052,146315
29264,58528,87792,117056,146320
29265,58530,87795,117060,146325
29266,58532,87798,117064,146330
29267,58534,87801,117068,146335
29268,58536,87804,117072,146340
29269,58538,87807,117076,146345
29270,58540,87810,117080,146350
29271,58542,87813,117084,146355
29272,58544,87816,117088,146360
29273,58546,87819,117092,146365
29274,58548,87822,117096,146370
29275,58550,87825,117100,146375
29276,58552,87828,117104,146380
29277,58554,87831,117108,146385
29278,58556,87834,117112,146390
29279,58558,87837,117116,146395
29280,58560,87840,117120,146400
29281,58562,87843,117124,146405
29282,58564,87846,117128,146410
29283,58566,87849,117132,146415
29284,58568,87852,117136,146420
29285,58570,87855,117140,146425
29286,58572,87858,117144,146430
29287,58574,87861,117148,146435
29288,58576,87864,117152,146440
29289,58578,87867,117156,146445
29290,58580,87870,117160,146450
29291,58582,87873,117164,146455
29292,58584,87876,117168,146460
29293,58586,87879,117172,146465
29294,58588,87882,117176,146470
29295,58590,87885,117180,146475
29296,58592,87888,117184,146480
29297,58594,87891,117188,146485
29298,58596,87894,117192,146490
29299,58598,87897,117196,146495
29300,58600,87900,117200,146500
29301,58602,87903,117204,146505
29302,58604,87906,117208,146510
29303,58606,87909,117212,146515
29304,58608,87912,117216,146520
29305,58610,87915,117220,146525
29306,58612,87918,117224,146530
29307,58614,87921,117228,146535
29308,58616,87924,117232,146540
29309,58618,87927,117236,146545
29310,58620,87930,117240,146550
29311,58622,87933,117244,146555
29312,58624,87936,117248,146560
29313,58626,87939,117252,146565
29314,58628,87942,117256,146570
29315,58630,87945,117260,146575
29316,58632,87948,117264,146580
29317,58634,87951,117268,146585
29318,58636,87954,117272,146590
29319,58638,87957,117276,146595
29320,58640,87960,117280,146600
29321,58642,87963,117284,146605
29322,58644,87966,117288,146610
29323,58646,87969,117292,146615
29324,58648,87972,117296,146620
29325,58650,87975,117300,146625
29326,58652,87978,117304,146630
29327,58654,87981,117308,146635
29328,58656,87984,117312,146640
29329,58658,87987,117316,146645
29330,58660,87990,117320,146650
29331,58662,87993,117324,146655
29332,58664,87996,117328,146660
29333,58666,87999,117332,146665
29334,58668,88002,117336,146670
29335,58670,88005,117340,146675
29336,58672,88008,117344,146680
29337,58674,88011,117348,146685
29338,58676,88014,117352,146690
29339,58678,88017,117356,146695
29340,58680,88020,117360,146700
29341,58682,88023,117364,146705
29342,58684,88026,117368,146710
29343,58686,88029,117372,146715
29344,58688,88032,117376,146720
29345,58690,88035,117380,146725
29346,58692,88038,117384,146730
29347,58694,88041,117388,146735
29348,58696,88044,117392,146740
29349,58698,88047,117396,146745
29350,58700,88050,117400,146750
29351,58702,88053,117404,146755
29352,58704,88056,117408,146760
29353,58706,88059,117412,146765
29354,58708,88062,117416,146770
29355,58710,88065,117420,146775
29356,58712,88068,117424,146780
29357,58714,88071,117428,146785
29358,58716,88074,117432,146790
29359,58718,88077,117436,146795
29360,58720,88080,117440,146800
29361,58722,88083,117444,146805
29362,58724,88086,117448,146810
29363,58726,88089,117452,146815
29364,58728,88092,117456,146820
29365,58730,88095,117460,146825
29366,58732,88098,117464,146830
29367,58734,88101,117468,146835
29368,58736,88104,117472,146840
29369,58738,88107,117476,146845
29370,58740,88110,117480,146850
29371,58742,88113,117484,146855
29372,58744,88116,117488,146860
29373,58746,88119,117492,146865
29374,58748,88122,117496,146870
29375,58750,88125,117500,146875
29376,58752,88128,117504,146880
29377,58754,88131,117508,146885
29378,58756,88134,117512,146890
29379,58758,88137,117516,146895
29380,58760,88140,117520,146900
29381,58762,88143,117524,146905
29382,58764,88146,117528,146910
29383,58766,88149,117532,146915
29384,58768,88152,117536,146920
29385,58770,88155,117540,146925
29386,58772,88158,117544,146930
29387,58774,88161,117548,146935
29388,58776,88164,117552,146940
29389,58778,88167,117556,146945
29390,58780,88170,117560,146950
29391,58782,88173,117564,146955
29392,58784,88176,117568,146960
29393,58786,88179,117572,146965
29394,58788,88182,117576,146970
29395,58790,88185,117580,146975
29396,58792,88188,117584,146980
29397,58794,88191,117588,146985
29398,58796,88194,117592,146990
29399,58798,88197,117596,146995
29400,58800,88200,117600,147000
29401,58802,88203,117604,147005
29402,58804,88206,117608,147010
29403,58806,88209,117612,147015
29404,58808,88212,117616,147020
29405,58810,88215,117620,147025
29406,58812,88218,117624,147030
29407,58814,88221,117628,147035
29408,58816,88224,117632,147040
29409,58818,88227,117636,147045
29410,58820,88230,117640,147050
29411,58822,88233,117644,147055
29412,58824,88236,117648,147060
29413,58826,88239,117652,147065
29414,58828,88242,117656,147070
29415,58830,88245,117660,147075
29416,58832,88248,117664,147080
29417,58834,88251,117668,147085
29418,58836,88254,117672,147090
29419,58838,88257,117676,147095
29420,58840,88260,117680,147100
29421,58842,88263,117684,147105
29422,58844,88266,117688,147110
29423,58846,88269,117692,147115
29424,58848,88272,117696,147120
29425,58850,88275,117700,147125
29426,58852,88278,117704,147130
29427,58854,88281,117708,147135
29428,58856,88284,117712,147140
29429,58858,88287,117716,147145
29430,58860,88290,117720,147150
29431,58862,88293,117724,147155
29432,58864,88296,117728,147160
29433,58866,88299,117732,147165
29434,58868,88302,117736,147170
29435,58870,88305,117740,147175
29436,58872,88308,117744,147180
29437,58874,88311,117748,147185
29438,58876,88314,117752,147190
29439,58878,88317,117756,147195
29440,58880,88320,117760,147200
29441,58882,88323,117764,147205
29442,58884,88326,117768,147210
29443,58886,88329,117772,147215
29444,58888,88332,117776,147220
29445,58890,88335,117780,147225
29446,58892,88338,117784,147230
29447,58894,88341,117788,147235
29448,58896,88344,117792,147240
29449,58898,88347,117796,147245
29450,58900,88350,117800,147250
29451,58902,88353,117804,147255
29452,58904,88356,117808,147260
29453,58906,88359,117812,147265
29454,58908,88362,117816,147270
29455,58910,88365,117820,147275
29456,58912,88368,117824,147280
29457,58914,88371,117828,147285
29458,58916,88374,117832,147290
29459,58918,88377,117836,147295
29460,58920,88380,117840,147300
29461,58922,88383,117844,147305
29462,58924,88386,117848,147310
29463,58926,88389,117852,147315
29464,58928,88392,117856,147320
29465,58930,88395,117860,147325
29466,58932,88398,117864,147330
29467,58934,88401,117868,147335
29468,58936,88404,117872,147340
29469,58938,88407,117876,147345
29470,58940,88410,117880,147350
29471,58942,88413,117884,147355
29472,58944,88416,117888,147360
29473,58946,88419,117892,147365
29474,58948,88422,117896,147370
29475,58950,88425,117900,147375
29476,58952,88428,117904,147380
29477,58954,88431,117908,147385
29478,58956,88434,117912,147390
29479,58958,88437,117916,147395
29480,58960,88440,117920,147400
29481,58962,88443,117924,147405
29482,58964,88446,117928,147410
29483,58966,88449,117932,147415
29484,58968,88452,117936,147420
29485,58970,88455,117940,147425
29486,58972,88458,117944,147430
29487,58974,88461,117948,147435
29488,58976,88464,117952,147440
29489,58978,88467,117956,147445
29490,58980,88470,117960,147450
29491,58982,88473,117964,147455
29492,58984,88476,117968,147460
29493,58986,88479,117972,147465
29494,58988,88482,117976,147470
29495,58990,88485,117980,147475
29496,58992,88488,117984,147480
29497,58994,88491,117988,147485
29498,58996,88494,117992,147490
29499,58998,88497,117996,147495
29500,59000,88500,118000,147500
29501,59002,88503,118004,147505
29502,59004,88506,118008,147510
29503,59006,88509,118012,147515
29504,59008,88512,118016,147520
29505,59010,88515,118020,147525
29506,59012,88518,118024,147530
29507,59014,88521,118028,147535
29508,59016,88524,118032,147540
29509,59018,88527,118036,147545
29510,59020,88530,118040,147550
29511,59022,88533,118044,147555
29512,59024,88536,118048,147560
29513,59026,88539,118052,147565
29514,59028,88542,118056,147570
29515,59030,88545,118060,147575
29516,59032,88548,118064,147580
29517,59034,88551,118068,147585
29518,59036,88554,118072,147590
29519,59038,88557,118076,147595
29520,59040,88560,118080,147600
29521,59042,88563,118084,147605
29522,59044,88566,118088,147610
29523,59046,88569,118092,147615
29524,59048,88572,118096,147620
29525,59050,88575,118100,147625
29526,59052,88578,118104,147630
29527,59054,88581,118108,147635
29528,59056,88584,118112,147640
29529,59058,88587,118116,147645
29530,59060,88590,118120,147650
29531,59062,88593,118124,147655
29532,59064,88596,118128,147660
29533,59066,88599,118132,147665
29534,59068,88602,118136,147670
29535,59070,88605,118140,147675
29536,59072,88608,118144,147680
29537,59074,88611,118148,147685
29538,59076,88614,118152,147690
29539,59078,88617,118156,147695
29540,59080,88620,118160,147700
29541,59082,88623,118164,147705
29542,59084,88626,118168,147710
29543,59086,88629,118172,147715
29544,59088,88632,118176,147720
29545,59090,88635,118180,147725
29546,59092,88638,118184,147730
29547,59094,88641,118188,147735
29548,59096,88644,118192,147740
29549,59098,88647,118196,147745
29550,59100,88650,118200,147750
29551,59102,88653,118204,147755
29552,59104,88656,118208,147760
29553,59106,88659,118212,147765
29554,59108,88662,118216,147770
29555,59110,88665,118220,147775
29556,59112,88668,118224,147780
29557,59114,88671,118228,147785
29558,59116,88674,118232,147790
29559,59118,88677,118236,147795
29560,59120,88680,118240,147800
29561,59122,88683,118244,147805
29562,59124,88686,118248,147810
29563,59126,88689,118252,147815
29564,59128,88692,118256,147820
29565,59130,88695,118260,147825
29566,59132,88698,118264,147830
29567,59134,88701,118268,147835
29568,59136,88704,118272,147840
29569,59138,88707,118276,147845
29570,59140,88710,118280,147850
29571,59142,88713,118284,147855
29572,59144,88716,118288,147860
29573,59146,88719,118292,147865
29574,59148,88722,118296,147870
29575,59150,88725,118300,147875
29576,59152,88728,118304,147880
29577,59154,88731,118308,147885
29578,59156,88734,118312,147890
29579,59158,88737,118316,147895
29580,59160,88740,118320,147900
29581,59162,88743,118324,147905
29582,59164,88746,118328,147910
29583,59166,88749,118332,147915
29584,59168,88752,118336,147920
29585,59170,88755,118340,147925
29586,59172,88758,118344,147930
29587,59174,88761,118348,147935
29588,59176,88764,118352,147940
29589,59178,88767,118356,147945
29590,59180,88770,118360,147950
29591,59182,88773,118364,147955
29592,59184,88776,118368,147960
29593,59186,88779,118372,147965
29594,59188,88782,118376,147970
29595,59190,88785,118380,147975
29596,59192,88788,118384,147980
29597,59194,88791,118388,147985
29598,59196,88794,118392,147990
29599,59198,88797,118396,147995
29600,59200,88800,118400,148000
29601,59202,88803,118404,148005
29602,59204,88806,118408,148010
29603,59206,88809,118412,148015
29604,59208,88812,118416,148020
29605,59210,88815,118420,148025
29606,59212,88818,118424,148030
29607,59214,88821,118428,148035
29608,59216,88824,118432,148040
29609,59218,88827,118436,148045
29610,59220,88830,118440,148050
29611,59222,88833,118444,148055
29612,59224,88836,118448,148060
29613,59226,88839,118452,148065
29614,59228,88842,118456,148070
29615,59230,88845,118460,148075
29616,59232,88848,118464,148080
29617,59234,88851,118468,148085
29618,59236,88854,118472,148090
29619,59238,88857,118476,148095
29620,59240,88860,118480,148100
29621,59242,88863,118484,148105
29622,59244,88866,118488,148110
29623,59246,88869,118492,148115
29624,59248,88872,118496,148120
29625,59250,88875,118500,148125
29626,59252,88878,118504,148130
29627,59254,88881,118508,148135
29628,59256,88884,118512,148140
29629,59258,88887,118516,148145
29630,59260,88890,118520,148150
29631,59262,88893,118524,148155
29632,59264,88896,118528,148160
29633,59266,88899,118532,148165
29634,59268,88902,118536,148170
29635,59270,88905,118540,148175
29636,59272,88908,118544,148180
29637,59274,88911,118548,148185
29638,59276,88914,118552,148190
29639,59278,88917,118556,148195
29640,59280,88920,118560,148200
29641,59282,88923,118564,148205
29642,59284,88926,118568,148210
29643,59286,88929,118572,148215
29644,59288,88932,118576,148220
29645,59290,88935,118580,148225
29646,59292,88938,118584,148230
29647,59294,88941,118588,148235
29648,59296,88944,118592,148240
29649,59298,88947,118596,148245
29650,59300,88950,118600,148250
29651,59302,88953,118604,148255
29652,59304,88956,118608,148260
29653,59306,88959,118612,148265
29654,59308,88962,118616,148270
29655,59310,88965,118620,148275
29656,59312,88968,118624,148280
29657,59314,88971,118628,148285
29658,59316,88974,118632,148290
29659,59318,88977,118636,148295
29660,59320,88980,118640,148300
29661,59322,88983,118644,148305
29662,59324,88986,118648,148310
29663,59326,88989,118652,148315
29664,59328,88992,118656,148320
29665,59330,88995,118660,148325
29666,59332,88998,118664,148330
29667,59334,89001,118668,148335
29668,59336,89004,118672,148340
29669,59338,89007,118676,148345
29670,59340,89010,118680,148350
29671,59342,89013,118684,148355
29672,59344,89016,118688,148360
29673,59346,89019,118692,148365
29674,59348,89022,118696,148370
29675,59350,89025,118700,148375
29676,59352,89028,118704,148380
29677,59354,89031,118708,148385
29678,59356,89034,118712,148390
29679,59358,89037,118716,148395
29680,59360,89040,118720,148400
29681,59362,89043,118724,148405
29682,59364,89046,118728,148410
29683,59366,89049,118732,148415
29684,59368,89052,118736,148420
29685,59370,89055,118740,148425
29686,59372,89058,118744,148430
29687,59374,89061,118748,148435
29688,59376,89064,118752,148440
29689,59378,89067,118756,148445
29690,59380,89070,118760,148450
29691,59382,89073,118764,148455
29692,59384,89076,118768,148460
29693,59386,89079,118772,148465
29694,59388,89082,118776,148470
29695,59390,89085,118780,148475
29696,59392,89088,118784,148480
29697,59394,89091,118788,148485
29698,59396,89094,118792,148490
29699,59398,89097,118796,148495
29700,59400,89100,118800,148500
29701,59402,89103,118804,148505
29702,59404,89106,118808,148510
29703,59406,89109,118812,148515
29704,59408,89112,118816,148520
29705,59410,89115,118820,148525
29706,59412,89118,118824,148530
29707,59414,89121,118828,148535
29708,59416,89124,118832,148540
29709,59418,89127,118836,148545
29710,59420,89130,118840,148550
29711,59422,89133,118844,148555
29712,59424,89136,118848,148560
29713,59426,89139,118852,148565
29714,59428,89142,118856,148570
29715,59430,89145,118860,148575
29716,59432,89148,118864,148580
29717,59434,89151,118868,148585
29718,59436,89154,118872,148590
29719,59438,89157,118876,148595
29720,59440,89160,118880,148600
29721,59442,89163,118884,148605
29722,59444,89166,118888,148610
29723,59446,89169,118892,148615
29724,59448,89172,118896,148620
29725,59450,89175,118900,148625
29726,59452,89178,118904,148630
29727,59454,89181,118908,148635
29728,59456,89184,118912,148640
29729,59458,89187,118916,148645
29730,59460,89190,118920,148650
29731,59462,89193,118924,148655
29732,59464,89196,118928,148660
29733,59466,89199,118932,148665
29734,59468,89202,118936,148670
29735,59470,89205,118940,148675
29736,59472,89208,118944,148680
29737,59474,89211,118948,148685
29738,59476,89214,118952,148690
29739,59478,89217,118956,148695
29740,59480,89220,118960,148700
29741,59482,89223,118964,148705
29742,59484,89226,118968,148710
29743,59486,89229,118972,148715
29744,59488,89232,118976,148720
29745,59490,89235,118980,148725
29746,59492,89238,118984,148730
29747,59494,89241,118988,148735
29748,59496,89244,118992,148740
29749,59498,89247,118996,148745
29750,59500,89250,119000,148750
29751,59502,89253,119004,148755
29752,59504,89256,119008,148760
29753,59506,89259,119012,148765
29754,59508,89262,119016,148770
29755,59510,89265,119020,148775
29756,59512,89268,119024,148780
29757,59514,89271,119028,148785
29758,59516,89274,119032,148790
29759,59518,89277,119036,148795
29760,59520,89280,119040,148800
29761,59522,89283,119044,148805
29762,59524,89286,119048,148810
29763,59526,89289,119052,148815
29764,59528,89292,119056,148820
29765,59530,89295,119060,148825
29766,59532,89298,119064,148830
29767,59534,89301,119068,148835
29768,59536,89304,119072,148840
29769,59538,89307,119076,148845
29770,59540,89310,119080,148850
29771,59542,89313,119084,148855
29772,59544,89316,119088,148860
29773,59546,89319,119092,148865
29774,59548,89322,119096,148870
29775,59550,89325,119100,148875
29776,59552,89328,119104,148880
29777,59554,89331,119108,148885
29778,59556,89334,119112,148890
29779,59558,89337,119116,148895
29780,59560,89340,119120,148900
29781,59562,89343,119124,148905
29782,59564,89346,119128,148910
29783,59566,89349,119132,148915
29784,59568,89352,119136,148920
29785,59570,89355,119140,148925
29786,59572,89358,119144,148930
29787,59574,89361,119148,148935
29788,59576,89364,119152,148940
29789,59578,89367,119156,148945
29790,59580,89370,119160,148950
29791,59582,89373,119164,148955
29792,59584,89376,119168,148960
29793,59586,89379,119172,148965
29794,59588,89382,119176,148970
29795,59590,89385,119180,148975
29796,59592,89388,119184,148980
29797,59594,89391,119188,148985
29798,59596,89394,119192,148990
29799,59598,89397,119196,148995
29800,59600,89400,119200,149000
29801,59602,89403,119204,149005
29802,59604,89406,119208,149010
29803,59606,89409,119212,149015
29804,59608,89412,119216,149020
29805,59610,89415,119220,149025
29806,59612,89418,119224,149030
29807,59614,89421,119228,149035
29808,59616,89424,119232,149040
29809,59618,89427,119236,149045
29810,59620,89430,119240,149050
29811,59622,89433,119244,149055
29812,59624,89436,119248,149060
29813,59626,89439,119252,149065
29814,59628,89442,119256,149070
29815,59630,89445,119260,149075
29816,59632,89448,119264,149080
29817,59634,89451,119268,149085
29818,59636,89454,119272,149090
29819,59638,89457,119276,149095
29820,59640,89460,119280,149100
29821,59642,89463,119284,149105
29822,59644,89466,119288,149110
29823,59646,89469,119292,149115
29824,59648,89472,119296,149120
29825,59650,89475,119300,149125
29826,59652,89478,119304,149130
29827,59654,89481,119308,149135
29828,59656,89484,119312,149140
29829,59658,89487,119316,149145
29830,59660,89490,119320,149150
29831,59662,89493,119324,149155
29832,59664,89496,119328,149160
29833,59666,89499,119332,149165
29834,59668,89502,119336,149170
29835,59670,89505,119340,149175
29836,59672,89508,119344,149180
29837,59674,89511,119348,149185
29838,59676,89514,119352,149190
29839,59678,89517,119356,149195
29840,59680,89520,119360,149200
29841,59682,89523,119364,149205
29842,59684,89526,119368,149210
29843,59686,89529,119372,149215
29844,59688,89532,119376,149220
29845,59690,89535,119380,149225
29846,59692,89538,119384,149230
29847,59694,89541,119388,149235
29848,59696,89544,119392,149240
29849,59698,89547,119396,149245
29850,59700,89550,119400,149250
29851,59702,89553,119404,149255
29852,59704,89556,119408,149260
29853,59706,89559,119412,149265
29854,59708,89562,119416,149270
29855,59710,89565,119420,149275
29856,59712,89568,119424,149280
29857,59714,89571,119428,149285
29858,59716,89574,119432,149290
29859,59718,89577,119436,149295
29860,59720,89580,119440,149300
29861,59722,89583,119444,149305
29862,59724,89586,119448,149310
29863,59726,89589,119452,149315
29864,59728,89592,119456,149320
29865,59730,89595,119460,149325
29866,59732,89598,119464,149330
29867,59734,89601,119468,149335
29868,59736,89604,119472,149340
29869,59738,89607,119476,149345
29870,59740,89610,119480,149350
29871,59742,89613,119484,149355
29872,59744,89616,119488,149360
29873,59746,89619,119492,149365
29874,59748,89622,119496,149370
29875,59750,89625,119500,149375
29876,59752,89628,119504,149380
29877,59754,89631,119508,149385
29878,59756,89634,119512,149390
29879,59758,89637,119516,149395
29880,59760,89640,119520,149400
29881,59762,89643,119524,149405
29882,59764,89646,119528,149410
29883,59766,89649,119532,149415
29884,59768,89652,119536,149420
29885,59770,89655,119540,149425
29886,59772,89658,119544,149430
29887,59774,89661,119548,149435
29888,59776,89664,119552,149440
29889,59778,89667,119556,149445
29890,59780,89670,119560,149450
29891,59782,89673,119564,149455
29892,59784,89676,119568,149460
29893,59786,89679,119572,149465
29894,59788,89682,119576,149470
29895,59790,89685,119580,149475
29896,59792,89688,119584,149480
29897,59794,89691,119588,149485
29898,59796,89694,119592,149490
29899,59798,89697,119596,149495
29900,59800,89700,119600,149500
29901,59802,89703,119604,149505
29902,59804,89706,119608,149510
29903,59806,89709,119612,149515
29904,59808,89712,119616,149520
29905,59810,89715,119620,149525
29906,59812,89718,119624,149530
29907,59814,89721,119628,149535
29908,59816,89724,119632,149540
29909,59818,89727,119636,149545
29910,59820,89730,119640,149550
29911,59822,89733,119644,149555
29912,59824,89736,119648,149560
29913,59826,89739,119652,149565
29914,59828,89742,119656,149570
29915,59830,89745,119660,149575
29916,59832,89748,119664,149580
29917,59834,89751,119668,149585
29918,59836,89754,119672,149590
29919,59838,89757,119676,149595
29920,59840,89760,119680,149600
29921,59842,89763,119684,149605
29922,59844,89766,119688,149610
29923,59846,89769,119692,149615
29924,59848,89772,119696,149620
29925,59850,89775,119700,149625
29926,59852,89778,119704,149630
29927,59854,89781,119708,149635
29928,59856,89784,119712,149640
29929,59858,89787,119716,149645
29930,59860,89790,119720,149650
29931,59862,89793,119724,149655
29932,59864,89796,119728,149660
29933,59866,89799,119732,149665
29934,59868,89802,119736,149670
29935,59870,89805,119740,149675
29936,59872,89808,119744,149680
29937,59874,89811,119748,149685
29938,59876,89814,119752,149690
29939,59878,89817,119756,149695
29940,59880,89820,119760,149700
29941,59882,89823,119764,149705
29942,59884,89826,119768,149710
29943,59886,89829,119772,149715
29944,59888,89832,119776,149720
29945,59890,89835,119780,149725
29946,59892,89838,119784,149730
29947,59894,89841,119788,149735
29948,59896,89844,119792,149740
29949,59898,89847,119796,149745
29950,59900,89850,119800,149750
29951,59902,89853,119804,149755
29952,59904,89856,119808,149760
29953,59906,89859,119812,149765
29954,59908,89862,119816,149770
29955,59910,89865,119820,149775
29956,59912,89868,119824,149780
29957,59914,89871,119828,149785
29958,59916,89874,119832,149790
29959,59918,89877,119836,149795
29960,59920,89880,119840,149800
29961,59922,89883,119844,149805
29962,59924,89886,119848,149810
29963,59926,89889,119852,149815
29964,59928,89892,119856,149820
29965,59930,89895,119860,149825
29966,59932,89898,119864,149830
29967,59934,89901,119868,149835
29968,59936,89904,119872,149840
29969,59938,89907,119876,149845
29970,59940,89910,119880,149850
29971,59942,89913,119884,149855
29972,59944,89916,119888,149860
29973,59946,89919,119892,149865
29974,59948,89922,119896,149870
29975,59950,89925,119900,149875
29976,59952,89928,119904,149880
29977,59954,89931,119908,149885
29978,59956,89934,119912,149890
29979,59958,89937,119916,149895
29980,59960,89940,119920,149900
29981,59962,89943,119924,149905
29982,59964,89946,119928,149910
29983,59966,89949,119932,149915
29984,59968,89952,119936,149920
29985,59970,89955,119940,149925
29986,59972,89958,119944,149930
29987,59974,89961,119948,149935
29988,59976,89964,119952,149940
29989,59978,89967,119956,149945
29990,59980,89970,119960,149950
29991,59982,89973,119964,149955
29992,59984,89976,119968,149960
29993,59986,89979,119972,149965
29994,59988,89982,119976,149970
29995,59990,89985,119980,149975
29996,59992,89988,119984,149980
29997,59994,89991,119988,149985
29998,59996,89994,119992,149990
29999,59998,89997,119996,149995
30000,60000,90000,120000,150000
30001,60002,90003,120004,150005
30002,60004,90006,120008,150010
30003,60006,90009,120012,150015
30004,60008,90012,120016,150020
30005,60010,90015,120020,150025
30006,60012,90018,120024,150030
30007,60014,90021,120028,150035
30008,60016,90024,120032,150040
30009,60018,90027,120036,150045
30010,60020,90030,120040,150050
30011,60022,90033,120044,150055
30012,60024,90036,120048,150060
30013,60026,90039,120052,150065
30014,60028,90042,120056,150070
30015,60030,90045,120060,150075
30016,60032,90048,120064,150080
30017,60034,90051,120068,150085
30018,60036,90054,120072,150090
30019,60038,90057,120076,150095
30020,60040,90060,120080,150100
30021,60042,90063,120084,150105
30022,60044,90066,120088,150110
30023,60046,90069,120092,150115
30024,60048,90072,120096,150120
30025,60050,90075,120100,150125
30026,60052,90078,120104,150130
30027,60054,90081,120108,150135
30028,60056,90084,120112,150140
30029,60058,90087,120116,150145
30030,60060,90090,120120,150150
30031,60062,90093,120124,150155
30032,60064,90096,120128,150160
30033,60066,90099,120132,150165
30034,60068,90102,120136,150170
30035,60070,90105,120140,150175
30036,60072,90108,120144,150180
30037,60074,90111,120148,150185
30038,60076,90114,120152,150190
30039,60078,90117,120156,150195
30040,60080,90120,120160,150200
30041,60082,90123,120164,150205
30042,60084,90126,120168,150210
30043,60086,90129,120172,150215
30044,60088,90132,120176,150220
30045,60090,90135,120180,150225
30046,60092,90138,120184,150230
30047,60094,90141,120188,150235
30048,60096,90144,120192,150240
30049,60098,90147,120196,150245
30050,60100,90150,120200,150250
30051,60102,90153,120204,150255
30052,60104,90156,120208,150260
30053,60106,90159,120212,150265
30054,60108,90162,120216,150270
30055,60110,90165,120220,150275
30056,60112,90168,120224,150280
30057,60114,90171,120228,150285
30058,60116,90174,120232,150290
30059,60118,90177,120236,150295
30060,60120,90180,120240,150300
30061,60122,90183,120244,150305
30062,60124,90186,120248,150310
30063,60126,90189,120252,150315
30064,60128,90192,120256,150320
30065,60130,90195,120260,150325
30066,60132,90198,120264,150330
30067,60134,90201,120268,150335
30068,60136,90204,120272,150340
30069,60138,90207,120276,150345
30070,60140,90210,120280,150350
30071,60142,90213,120284,150355
30072,60144,90216,120288,150360
30073,60146,90219,120292,150365
30074,60148,90222,120296,150370
30075,60150,90225,120300,150375
30076,60152,90228,120304,150380
30077,60154,90231,120308,150385
30078,60156,90234,120312,150390
30079,60158,90237,120316,150395
30080,60160,90240,120320,150400
30081,60162,90243,120324,150405
30082,60164,90246,120328,150410
30083,60166,90249,120332,150415
30084,60168,90252,120336,150420
30085,60170,90255,120340,150425
30086,60172,90258,120344,150430
30087,60174,90261,120348,150435
30088,60176,90264,120352,150440
30089,60178,90267,120356,150445
30090,60180,90270,120360,150450
30091,60182,90273,120364,150455
30092,60184,90276,120368,150460
30093,60186,90279,120372,150465
30094,60188,90282,120376,150470
30095,60190,90285,120380,150475
30096,60192,90288,120384,150480
30097,60194,90291,120388,150485
30098,60196,90294,120392,150490
30099,60198,90297,120396,150495
30100,60200,90300,120400,150500
30101,60202,90303,120404,150505
30102,60204,90306,120408,150510
30103,60206,90309,120412,150515
30104,60208,90312,120416,150520
30105,60210,90315,120420,150525
30106,60212,90318,120424,150530
30107,60214,90321,120428,150535
30108,60216,90324,120432,150540
30109,60218,90327,120436,150545
30110,60220,90330,120440,150550
30111,60222,90333,120444,150555
30112,60224,90336,120448,150560
30113,60226,90339,120452,150565
30114,60228,90342,120456,150570
30115,60230,90345,120460,150575
30116,60232,90348,120464,150580
30117,60234,90351,120468,150585
30118,60236,90354,120472,150590
30119,60238,90357,120476,150595
30120,60240,90360,120480,150600
30121,60242,90363,120484,150605
30122,60244,90366,120488,150610
30123,60246,90369,120492,150615
30124,60248,90372,120496,150620
30125,60250,90375,120500,150625
30126,60252,90378,120504,150630
30127,60254,90381,120508,150635
30128,60256,90384,120512,150640
30129,60258,90387,120516,150645
30130,60260,90390,120520,150650
30131,60262,90393,120524,150655
30132,60264,90396,120528,150660
30133,60266,90399,120532,150665
30134,60268,90402,120536,150670
30135,60270,90405,120540,150675
30136,60272,90408,120544,150680
30137,60274,90411,120548,150685
30138,60276,90414,120552,150690
30139,60278,90417,120556,150695
30140,60280,90420,120560,150700
30141,60282,90423,120564,150705
30142,60284,90426,120568,150710
30143,60286,90429,120572,150715
30144,60288,90432,120576,150720
30145,60290,90435,120580,150725
30146,60292,90438,120584,150730
30147,60294,90441,120588,150735
30148,60296,90444,120592,150740
30149,60298,90447,120596,150745
30150,60300,90450,120600,150750
30151,60302,90453,120604,150755
30152,60304,90456,120608,150760
30153,60306,90459,120612,150765
30154,60308,90462,120616,150770
30155,60310,90465,120620,150775
30156,60312,90468,120624,150780
30157,60314,90471,120628,150785
30158,60316,90474,120632,150790
30159,60318,90477,120636,150795
30160,60320,90480,120640,150800
30161,60322,90483,120644,150805
30162,60324,90486,120648,150810
30163,60326,90489,120652,150815
30164,60328,90492,120656,150820
30165,60330,90495,120660,150825
30166,60332,90498,120664,150830
30167,60334,90501,120668,150835
30168,60336,90504,120672,150840
30169,60338,90507,120676,150845
30170,60340,90510,120680,150850
30171,60342,90513,120684,150855
30172,60344,90516,120688,150860
30173,60346,90519,120692,150865
30174,60348,90522,120696,150870
30175,60350,90525,120700,150875
30176,60352,90528,120704,150880
30177,60354,90531,120708,150885
30178,60356,90534,120712,150890
30179,60358,90537,120716,150895
30180,60360,90540,120720,150900
30181,60362,90543,120724,150905
30182,60364,90546,120728,150910
30183,60366,90549,120732,150915
30184,60368,90552,120736,150920
30185,60370,90555,120740,150925
30186,60372,90558,120744,150930
30187,60374,90561,120748,150935
30188,60376,90564,120752,150940
30189,60378,90567,120756,150945
30190,60380,90570,120760,150950
30191,60382,90573,120764,150955
30192,60384,90576,120768,150960
30193,60386,90579,120772,150965
30194,60388,90582,120776,150970
30195,60390,90585,120780,150975
30196,60392,90588,120784,150980
30197,60394,90591,120788,150985
30198,60396,90594,120792,150990
30199,60398,90597,120796,150995
30200,60400,90600,120800,151000
30201,60402,90603,120804,151005
30202,60404,90606,120808,151010
30203,60406,90609,120812,151015
30204,60408,90612,120816,151020
30205,60410,90615,120820,151025
30206,60412,90618,120824,151030
30207,60414,90621,120828,151035
30208,60416,90624,120832,151040
30209,60418,90627,120836,151045
30210,60420,90630,120840,151050
30211,60422,90633,120844,151055
30212,60424,90636,120848,151060
30213,60426,90639,120852,151065
30214,60428,90642,120856,151070
30215,60430,90645,120860,151075
30216,60432,90648,120864,151080
30217,60434,90651,120868,151085
30218,60436,90654,120872,151090
30219,60438,90657,120876,151095
30220,60440,90660,120880,151100
30221,60442,90663,120884,151105
30222,60444,90666,120888,151110
30223,60446,90669,120892,151115
30224,60448,90672,120896,151120
30225,60450,90675,120900,151125
30226,60452,90678,120904,151130
30227,60454,90681,120908,151135
30228,60456,90684,120912,151140
30229,60458,90687,120916,151145
30230,60460,90690,120920,151150
30231,60462,90693,120924,151155
30232,60464,90696,120928,151160
30233,60466,90699,120932,151165
30234,60468,90702,120936,151170
30235,60470,90705,120940,151175
30236,60472,90708,120944,151180
30237,60474,90711,120948,151185
30238,60476,90714,120952,151190
30239,60478,90717,120956,151195
30240,60480,90720,120960,151200
30241,60482,90723,120964,151205
30242,60484,90726,120968,151210
30243,60486,90729,120972,151215
30244,60488,90732,120976,151220
30245,60490,90735,120980,151225
30246,60492,90738,120984,151230
30247,60494,90741,120988,151235
30248,60496,90744,120992,151240
30249,60498,90747,120996,151245
30250,60500,90750,121000,151250
30251,60502,90753,121004,151255
30252,60504,90756,121008,151260
30253,60506,90759,121012,151265
30254,60508,90762,121016,151270
30255,60510,90765,121020,151275
30256,60512,90768,121024,151280
30257,60514,90771,121028,151285
30258,60516,90774,121032,151290
30259,60518,90777,121036,151295
30260,60520,90780,121040,151300
30261,60522,90783,121044,151305
30262,60524,90786,121048,151310
30263,60526,90789,121052,151315
30264,60528,90792,121056,151320
30265,60530,90795,121060,151325
30266,60532,90798,121064,151330
30267,60534,90801,121068,151335
30268,60536,90804,121072,151340
30269,60538,90807,121076,151345
30270,60540,90810,121080,151350
30271,60542,90813,121084,151355
30272,60544,90816,121088,151360
30273,60546,90819,121092,151365
30274,60548,90822,121096,151370
30275,60550,90825,121100,151375
30276,60552,90828,121104,151380
30277,60554,90831,121108,151385
30278,60556,90834,121112,151390
30279,60558,90837,121116,151395
30280,60560,90840,121120,151400
30281,60562,90843,121124,151405
30282,60564,90846,121128,151410
30283,60566,90849,121132,151415
30284,60568,90852,121136,151420
30285,60570,90855,121140,151425
30286,60572,90858,121144,151430
30287,60574,90861,121148,151435
30288,60576,90864,121152,151440
30289,60578,90867,121156,151445
30290,60580,90870,121160,151450
30291,60582,90873,121164,151455
30292,60584,90876,121168,151460
30293,60586,90879,121172,151465
30294,60588,90882,121176,151470
30295,60590,90885,121180,151475
30296,60592,90888,121184,151480
30297,60594,90891,121188,151485
30298,60596,90894,121192,151490
30299,60598,90897,121196,151495
30300,60600,90900,121200,151500
30301,60602,90903,121204,151505
30302,60604,90906,121208,151510
30303,60606,90909,121212,151515
30304,60608,90912,121216,151520
30305,60610,90915,121220,151525
30306,60612,90918,121224,151530
30307,60614,90921,121228,151535
30308,60616,90924,121232,151540
30309,60618,90927,121236,151545
30310,60620,90930,121240,151550
30311,60622,90933,121244,151555
30312,60624,90936,121248,151560
30313,60626,90939,121252,151565
30314,60628,90942,121256,151570
30315,60630,90945,121260,151575
30316,60632,90948,121264,151580
30317,60634,90951,121268,151585
30318,60636,90954,121272,151590
30319,60638,90957,121276,151595
30320,60640,90960,121280,151600
30321,60642,90963,121284,151605
30322,60644,90966,121288,151610
30323,60646,90969,121292,151615
30324,60648,90972,121296,151620
30325,60650,90975,121300,151625
30326,60652,90978,121304,151630
30327,60654,90981,121308,151635
30328,60656,90984,121312,151640
30329,60658,90987,121316,151645
30330,60660,90990,121320,151650
30331,60662,90993,121324,151655
30332,60664,90996,121328,151660
30333,60666,90999,121332,151665
30334,60668,91002,121336,151670
30335,60670,91005,121340,151675
30336,60672,91008,121344,151680
30337,60674,91011,121348,151685
30338,60676,91014,121352,151690
30339,60678,91017,121356,151695
30340,60680,91020,121360,151700
30341,60682,91023,121364,151705
30342,60684,91026,121368,151710
30343,60686,91029,121372,151715
30344,60688,91032,121376,151720
30345,60690,91035,121380,151725
30346,60692,91038,121384,151730
30347,60694,91041,121388,151735
30348,60696,91044,121392,151740
30349,60698,91047,121396,151745
30350,60700,91050,121400,151750
30351,60702,91053,121404,151755
30352,60704,91056,121408,151760
30353,60706,91059,121412,151765
30354,60708,91062,121416,151770
30355,60710,91065,121420,151775
30356,60712,91068,121424,151780
30357,60714,91071,121428,151785
30358,60716,91074,121432,151790
30359,60718,91077,121436,151795
30360,60720,91080,121440,151800
30361,60722,91083,121444,151805
30362,60724,91086,121448,151810
30363,60726,91089,121452,151815
30364,60728,91092,121456,151820
30365,60730,91095,121460,151825
30366,60732,91098,121464,151830
30367,60734,91101,121468,151835
30368,60736,91104,121472,151840
30369,60738,91107,121476,151845
30370,60740,91110,121480,151850
30371,60742,91113,121484,151855
30372,60744,91116,121488,151860
30373,60746,91119,121492,151865
30374,60748,91122,121496,151870
30375,60750,91125,121500,151875
30376,60752,91128,121504,151880
30377,60754,91131,121508,151885
30378,60756,91134,121512,151890
30379,60758,91137,121516,151895
30380,60760,91140,121520,151900
30381,60762,91143,121524,151905
30382,60764,91146,121528,151910
30383,60766,91149,121532,151915
30384,60768,91152,121536,151920
30385,60770,91155,121540,151925
30386,60772,91158,121544,151930
30387,60774,91161,121548,151935
30388,60776,91164,121552,151940
30389,60778,91167,121556,151945
30390,60780,91170,121560,151950
30391,60782,91173,121564,151955
30392,60784,91176,121568,151960
30393,60786,91179,121572,151965
30394,60788,91182,121576,151970
30395,60790,91185,121580,151975
30396,60792,91188,121584,151980
30397,60794,91191,121588,151985
30398,60796,91194,121592,151990
30399,60798,91197,121596,151995
30400,60800,91200,121600,152000
30401,60802,91203,121604,152005
30402,60804,91206,121608,152010
30403,60806,91209,121612,152015
30404,60808,91212,121616,152020
30405,60810,91215,121620,152025
30406,60812,91218,121624,152030
30407,60814,91221,121628,152035
30408,60816,91224,121632,152040
30409,60818,91227,121636,152045
30410,60820,91230,121640,152050
30411,60822,91233,121644,152055
30412,60824,91236,121648,152060
30413,60826,91239,121652,152065
30414,60828,91242,121656,152070
30415,60830,91245,121660,152075
30416,60832,91248,121664,152080
30417,60834,91251,121668,152085
30418,60836,91254,121672,152090
30419,60838,91257,121676,152095
30420,60840,91260,121680,152100
30421,60842,91263,121684,152105
30422,60844,91266,121688,152110
30423,60846,91269,121692,152115
30424,60848,91272,121696,152120
30425,60850,91275,121700,152125
30426,60852,91278,121704,152130
30427,60854,91281,121708,152135
30428,60856,91284,121712,152140
30429,60858,91287,121716,152145
30430,60860,91290,121720,152150
30431,60862,91293,121724,152155
30432,60864,91296,121728,152160
30433,60866,91299,121732,152165
30434,60868,91302,121736,152170
30435,60870,91305,121740,152175
30436,60872,91308,121744,152180
30437,60874,91311,121748,152185
30438,60876,91314,121752,152190
30439,60878,91317,121756,152195
30440,60880,91320,121760,152200
30441,60882,91323,121764,152205
30442,60884,91326,121768,152210
30443,60886,91329,121772,152215
30444,60888,91332,121776,152220
30445,60890,91335,121780,152225
30446,60892,91338,121784,152230
30447,60894,91341,121788,152235
30448,60896,91344,121792,152240
30449,60898,91347,121796,152245
30450,60900,91350,121800,152250
30451,60902,91353,121804,152255
30452,60904,91356,121808,152260
30453,60906,91359,121812,152265
30454,60908,91362,121816,152270
30455,60910,91365,121820,152275
30456,60912,91368,121824,152280
30457,60914,91371,121828,152285
30458,60916,91374,121832,152290
30459,60918,91377,121836,152295
30460,60920,91380,121840,152300
30461,60922,91383,121844,152305
30462,60924,91386,121848,152310
30463,60926,91389,121852,152315
30464,60928,91392,121856,152320
30465,60930,91395,121860,152325
30466,60932,91398,121864,152330
30467,60934,91401,121868,152335
30468,60936,91404,121872,152340
30469,60938,91407,121876,152345
30470,60940,91410,121880,152350
30471,60942,91413,121884,152355
30472,60944,91416,121888,152360
30473,60946,91419,121892,152365
30474,60948,91422,121896,152370
30475,60950,91425,121900,152375
30476,60952,91428,121904,152380
30477,60954,91431,121908,152385
30478,60956,91434,121912,152390
30479,60958,91437,121916,152395
30480,60960,91440,121920,152400
30481,60962,91443,121924,152405
30482,60964,91446,121928,152410
30483,60966,91449,121932,152415
30484,60968,91452,121936,152420
30485,60970,91455,121940,152425
30486,60972,91458,121944,152430
30487,60974,91461,121948,152435
30488,60976,91464,121952,152440
30489,60978,91467,121956,152445
30490,60980,91470,121960,152450
30491,60982,91473,121964,152455
30492,60984,91476,121968,152460
30493,60986,91479,121972,152465
30494,60988,91482,121976,152470
30495,60990,91485,121980,152475
30496,60992,91488,121984,152480
30497,60994,91491,121988,152485
30498,60996,91494,121992,152490
30499,60998,91497,121996,152495
30500,61000,91500,122000,152500
30501,61002,91503,122004,152505
30502,61004,91506,122008,152510
30503,61006,91509,122012,152515
30504,61008,91512,122016,152520
30505,61010,91515,122020,152525
30506,61012,91518,122024,152530
30507,61014,91521,122028,152535
30508,61016,91524,122032,152540
30509,61018,91527,122036,152545
30510,61020,91530,122040,152550
30511,61022,91533,122044,152555
30512,61024,91536,122048,152560
30513,61026,91539,122052,152565
30514,61028,91542,122056,152570
30515,61030,91545,122060,152575
30516,61032,91548,122064,152580
30517,61034,91551,122068,152585
30518,61036,91554,122072,152590
30519,61038,91557,122076,152595
30520,61040,91560,122080,152600
30521,61042,91563,122084,152605
30522,61044,91566,122088,152610
30523,61046,91569,122092,152615
30524,61048,91572,122096,152620
30525,61050,91575,122100,152625
30526,61052,91578,122104,152630
30527,61054,91581,122108,152635
30528,61056,91584,122112,152640
30529,61058,91587,122116,152645
30530,61060,91590,122120,152650
30531,61062,91593,122124,152655
30532,61064,91596,122128,152660
30533,61066,91599,122132,152665
30534,61068,91602,122136,152670
30535,61070,91605,122140,152675
30536,61072,91608,122144,152680
30537,61074,91611,122148,152685
30538,61076,91614,122152,152690
30539,61078,91617,122156,152695
30540,61080,91620,122160,152700
30541,61082,91623,122164,152705
30542,61084,91626,122168,152710
30543,61086,91629,122172,152715
30544,61088,91632,122176,152720
30545,61090,91635,122180,152725
30546,61092,91638,122184,152730
30547,61094,91641,122188,152735
30548,61096,91644,122192,152740
30549,61098,91647,122196,152745
30550,61100,91650,122200,152750
30551,61102,91653,122204,152755
30552,61104,91656,122208,152760
30553,61106,91659,122212,152765
30554,61108,91662,122216,152770
30555,61110,91665,122220,152775
30556,61112,91668,122224,152780
30557,61114,91671,122228,152785
30558,61116,91674,122232,152790
30559,61118,91677,122236,152795
30560,61120,91680,122240,152800
30561,61122,91683,122244,152805
30562,61124,91686,122248,152810
30563,61126,91689,122252,152815
30564,61128,91692,122256,152820
30565,61130,91695,122260,152825
30566,61132,91698,122264,152830
30567,61134,91701,122268,152835
30568,61136,91704,122272,152840
30569,61138,91707,122276,152845
30570,61140,91710,122280,152850
30571,61142,91713,122284,152855
30572,61144,91716,122288,152860
30573,61146,91719,122292,152865
30574,61148,91722,122296,152870
30575,61150,91725,122300,152875
30576,61152,91728,122304,152880
30577,61154,91731,122308,152885
30578,61156,91734,122312,152890
30579,61158,91737,122316,152895
30580,61160,91740,122320,152900
30581,61162,91743,122324,152905
30582,61164,91746,122328,152910
30583,61166,91749,122332,152915
30584,61168,91752,122336,152920
30585,61170,91755,122340,152925
30586,61172,91758,122344,152930
30587,61174,91761,122348,152935
30588,61176,91764,122352,152940
30589,61178,91767,122356,152945
30590,61180,91770,122360,152950
30591,61182,91773,122364,152955
30592,61184,91776,122368,152960
30593,61186,91779,122372,152965
30594,61188,91782,122376,152970
30595,61190,91785,122380,152975
30596,61192,91788,122384,152980
30597,61194,91791,122388,152985
30598,61196,91794,122392,152990
30599,61198,91797,122396,152995
30600,61200,91800,122400,153000
30601,61202,91803,122404,153005
30602,61204,91806,122408,153010
30603,61206,91809,122412,153015
30604,61208,91812,122416,153020
30605,61210,91815,122420,153025
30606,61212,91818,122424,153030
30607,61214,91821,122428,153035
30608,61216,91824,122432,153040
30609,61218,91827,122436,153045
30610,61220,91830,122440,153050
30611,61222,91833,122444,153055
30612,61224,91836,122448,153060
30613,61226,91839,122452,153065
30614,61228,91842,122456,153070
30615,61230,91845,122460,153075
30616,61232,91848,122464,153080
30617,61234,91851,122468,153085
30618,61236,91854,122472,153090
30619,61238,91857,122476,153095
30620,61240,91860,122480,153100
30621,61242,91863,122484,153105
30622,61244,91866,122488,153110
30623,61246,91869,122492,153115
30624,61248,91872,122496,153120
30625,61250,91875,122500,153125
30626,61252,91878,122504,153130
30627,61254,91881,122508,153135
30628,61256,91884,122512,153140
30629,61258,91887,122516,153145
30630,61260,91890,122520,153150
30631,61262,91893,122524,153155
30632,61264,91896,122528,153160
30633,61266,91899,122532,153165
30634,61268,91902,122536,153170
30635,61270,91905,122540,153175
30636,61272,91908,122544,153180
30637,61274,91911,122548,153185
30638,61276,91914,122552,153190
30639,61278,91917,122556,153195
30640,61280,91920,122560,153200
30641,61282,91923,122564,153205
30642,61284,91926,122568,153210
30643,61286,91929,122572,153215
30644,61288,91932,122576,153220
30645,61290,91935,122580,153225
30646,61292,91938,122584,153230
30647,61294,91941,122588,153235
30648,61296,91944,122592,153240
30649,61298,91947,122596,153245
30650,61300,91950,122600,153250
30651,61302,91953,122604,153255
30652,61304,91956,122608,153260
30653,61306,91959,122612,153265
30654,61308,91962,122616,153270
30655,61310,91965,122620,153275
30656,61312,91968,122624,153280
30657,61314,91971,122628,153285
30658,61316,91974,122632,153290
30659,61318,91977,122636,153295
30660,61320,91980,122640,153300
30661,61322,91983,122644,153305
30662,61324,91986,122648,153310
30663,61326,91989,122652,153315
30664,61328,91992,122656,153320
30665,61330,91995,122660,153325
30666,61332,91998,122664,153330
30667,61334,92001,122668,153335
30668,61336,92004,122672,153340
30669,61338,92007,122676,153345
30670,61340,92010,122680,153350
30671,61342,92013,122684,153355
30672,61344,92016,122688,153360
30673,61346,92019,122692,153365
30674,61348,92022,122696,153370
30675,61350,92025,122700,153375
30676,61352,92028,122704,153380
30677,61354,92031,122708,153385
30678,61356,92034,122712,153390
30679,61358,92037,122716,153395
30680,61360,92040,122720,153400
30681,61362,92043,122724,153405
30682,61364,92046,122728,153410
30683,61366,92049,122732,153415
30684,61368,92052,122736,153420
30685,61370,92055,122740,153425
30686,61372,92058,122744,153430
30687,61374,92061,122748,153435
30688,61376,92064,122752,153440
30689,61378,92067,122756,153445
30690,61380,92070,122760,153450
30691,61382,92073,122764,153455
30692,61384,92076,122768,153460
30693,61386,92079,122772,153465
30694,61388,92082,122776,153470
30695,61390,92085,122780,153475
30696,61392,92088,122784,153480
30697,61394,92091,122788,153485
30698,61396,92094,122792,153490
30699,61398,92097,122796,153495
30700,61400,92100,122800,153500
30701,61402,92103,122804,153505
30702,61404,92106,122808,153510
30703,61406,92109,122812,153515
30704,61408,92112,122816,153520
30705,61410,92115,122820,153525
30706,61412,92118,122824,153530
30707,61414,92121,122828,153535
30708,61416,92124,122832,153540
30709,61418,92127,122836,153545
30710,61420,92130,122840,153550
30711,61422,92133,122844,153555
30712,61424,92136,122848,153560
30713,61426,92139,122852,153565
30714,61428,92142,122856,153570
30715,61430,92145,122860,153575
30716,61432,92148,122864,153580
30717,61434,92151,122868,153585
30718,61436,92154,122872,153590
30719,61438,92157,122876,153595
30720,61440,92160,122880,153600
30721,61442,92163,122884,153605
30722,61444,92166,122888,153610
30723,61446,92169,122892,153615
30724,61448,92172,122896,153620
30725,61450,92175,122900,153625
30726,61452,92178,122904,153630
30727,61454,92181,122908,153635
30728,61456,92184,122912,153640
30729,61458,92187,122916,153645
30730,61460,92190,122920,153650
30731,61462,92193,122924,153655
30732,61464,92196,122928,153660
30733,61466,92199,122932,153665
30734,61468,92202,122936,153670
30735,61470,92205,122940,153675
30736,61472,92208,122944,153680
30737,61474,92211,122948,153685
30738,61476,92214,122952,153690
30739,61478,92217,122956,153695
30740,61480,92220,122960,153700
30741,61482,92223,122964,153705
30742,61484,92226,122968,153710
30743,61486,92229,122972,153715
30744,61488,92232,122976,153720
30745,61490,92235,122980,153725
30746,61492,92238,122984,153730
30747,61494,92241,122988,153735
30748,61496,92244,122992,153740
30749,61498,92247,122996,153745
30750,61500,92250,123000,153750
30751,61502,92253,123004,153755
30752,61504,92256,123008,153760
30753,61506,92259,123012,153765
30754,61508,92262,123016,153770
30755,61510,92265,123020,153775
30756,61512,92268,123024,153780
30757,61514,92271,123028,153785
30758,61516,92274,123032,153790
30759,61518,92277,123036,153795
30760,61520,92280,123040,153800
30761,61522,92283,123044,153805
30762,61524,92286,123048,153810
30763,61526,92289,123052,153815
30764,61528,92292,123056,153820
30765,61530,92295,123060,153825
30766,61532,92298,123064,153830
30767,61534,92301,123068,153835
30768,61536,92304,123072,153840
30769,61538,92307,123076,153845
30770,61540,92310,123080,153850
30771,61542,92313,123084,153855
30772,61544,92316,123088,153860
30773,61546,92319,123092,153865
30774,61548,92322,123096,153870
30775,61550,92325,123100,153875
30776,61552,92328,123104,153880
30777,61554,92331,123108,153885
30778,61556,92334,123112,153890
30779,61558,92337,123116,153895
30780,61560,92340,123120,153900
30781,61562,92343,123124,153905
30782,61564,92346,123128,153910
30783,61566,92349,123132,153915
30784,61568,92352,123136,153920
30785,61570,92355,123140,153925
30786,61572,92358,123144,153930
30787,61574,92361,123148,153935
30788,61576,92364,123152,153940
30789,61578,92367,123156,153945
30790,61580,92370,123160,153950
30791,61582,92373,123164,153955
30792,61584,92376,123168,153960
30793,61586,92379,123172,153965
30794,61588,92382,123176,153970
30795,61590,92385,123180,153975
30796,61592,92388,123184,153980
30797,61594,92391,123188,153985
30798,61596,92394,123192,153990
30799,61598,92397,123196,153995
30800,61600,92400,123200,154000
30801,61602,92403,123204,154005
30802,61604,92406,123208,154010
30803,61606,92409,123212,154015
30804,61608,92412,123216,154020
30805,61610,92415,123220,154025
30806,61612,92418,123224,154030
30807,61614,92421,123228,154035
30808,61616,92424,123232,154040
30809,61618,92427,123236,154045
30810,61620,92430,123240,154050
30811,61622,92433,123244,154055
30812,61624,92436,123248,154060
30813,61626,92439,123252,154065
30814,61628,92442,123256,154070
30815,61630,92445,123260,154075
30816,61632,92448,123264,154080
30817,61634,92451,123268,154085
30818,61636,92454,123272,154090
30819,61638,92457,123276,154095
30820,61640,92460,123280,154100
30821,61642,92463,123284,154105
30822,61644,92466,123288,154110
30823,61646,92469,123292,154115
30824,61648,92472,123296,154120
30825,61650,92475,123300,154125
30826,61652,92478,123304,154130
30827,61654,92481,123308,154135
30828,61656,92484,123312,154140
30829,61658,92487,123316,154145
30830,61660,92490,123320,154150
30831,61662,92493,123324,154155
30832,61664,92496,123328,154160
30833,61666,92499,123332,154165
30834,61668,92502,123336,154170
30835,61670,92505,123340,154175
30836,61672,92508,123344,154180
30837,61674,92511,123348,154185
30838,61676,92514,123352,154190
30839,61678,92517,123356,154195
30840,61680,92520,123360,154200
30841,61682,92523,123364,154205
30842,61684,92526,123368,154210
30843,61686,92529,123372,154215
30844,61688,92532,123376,154220
30845,61690,92535,123380,154225
30846,61692,92538,123384,154230
30847,61694,92541,123388,154235
30848,61696,92544,123392,154240
30849,61698,92547,123396,154245
30850,61700,92550,123400,154250
30851,61702,92553,123404,154255
30852,61704,92556,123408,154260
30853,61706,92559,123412,154265
30854,61708,92562,123416,154270
30855,61710,92565,123420,154275
30856,61712,92568,123424,154280
30857,61714,92571,123428,154285
30858,61716,92574,123432,154290
30859,61718,92577,123436,154295
30860,61720,92580,123440,154300
30861,61722,92583,123444,154305
30862,61724,92586,123448,154310
30863,61726,92589,123452,154315
30864,61728,92592,123456,154320
30865,61730,92595,123460,154325
30866,61732,92598,123464,154330
30867,61734,92601,123468,154335
30868,61736,92604,123472,154340
30869,61738,92607,123476,154345
30870,61740,92610,123480,154350
30871,61742,92613,123484,154355
30872,61744,92616,123488,154360
30873,61746,92619,123492,154365
30874,61748,92622,123496,154370
30875,61750,92625,123500,154375
30876,61752,92628,123504,154380
30877,61754,92631,123508,154385
30878,61756,92634,123512,154390
30879,61758,92637,123516,154395
30880,61760,92640,123520,154400
30881,61762,92643,123524,154405
30882,61764,92646,123528,154410
30883,61766,92649,123532,154415
30884,61768,92652,123536,154420
30885,61770,92655,123540,154425
30886,61772,92658,123544,154430
30887,61774,92661,123548,154435
30888,61776,92664,123552,154440
30889,61778,92667,123556,154445
30890,61780,92670,123560,154450
30891,61782,92673,123564,154455
30892,61784,92676,123568,154460
30893,61786,92679,123572,154465
30894,61788,92682,123576,154470
30895,61790,92685,123580,154475
30896,61792,92688,123584,154480
30897,61794,92691,123588,154485
30898,61796,92694,123592,154490
30899,61798,92697,123596,154495
30900,61800,92700,123600,154500
30901,61802,92703,123604,154505
30902,61804,92706,123608,154510
30903,61806,92709,123612,154515
30904,61808,92712,123616,154520
30905,61810,92715,123620,154525
30906,61812,92718,123624,154530
30907,61814,92721,123628,154535
30908,61816,92724,123632,154540
30909,61818,92727,123636,154545
30910,61820,92730,123640,154550
30911,61822,92733,123644,154555
30912,61824,92736,123648,154560
30913,61826,92739,123652,154565
30914,61828,92742,123656,154570
30915,61830,92745,123660,154575
30916,61832,92748,123664,154580
30917,61834,92751,123668,154585
30918,61836,92754,123672,154590
30919,61838,92757,123676,154595
30920,61840,92760,123680,154600
30921,61842,92763,123684,154605
30922,61844,92766,123688,154610
30923,61846,92769,123692,154615
30924,61848,92772,123696,154620
30925,61850,92775,123700,154625
30926,61852,92778,123704,154630
30927,61854,92781,123708,154635
30928,61856,92784,123712,154640
30929,61858,92787,123716,154645
30930,61860,92790,123720,154650
30931,61862,92793,123724,154655
30932,61864,92796,123728,154660
30933,61866,92799,123732,154665
30934,61868,92802,123736,154670
30935,61870,92805,123740,154675
30936,61872,92808,123744,154680
30937,61874,92811,123748,154685
30938,61876,92814,123752,154690
30939,61878,92817,123756,154695
30940,61880,92820,123760,154700
30941,61882,92823,123764,154705
30942,61884,92826,123768,154710
30943,61886,92829,123772,154715
30944,61888,92832,123776,154720
30945,61890,92835,123780,154725
30946,61892,92838,123784,154730
30947,61894,92841,123788,154735
30948,61896,92844,123792,154740
30949,61898,92847,123796,154745
30950,61900,92850,123800,154750
30951,61902,92853,123804,154755
30952,61904,92856,123808,154760
30953,61906,92859,123812,154765
30954,61908,92862,123816,154770
30955,61910,92865,123820,154775
30956,61912,92868,123824,154780
30957,61914,92871,123828,154785
30958,61916,92874,123832,154790
30959,61918,92877,123836,154795
30960,61920,92880,123840,154800
30961,61922,92883,123844,154805
30962,61924,92886,123848,154810
30963,61926,92889,123852,154815
30964,61928,92892,123856,154820
30965,61930,92895,123860,154825
30966,61932,92898,123864,154830
30967,61934,92901,123868,154835
30968,61936,92904,123872,154840
30969,61938,92907,123876,154845
30970,61940,92910,123880,154850
30971,61942,92913,123884,154855
30972,61944,92916,123888,154860
30973,61946,92919,123892,154865
30974,61948,92922,123896,154870
30975,61950,92925,123900,154875
30976,61952,92928,123904,154880
30977,61954,92931,123908,154885
30978,61956,92934,123912,154890
30979,61958,92937,123916,154895
30980,61960,92940,123920,154900
30981,61962,92943,123924,154905
30982,61964,92946,123928,154910
30983,61966,92949,123932,154915
30984,61968,92952,123936,154920
30985,61970,92955,123940,154925
30986,61972,92958,123944,154930
30987,61974,92961,123948,154935
30988,61976,92964,123952,154940
30989,61978,92967,123956,154945
30990,61980,92970,123960,154950
30991,61982,92973,123964,154955
30992,61984,92976,123968,154960
30993,61986,92979,123972,154965
30994,61988,92982,123976,154970
30995,61990,92985,123980,154975
30996,61992,92988,123984,154980
30997,61994,92991,123988,154985
30998,61996,92994,123992,154990
30999,61998,92997,123996,154995
31000,62000,93000,124000,155000
31001,62002,93003,124004,155005
31002,62004,93006,124008,155010
31003,62006,93009,124012,155015
31004,62008,93012,124016,155020
31005,62010,93015,124020,155025
31006,62012,93018,124024,155030
31007,62014,93021,124028,155035
31008,62016,93024,124032,155040
31009,62018,93027,124036,155045
31010,62020,93030,124040,155050
31011,62022,93033,124044,155055
31012,62024,93036,124048,155060
31013,62026,93039,124052,155065
31014,62028,93042,124056,155070
31015,62030,93045,124060,155075
31016,62032,93048,124064,155080
31017,62034,93051,124068,155085
31018,62036,93054,124072,155090
31019,62038,93057,124076,155095
31020,62040,93060,124080,155100
31021,62042,93063,124084,155105
31022,62044,93066,124088,155110
31023,62046,93069,124092,155115
31024,62048,93072,124096,155120
31025,62050,93075,124100,155125
31026,62052,93078,124104,155130
31027,62054,93081,124108,155135
31028,62056,93084,124112,155140
31029,62058,93087,124116,155145
31030,62060,93090,124120,155150
31031,62062,93093,124124,155155
31032,62064,93096,124128,155160
31033,62066,93099,124132,155165
31034,62068,93102,124136,155170
31035,62070,93105,124140,155175
31036,62072,93108,124144,155180
31037,62074,93111,124148,155185
31038,62076,93114,124152,155190
31039,62078,93117,124156,155195
31040,62080,93120,124160,155200
31041,62082,93123,124164,155205
31042,62084,93126,124168,155210
31043,62086,93129,124172,155215
31044,62088,93132,124176,155220
31045,62090,93135,124180,155225
31046,62092,93138,124184,155230
31047,62094,93141,124188,155235
31048,62096,93144,124192,155240
31049,62098,93147,124196,155245
31050,62100,93150,124200,155250
31051,62102,93153,124204,155255
31052,62104,93156,124208,155260
31053,62106,93159,124212,155265
31054,62108,93162,124216,155270
31055,62110,93165,124220,155275
31056,62112,93168,124224,155280
31057,62114,93171,124228,155285
31058,62116,93174,124232,155290
31059,62118,93177,124236,155295
31060,62120,93180,124240,155300
31061,62122,93183,124244,155305
31062,62124,93186,124248,155310
31063,62126,93189,124252,155315
31064,62128,93192,124256,155320
31065,62130,93195,124260,155325
31066,62132,93198,124264,155330
31067,62134,93201,124268,155335
31068,62136,93204,124272,155340
31069,62138,93207,124276,155345
31070,62140,93210,124280,155350
31071,62142,93213,124284,155355
31072,62144,93216,124288,155360
31073,62146,93219,124292,155365
31074,62148,93222,124296,155370
31075,62150,93225,124300,155375
31076,62152,93228,124304,155380
31077,62154,93231,124308,155385
31078,62156,93234,124312,155390
31079,62158,93237,124316,155395
31080,62160,93240,124320,155400
31081,62162,93243,124324,155405
31082,62164,93246,124328,155410
31083,62166,93249,124332,155415
31084,62168,93252,124336,155420
31085,62170,93255,124340,155425
31086,62172,93258,124344,155430
31087,62174,93261,124348,155435
31088,62176,93264,124352,155440
31089,62178,93267,124356,155445
31090,62180,93270,124360,155450
31091,62182,93273,124364,155455
31092,62184,93276,124368,155460
31093,62186,93279,124372,155465
31094,62188,93282,124376,155470
31095,62190,93285,124380,155475
31096,62192,93288,124384,155480
31097,62194,93291,124388,155485
31098,62196,93294,124392,155490
31099,62198,93297,124396,155495
31100,62200,93300,124400,155500
31101,62202,93303,124404,155505
31102,62204,93306,124408,155510
31103,62206,93309,124412,155515
31104,62208,93312,124416,155520
31105,62210,93315,124420,155525
31106,62212,93318,124424,155530
31107,62214,93321,124428,155535
31108,62216,93324,124432,155540
31109,62218,93327,124436,155545
31110,62220,93330,124440,155550
31111,62222,93333,124444,155555
31112,62224,93336,124448,155560
31113,62226,93339,124452,155565
31114,62228,93342,124456,155570
31115,62230,93345,124460,155575
31116,62232,93348,124464,155580
31117,62234,93351,124468,155585
31118,62236,93354,124472,155590
31119,62238,93357,124476,155595
31120,62240,93360,124480,155600
31121,62242,93363,124484,155605
31122,62244,93366,124488,155610
31123,62246,93369,124492,155615
31124,62248,93372,124496,155620
31125,62250,93375,124500,155625
31126,62252,93378,124504,155630
31127,62254,93381,124508,155635
31128,62256,93384,124512,155640
31129,62258,93387,124516,155645
31130,62260,93390,124520,155650
31131,62262,93393,124524,155655
31132,62264,93396,124528,155660
31133,62266,93399,124532,155665
31134,62268,93402,124536,155670
31135,62270,93405,124540,155675
31136,62272,93408,124544,155680
31137,62274,93411,124548,155685
31138,62276,93414,124552,155690
31139,62278,93417,124556,155695
31140,62280,93420,124560,155700
31141,62282,93423,124564,155705
31142,62284,93426,124568,155710
31143,62286,93429,124572,155715
31144,62288,93432,124576,155720
31145,62290,93435,124580,155725
31146,62292,93438,124584,155730
31147,62294,93441,124588,155735
31148,62296,93444,124592,155740
31149,62298,93447,124596,155745
31150,62300,93450,124600,155750
31151,62302,93453,124604,155755
31152,62304,93456,124608,155760
31153,62306,93459,124612,155765
31154,62308,93462,124616,155770
31155,62310,93465,124620,155775
31156,62312,93468,124624,155780
31157,62314,93471,124628,155785
31158,62316,93474,124632,155790
31159,62318,93477,124636,155795
31160,62320,93480,124640,155800
31161,62322,93483,124644,155805
31162,62324,93486,124648,155810
31163,62326,93489,124652,155815
31164,62328,93492,124656,155820
31165,62330,93495,124660,155825
31166,62332,93498,124664,155830
31167,62334,93501,124668,155835
31168,62336,93504,124672,155840
31169,62338,93507,124676,155845
31170,62340,93510,124680,155850
31171,62342,93513,124684,155855
31172,62344,93516,124688,155860
31173,62346,93519,124692,155865
31174,62348,93522,124696,155870
31175,62350,93525,124700,155875
31176,62352,93528,124704,155880
31177,62354,93531,124708,155885
31178,62356,93534,124712,155890
31179,62358,93537,124716,155895
31180,62360,93540,124720,155900
31181,62362,93543,124724,155905
31182,62364,93546,124728,155910
31183,62366,93549,124732,155915
31184,62368,93552,124736,155920
31185,62370,93555,124740,155925
31186,62372,93558,124744,155930
31187,62374,93561,124748,155935
31188,62376,93564,124752,155940
31189,62378,93567,124756,155945
31190,62380,93570,124760,155950
31191,62382,93573,124764,155955
31192,62384,93576,124768,155960
31193,62386,93579,124772,155965
31194,62388,93582,124776,155970
31195,62390,93585,124780,155975
31196,62392,93588,124784,155980
31197,62394,93591,124788,155985
31198,62396,93594,124792,155990
31199,62398,93597,124796,155995
31200,62400,93600,124800,156000
31201,62402,93603,124804,156005
31202,62404,93606,124808,156010
31203,62406,93609,124812,156015
31204,62408,93612,124816,156020
31205,62410,93615,124820,156025
31206,62412,93618,124824,156030
31207,62414,93621,124828,156035
31208,62416,93624,124832,156040
31209,62418,93627,124836,156045
31210,62420,93630,124840,156050
31211,62422,93633,124844,156055
31212,62424,93636,124848,156060
31213,62426,93639,124852,156065
31214,62428,93642,124856,156070
31215,62430,93645,124860,156075
31216,62432,93648,124864,156080
31217,62434,93651,124868,156085
31218,62436,93654,124872,156090
31219,62438,93657,124876,156095
31220,62440,93660,124880,156100
31221,62442,93663,124884,156105
31222,62444,93666,124888,156110
31223,62446,93669,124892,156115
31224,62448,93672,124896,156120
31225,62450,93675,124900,156125
31226,62452,93678,124904,156130
31227,62454,93681,124908,156135
31228,62456,93684,124912,156140
31229,62458,93687,124916,156145
31230,62460,93690,124920,156150
31231,62462,93693,124924,156155
31232,62464,93696,124928,156160
31233,62466,93699,124932,156165
31234,62468,93702,124936,156170
31235,62470,93705,124940,156175
31236,62472,93708,124944,156180
31237,62474,93711,124948,156185
31238,62476,93714,124952,156190
31239,62478,93717,124956,156195
31240,62480,93720,124960,156200
31241,62482,93723,124964,156205
31242,62484,93726,124968,156210
31243,62486,93729,124972,156215
31244,62488,93732,124976,156220
31245,62490,93735,124980,156225
31246,62492,93738,124984,156230
31247,62494,93741,124988,156235
31248,62496,93744,124992,156240
31249,62498,93747,124996,156245
31250,62500,93750,125000,156250
31251,62502,93753,125004,156255
31252,62504,93756,125008,156260
31253,62506,93759,125012,156265
31254,62508,93762,125016,156270
31255,62510,93765,125020,156275
31256,62512,93768,125024,156280
31257,62514,93771,125028,156285
31258,62516,93774,125032,156290
31259,62518,93777,125036,156295
31260,62520,93780,125040,156300
31261,62522,93783,125044,156305
31262,62524,93786,125048,156310
31263,62526,93789,125052,156315
31264,62528,93792,125056,156320
31265,62530,93795,125060,156325
31266,62532,93798,125064,156330
31267,62534,93801,125068,156335
31268,62536,93804,125072,156340
31269,62538,93807,125076,156345
31270,62540,93810,125080,156350
31271,62542,93813,125084,156355
31272,62544,93816,125088,156360
31273,62546,93819,125092,156365
31274,62548,93822,125096,156370
31275,62550,93825,125100,156375
31276,62552,93828,125104,156380
31277,62554,93831,125108,156385
31278,62556,93834,125112,156390
31279,62558,93837,125116,156395
31280,62560,93840,125120,156400
31281,62562,93843,125124,156405
31282,62564,93846,125128,156410
31283,62566,93849,125132,156415
31284,62568,93852,125136,156420
31285,62570,93855,125140,156425
31286,62572,93858,125144,156430
31287,62574,93861,125148,156435
31288,62576,93864,125152,156440
31289,62578,93867,125156,156445
31290,62580,93870,125160,156450
31291,62582,93873,125164,156455
31292,62584,93876,125168,156460
31293,62586,93879,125172,156465
31294,62588,93882,125176,156470
31295,62590,93885,125180,156475
31296,62592,93888,125184,156480
31297,62594,93891,125188,156485
31298,62596,93894,125192,156490
31299,62598,93897,125196,156495
31300,62600,93900,125200,156500
31301,62602,93903,125204,156505
31302,62604,93906,125208,156510
31303,62606,93909,125212,156515
31304,62608,93912,125216,156520
31305,62610,93915,125220,156525
31306,62612,93918,125224,156530
31307,62614,93921,125228,156535
31308,62616,93924,125232,156540
31309,62618,93927,125236,156545
31310,62620,93930,125240,156550
31311,62622,93933,125244,156555
31312,62624,93936,125248,156560
31313,62626,93939,125252,156565
31314,62628,93942,125256,156570
31315,62630,93945,125260,156575
31316,62632,93948,125264,156580
31317,62634,93951,125268,156585
31318,62636,93954,125272,156590
31319,62638,93957,125276,156595
31320,62640,93960,125280,156600
31321,62642,93963,125284,156605
31322,62644,93966,125288,156610
31323,62646,93969,125292,156615
31324,62648,93972,125296,156620
31325,62650,93975,125300,156625
31326,62652,93978,125304,156630
31327,62654,93981,125308,156635
31328,62656,93984,125312,156640
31329,62658,93987,125316,156645
31330,62660,93990,125320,156650
31331,62662,93993,125324,156655
31332,62664,93996,125328,156660
31333,62666,93999,125332,156665
31334,62668,94002,125336,156670
31335,62670,94005,125340,156675
31336,62672,94008,125344,156680
31337,62674,94011,125348,156685
31338,62676,94014,125352,156690
31339,62678,94017,125356,156695
31340,62680,94020,125360,156700
31341,62682,94023,125364,156705
31342,62684,94026,125368,156710
31343,62686,94029,125372,156715
31344,62688,94032,125376,156720
31345,62690,94035,125380,156725
31346,62692,94038,125384,156730
31347,62694,94041,125388,156735
31348,62696,94044,125392,156740
31349,62698,94047,125396,156745
31350,62700,94050,125400,156750
31351,62702,94053,125404,156755
31352,62704,94056,125408,156760
31353,62706,94059,125412,156765
31354,62708,94062,125416,156770
31355,62710,94065,125420,156775
31356,62712,94068,125424,156780
31357,62714,94071,125428,156785
31358,62716,94074,125432,156790
31359,62718,94077,125436,156795
31360,62720,94080,125440,156800
31361,62722,94083,125444,156805
31362,62724,94086,125448,156810
31363,62726,94089,125452,156815
31364,62728,94092,125456,156820
31365,62730,94095,125460,156825
31366,62732,94098,125464,156830
31367,62734,94101,125468,156835
31368,62736,94104,125472,156840
31369,62738,94107,125476,156845
31370,62740,94110,125480,156850
31371,62742,94113,125484,156855
31372,62744,94116,125488,156860
31373,62746,94119,125492,156865
31374,62748,94122,125496,156870
31375,62750,94125,125500,156875
31376,62752,94128,125504,156880
31377,62754,94131,125508,156885
31378,62756,94134,125512,156890
31379,62758,94137,125516,156895
31380,62760,94140,125520,156900
31381,62762,94143,125524,156905
31382,62764,94146,125528,156910
31383,62766,94149,125532,156915
31384,62768,94152,125536,156920
31385,62770,94155,125540,156925
31386,62772,94158,125544,156930
31387,62774,94161,125548,156935
31388,62776,94164,125552,156940
31389,62778,94167,125556,156945
31390,62780,94170,125560,156950
31391,62782,94173,125564,156955
31392,62784,94176,125568,156960
31393,62786,94179,125572,156965
31394,62788,94182,125576,156970
31395,62790,94185,125580,156975
31396,62792,94188,125584,156980
31397,62794,94191,125588,156985
31398,62796,94194,125592,156990
31399,62798,94197,125596,156995
31400,62800,94200,125600,157000
31401,62802,94203,125604,157005
31402,62804,94206,125608,157010
31403,62806,94209,125612,157015
31404,62808,94212,125616,157020
31405,62810,94215,125620,157025
31406,62812,94218,125624,157030
31407,62814,94221,125628,157035
31408,62816,94224,125632,157040
31409,62818,94227,125636,157045
31410,62820,94230,125640,157050
31411,62822,94233,125644,157055
31412,62824,94236,125648,157060
31413,62826,94239,125652,157065
31414,62828,94242,125656,157070
31415,62830,94245,125660,157075
31416,62832,94248,125664,157080
31417,62834,94251,125668,157085
31418,62836,94254,125672,157090
31419,62838,94257,125676,157095
31420,62840,94260,125680,157100
31421,62842,94263,125684,157105
31422,62844,94266,125688,157110
31423,62846,94269,125692,157115
31424,62848,94272,125696,157120
31425,62850,94275,125700,157125
31426,62852,94278,125704,157130
31427,62854,94281,125708,157135
31428,62856,94284,125712,157140
31429,62858,94287,125716,157145
31430,62860,94290,125720,157150
31431,62862,94293,125724,157155
31432,62864,94296,125728,157160
31433,62866,94299,125732,157165
31434,62868,94302,125736,157170
31435,62870,94305,125740,157175
31436,62872,94308,125744,157180
31437,62874,94311,125748,157185
31438,62876,94314,125752,157190
31439,62878,94317,125756,157195
31440,62880,94320,125760,157200
31441,62882,94323,125764,157205
31442,62884,94326,125768,157210
31443,62886,94329,125772,157215
31444,62888,94332,125776,157220
31445,62890,94335,125780,157225
31446,62892,94338,125784,157230
31447,62894,94341,125788,157235
31448,62896,94344,125792,157240
31449,62898,94347,125796,157245
31450,62900,94350,125800,157250
31451,62902,94353,125804,157255
31452,62904,94356,125808,157260
31453,62906,94359,125812,157265
31454,62908,94362,125816,157270
31455,62910,94365,125820,157275
31456,62912,94368,125824,157280
31457,62914,94371,125828,157285
31458,62916,94374,125832,157290
31459,62918,94377,125836,157295
31460,62920,94380,125840,157300
31461,62922,94383,125844,157305
31462,62924,94386,125848,157310
31463,62926,94389,125852,157315
31464,62928,94392,125856,157320
31465,62930,94395,125860,157325
31466,62932,94398,125864,157330
31467,62934,94401,125868,157335
31468,62936,94404,125872,157340
31469,62938,94407,125876,157345
31470,62940,94410,125880,157350
31471,62942,94413,125884,157355
31472,62944,94416,125888,157360
31473,62946,94419,125892,157365
31474,62948,94422,125896,157370
31475,62950,94425,125900,157375
31476,62952,94428,125904,157380
31477,62954,94431,125908,157385
31478,62956,94434,125912,157390
31479,62958,94437,125916,157395
31480,62960,94440,125920,157400
31481,62962,94443,125924,157405
31482,62964,94446,125928,157410
31483,62966,94449,125932,157415
31484,62968,94452,125936,157420
31485,62970,94455,125940,157425
31486,62972,94458,125944,157430
31487,62974,94461,125948,157435
31488,62976,94464,125952,157440
31489,62978,94467,125956,157445
31490,62980,94470,125960,157450
31491,62982,94473,125964,157455
31492,62984,94476,125968,157460
31493,62986,94479,125972,157465
31494,62988,94482,125976,157470
31495,62990,94485,125980,157475
31496,62992,94488,125984,157480
31497,62994,94491,125988,157485
31498,62996,94494,125992,157490
31499,62998,94497,125996,157495
31500,63000,94500,126000,157500
31501,63002,94503,126004,157505
31502,63004,94506,126008,157510
31503,63006,94509,126012,157515
31504,63008,94512,126016,157520
31505,63010,94515,126020,157525
31506,63012,94518,126024,157530
31507,63014,94521,126028,157535
31508,63016,94524,126032,157540
31509,63018,94527,126036,157545
31510,63020,94530,126040,157550
31511,63022,94533,126044,157555
31512,63024,94536,126048,157560
31513,63026,94539,126052,157565
31514,63028,94542,126056,157570
31515,63030,94545,126060,157575
31516,63032,94548,126064,157580
31517,63034,94551,126068,157585
31518,63036,94554,126072,157590
31519,63038,94557,126076,157595
31520,63040,94560,126080,157600
31521,63042,94563,126084,157605
31522,63044,94566,126088,157610
31523,63046,94569,126092,157615
31524,63048,94572,126096,157620
31525,63050,94575,126100,157625
31526,63052,94578,126104,157630
31527,63054,94581,126108,157635
31528,63056,94584,126112,157640
31529,63058,94587,126116,157645
31530,63060,94590,126120,157650
31531,63062,94593,126124,157655
31532,63064,94596,126128,157660
31533,63066,94599,126132,157665
31534,63068,94602,126136,157670
31535,63070,94605,126140,157675
31536,63072,94608,126144,157680
31537,63074,94611,126148,157685
31538,63076,94614,126152,157690
31539,63078,94617,126156,157695
31540,63080,94620,126160,157700
31541,63082,94623,126164,157705
31542,63084,94626,126168,157710
31543,63086,94629,126172,157715
31544,63088,94632,126176,157720
31545,63090,94635,126180,157725
31546,63092,94638,126184,157730
31547,63094,94641,126188,157735
31548,63096,94644,126192,157740
31549,63098,94647,126196,157745
31550,63100,94650,126200,157750
31551,63102,94653,126204,157755
31552,63104,94656,126208,157760
31553,63106,94659,126212,157765
31554,63108,94662,126216,157770
31555,63110,94665,126220,157775
31556,63112,94668,126224,157780
31557,63114,94671,126228,157785
31558,63116,94674,126232,157790
31559,63118,94677,126236,157795
31560,63120,94680,126240,157800
31561,63122,94683,126244,157805
31562,63124,94686,126248,157810
31563,63126,94689,126252,157815
31564,63128,94692,126256,157820
31565,63130,94695,126260,157825
31566,63132,94698,126264,157830
31567,63134,94701,126268,157835
31568,63136,94704,126272,157840
31569,63138,94707,126276,157845
31570,63140,94710,126280,157850
31571,63142,94713,126284,157855
31572,63144,94716,126288,157860
31573,63146,94719,126292,157865
31574,63148,94722,126296,157870
31575,63150,94725,126300,157875
31576,63152,94728,126304,157880
31577,63154,94731,126308,157885
31578,63156,94734,126312,157890
31579,63158,94737,126316,157895
31580,63160,94740,126320,157900
31581,63162,94743,126324,157905
31582,63164,94746,126328,157910
31583,63166,94749,126332,157915
31584,63168,94752,126336,157920
31585,63170,94755,126340,157925
31586,63172,94758,126344,157930
31587,63174,94761,126348,157935
31588,63176,94764,126352,157940
31589,63178,94767,126356,157945
31590,63180,94770,126360,157950
31591,63182,94773,126364,157955
31592,63184,94776,126368,157960
31593,63186,94779,126372,157965
31594,63188,94782,126376,157970
31595,63190,94785,126380,157975
31596,63192,94788,126384,157980
31597,63194,94791,126388,157985
31598,63196,94794,126392,157990
31599,63198,94797,126396,157995
31600,63200,94800,126400,158000
31601,63202,94803,126404,158005
31602,63204,94806,126408,158010
31603,63206,94809,126412,158015
31604,63208,94812,126416,158020
31605,63210,94815,126420,158025
31606,63212,94818,126424,158030
31607,63214,94821,126428,158035
31608,63216,94824,126432,158040
31609,63218,94827,126436,158045
31610,63220,94830,126440,158050
31611,63222,94833,126444,158055
31612,63224,94836,126448,158060
31613,63226,94839,126452,158065
31614,63228,94842,126456,158070
31615,63230,94845,126460,158075
31616,63232,94848,126464,158080
31617,63234,94851,126468,158085
31618,63236,94854,126472,158090
31619,63238,94857,126476,158095
31620,63240,94860,126480,158100
31621,63242,94863,126484,158105
31622,63244,94866,126488,158110
31623,63246,94869,126492,158115
31624,63248,94872,126496,158120
31625,63250,94875,126500,158125
31626,63252,94878,126504,158130
31627,63254,94881,126508,158135
31628,63256,94884,126512,158140
31629,63258,94887,126516,158145
31630,63260,94890,126520,158150
31631,63262,94893,126524,158155
31632,63264,94896,126528,158160
31633,63266,94899,126532,158165
31634,63268,94902,126536,158170
31635,63270,94905,126540,158175
31636,63272,94908,126544,158180
31637,63274,94911,126548,158185
31638,63276,94914,126552,158190
31639,63278,94917,126556,158195
31640,63280,94920,126560,158200
31641,63282,94923,126564,158205
31642,63284,94926,126568,158210
31643,63286,94929,126572,158215
31644,63288,94932,126576,158220
31645,63290,94935,126580,158225
31646,63292,94938,126584,158230
31647,63294,94941,126588,158235
31648,63296,94944,126592,158240
31649,63298,94947,126596,158245
31650,63300,94950,126600,158250
31651,63302,94953,126604,158255
31652,63304,94956,126608,158260
31653,63306,94959,126612,158265
31654,63308,94962,126616,158270
31655,63310,94965,126620,158275
31656,63312,94968,126624,158280
31657,63314,94971,126628,158285
31658,63316,94974,126632,158290
31659,63318,94977,126636,158295
31660,63320,94980,126640,158300
31661,63322,94983,126644,158305
31662,63324,94986,126648,158310
31663,63326,94989,126652,158315
31664,63328,94992,126656,158320
31665,63330,94995,126660,158325
31666,63332,94998,126664,158330
31667,63334,95001,126668,158335
31668,63336,95004,126672,158340
31669,63338,95007,126676,158345
31670,63340,95010,126680,158350
31671,63342,95013,126684,158355
31672,63344,95016,126688,158360
31673,63346,95019,126692,158365
31674,63348,95022,126696,158370
31675,63350,95025,126700,158375
31676,63352,95028,126704,158380
31677,63354,95031,126708,158385
31678,63356,95034,126712,158390
31679,63358,95037,126716,158395
31680,63360,95040,126720,158400
31681,63362,95043,126724,158405
31682,63364,95046,126728,158410
31683,63366,95049,126732,158415
31684,63368,95052,126736,158420
31685,63370,95055,126740,158425
31686,63372,95058,126744,158430
31687,63374,95061,126748,158435
31688,63376,95064,126752,158440
31689,63378,95067,126756,158445
31690,63380,95070,126760,158450
31691,63382,95073,126764,158455
31692,63384,95076,126768,158460
31693,63386,95079,126772,158465
31694,63388,95082,126776,158470
31695,63390,95085,126780,158475
31696,63392,95088,126784,158480
31697,63394,95091,126788,158485
31698,63396,95094,126792,158490
31699,63398,95097,126796,158495
31700,63400,95100,126800,158500
31701,63402,95103,126804,158505
31702,63404,95106,126808,158510
31703,63406,95109,126812,158515
31704,63408,95112,126816,158520
31705,63410,95115,126820,158525
31706,63412,95118,126824,158530
31707,63414,95121,126828,158535
31708,63416,95124,126832,158540
31709,63418,95127,126836,158545
31710,63420,95130,126840,158550
31711,63422,95133,126844,158555
31712,63424,95136,126848,158560
31713,63426,95139,126852,158565
31714,63428,95142,126856,158570
31715,63430,95145,126860,158575
31716,63432,95148,126864,158580
31717,63434,95151,126868,158585
31718,63436,95154,126872,158590
31719,63438,95157,126876,158595
31720,63440,95160,126880,158600
31721,63442,95163,126884,158605
31722,63444,95166,126888,158610
31723,63446,95169,126892,158615
31724,63448,95172,126896,158620
31725,63450,95175,126900,158625
31726,63452,95178,126904,158630
31727,63454,95181,126908,158635
31728,63456,95184,126912,158640
31729,63458,95187,126916,158645
31730,63460,95190,126920,158650
31731,63462,95193,126924,158655
31732,63464,95196,126928,158660
31733,63466,95199,126932,158665
31734,63468,95202,126936,158670
31735,63470,95205,126940,158675
31736,63472,95208,126944,158680
31737,63474,95211,126948,158685
31738,63476,95214,126952,158690
31739,63478,95217,126956,158695
31740,63480,95220,126960,158700
31741,63482,95223,126964,158705
31742,63484,95226,126968,158710
31743,63486,95229,126972,158715
31744,63488,95232,126976,158720
31745,63490,95235,126980,158725
31746,63492,95238,126984,158730
31747,63494,95241,126988,158735
31748,63496,95244,126992,158740
31749,63498,95247,126996,158745
31750,63500,95250,127000,158750
31751,63502,95253,127004,158755
31752,63504,95256,127008,158760
31753,63506,95259,127012,158765
31754,63508,95262,127016,158770
31755,63510,95265,127020,158775
31756,63512,95268,127024,158780
31757,63514,95271,127028,158785
31758,63516,95274,127032,158790
31759,63518,95277,127036,158795
31760,63520,95280,127040,158800
31761,63522,95283,127044,158805
31762,63524,95286,127048,158810
31763,63526,95289,127052,158815
31764,63528,95292,127056,158820
31765,63530,95295,127060,158825
31766,63532,95298,127064,158830
31767,63534,95301,127068,158835
31768,63536,95304,127072,158840
31769,63538,95307,127076,158845
31770,63540,95310,127080,158850
31771,63542,95313,127084,158855
31772,63544,95316,127088,158860
31773,63546,95319,127092,158865
31774,63548,95322,127096,158870
31775,63550,95325,127100,158875
31776,63552,95328,127104,158880
31777,63554,95331,127108,158885
31778,63556,95334,127112,158890
31779,63558,95337,127116,158895
31780,63560,95340,127120,158900
31781,63562,95343,127124,158905
31782,63564,95346,127128,158910
31783,63566,95349,127132,158915
31784,63568,95352,127136,158920
31785,63570,95355,127140,158925
31786,63572,95358,127144,158930
31787,63574,95361,127148,158935
31788,63576,95364,127152,158940
31789,63578,95367,127156,158945
31790,63580,95370,127160,158950
31791,63582,95373,127164,158955
31792,63584,95376,127168,158960
31793,63586,95379,127172,158965
31794,63588,95382,127176,158970
31795,63590,95385,127180,158975
31796,63592,95388,127184,158980
31797,63594,95391,127188,158985
31798,63596,95394,127192,158990
31799,63598,95397,127196,158995
31800,63600,95400,127200,159000
31801,63602,95403,127204,159005
31802,63604,95406,127208,159010
31803,63606,95409,127212,159015
31804,63608,95412,127216,159020
31805,63610,95415,127220,159025
31806,63612,95418,127224,159030
31807,63614,95421,127228,159035
31808,63616,95424,127232,159040
31809,63618,95427,127236,159045
31810,63620,95430,127240,159050
31811,63622,95433,127244,159055
31812,63624,95436,127248,159060
31813,63626,95439,127252,159065
31814,63628,95442,127256,159070
31815,63630,95445,127260,159075
31816,63632,95448,127264,159080
31817,63634,95451,127268,159085
31818,63636,95454,127272,159090
31819,63638,95457,127276,159095
31820,63640,95460,127280,159100
31821,63642,95463,127284,159105
31822,63644,95466,127288,159110
31823,63646,95469,127292,159115
31824,63648,95472,127296,159120
31825,63650,95475,127300,159125
31826,63652,95478,127304,159130
31827,63654,95481,127308,159135
31828,63656,95484,127312,159140
31829,63658,95487,127316,159145
31830,63660,95490,127320,159150
31831,63662,95493,127324,159155
31832,63664,95496,127328,159160
31833,63666,95499,127332,159165
31834,63668,95502,127336,159170
31835,63670,95505,127340,159175
31836,63672,95508,127344,159180
31837,63674,95511,127348,159185
31838,63676,95514,127352,159190
31839,63678,95517,127356,159195
31840,63680,95520,127360,159200
31841,63682,95523,127364,159205
31842,63684,95526,127368,159210
31843,63686,95529,127372,159215
31844,63688,95532,127376,159220
31845,63690,95535,127380,159225
31846,63692,95538,127384,159230
31847,63694,95541,127388,159235
31848,63696,95544,127392,159240
31849,63698,95547,127396,159245
31850,63700,95550,127400,159250
31851,63702,95553,127404,159255
31852,63704,95556,127408,159260
31853,63706,95559,127412,159265
31854,63708,95562,127416,159270
31855,63710,95565,127420,159275
31856,63712,95568,127424,159280
31857,63714,95571,127428,159285
31858,63716,95574,127432,159290
31859,63718,95577,127436,159295
31860,63720,95580,127440,159300
31861,63722,95583,127444,159305
31862,63724,95586,127448,159310
31863,63726,95589,127452,159315
31864,63728,95592,127456,159320
31865,63730,95595,127460,159325
31866,63732,95598,127464,159330
31867,63734,95601,127468,159335
31868,63736,95604,127472,159340
31869,63738,95607,127476,159345
31870,63740,95610,127480,159350
31871,63742,95613,127484,159355
31872,63744,95616,127488,159360
31873,63746,95619,127492,159365
31874,63748,95622,127496,159370
31875,63750,95625,127500,159375
31876,63752,95628,127504,159380
31877,63754,95631,127508,159385
31878,63756,95634,127512,159390
31879,63758,95637,127516,159395
31880,63760,95640,127520,159400
31881,63762,95643,127524,159405
31882,63764,95646,127528,159410
31883,63766,95649,127532,159415
31884,63768,95652,127536,159420
31885,63770,95655,127540,159425
31886,63772,95658,127544,159430
31887,63774,95661,127548,159435
31888,63776,95664,127552,159440
31889,63778,95667,127556,159445
31890,63780,95670,127560,159450
31891,63782,95673,127564,159455
31892,63784,95676,127568,159460
31893,63786,95679,127572,159465
31894,63788,95682,127576,159470
31895,63790,95685,127580,159475
31896,63792,95688,127584,159480
31897,63794,95691,127588,159485
31898,63796,95694,127592,159490
31899,63798,95697,127596,159495
31900,63800,95700,127600,159500
31901,63802,95703,127604,159505
31902,63804,95706,127608,159510
31903,63806,95709,127612,159515
31904,63808,95712,127616,159520
31905,63810,95715,127620,159525
31906,63812,95718,127624,159530
31907,63814,95721,127628,159535
31908,63816,95724,127632,159540
31909,63818,95727,127636,159545
31910,63820,95730,127640,159550
31911,63822,95733,127644,159555
31912,63824,95736,127648,159560
31913,63826,95739,127652,159565
31914,63828,95742,127656,159570
31915,63830,95745,127660,159575
31916,63832,95748,127664,159580
31917,63834,95751,127668,159585
31918,63836,95754,127672,159590
31919,63838,95757,127676,159595
31920,63840,95760,127680,159600
31921,63842,95763,127684,159605
31922,63844,95766,127688,159610
31923,63846,95769,127692,159615
31924,63848,95772,127696,159620
31925,63850,95775,127700,159625
31926,63852,95778,127704,159630
31927,63854,95781,127708,159635
31928,63856,95784,127712,159640
31929,63858,95787,127716,159645
31930,63860,95790,127720,159650
31931,63862,95793,127724,159655
31932,63864,95796,127728,159660
31933,63866,95799,127732,159665
31934,63868,95802,127736,159670
31935,63870,95805,127740,159675
31936,63872,95808,127744,159680
31937,63874,95811,127748,159685
31938,63876,95814,127752,159690
31939,63878,95817,127756,159695
31940,63880,95820,127760,159700
31941,63882,95823,127764,159705
31942,63884,95826,127768,159710
31943,63886,95829,127772,159715
31944,63888,95832,127776,159720
31945,63890,95835,127780,159725
31946,63892,95838,127784,159730
31947,63894,95841,127788,159735
31948,63896,95844,127792,159740
31949,63898,95847,127796,159745
31950,63900,95850,127800,159750
31951,63902,95853,127804,159755
31952,63904,95856,127808,159760
31953,63906,95859,127812,159765
31954,63908,95862,127816,159770
31955,63910,95865,127820,159775
31956,63912,95868,127824,159780
31957,63914,95871,127828,159785
31958,63916,95874,127832,159790
31959,63918,95877,127836,159795
31960,63920,95880,127840,159800
31961,63922,95883,127844,159805
31962,63924,95886,127848,159810
31963,63926,95889,127852,159815
31964,63928,95892,127856,159820
31965,63930,95895,127860,159825
31966,63932,95898,127864,159830
31967,63934,95901,127868,159835
31968,63936,95904,127872,159840
31969,63938,95907,127876,159845
31970,63940,95910,127880,159850
31971,63942,95913,127884,159855
31972,63944,95916,127888,159860
31973,63946,95919,127892,159865
31974,63948,95922,127896,159870
31975,63950,95925,127900,159875
31976,63952,95928,127904,159880
31977,63954,95931,127908,159885
31978,63956,95934,127912,159890
31979,63958,95937,127916,159895
31980,63960,95940,127920,159900
31981,63962,95943,127924,159905
31982,63964,95946,127928,159910
31983,63966,95949,127932,159915
31984,63968,95952,127936,159920
31985,63970,95955,127940,159925
31986,63972,95958,127944,159930
31987,63974,95961,127948,159935
31988,63976,95964,127952,159940
31989,63978,95967,127956,159945
31990,63980,95970,127960,159950
31991,63982,95973,127964,159955
31992,63984,95976,127968,159960
31993,63986,95979,127972,159965
31994,63988,95982,127976,159970
31995,63990,95985,127980,159975
31996,63992,95988,127984,159980
31997,63994,95991,127988,159985
31998,63996,95994,127992,159990
31999,63998,95997,127996,159995
32000,64000,96000,128000,160000
32001,64002,96003,128004,160005
32002,64004,96006,128008,160010
32003,64006,96009,128012,160015
32004,64008,96012,128016,160020
32005,64010,96015,128020,160025
32006,64012,96018,128024,160030
32007,64014,96021,128028,160035
32008,64016,96024,128032,160040
32009,64018,96027,128036,160045
32010,64020,96030,128040,160050
32011,64022,96033,128044,160055
32012,64024,96036,128048,160060
32013,64026,96039,128052,160065
32014,64028,96042,128056,160070
32015,64030,96045,128060,160075
32016,64032,96048,128064,160080
32017,64034,96051,128068,160085
32018,64036,96054,128072,160090
32019,64038,96057,128076,160095
32020,64040,96060,128080,160100
32021,64042,96063,128084,160105
32022,64044,96066,128088,160110
32023,64046,96069,128092,160115
32024,64048,96072,128096,160120
32025,64050,96075,128100,160125
32026,64052,96078,128104,160130
32027,64054,96081,128108,160135
32028,64056,96084,128112,160140
32029,64058,96087,128116,160145
32030,64060,96090,128120,160150
32031,64062,96093,128124,160155
32032,64064,96096,128128,160160
32033,64066,96099,128132,160165
32034,64068,96102,128136,160170
32035,64070,96105,128140,160175
32036,64072,96108,128144,160180
32037,64074,96111,128148,160185
32038,64076,96114,128152,160190
32039,64078,96117,128156,160195
32040,64080,96120,128160,160200
32041,64082,96123,128164,160205
32042,64084,96126,128168,160210
32043,64086,96129,128172,160215
32044,64088,96132,128176,160220
32045,64090,96135,128180,160225
32046,64092,96138,128184,160230
32047,64094,96141,128188,160235
32048,64096,96144,128192,160240
32049,64098,96147,128196,160245
32050,64100,96150,128200,160250
32051,64102,96153,128204,160255
32052,64104,96156,128208,160260
32053,64106,96159,128212,160265
32054,64108,96162,128216,160270
32055,64110,96165,128220,160275
32056,64112,96168,128224,160280
32057,64114,96171,128228,160285
32058,64116,96174,128232,160290
32059,64118,96177,128236,160295
32060,64120,96180,128240,160300
32061,64122,96183,128244,160305
32062,64124,96186,128248,160310
32063,64126,96189,128252,160315
32064,64128,96192,128256,160320
32065,64130,96195,128260,160325
32066,64132,96198,128264,160330
32067,64134,96201,128268,160335
32068,64136,96204,128272,160340
32069,64138,96207,128276,160345
32070,64140,96210,128280,160350
32071,64142,96213,128284,160355
32072,64144,96216,128288,160360
32073,64146,96219,128292,160365
32074,64148,96222,128296,160370
32075,64150,96225,128300,160375
32076,64152,96228,128304,160380
32077,64154,96231,128308,160385
32078,64156,96234,128312,160390
32079,64158,96237,128316,160395
32080,64160,96240,128320,160400
32081,64162,96243,128324,160405
32082,64164,96246,128328,160410
32083,64166,96249,128332,160415
32084,64168,96252,128336,160420
32085,64170,96255,128340,160425
32086,64172,96258,128344,160430
32087,64174,96261,128348,160435
32088,64176,96264,128352,160440
32089,64178,96267,128356,160445
32090,64180,96270,128360,160450
32091,64182,96273,128364,160455
32092,64184,96276,128368,160460
32093,64186,96279,128372,160465
32094,64188,96282,128376,160470
32095,64190,96285,128380,160475
32096,64192,96288,128384,160480
32097,64194,96291,128388,160485
32098,64196,96294,128392,160490
32099,64198,96297,128396,160495
32100,64200,96300,128400,160500
32101,64202,96303,128404,160505
32102,64204,96306,128408,160510
32103,64206,96309,128412,160515
32104,64208,96312,128416,160520
32105,64210,96315,128420,160525
32106,64212,96318,128424,160530
32107,64214,96321,128428,160535
32108,64216,96324,128432,160540
32109,64218,96327,128436,160545
32110,64220,96330,128440,160550
32111,64222,96333,128444,160555
32112,64224,96336,128448,160560
32113,64226,96339,128452,160565
32114,64228,96342,128456,160570
32115,64230,96345,128460,160575
32116,64232,96348,128464,160580
32117,64234,96351,128468,160585
32118,64236,96354,128472,160590
32119,64238,96357,128476,160595
32120,64240,96360,128480,160600
32121,64242,96363,128484,160605
32122,64244,96366,128488,160610
32123,64246,96369,128492,160615
32124,64248,96372,128496,160620
32125,64250,96375,128500,160625
32126,64252,96378,128504,160630
32127,64254,96381,128508,160635
32128,64256,96384,128512,160640
32129,64258,96387,128516,160645
32130,64260,96390,128520,160650
32131,64262,96393,128524,160655
32132,64264,96396,128528,160660
32133,64266,96399,128532,160665
32134,64268,96402,128536,160670
32135,64270,96405,128540,160675
32136,64272,96408,128544,160680
32137,64274,96411,128548,160685
32138,64276,96414,128552,160690
32139,64278,96417,128556,160695
32140,64280,96420,128560,160700
32141,64282,96423,128564,160705
32142,64284,96426,128568,160710
32143,64286,96429,128572,160715
32144,64288,96432,128576,160720
32145,64290,96435,128580,160725
32146,64292,96438,128584,160730
32147,64294,96441,128588,160735
32148,64296,96444,128592,160740
32149,64298,96447,128596,160745
32150,64300,96450,128600,160750
32151,64302,96453,128604,160755
32152,64304,96456,128608,160760
32153,64306,96459,128612,160765
32154,64308,96462,128616,160770
32155,64310,96465,128620,160775
32156,64312,96468,128624,160780
32157,64314,96471,128628,160785
32158,64316,96474,128632,160790
32159,64318,96477,128636,160795
32160,64320,96480,128640,160800
32161,64322,96483,128644,160805
32162,64324,96486,128648,160810
32163,64326,96489,128652,160815
32164,64328,96492,128656,160820
32165,64330,96495,128660,160825
32166,64332,96498,128664,160830
32167,64334,96501,128668,160835
32168,64336,96504,128672,160840
32169,64338,96507,128676,160845
32170,64340,96510,128680,160850
32171,64342,96513,128684,160855
32172,64344,96516,128688,160860
32173,64346,96519,128692,160865
32174,64348,96522,128696,160870
32175,64350,96525,128700,160875
32176,64352,96528,128704,160880
32177,64354,96531,128708,160885
32178,64356,96534,128712,160890
32179,64358,96537,128716,160895
32180,64360,96540,128720,160900
32181,64362,96543,128724,160905
32182,64364,96546,128728,160910
32183,64366,96549,128732,160915
32184,64368,96552,128736,160920
32185,64370,96555,128740,160925
32186,64372,96558,128744,160930
32187,64374,96561,128748,160935
32188,64376,96564,128752,160940
32189,64378,96567,128756,160945
32190,64380,96570,128760,160950
32191,64382,96573,128764,160955
32192,64384,96576,128768,160960
32193,64386,96579,128772,160965
32194,64388,96582,128776,160970
32195,64390,96585,128780,160975
32196,64392,96588,128784,160980
32197,64394,96591,128788,160985
32198,64396,96594,128792,160990
32199,64398,96597,128796,160995
32200,64400,96600,128800,161000
32201,64402,96603,128804,161005
32202,64404,96606,128808,161010
32203,64406,96609,128812,161015
32204,64408,96612,128816,161020
32205,64410,96615,128820,161025
32206,64412,96618,128824,161030
32207,64414,96621,128828,161035
32208,64416,96624,128832,161040
32209,64418,96627,128836,161045
32210,64420,96630,128840,161050
32211,64422,96633,128844,161055
32212,64424,96636,128848,161060
32213,64426,96639,128852,161065
32214,64428,96642,128856,161070
32215,64430,96645,128860,161075
32216,64432,96648,128864,161080
32217,64434,96651,128868,161085
32218,64436,96654,128872,161090
32219,64438,96657,128876,161095
32220,64440,96660,128880,161100
32221,64442,96663,128884,161105
32222,64444,96666,128888,161110
32223,64446,96669,128892,161115
32224,64448,96672,128896,161120
32225,64450,96675,128900,161125
32226,64452,96678,128904,161130
32227,64454,96681,128908,161135
32228,64456,96684,128912,161140
32229,64458,96687,128916,161145
32230,64460,96690,128920,161150
32231,64462,96693,128924,161155
32232,64464,96696,128928,161160
32233,64466,96699,128932,161165
32234,64468,96702,128936,161170
32235,64470,96705,128940,161175
32236,64472,96708,128944,161180
32237,64474,96711,128948,161185
32238,64476,96714,128952,161190
32239,64478,96717,128956,161195
32240,64480,96720,128960,161200
32241,64482,96723,128964,161205
32242,64484,96726,128968,161210
32243,64486,96729,128972,161215
32244,64488,96732,128976,161220
32245,64490,96735,128980,161225
32246,64492,96738,128984,161230
32247,64494,96741,128988,161235
32248,64496,96744,128992,161240
32249,64498,96747,128996,161245
32250,64500,96750,129000,161250
32251,64502,96753,129004,161255
32252,64504,96756,129008,161260
32253,64506,96759,129012,161265
32254,64508,96762,129016,161270
32255,64510,96765,129020,161275
32256,64512,96768,129024,161280
32257,64514,96771,129028,161285
32258,64516,96774,129032,161290
32259,64518,96777,129036,161295
32260,64520,96780,129040,161300
32261,64522,96783,129044,161305
32262,64524,96786,129048,161310
32263,64526,96789,129052,161315
32264,64528,96792,129056,161320
32265,64530,96795,129060,161325
32266,64532,96798,129064,161330
32267,64534,96801,129068,161335
32268,64536,96804,129072,161340
32269,64538,96807,129076,161345
32270,64540,96810,129080,161350
32271,64542,96813,129084,161355
32272,64544,96816,129088,161360
32273,64546,96819,129092,161365
32274,64548,96822,129096,161370
32275,64550,96825,129100,161375
32276,64552,96828,129104,161380
32277,64554,96831,129108,161385
32278,64556,96834,129112,161390
32279,64558,96837,129116,161395
32280,64560,96840,129120,161400
32281,64562,96843,129124,161405
32282,64564,96846,129128,161410
32283,64566,96849,129132,161415
32284,64568,96852,129136,161420
32285,64570,96855,129140,161425
32286,64572,96858,129144,161430
32287,64574,96861,129148,161435
32288,64576,96864,129152,161440
32289,64578,96867,129156,161445
32290,64580,96870,129160,161450
32291,64582,96873,129164,161455
32292,64584,96876,129168,161460
32293,64586,96879,129172,161465
32294,64588,96882,129176,161470
32295,64590,96885,129180,161475
32296,64592,96888,129184,161480
32297,64594,96891,129188,161485
32298,64596,96894,129192,161490
32299,64598,96897,129196,161495
32300,64600,96900,129200,161500
32301,64602,96903,129204,161505
32302,64604,96906,129208,161510
32303,64606,96909,129212,161515
32304,64608,96912,129216,161520
32305,64610,96915,129220,161525
32306,64612,96918,129224,161530
32307,64614,96921,129228,161535
32308,64616,96924,129232,161540
32309,64618,96927,129236,161545
32310,64620,96930,129240,161550
32311,64622,96933,129244,161555
32312,64624,96936,129248,161560
32313,64626,96939,129252,161565
32314,64628,96942,129256,161570
32315,64630,96945,129260,161575
32316,64632,96948,129264,161580
32317,64634,96951,129268,161585
32318,64636,96954,129272,161590
32319,64638,96957,129276,161595
32320,64640,96960,129280,161600
32321,64642,96963,129284,161605
32322,64644,96966,129288,161610
32323,64646,96969,129292,161615
32324,64648,96972,129296,161620
32325,64650,96975,129300,161625
32326,64652,96978,129304,161630
32327,64654,96981,129308,161635
32328,64656,96984,129312,161640
32329,64658,96987,129316,161645
32330,64660,96990,129320,161650
32331,64662,96993,129324,161655
32332,64664,96996,129328,161660
32333,64666,96999,129332,161665
32334,64668,97002,129336,161670
32335,64670,97005,129340,161675
32336,64672,97008,129344,161680
32337,64674,97011,129348,161685
32338,64676,97014,129352,161690
32339,64678,97017,129356,161695
32340,64680,97020,129360,161700
32341,64682,97023,129364,161705
32342,64684,97026,129368,161710
32343,64686,97029,129372,161715
32344,64688,97032,129376,161720
32345,64690,97035,129380,161725
32346,64692,97038,129384,161730
32347,64694,97041,129388,161735
32348,64696,97044,129392,161740
32349,64698,97047,129396,161745
32350,64700,97050,129400,161750
32351,64702,97053,129404,161755
32352,64704,97056,129408,161760
32353,64706,97059,129412,161765
32354,64708,97062,129416,161770
32355,64710,97065,129420,161775
32356,64712,97068,129424,161780
32357,64714,97071,129428,161785
32358,64716,97074,129432,161790
32359,64718,97077,129436,161795
32360,64720,97080,129440,161800
32361,64722,97083,129444,161805
32362,64724,97086,129448,161810
32363,64726,97089,129452,161815
32364,64728,97092,129456,161820
32365,64730,97095,129460,161825
32366,64732,97098,129464,161830
32367,64734,97101,129468,161835
32368,64736,97104,129472,161840
32369,64738,97107,129476,161845
32370,64740,97110,129480,161850
32371,64742,97113,129484,161855
32372,64744,97116,129488,161860
32373,64746,97119,129492,161865
32374,64748,97122,129496,161870
32375,64750,97125,129500,161875
32376,64752,97128,129504,161880
32377,64754,97131,129508,161885
32378,64756,97134,129512,161890
32379,64758,97137,129516,161895
32380,64760,97140,129520,161900
32381,64762,97143,129524,161905
32382,64764,97146,129528,161910
32383,64766,97149,129532,161915
32384,64768,97152,129536,161920
32385,64770,97155,129540,161925
32386,64772,97158,129544,161930
32387,64774,97161,129548,161935
32388,64776,97164,129552,161940
32389,64778,97167,129556,161945
32390,64780,97170,129560,161950
32391,64782,97173,129564,161955
32392,64784,97176,129568,161960
32393,64786,97179,129572,161965
32394,64788,97182,129576,161970
32395,64790,97185,129580,161975
32396,64792,97188,129584,161980
32397,64794,97191,129588,161985
32398,64796,97194,129592,161990
32399,64798,97197,129596,161995
32400,64800,97200,129600,162000
32401,64802,97203,129604,162005
32402,64804,97206,129608,162010
32403,64806,97209,129612,162015
32404,64808,97212,129616,162020
32405,64810,97215,129620,162025
32406,64812,97218,129624,162030
32407,64814,97221,129628,162035
32408,64816,97224,129632,162040
32409,64818,97227,129636,162045
32410,64820,97230,129640,162050
32411,64822,97233,129644,162055
32412,64824,97236,129648,162060
32413,64826,97239,129652,162065
32414,64828,97242,129656,162070
32415,64830,97245,129660,162075
32416,64832,97248,129664,162080
32417,64834,97251,129668,162085
32418,64836,97254,129672,162090
32419,64838,97257,129676,162095
32420,64840,97260,129680,162100
32421,64842,97263,129684,162105
32422,64844,97266,129688,162110
32423,64846,97269,129692,162115
32424,64848,97272,129696,162120
32425,64850,97275,129700,162125
32426,64852,97278,129704,162130
32427,64854,97281,129708,162135
32428,64856,97284,129712,162140
32429,64858,97287,129716,162145
32430,64860,97290,129720,162150
32431,64862,97293,129724,162155
32432,64864,97296,129728,162160
32433,64866,97299,129732,162165
32434,64868,97302,129736,162170
32435,64870,97305,129740,162175
32436,64872,97308,129744,162180
32437,64874,97311,129748,162185
32438,64876,97314,129752,162190
32439,64878,97317,129756,162195
32440,64880,97320,129760,162200
32441,64882,97323,129764,162205
32442,64884,97326,129768,162210
32443,64886,97329,129772,162215
32444,64888,97332,129776,162220
32445,64890,97335,129780,162225
32446,64892,97338,129784,162230
32447,64894,97341,129788,162235
32448,64896,97344,129792,162240
32449,64898,97347,129796,162245
32450,64900,97350,129800,162250
32451,64902,97353,129804,162255
32452,64904,97356,129808,162260
32453,64906,97359,129812,162265
32454,64908,97362,129816,162270
32455,64910,97365,129820,162275
32456,64912,97368,129824,162280
32457,64914,97371,129828,162285
32458,64916,97374,129832,162290
32459,64918,97377,129836,162295
32460,64920,97380,129840,162300
32461,64922,97383,129844,162305
32462,64924,97386,129848,162310
32463,64926,97389,129852,162315
32464,64928,97392,129856,162320
32465,64930,97395,129860,162325
32466,64932,97398,129864,162330
32467,64934,97401,129868,162335
32468,64936,97404,129872,162340
32469,64938,97407,129876,162345
32470,64940,97410,129880,162350
32471,64942,97413,129884,162355
32472,64944,97416,129888,162360
32473,64946,97419,129892,162365
32474,64948,97422,129896,162370
32475,64950,97425,129900,162375
32476,64952,97428,129904,162380
32477,64954,97431,129908,162385
32478,64956,97434,129912,162390
32479,64958,97437,129916,162395
32480,64960,97440,129920,162400
32481,64962,97443,129924,162405
32482,64964,97446,129928,162410
32483,64966,97449,129932,162415
32484,64968,97452,129936,162420
32485,64970,97455,129940,162425
32486,64972,97458,129944,162430
32487,64974,97461,129948,162435
32488,64976,97464,129952,162440
32489,64978,97467,129956,162445
32490,64980,97470,129960,162450
32491,64982,97473,129964,162455
32492,64984,97476,129968,162460
32493,64986,97479,129972,162465
32494,64988,97482,129976,162470
32495,64990,97485,129980,162475
32496,64992,97488,129984,162480
32497,64994,97491,129988,162485
32498,64996,97494,129992,162490
32499,64998,97497,129996,162495
32500,65000,97500,130000,162500
32501,65002,97503,130004,162505
32502,65004,97506,130008,162510
32503,65006,97509,130012,162515
32504,65008,97512,130016,162520
32505,65010,97515,130020,162525
32506,65012,97518,130024,162530
32507,65014,97521,130028,162535
32508,65016,97524,130032,162540
32509,65018,97527,130036,162545
32510,65020,97530,130040,162550
32511,65022,97533,130044,162555
32512,65024,97536,130048,162560
32513,65026,97539,130052,162565
32514,65028,97542,130056,162570
32515,65030,97545,130060,162575
32516,65032,97548,130064,162580
32517,65034,97551,130068,162585
32518,65036,97554,130072,162590
32519,65038,97557,130076,162595
32520,65040,97560,130080,162600
32521,65042,97563,130084,162605
32522,65044,97566,130088,162610
32523,65046,97569,130092,162615
32524,65048,97572,130096,162620
32525,65050,97575,130100,162625
32526,65052,97578,130104,162630
32527,65054,97581,130108,162635
32528,65056,97584,130112,162640
32529,65058,97587,130116,162645
32530,65060,97590,130120,162650
32531,65062,97593,130124,162655
32532,65064,97596,130128,162660
32533,65066,97599,130132,162665
32534,65068,97602,130136,162670
32535,65070,97605,130140,162675
32536,65072,97608,130144,162680
32537,65074,97611,130148,162685
32538,65076,97614,130152,162690
32539,65078,97617,130156,162695
32540,65080,97620,130160,162700
32541,65082,97623,130164,162705
32542,65084,97626,130168,162710
32543,65086,97629,130172,162715
32544,65088,97632,130176,162720
32545,65090,97635,130180,162725
32546,65092,97638,130184,162730
32547,65094,97641,130188,162735
32548,65096,97644,130192,162740
32549,65098,97647,130196,162745
32550,65100,97650,130200,162750
32551,65102,97653,130204,162755
32552,65104,97656,130208,162760
32553,65106,97659,130212,162765
32554,65108,97662,130216,162770
32555,65110,97665,130220,162775
32556,65112,97668,130224,162780
32557,65114,97671,130228,162785
32558,65116,97674,130232,162790
32559,65118,97677,130236,162795
32560,65120,97680,130240,162800
32561,65122,97683,130244,162805
32562,65124,97686,130248,162810
32563,65126,97689,130252,162815
32564,65128,97692,130256,162820
32565,65130,97695,130260,162825
32566,65132,97698,130264,162830
32567,65134,97701,130268,162835
32568,65136,97704,130272,162840
32569,65138,97707,130276,162845
32570,65140,97710,130280,162850
32571,65142,97713,130284,162855
32572,65144,97716,130288,162860
32573,65146,97719,130292,162865
32574,65148,97722,130296,162870
32575,65150,97725,130300,162875
32576,65152,97728,130304,162880
32577,65154,97731,130308,162885
32578,65156,97734,130312,162890
32579,65158,97737,130316,162895
32580,65160,97740,130320,162900
32581,65162,97743,130324,162905
32582,65164,97746,130328,162910
32583,65166,97749,130332,162915
32584,65168,97752,130336,162920
32585,65170,97755,130340,162925
32586,65172,97758,130344,162930
32587,65174,97761,130348,162935
32588,65176,97764,130352,162940
32589,65178,97767,130356,162945
32590,65180,97770,130360,162950
32591,65182,97773,130364,162955
32592,65184,97776,130368,162960
32593,65186,97779,130372,162965
32594,65188,97782,130376,162970
32595,65190,97785,130380,162975
32596,65192,97788,130384,162980
32597,65194,97791,130388,162985
32598,65196,97794,130392,162990
32599,65198,97797,130396,162995
32600,65200,97800,130400,163000
32601,65202,97803,130404,163005
32602,65204,97806,130408,163010
32603,65206,97809,130412,163015
32604,65208,97812,130416,163020
32605,65210,97815,130420,163025
32606,65212,97818,130424,163030
32607,65214,97821,130428,163035
32608,65216,97824,130432,163040
32609,65218,97827,130436,163045
32610,65220,97830,130440,163050
32611,65222,97833,130444,163055
32612,65224,97836,130448,163060
32613,65226,97839,130452,163065
32614,65228,97842,130456,163070
32615,65230,97845,130460,163075
32616,65232,97848,130464,163080
32617,65234,97851,130468,163085
32618,65236,97854,130472,163090
32619,65238,97857,130476,163095
32620,65240,97860,130480,163100
32621,65242,97863,130484,163105
32622,65244,97866,130488,163110
32623,65246,97869,130492,163115
32624,65248,97872,130496,163120
32625,65250,97875,130500,163125
32626,65252,97878,130504,163130
32627,65254,97881,130508,163135
32628,65256,97884,130512,163140
32629,65258,97887,130516,163145
32630,65260,97890,130520,163150
32631,65262,97893,130524,163155
32632,65264,97896,130528,163160
32633,65266,97899,130532,163165
32634,65268,97902,130536,163170
32635,65270,97905,130540,163175
32636,65272,97908,130544,163180
32637,65274,97911,130548,163185
32638,65276,97914,130552,163190
32639,65278,97917,130556,163195
32640,65280,97920,130560,163200
32641,65282,97923,130564,163205
32642,65284,97926,130568,163210
32643,65286,97929,130572,163215
32644,65288,97932,130576,163220
32645,65290,97935,130580,163225
32646,65292,97938,130584,163230
32647,65294,97941,130588,163235
32648,65296,97944,130592,163240
32649,65298,97947,130596,163245
32650,65300,97950,130600,163250
32651,65302,97953,130604,163255
32652,65304,97956,130608,163260
32653,65306,97959,130612,163265
32654,65308,97962,130616,163270
32655,65310,97965,130620,163275
32656,65312,97968,130624,163280
32657,65314,97971,130628,163285
32658,65316,97974,130632,163290
32659,65318,97977,130636,163295
32660,65320,97980,130640,163300
32661,65322,97983,130644,163305
32662,65324,97986,130648,163310
32663,65326,97989,130652,163315
32664,65328,97992,130656,163320
32665,65330,97995,130660,163325
32666,65332,97998,130664,163330
32667,65334,98001,130668,163335
32668,65336,98004,130672,163340
32669,65338,98007,130676,163345
32670,65340,98010,130680,163350
32671,65342,98013,130684,163355
32672,65344,98016,130688,163360
32673,65346,98019,130692,163365
32674,65348,98022,130696,163370
32675,65350,98025,130700,163375
32676,65352,98028,130704,163380
32677,65354,98031,130708,163385
32678,65356,98034,130712,163390
32679,65358,98037,130716,163395
32680,65360,98040,130720,163400
32681,65362,98043,130724,163405
32682,65364,98046,130728,163410
32683,65366,98049,130732,163415
32684,65368,98052,130736,163420
32685,65370,98055,130740,163425
32686,65372,98058,130744,163430
32687,65374,98061,130748,163435
32688,65376,98064,130752,163440
32689,65378,98067,130756,163445
32690,65380,98070,130760,163450
32691,65382,98073,130764,163455
32692,65384,98076,130768,163460
32693,65386,98079,130772,163465
32694,65388,98082,130776,163470
32695,65390,98085,130780,163475
32696,65392,98088,130784,163480
32697,65394,98091,130788,163485
32698,65396,98094,130792,163490
32699,65398,98097,130796,163495
32700,65400,98100,130800,163500
32701,65402,98103,130804,163505
32702,65404,98106,130808,163510
32703,65406,98109,130812,163515
32704,65408,98112,130816,163520
32705,65410,98115,130820,163525
32706,65412,98118,130824,163530
32707,65414,98121,130828,163535
32708,65416,98124,130832,163540
32709,65418,98127,130836,163545
32710,65420,98130,130840,163550
32711,65422,98133,130844,163555
32712,65424,98136,130848,163560
32713,65426,98139,130852,163565
32714,65428,98142,130856,163570
32715,65430,98145,130860,163575
32716,65432,98148,130864,163580
32717,65434,98151,130868,163585
32718,65436,98154,130872,163590
32719,65438,98157,130876,163595
32720,65440,98160,130880,163600
32721,65442,98163,130884,163605
32722,65444,98166,130888,163610
32723,65446,98169,130892,163615
32724,65448,98172,130896,163620
32725,65450,98175,130900,163625
32726,65452,98178,130904,163630
32727,65454,98181,130908,163635
32728,65456,98184,130912,163640
32729,65458,98187,130916,163645
32730,65460,98190,130920,163650
32731,65462,98193,130924,163655
32732,65464,98196,130928,163660
32733,65466,98199,130932,163665
32734,65468,98202,130936,163670
32735,65470,98205,130940,163675
32736,65472,98208,130944,163680
32737,65474,98211,130948,163685
32738,65476,98214,130952,163690
32739,65478,98217,130956,163695
32740,65480,98220,130960,163700
32741,65482,98223,130964,163705
32742,65484,98226,130968,163710
32743,65486,98229,130972,163715
32744,65488,98232,130976,163720
32745,65490,98235,130980,163725
32746,65492,98238,130984,163730
32747,65494,98241,130988,163735
32748,65496,98244,130992,163740
32749,65498,98247,130996,163745
32750,65500,98250,131000,163750
32751,65502,98253,131004,163755
32752,65504,98256,131008,163760
32753,65506,98259,131012,163765
32754,65508,98262,131016,163770
32755,65510,98265,131020,163775
32756,65512,98268,131024,163780
32757,65514,98271,131028,163785
32758,65516,98274,131032,163790
32759,65518,98277,131036,163795
32760,65520,98280,131040,163800
32761,65522,98283,131044,163805
32762,65524,98286,131048,163810
32763,65526,98289,131052,163815
32764,65528,98292,131056,163820
32765,65530,98295,131060,163825
32766,65532,98298,131064,163830
32767,65534,98301,131068,163835
32768,65536,98304,131072,163840
32769,65538,98307,131076,163845
32770,65540,98310,131080,163850
32771,65542,98313,131084,163855
32772,65544,98316,131088,163860
32773,65546,98319,131092,163865
32774,65548,98322,131096,163870
32775,65550,98325,131100,163875
32776,65552,98328,131104,163880
32777,65554,98331,131108,163885
32778,65556,98334,131112,163890
32779,65558,98337,131116,163895
32780,65560,98340,131120,163900
32781,65562,98343,131124,163905
32782,65564,98346,131128,163910
32783,65566,98349,131132,163915
32784,65568,98352,131136,163920
32785,65570,98355,131140,163925
32786,65572,98358,131144,163930
32787,65574,98361,131148,163935
32788,65576,98364,131152,163940
32789,65578,98367,131156,163945
32790,65580,98370,131160,163950
32791,65582,98373,131164,163955
32792,65584,98376,131168,163960
32793,65586,98379,131172,163965
32794,65588,98382,131176,163970
32795,65590,98385,131180,163975
32796,65592,98388,131184,163980
32797,65594,98391,131188,163985
32798,65596,98394,131192,163990
32799,65598,98397,131196,163995
32800,65600,98400,131200,164000
32801,65602,98403,131204,164005
32802,65604,98406,131208,164010
32803,65606,98409,131212,164015
32804,65608,98412,131216,164020
32805,65610,98415,131220,164025
32806,65612,98418,131224,164030
32807,65614,98421,131228,164035
32808,65616,98424,131232,164040
32809,65618,98427,131236,164045
32810,65620,98430,131240,164050
32811,65622,98433,131244,164055
32812,65624,98436,131248,164060
32813,65626,98439,131252,164065
32814,65628,98442,131256,164070
32815,65630,98445,131260,164075
32816,65632,98448,131264,164080
32817,65634,98451,131268,164085
32818,65636,98454,131272,164090
32819,65638,98457,131276,164095
32820,65640,98460,131280,164100
32821,65642,98463,131284,164105
32822,65644,98466,131288,164110
32823,65646,98469,131292,164115
32824,65648,98472,131296,164120
32825,65650,98475,131300,164125
32826,65652,98478,131304,164130
32827,65654,98481,131308,164135
32828,65656,98484,131312,164140
32829,65658,98487,131316,164145
32830,65660,98490,131320,164150
32831,65662,98493,131324,164155
32832,65664,98496,131328,164160
32833,65666,98499,131332,164165
32834,65668,98502,131336,164170
32835,65670,98505,131340,164175
32836,65672,98508,131344,164180
32837,65674,98511,131348,164185
32838,65676,98514,131352,164190
32839,65678,98517,131356,164195
32840,65680,98520,131360,164200
32841,65682,98523,131364,164205
32842,65684,98526,131368,164210
32843,65686,98529,131372,164215
32844,65688,98532,131376,164220
32845,65690,98535,131380,164225
32846,65692,98538,131384,164230
32847,65694,98541,131388,164235
32848,65696,98544,131392,164240
32849,65698,98547,131396,164245
32850,65700,98550,131400,164250
32851,65702,98553,131404,164255
32852,65704,98556,131408,164260
32853,65706,98559,131412,164265
32854,65708,98562,131416,164270
32855,65710,98565,131420,164275
32856,65712,98568,131424,164280
32857,65714,98571,131428,164285
32858,65716,98574,131432,164290
32859,65718,98577,131436,164295
32860,65720,98580,131440,164300
32861,65722,98583,131444,164305
32862,65724,98586,131448,164310
32863,65726,98589,131452,164315
32864,65728,98592,131456,164320
32865,65730,98595,131460,164325
32866,65732,98598,131464,164330
32867,65734,98601,131468,164335
32868,65736,98604,131472,164340
32869,65738,98607,131476,164345
32870,65740,98610,131480,164350
32871,65742,98613,131484,164355
32872,65744,98616,131488,164360
32873,65746,98619,131492,164365
32874,65748,98622,131496,164370
32875,65750,98625,131500,164375
32876,65752,98628,131504,164380
32877,65754,98631,131508,164385
32878,65756,98634,131512,164390
32879,65758,98637,131516,164395
32880,65760,98640,131520,164400
32881,65762,98643,131524,164405
32882,65764,98646,131528,164410
32883,65766,98649,131532,164415
32884,65768,98652,131536,164420
32885,65770,98655,131540,164425
32886,65772,98658,131544,164430
32887,65774,98661,131548,164435
32888,65776,98664,131552,164440
32889,65778,98667,131556,164445
32890,65780,98670,131560,164450
32891,65782,98673,131564,164455
32892,65784,98676,131568,164460
32893,65786,98679,131572,164465
32894,65788,98682,131576,164470
32895,65790,98685,131580,164475
32896,65792,98688,131584,164480
32897,65794,98691,131588,164485
32898,65796,98694,131592,164490
32899,65798,98697,131596,164495
32900,65800,98700,131600,164500
32901,65802,98703,131604,164505
32902,65804,98706,131608,164510
32903,65806,98709,131612,164515
32904,65808,98712,131616,164520
32905,65810,98715,131620,164525
32906,65812,98718,131624,164530
32907,65814,98721,131628,164535
32908,65816,98724,131632,164540
32909,65818,98727,131636,164545
32910,65820,98730,131640,164550
32911,65822,98733,131644,164555
32912,65824,98736,131648,164560
32913,65826,98739,131652,164565
32914,65828,98742,131656,164570
32915,65830,98745,131660,164575
32916,65832,98748,131664,164580
32917,65834,98751,131668,164585
32918,65836,98754,131672,164590
32919,65838,98757,131676,164595
32920,65840,98760,131680,164600
32921,65842,98763,131684,164605
32922,65844,98766,131688,164610
32923,65846,98769,131692,164615
32924,65848,98772,131696,164620
32925,65850,98775,131700,164625
32926,65852,98778,131704,164630
32927,65854,98781,131708,164635
32928,65856,98784,131712,164640
32929,65858,98787,131716,164645
32930,65860,98790,131720,164650
32931,65862,98793,131724,164655
32932,65864,98796,131728,164660
32933,65866,98799,131732,164665
32934,65868,98802,131736,164670
32935,65870,98805,131740,164675
32936,65872,98808,131744,164680
32937,65874,98811,131748,164685
32938,65876,98814,131752,164690
32939,65878,98817,131756,164695
32940,65880,98820,131760,164700
32941,65882,98823,131764,164705
32942,65884,98826,131768,164710
32943,65886,98829,131772,164715
32944,65888,98832,131776,164720
32945,65890,98835,131780,164725
32946,65892,98838,131784,164730
32947,65894,98841,131788,164735
32948,65896,98844,131792,164740
32949,65898,98847,131796,164745
32950,65900,98850,131800,164750
32951,65902,98853,131804,164755
32952,65904,98856,131808,164760
32953,65906,98859,131812,164765
32954,65908,98862,131816,164770
32955,65910,98865,131820,164775
32956,65912,98868,131824,164780
32957,65914,98871,131828,164785
32958,65916,98874,131832,164790
32959,65918,98877,131836,164795
32960,65920,98880,131840,164800
32961,65922,98883,131844,164805
32962,65924,98886,131848,164810
32963,65926,98889,131852,164815
32964,65928,98892,131856,164820
32965,65930,98895,131860,164825
32966,65932,98898,131864,164830
32967,65934,98901,131868,164835
32968,65936,98904,131872,164840
32969,65938,98907,131876,164845
32970,65940,98910,131880,164850
32971,65942,98913,131884,164855
32972,65944,98916,131888,164860
32973,65946,98919,131892,164865
32974,65948,98922,131896,164870
32975,65950,98925,131900,164875
32976,65952,98928,131904,164880
32977,65954,98931,131908,164885
32978,65956,98934,131912,164890
32979,65958,98937,131916,164895
32980,65960,98940,131920,164900
32981,65962,98943,131924,164905
32982,65964,98946,131928,164910
32983,65966,98949,131932,164915
32984,65968,98952,131936,164920
32985,65970,98955,131940,164925
32986,65972,98958,131944,164930
32987,65974,98961,131948,164935
32988,65976,98964,131952,164940
32989,65978,98967,131956,164945
32990,65980,98970,131960,164950
32991,65982,98973,131964,164955
32992,65984,98976,131968,164960
32993,65986,98979,131972,164965
32994,65988,98982,131976,164970
32995,65990,98985,131980,164975
32996,65992,98988,131984,164980
32997,65994,98991,131988,164985
32998,65996,98994,131992,164990
32999,65998,98997,131996,164995
33000,66000,99000,132000,165000
33001,66002,99003,132004,165005
33002,66004,99006,132008,165010
33003,66006,99009,132012,165015
33004,66008,99012,132016,165020
33005,66010,99015,132020,165025
33006,66012,99018,132024,165030
33007,66014,99021,132028,165035
33008,66016,99024,132032,165040
33009,66018,99027,132036,165045
33010,66020,99030,132040,165050
33011,66022,99033,132044,165055
33012,66024,99036,132048,165060
33013,66026,99039,132052,165065
33014,66028,99042,132056,165070
33015,66030,99045,132060,165075
33016,66032,99048,132064,165080
33017,66034,99051,132068,165085
33018,66036,99054,132072,165090
33019,66038,99057,132076,165095
33020,66040,99060,132080,165100
33021,66042,99063,132084,165105
33022,66044,99066,132088,165110
33023,66046,99069,132092,165115
33024,66048,99072,132096,165120
33025,66050,99075,132100,165125
33026,66052,99078,132104,165130
33027,66054,99081,132108,165135
33028,66056,99084,132112,165140
33029,66058,99087,132116,165145
33030,66060,99090,132120,165150
33031,66062,99093,132124,165155
33032,66064,99096,132128,165160
33033,66066,99099,132132,165165
33034,66068,99102,132136,165170
33035,66070,99105,132140,165175
33036,66072,99108,132144,165180
33037,66074,99111,132148,165185
33038,66076,99114,132152,165190
33039,66078,99117,132156,165195
33040,66080,99120,132160,165200
33041,66082,99123,132164,165205
33042,66084,99126,132168,165210
33043,66086,99129,132172,165215
33044,66088,99132,132176,165220
33045,66090,99135,132180,165225
33046,66092,99138,132184,165230
33047,66094,99141,132188,165235
33048,66096,99144,132192,165240
33049,66098,99147,132196,165245
33050,66100,99150,132200,165250
33051,66102,99153,132204,165255
33052,66104,99156,132208,165260
33053,66106,99159,132212,165265
33054,66108,99162,132216,165270
33055,66110,99165,132220,165275
33056,66112,99168,132224,165280
33057,66114,99171,132228,165285
33058,66116,99174,132232,165290
33059,66118,99177,132236,165295
33060,66120,99180,132240,165300
33061,66122,99183,132244,165305
33062,66124,99186,132248,165310
33063,66126,99189,132252,165315
33064,66128,99192,132256,165320
33065,66130,99195,132260,165325
33066,66132,99198,132264,165330
33067,66134,99201,132268,165335
33068,66136,99204,132272,165340
33069,66138,99207,132276,165345
33070,66140,99210,132280,165350
33071,66142,99213,132284,165355
33072,66144,99216,132288,165360
33073,66146,99219,132292,165365
33074,66148,99222,132296,165370
33075,66150,99225,132300,165375
33076,66152,99228,132304,165380
33077,66154,99231,132308,165385
33078,66156,99234,132312,165390
33079,66158,99237,132316,165395
33080,66160,99240,132320,165400
33081,66162,99243,132324,165405
33082,66164,99246,132328,165410
33083,66166,99249,132332,165415
33084,66168,99252,132336,165420
33085,66170,99255,132340,165425
33086,66172,99258,132344,165430
33087,66174,99261,132348,165435
33088,66176,99264,132352,165440
33089,66178,99267,132356,165445
33090,66180,99270,132360,165450
33091,66182,99273,132364,165455
33092,66184,99276,132368,165460
33093,66186,99279,132372,165465
33094,66188,99282,132376,165470
33095,66190,99285,132380,165475
33096,66192,99288,132384,165480
33097,66194,99291,132388,165485
33098,66196,99294,132392,165490
33099,66198,99297,132396,165495
33100,66200,99300,132400,165500
33101,66202,99303,132404,165505
33102,66204,99306,132408,165510
33103,66206,99309,132412,165515
33104,66208,99312,132416,165520
33105,66210,99315,132420,165525
33106,66212,99318,132424,165530
33107,66214,99321,132428,165535
33108,66216,99324,132432,165540
33109,66218,99327,132436,165545
33110,66220,99330,132440,165550
33111,66222,99333,132444,165555
33112,66224,99336,132448,165560
33113,66226,99339,132452,165565
33114,66228,99342,132456,165570
33115,66230,99345,132460,165575
33116,66232,99348,132464,165580
33117,66234,99351,132468,165585
33118,66236,99354,132472,165590
33119,66238,99357,132476,165595
33120,66240,99360,132480,165600
33121,66242,99363,132484,165605
33122,66244,99366,132488,165610
33123,66246,99369,132492,165615
33124,66248,99372,132496,165620
33125,66250,99375,132500,165625
33126,66252,99378,132504,165630
33127,66254,99381,132508,165635
33128,66256,99384,132512,165640
33129,66258,99387,132516,165645
33130,66260,99390,132520,165650
33131,66262,99393,132524,165655
33132,66264,99396,132528,165660
33133,66266,99399,132532,165665
33134,66268,99402,132536,165670
33135,66270,99405,132540,165675
33136,66272,99408,132544,165680
33137,66274,99411,132548,165685
33138,66276,99414,132552,165690
33139,66278,99417,132556,165695
33140,66280,99420,132560,165700
33141,66282,99423,132564,165705
33142,66284,99426,132568,165710
33143,66286,99429,132572,165715
33144,66288,99432,132576,165720
33145,66290,99435,132580,165725
33146,66292,99438,132584,165730
33147,66294,99441,132588,165735
33148,66296,99444,132592,165740
33149,66298,99447,132596,165745
33150,66300,99450,132600,165750
33151,66302,99453,132604,165755
33152,66304,99456,132608,165760
33153,66306,99459,132612,165765
33154,66308,99462,132616,165770
33155,66310,99465,132620,165775
33156,66312,99468,132624,165780
33157,66314,99471,132628,165785
33158,66316,99474,132632,165790
33159,66318,99477,132636,165795
33160,66320,99480,132640,165800
33161,66322,99483,132644,165805
33162,66324,99486,132648,165810
33163,66326,99489,132652,165815
33164,66328,99492,132656,165820
33165,66330,99495,132660,165825
33166,66332,99498,132664,165830
33167,66334,99501,132668,165835
33168,66336,99504,132672,165840
33169,66338,99507,132676,165845
33170,66340,99510,132680,165850
33171,66342,99513,132684,165855
33172,66344,99516,132688,165860
33173,66346,99519,132692,165865
33174,66348,99522,132696,165870
33175,66350,99525,132700,165875
33176,66352,99528,132704,165880
33177,66354,99531,132708,165885
33178,66356,99534,132712,165890
33179,66358,99537,132716,165895
33180,66360,99540,132720,165900
33181,66362,99543,132724,165905
33182,66364,99546,132728,165910
33183,66366,99549,132732,165915
33184,66368,99552,132736,165920
33185,66370,99555,132740,165925
33186,66372,99558,132744,165930
33187,66374,99561,132748,165935
33188,66376,99564,132752,165940
33189,66378,99567,132756,165945
33190,66380,99570,132760,165950
33191,66382,99573,132764,165955
33192,66384,99576,132768,165960
33193,66386,99579,132772,165965
33194,66388,99582,132776,165970
33195,66390,99585,132780,165975
33196,66392,99588,132784,165980
33197,66394,99591,132788,165985
33198,66396,99594,132792,165990
33199,66398,99597,132796,165995
33200,66400,99600,132800,166000
33201,66402,99603,132804,166005
33202,66404,99606,132808,166010
33203,66406,99609,132812,166015
33204,66408,99612,132816,166020
33205,66410,99615,132820,166025
33206,66412,99618,132824,166030
33207,66414,99621,132828,166035
33208,66416,99624,132832,166040
33209,66418,99627,132836,166045
33210,66420,99630,132840,166050
33211,66422,99633,132844,166055
33212,66424,99636,132848,166060
33213,66426,99639,132852,166065
33214,66428,99642,132856,166070
33215,66430,99645,132860,166075
33216,66432,99648,132864,166080
33217,66434,99651,132868,166085
33218,66436,99654,132872,166090
33219,66438,99657,132876,166095
33220,66440,99660,132880,166100
33221,66442,99663,132884,166105
33222,66444,99666,132888,166110
33223,66446,99669,132892,166115
33224,66448,99672,132896,166120
33225,66450,99675,132900,166125
33226,66452,99678,132904,166130
33227,66454,99681,132908,166135
33228,66456,99684,132912,166140
33229,66458,99687,132916,166145
33230,66460,99690,132920,166150
33231,66462,99693,132924,166155
33232,66464,99696,132928,166160
33233,66466,99699,132932,166165
33234,66468,99702,132936,166170
33235,66470,99705,132940,166175
33236,66472,99708,132944,166180
33237,66474,99711,132948,166185
33238,66476,99714,132952,166190
33239,66478,99717,132956,166195
33240,66480,99720,132960,166200
33241,66482,99723,132964,166205
33242,66484,99726,132968,166210
33243,66486,99729,132972,166215
33244,66488,99732,132976,166220
33245,66490,99735,132980,166225
33246,66492,99738,132984,166230
33247,66494,99741,132988,166235
33248,66496,99744,132992,166240
33249,66498,99747,132996,166245
33250,66500,99750,133000,166250
33251,66502,99753,133004,166255
33252,66504,99756,133008,166260
33253,66506,99759,133012,166265
33254,66508,99762,133016,166270
33255,66510,99765,133020,166275
33256,66512,99768,133024,166280
33257,66514,99771,133028,166285
33258,66516,99774,133032,166290
33259,66518,99777,133036,166295
33260,66520,99780,133040,166300
33261,66522,99783,133044,166305
33262,66524,99786,133048,166310
33263,66526,99789,133052,166315
33264,66528,99792,133056,166320
33265,66530,99795,133060,166325
33266,66532,99798,133064,166330
33267,66534,99801,133068,166335
33268,66536,99804,133072,166340
33269,66538,99807,133076,166345
33270,66540,99810,133080,166350
33271,66542,99813,133084,166355
33272,66544,99816,133088,166360
33273,66546,99819,133092,166365
33274,66548,99822,133096,166370
33275,66550,99825,133100,166375
33276,66552,99828,133104,166380
33277,66554,99831,133108,166385
33278,66556,99834,133112,166390
33279,66558,99837,133116,166395
33280,66560,99840,133120,166400
33281,66562,99843,133124,166405
33282,66564,99846,133128,166410
33283,66566,99849,133132,166415
33284,66568,99852,133136,166420
33285,66570,99855,133140,166425
33286,66572,99858,133144,166430
33287,66574,99861,133148,166435
33288,66576,99864,133152,166440
33289,66578,99867,133156,166445
33290,66580,99870,133160,166450
33291,66582,99873,133164,166455
33292,66584,99876,133168,166460
33293,66586,99879,133172,166465
33294,66588,99882,133176,166470
33295,66590,99885,133180,166475
33296,66592,99888,133184,166480
33297,66594,99891,133188,166485
33298,66596,99894,133192,166490
33299,66598,99897,133196,166495
33300,66600,99900,133200,166500
33301,66602,99903,133204,166505
33302,66604,99906,133208,166510
33303,66606,99909,133212,166515
33304,66608,99912,133216,166520
33305,66610,99915,133220,166525
33306,66612,99918,133224,166530
33307,66614,99921,133228,166535
33308,66616,99924,133232,166540
33309,66618,99927,133236,166545
33310,66620,99930,133240,166550
33311,66622,99933,133244,166555
33312,66624,99936,133248,166560
33313,66626,99939,133252,166565
33314,66628,99942,133256,166570
33315,66630,99945,133260,166575
33316,66632,99948,133264,166580
33317,66634,99951,133268,166585
33318,66636,99954,133272,166590
33319,66638,99957,133276,166595
33320,66640,99960,133280,166600
33321,66642,99963,133284,166605
33322,66644,99966,133288,166610
33323,66646,99969,133292,166615
33324,66648,99972,133296,166620
33325,66650,99975,133300,166625
33326,66652,99978,133304,166630
33327,66654,99981,133308,166635
33328,66656,99984,133312,166640
33329,66658,99987,133316,166645
33330,66660,99990,133320,166650
33331,66662,99993,133324,166655
33332,66664,99996,133328,166660
33333,66666,99999,133332,166665
33334,66668,100002,133336,166670
33335,66670,100005,133340,166675
33336,66672,100008,133344,166680
33337,66674,100011,133348,166685
33338,66676,100014,133352,166690
33339,66678,100017,133356,166695
33340,66680,100020,133360,166700
33341,66682,100023,133364,166705
33342,66684,100026,133368,166710
33343,66686,100029,133372,166715
33344,66688,100032,133376,166720
33345,66690,100035,133380,166725
33346,66692,100038,133384,166730
33347,66694,100041,133388,166735
33348,66696,100044,133392,166740
33349,66698,100047,133396,166745
33350,66700,100050,133400,166750
33351,66702,100053,133404,166755
33352,66704,100056,133408,166760
33353,66706,100059,133412,166765
33354,66708,100062,133416,166770
33355,66710,100065,133420,166775
33356,66712,100068,133424,166780
33357,66714,100071,133428,166785
33358,66716,100074,133432,166790
33359,66718,100077,133436,166795
33360,66720,100080,133440,166800
33361,66722,100083,133444,166805
33362,66724,100086,133448,166810
33363,66726,100089,133452,166815
33364,66728,100092,133456,166820
33365,66730,100095,133460,166825
33366,66732,100098,133464,166830
33367,66734,100101,133468,166835
33368,66736,100104,133472,166840
33369,66738,100107,133476,166845
33370,66740,100110,133480,166850
33371,66742,100113,133484,166855
33372,66744,100116,133488,166860
33373,66746,100119,133492,166865
33374,66748,100122,133496,166870
33375,66750,100125,133500,166875
33376,66752,100128,133504,166880
33377,66754,100131,133508,166885
33378,66756,100134,133512,166890
33379,66758,100137,133516,166895
33380,66760,100140,133520,166900
33381,66762,100143,133524,166905
33382,66764,100146,133528,166910
33383,66766,100149,133532,166915
33384,66768,100152,133536,166920
33385,66770,100155,133540,166925
33386,66772,100158,133544,166930
33387,66774,100161,133548,166935
33388,66776,100164,133552,166940
33389,66778,100167,133556,166945
33390,66780,100170,133560,166950
33391,66782,100173,133564,166955
33392,66784,100176,133568,166960
33393,66786,100179,133572,166965
33394,66788,100182,133576,166970
33395,66790,100185,133580,166975
33396,66792,100188,133584,166980
33397,66794,100191,133588,166985
33398,66796,100194,133592,166990
33399,66798,100197,133596,166995
33400,66800,100200,133600,167000
33401,66802,100203,133604,167005
33402,66804,100206,133608,167010
33403,66806,100209,133612,167015
33404,66808,100212,133616,167020
33405,66810,100215,133620,167025
33406,66812,100218,133624,167030
33407,66814,100221,133628,167035
33408,66816,100224,133632,167040
33409,66818,100227,133636,167045
33410,66820,100230,133640,167050
33411,66822,100233,133644,167055
33412,66824,100236,133648,167060
33413,66826,100239,133652,167065
33414,66828,100242,133656,167070
33415,66830,100245,133660,167075
33416,66832,100248,133664,167080
33417,66834,100251,133668,167085
33418,66836,100254,133672,167090
33419,66838,100257,133676,167095
33420,66840,100260,133680,167100
33421,66842,100263,133684,167105
33422,66844,100266,133688,167110
33423,66846,100269,133692,167115
33424,66848,100272,133696,167120
33425,66850,100275,133700,167125
33426,66852,100278,133704,167130
33427,66854,100281,133708,167135
33428,66856,100284,133712,167140
33429,66858,100287,133716,167145
33430,66860,100290,133720,167150
33431,66862,100293,133724,167155
33432,66864,100296,133728,167160
33433,66866,100299,133732,167165
33434,66868,100302,133736,167170
33435,66870,100305,133740,167175
33436,66872,100308,133744,167180
33437,66874,100311,133748,167185
33438,66876,100314,133752,167190
33439,66878,100317,133756,167195
33440,66880,100320,133760,167200
33441,66882,100323,133764,167205
33442,66884,100326,133768,167210
33443,66886,100329,133772,167215
33444,66888,100332,133776,167220
33445,66890,100335,133780,167225
33446,66892,100338,133784,167230
33447,66894,100341,133788,167235
33448,66896,100344,133792,167240
33449,66898,100347,133796,167245
33450,66900,100350,133800,167250
33451,66902,100353,133804,167255
33452,66904,100356,133808,167260
33453,66906,100359,133812,167265
33454,66908,100362,133816,167270
33455,66910,100365,133820,167275
33456,66912,100368,133824,167280
33457,66914,100371,133828,167285
33458,66916,100374,133832,167290
33459,66918,100377,133836,167295
33460,66920,100380,133840,167300
33461,66922,100383,133844,167305
33462,66924,100386,133848,167310
33463,66926,100389,133852,167315
33464,66928,100392,133856,167320
33465,66930,100395,133860,167325
33466,66932,100398,133864,167330
33467,66934,100401,133868,167335
33468,66936,100404,133872,167340
33469,66938,100407,133876,167345
33470,66940,100410,133880,167350
33471,66942,100413,133884,167355
33472,66944,100416,133888,167360
33473,66946,100419,133892,167365
33474,66948,100422,133896,167370
33475,66950,100425,133900,167375
33476,66952,100428,133904,167380
33477,66954,100431,133908,167385
33478,66956,100434,133912,167390
33479,66958,100437,133916,167395
33480,66960,100440,133920,167400
33481,66962,100443,133924,167405
33482,66964,100446,133928,167410
33483,66966,100449,133932,167415
33484,66968,100452,133936,167420
33485,66970,100455,133940,167425
33486,66972,100458,133944,167430
33487,66974,100461,133948,167435
33488,66976,100464,133952,167440
33489,66978,100467,133956,167445
33490,66980,100470,133960,167450
33491,66982,100473,133964,167455
33492,66984,100476,133968,167460
33493,66986,100479,133972,167465
33494,66988,100482,133976,167470
33495,66990,100485,133980,167475
33496,66992,100488,133984,167480
33497,66994,100491,133988,167485
33498,66996,100494,133992,167490
33499,66998,100497,133996,167495
33500,67000,100500,134000,167500
33501,67002,100503,134004,167505
33502,67004,100506,134008,167510
33503,67006,100509,134012,167515
33504,67008,100512,134016,167520
33505,67010,100515,134020,167525
33506,67012,100518,134024,167530
33507,67014,100521,134028,167535
33508,67016,100524,134032,167540
33509,67018,100527,134036,167545
33510,67020,100530,134040,167550
33511,67022,100533,134044,167555
33512,67024,100536,134048,167560
33513,67026,100539,134052,167565
33514,67028,100542,134056,167570
33515,67030,100545,134060,167575
33516,67032,100548,134064,167580
33517,67034,100551,134068,167585
33518,67036,100554,134072,167590
33519,67038,100557,134076,167595
33520,67040,100560,134080,167600
33521,67042,100563,134084,167605
33522,67044,100566,134088,167610
33523,67046,100569,134092,167615
33524,67048,100572,134096,167620
33525,67050,100575,134100,167625
33526,67052,100578,134104,167630
33527,67054,100581,134108,167635
33528,67056,100584,134112,167640
33529,67058,100587,134116,167645
33530,67060,100590,134120,167650
33531,67062,100593,134124,167655
33532,67064,100596,134128,167660
33533,67066,100599,134132,167665
33534,67068,100602,134136,167670
33535,67070,100605,134140,167675
33536,67072,100608,134144,167680
33537,67074,100611,134148,167685
33538,67076,100614,134152,167690
33539,67078,100617,134156,167695
33540,67080,100620,134160,167700
33541,67082,100623,134164,167705
33542,67084,100626,134168,167710
33543,67086,100629,134172,167715
33544,67088,100632,134176,167720
33545,67090,100635,134180,167725
33546,67092,100638,134184,167730
33547,67094,100641,134188,167735
33548,67096,100644,134192,167740
33549,67098,100647,134196,167745
33550,67100,100650,134200,167750
33551,67102,100653,134204,167755
33552,67104,100656,134208,167760
33553,67106,100659,134212,167765
33554,67108,100662,134216,167770
33555,67110,100665,134220,167775
33556,67112,100668,134224,167780
33557,67114,100671,134228,167785
33558,67116,100674,134232,167790
33559,67118,100677,134236,167795
33560,67120,100680,134240,167800
33561,67122,100683,134244,167805
33562,67124,100686,134248,167810
33563,67126,100689,134252,167815
33564,67128,100692,134256,167820
33565,67130,100695,134260,167825
33566,67132,100698,134264,167830
33567,67134,100701,134268,167835
33568,67136,100704,134272,167840
33569,67138,100707,134276,167845
33570,67140,100710,134280,167850
33571,67142,100713,134284,167855
33572,67144,100716,134288,167860
33573,67146,100719,134292,167865
33574,67148,100722,134296,167870
33575,67150,100725,134300,167875
33576,67152,100728,134304,167880
33577,67154,100731,134308,167885
33578,67156,100734,134312,167890
33579,67158,100737,134316,167895
33580,67160,100740,134320,167900
33581,67162,100743,134324,167905
33582,67164,100746,134328,167910
33583,67166,100749,134332,167915
33584,67168,100752,134336,167920
33585,67170,100755,134340,167925
33586,67172,100758,134344,167930
33587,67174,100761,134348,167935
33588,67176,100764,134352,167940
33589,67178,100767,134356,167945
33590,67180,100770,134360,167950
33591,67182,100773,134364,167955
33592,67184,100776,134368,167960
33593,67186,100779,134372,167965
33594,67188,100782,134376,167970
33595,67190,100785,134380,167975
33596,67192,100788,134384,167980
33597,67194,100791,134388,167985
33598,67196,100794,134392,167990
33599,67198,100797,134396,167995
33600,67200,100800,134400,168000
33601,67202,100803,134404,168005
33602,67204,100806,134408,168010
33603,67206,100809,134412,168015
33604,67208,100812,134416,168020
33605,67210,100815,134420,168025
33606,67212,100818,134424,168030
33607,67214,100821,134428,168035
33608,67216,100824,134432,168040
33609,67218,100827,134436,168045
33610,67220,100830,134440,168050
33611,67222,100833,134444,168055
33612,67224,100836,134448,168060
33613,67226,100839,134452,168065
33614,67228,100842,134456,168070
33615,67230,100845,134460,168075
33616,67232,100848,134464,168080
33617,67234,100851,134468,168085
33618,67236,100854,134472,168090
33619,67238,100857,134476,168095
33620,67240,100860,134480,168100
33621,67242,100863,134484,168105
33622,67244,100866,134488,168110
33623,67246,100869,134492,168115
33624,67248,100872,134496,168120
33625,67250,100875,134500,168125
33626,67252,100878,134504,168130
33627,67254,100881,134508,168135
33628,67256,100884,134512,168140
33629,67258,100887,134516,168145
33630,67260,100890,134520,168150
33631,67262,100893,134524,168155
33632,67264,100896,134528,168160
33633,67266,100899,134532,168165
33634,67268,100902,134536,168170
33635,67270,100905,134540,168175
33636,67272,100908,134544,168180
33637,67274,100911,134548,168185
33638,67276,100914,134552,168190
33639,67278,100917,134556,168195
33640,67280,100920,134560,168200
33641,67282,100923,134564,168205
33642,67284,100926,134568,168210
33643,67286,100929,134572,168215
33644,67288,100932,134576,168220
33645,67290,100935,134580,168225
33646,67292,100938,134584,168230
33647,67294,100941,134588,168235
33648,67296,100944,134592,168240
33649,67298,100947,134596,168245
33650,67300,100950,134600,168250
33651,67302,100953,134604,168255
33652,67304,100956,134608,168260
33653,67306,100959,134612,168265
33654,67308,100962,134616,168270
33655,67310,100965,134620,168275
33656,67312,100968,134624,168280
33657,67314,100971,134628,168285
33658,67316,100974,134632,168290
33659,67318,100977,134636,168295
33660,67320,100980,134640,168300
33661,67322,100983,134644,168305
33662,67324,100986,134648,168310
33663,67326,100989,134652,168315
33664,67328,100992,134656,168320
33665,67330,100995,134660,168325
33666,67332,100998,134664,168330
33667,67334,101001,134668,168335
33668,67336,101004,134672,168340
33669,67338,101007,134676,168345
33670,67340,101010,134680,168350
33671,67342,101013,134684,168355
33672,67344,101016,134688,168360
33673,67346,101019,134692,168365
33674,67348,101022,134696,168370
33675,67350,101025,134700,168375
33676,67352,101028,134704,168380
33677,67354,101031,134708,168385
33678,67356,101034,134712,168390
33679,67358,101037,134716,168395
33680,67360,101040,134720,168400
33681,67362,101043,134724,168405
33682,67364,101046,134728,168410
33683,67366,101049,134732,168415
33684,67368,101052,134736,168420
33685,67370,101055,134740,168425
33686,67372,101058,134744,168430
33687,67374,101061,134748,168435
33688,67376,101064,134752,168440
33689,67378,101067,134756,168445
33690,67380,101070,134760,168450
33691,67382,101073,134764,168455
33692,67384,101076,134768,168460
33693,67386,101079,134772,168465
33694,67388,101082,134776,168470
33695,67390,101085,134780,168475
33696,67392,101088,134784,168480
33697,67394,101091,134788,168485
33698,67396,101094,134792,168490
33699,67398,101097,134796,168495
33700,67400,101100,134800,168500
33701,67402,101103,134804,168505
33702,67404,101106,134808,168510
33703,67406,101109,134812,168515
33704,67408,101112,134816,168520
33705,67410,101115,134820,168525
33706,67412,101118,134824,168530
33707,67414,101121,134828,168535
33708,67416,101124,134832,168540
33709,67418,101127,134836,168545
33710,67420,101130,134840,168550
33711,67422,101133,134844,168555
33712,67424,101136,134848,168560
33713,67426,101139,134852,168565
33714,67428,101142,134856,168570
33715,67430,101145,134860,168575
33716,67432,101148,134864,168580
33717,67434,101151,134868,168585
33718,67436,101154,134872,168590
33719,67438,101157,134876,168595
33720,67440,101160,134880,168600
33721,67442,101163,134884,168605
33722,67444,101166,134888,168610
33723,67446,101169,134892,168615
33724,67448,101172,134896,168620
33725,67450,101175,134900,168625
33726,67452,101178,134904,168630
33727,67454,101181,134908,168635
33728,67456,101184,134912,168640
33729,67458,101187,134916,168645
33730,67460,101190,134920,168650
33731,67462,101193,134924,168655
33732,67464,101196,134928,168660
33733,67466,101199,134932,168665
33734,67468,101202,134936,168670
33735,67470,101205,134940,168675
33736,67472,101208,134944,168680
33737,67474,101211,134948,168685
33738,67476,101214,134952,168690
33739,67478,101217,134956,168695
33740,67480,101220,134960,168700
33741,67482,101223,134964,168705
33742,67484,101226,134968,168710
33743,67486,101229,134972,168715
33744,67488,101232,134976,168720
33745,67490,101235,134980,168725
33746,67492,101238,134984,168730
33747,67494,101241,134988,168735
33748,67496,101244,134992,168740
33749,67498,101247,134996,168745
33750,67500,101250,135000,168750
33751,67502,101253,135004,168755
33752,67504,101256,135008,168760
33753,67506,101259,135012,168765
33754,67508,101262,135016,168770
33755,67510,101265,135020,168775
33756,67512,101268,135024,168780
33757,67514,101271,135028,168785
33758,67516,101274,135032,168790
33759,67518,101277,135036,168795
33760,67520,101280,135040,168800
33761,67522,101283,135044,168805
33762,67524,101286,135048,168810
33763,67526,101289,135052,168815
33764,67528,101292,135056,168820
33765,67530,101295,135060,168825
33766,67532,101298,135064,168830
33767,67534,101301,135068,168835
33768,67536,101304,135072,168840
33769,67538,101307,135076,168845
33770,67540,101310,135080,168850
33771,67542,101313,135084,168855
33772,67544,101316,135088,168860
33773,67546,101319,135092,168865
33774,67548,101322,135096,168870
33775,67550,101325,135100,168875
33776,67552,101328,135104,168880
33777,67554,101331,135108,168885
33778,67556,101334,135112,168890
33779,67558,101337,135116,168895
33780,67560,101340,135120,168900
33781,67562,101343,135124,168905
33782,67564,101346,135128,168910
33783,67566,101349,135132,168915
33784,67568,101352,135136,168920
33785,67570,101355,135140,168925
33786,67572,101358,135144,168930
33787,67574,101361,135148,168935
33788,67576,101364,135152,168940
33789,67578,101367,135156,168945
33790,67580,101370,135160,168950
33791,67582,101373,135164,168955
33792,67584,101376,135168,168960
33793,67586,101379,135172,168965
33794,67588,101382,135176,168970
33795,67590,101385,135180,168975
33796,67592,101388,135184,168980
33797,67594,101391,135188,168985
33798,67596,101394,135192,168990
33799,67598,101397,135196,168995
33800,67600,101400,135200,169000
33801,67602,101403,135204,169005
33802,67604,101406,135208,169010
33803,67606,101409,135212,169015
33804,67608,101412,135216,169020
33805,67610,101415,135220,169025
33806,67612,101418,135224,169030
33807,67614,101421,135228,169035
33808,67616,101424,135232,169040
33809,67618,101427,135236,169045
33810,67620,101430,135240,169050
33811,67622,101433,135244,169055
33812,67624,101436,135248,169060
33813,67626,101439,135252,169065
33814,67628,101442,135256,169070
33815,67630,101445,135260,169075
33816,67632,101448,135264,169080
33817,67634,101451,135268,169085
33818,67636,101454,135272,169090
33819,67638,101457,135276,169095
33820,67640,101460,135280,169100
33821,67642,101463,135284,169105
33822,67644,101466,135288,169110
33823,67646,101469,135292,169115
33824,67648,101472,135296,169120
33825,67650,101475,135300,169125
33826,67652,101478,135304,169130
33827,67654,101481,135308,169135
33828,67656,101484,135312,169140
33829,67658,101487,135316,169145
33830,67660,101490,135320,169150
33831,67662,101493,135324,169155
33832,67664,101496,135328,169160
33833,67666,101499,135332,169165
33834,67668,101502,135336,169170
33835,67670,101505,135340,169175
33836,67672,101508,135344,169180
33837,67674,101511,135348,169185
33838,67676,101514,135352,169190
33839,67678,101517,135356,169195
33840,67680,101520,135360,169200
33841,67682,101523,135364,169205
33842,67684,101526,135368,169210
33843,67686,101529,135372,169215
33844,67688,101532,135376,169220
33845,67690,101535,135380,169225
33846,67692,101538,135384,169230
33847,67694,101541,135388,169235
33848,67696,101544,135392,169240
33849,67698,101547,135396,169245
33850,67700,101550,135400,169250
33851,67702,101553,135404,169255
33852,67704,101556,135408,169260
33853,67706,101559,135412,169265
33854,67708,101562,135416,169270
33855,67710,101565,135420,169275
33856,67712,101568,135424,169280
33857,67714,101571,135428,169285
33858,67716,101574,135432,169290
33859,67718,101577,135436,169295
33860,67720,101580,135440,169300
33861,67722,101583,135444,169305
33862,67724,101586,135448,169310
33863,67726,101589,135452,169315
33864,67728,101592,135456,169320
33865,67730,101595,135460,169325
33866,67732,101598,135464,169330
33867,67734,101601,135468,169335
33868,67736,101604,135472,169340
33869,67738,101607,135476,169345
33870,67740,101610,135480,169350
33871,67742,101613,135484,169355
33872,67744,101616,135488,169360
33873,67746,101619,135492,169365
33874,67748,101622,135496,169370
33875,67750,101625,135500,169375
33876,67752,101628,135504,169380
33877,67754,101631,135508,169385
33878,67756,101634,135512,169390
33879,67758,101637,135516,169395
33880,67760,101640,135520,169400
33881,67762,101643,135524,169405
33882,67764,101646,135528,169410
33883,67766,101649,135532,169415
33884,67768,101652,135536,169420
33885,67770,101655,135540,169425
33886,67772,101658,135544,169430
33887,67774,101661,135548,169435
33888,67776,101664,135552,169440
33889,67778,101667,135556,169445
33890,67780,101670,135560,169450
33891,67782,101673,135564,169455
33892,67784,101676,135568,169460
33893,67786,101679,135572,169465
33894,67788,101682,135576,169470
33895,67790,101685,135580,169475
33896,67792,101688,135584,169480
33897,67794,101691,135588,169485
33898,67796,101694,135592,169490
33899,67798,101697,135596,169495
33900,67800,101700,135600,169500
33901,67802,101703,135604,169505
33902,67804,101706,135608,169510
33903,67806,101709,135612,169515
33904,67808,101712,135616,169520
33905,67810,101715,135620,169525
33906,67812,101718,135624,169530
33907,67814,101721,135628,169535
33908,67816,101724,135632,169540
33909,67818,101727,135636,169545
33910,67820,101730,135640,169550
33911,67822,101733,135644,169555
33912,67824,101736,135648,169560
33913,67826,101739,135652,169565
33914,67828,101742,135656,169570
33915,67830,101745,135660,169575
33916,67832,101748,135664,169580
33917,67834,101751,135668,169585
33918,67836,101754,135672,169590
33919,67838,101757,135676,169595
33920,67840,101760,135680,169600
33921,67842,101763,135684,169605
33922,67844,101766,135688,169610
33923,67846,101769,135692,169615
33924,67848,101772,135696,169620
33925,67850,101775,135700,169625
33926,67852,101778,135704,169630
33927,67854,101781,135708,169635
33928,67856,101784,135712,169640
33929,67858,101787,135716,169645
33930,67860,101790,135720,169650
33931,67862,101793,135724,169655
33932,67864,101796,135728,169660
33933,67866,101799,135732,169665
33934,67868,101802,135736,169670
33935,67870,101805,135740,169675
33936,67872,101808,135744,169680
33937,67874,101811,135748,169685
33938,67876,101814,135752,169690
33939,67878,101817,135756,169695
33940,67880,101820,135760,169700
33941,67882,101823,135764,169705
33942,67884,101826,135768,169710
33943,67886,101829,135772,169715
33944,67888,101832,135776,169720
33945,67890,101835,135780,169725
33946,67892,101838,135784,169730
33947,67894,101841,135788,169735
33948,67896,101844,135792,169740
33949,67898,101847,135796,169745
33950,67900,101850,135800,169750
33951,67902,101853,135804,169755
33952,67904,101856,135808,169760
33953,67906,101859,135812,169765
33954,67908,101862,135816,169770
33955,67910,101865,135820,169775
33956,67912,101868,135824,169780
33957,67914,101871,135828,169785
33958,67916,101874,135832,169790
33959,67918,101877,135836,169795
33960,67920,101880,135840,169800
33961,67922,101883,135844,169805
33962,67924,101886,135848,169810
33963,67926,101889,135852,169815
33964,67928,101892,135856,169820
33965,67930,101895,135860,169825
33966,67932,101898,135864,169830
33967,67934,101901,135868,169835
33968,67936,101904,135872,169840
33969,67938,101907,135876,169845
33970,67940,101910,135880,169850
33971,67942,101913,135884,169855
33972,67944,101916,135888,169860
33973,67946,101919,135892,169865
33974,67948,101922,135896,169870
33975,67950,101925,135900,169875
33976,67952,101928,135904,169880
33977,67954,101931,135908,169885
33978,67956,101934,135912,169890
33979,67958,101937,135916,169895
33980,67960,101940,135920,169900
33981,67962,101943,135924,169905
33982,67964,101946,135928,169910
33983,67966,101949,135932,169915
33984,67968,101952,135936,169920
33985,67970,101955,135940,169925
33986,67972,101958,135944,169930
33987,67974,101961,135948,169935
33988,67976,101964,135952,169940
33989,67978,101967,135956,169945
33990,67980,101970,135960,169950
33991,67982,101973,135964,169955
33992,67984,101976,135968,169960
33993,67986,101979,135972,169965
33994,67988,101982,135976,169970
33995,67990,101985,135980,169975
33996,67992,101988,135984,169980
33997,67994,101991,135988,169985
33998,67996,101994,135992,169990
33999,67998,101997,135996,169995
34000,68000,102000,136000,170000
34001,68002,102003,136004,170005
34002,68004,102006,136008,170010
34003,68006,102009,136012,170015
34004,68008,102012,136016,170020
34005,68010,102015,136020,170025
34006,68012,102018,136024,170030
34007,68014,102021,136028,170035
34008,68016,102024,136032,170040
34009,68018,102027,136036,170045
34010,68020,102030,136040,170050
34011,68022,102033,136044,170055
34012,68024,102036,136048,170060
34013,68026,102039,136052,170065
34014,68028,102042,136056,170070
34015,68030,102045,136060,170075
34016,68032,102048,136064,170080
34017,68034,102051,136068,170085
34018,68036,102054,136072,170090
34019,68038,102057,136076,170095
34020,68040,102060,136080,170100
34021,68042,102063,136084,170105
34022,68044,102066,136088,170110
34023,68046,102069,136092,170115
34024,68048,102072,136096,170120
34025,68050,102075,136100,170125
34026,68052,102078,136104,170130
34027,68054,102081,136108,170135
34028,68056,102084,136112,170140
34029,68058,102087,136116,170145
34030,68060,102090,136120,170150
34031,68062,102093,136124,170155
34032,68064,102096,136128,170160
34033,68066,102099,136132,170165
34034,68068,102102,136136,170170
34035,68070,102105,136140,170175
34036,68072,102108,136144,170180
34037,68074,102111,136148,170185
34038,68076,102114,136152,170190
34039,68078,102117,136156,170195
34040,68080,102120,136160,170200
34041,68082,102123,136164,170205
34042,68084,102126,136168,170210
34043,68086,102129,136172,170215
34044,68088,102132,136176,170220
34045,68090,102135,136180,170225
34046,68092,102138,136184,170230
34047,68094,102141,136188,170235
34048,68096,102144,136192,170240
34049,68098,102147,136196,170245
34050,68100,102150,136200,170250
34051,68102,102153,136204,170255
34052,68104,102156,136208,170260
34053,68106,102159,136212,170265
34054,68108,102162,136216,170270
34055,68110,102165,136220,170275
34056,68112,102168,136224,170280
34057,68114,102171,136228,170285
34058,68116,102174,136232,170290
34059,68118,102177,136236,170295
34060,68120,102180,136240,170300
34061,68122,102183,136244,170305
34062,68124,102186,136248,170310
34063,68126,102189,136252,170315
34064,68128,102192,136256,170320
34065,68130,102195,136260,170325
34066,68132,102198,136264,170330
34067,68134,102201,136268,170335
34068,68136,102204,136272,170340
34069,68138,102207,136276,170345
34070,68140,102210,136280,170350
34071,68142,102213,136284,170355
34072,68144,102216,136288,170360
34073,68146,102219,136292,170365
34074,68148,102222,136296,170370
34075,68150,102225,136300,170375
34076,68152,102228,136304,170380
34077,68154,102231,136308,170385
34078,68156,102234,136312,170390
34079,68158,102237,136316,170395
34080,68160,102240,136320,170400
34081,68162,102243,136324,170405
34082,68164,102246,136328,170410
34083,68166,102249,136332,170415
34084,68168,102252,136336,170420
34085,68170,102255,136340,170425
34086,68172,102258,136344,170430
34087,68174,102261,136348,170435
34088,68176,102264,136352,170440
34089,68178,102267,136356,170445
34090,68180,102270,136360,170450
34091,68182,102273,136364,170455
34092,68184,102276,136368,170460
34093,68186,102279,136372,170465
34094,68188,102282,136376,170470
34095,68190,102285,136380,170475
34096,68192,102288,136384,170480
34097,68194,102291,136388,170485
34098,68196,102294,136392,170490
34099,68198,102297,136396,170495
34100,68200,102300,136400,170500
34101,68202,102303,136404,170505
34102,68204,102306,136408,170510
34103,68206,102309,136412,170515
34104,68208,102312,136416,170520
34105,68210,102315,136420,170525
34106,68212,102318,136424,170530
34107,68214,102321,136428,170535
34108,68216,102324,136432,170540
34109,68218,102327,136436,170545
34110,68220,102330,136440,170550
34111,68222,102333,136444,170555
34112,68224,102336,136448,170560
34113,68226,102339,136452,170565
34114,68228,102342,136456,170570
34115,68230,102345,136460,170575
34116,68232,102348,136464,170580
34117,68234,102351,136468,170585
34118,68236,102354,136472,170590
34119,68238,102357,136476,170595
34120,68240,102360,136480,170600
34121,68242,102363,136484,170605
34122,68244,102366,136488,170610
34123,68246,102369,136492,170615
34124,68248,102372,136496,170620
34125,68250,102375,136500,170625
34126,68252,102378,136504,170630
34127,68254,102381,136508,170635
34128,68256,102384,136512,170640
34129,68258,102387,136516,170645
34130,68260,102390,136520,170650
34131,68262,102393,136524,170655
34132,68264,102396,136528,170660
34133,68266,102399,136532,170665
34134,68268,102402,136536,170670
34135,68270,102405,136540,170675
34136,68272,102408,136544,170680
34137,68274,102411,136548,170685
34138,68276,102414,136552,170690
34139,68278,102417,136556,170695
34140,68280,102420,136560,170700
34141,68282,102423,136564,170705
34142,68284,102426,136568,170710
34143,68286,102429,136572,170715
34144,68288,102432,136576,170720
34145,68290,102435,136580,170725
34146,68292,102438,136584,170730
34147,68294,102441,136588,170735
34148,68296,102444,136592,170740
34149,68298,102447,136596,170745
34150,68300,102450,136600,170750
34151,68302,102453,136604,170755
34152,68304,102456,136608,170760
34153,68306,102459,136612,170765
34154,68308,102462,136616,170770
34155,68310,102465,136620,170775
34156,68312,102468,136624,170780
34157,68314,102471,136628,170785
34158,68316,102474,136632,170790
34159,68318,102477,136636,170795
34160,68320,102480,136640,170800
34161,68322,102483,136644,170805
34162,68324,102486,136648,170810
34163,68326,102489,136652,170815
34164,68328,102492,136656,170820
34165,68330,102495,136660,170825
34166,68332,102498,136664,170830
34167,68334,102501,136668,170835
34168,68336,102504,136672,170840
34169,68338,102507,136676,170845
34170,68340,102510,136680,170850
34171,68342,102513,136684,170855
34172,68344,102516,136688,170860
34173,68346,102519,136692,170865
34174,68348,102522,136696,170870
34175,68350,102525,136700,170875
34176,68352,102528,136704,170880
34177,68354,102531,136708,170885
34178,68356,102534,136712,170890
34179,68358,102537,136716,170895
34180,68360,102540,136720,170900
34181,68362,102543,136724,170905
34182,68364,102546,136728,170910
34183,68366,102549,136732,170915
34184,68368,102552,136736,170920
34185,68370,102555,136740,170925
34186,68372,102558,136744,170930
34187,68374,102561,136748,170935
34188,68376,102564,136752,170940
34189,68378,102567,136756,170945
34190,68380,102570,136760,170950
34191,68382,102573,136764,170955
34192,68384,102576,136768,170960
34193,68386,102579,136772,170965
34194,68388,102582,136776,170970
34195,68390,102585,136780,170975
34196,68392,102588,136784,170980
34197,68394,102591,136788,170985
34198,68396,102594,136792,170990
34199,68398,102597,136796,170995
34200,68400,102600,136800,171000
34201,68402,102603,136804,171005
34202,68404,102606,136808,171010
34203,68406,102609,136812,171015
34204,68408,102612,136816,171020
34205,68410,102615,136820,171025
34206,68412,102618,136824,171030
34207,68414,102621,136828,171035
34208,68416,102624,136832,171040
34209,68418,102627,136836,171045
34210,68420,102630,136840,171050
34211,68422,102633,136844,171055
34212,68424,102636,136848,171060
34213,68426,102639,136852,171065
34214,68428,102642,136856,171070
34215,68430,102645,136860,171075
34216,68432,102648,136864,171080
34217,68434,102651,136868,171085
34218,68436,102654,136872,171090
34219,68438,102657,136876,171095
34220,68440,102660,136880,171100
34221,68442,102663,136884,171105
34222,68444,102666,136888,171110
34223,68446,102669,136892,171115
34224,68448,102672,136896,171120
34225,68450,102675,136900,171125
34226,68452,102678,136904,171130
34227,68454,102681,136908,171135
34228,68456,102684,136912,171140
34229,68458,102687,136916,171145
34230,68460,102690,136920,171150
34231,68462,102693,136924,171155
34232,68464,102696,136928,171160
34233,68466,102699,136932,171165
34234,68468,102702,136936,171170
34235,68470,102705,136940,171175
34236,68472,102708,136944,171180
34237,68474,102711,136948,171185
34238,68476,102714,136952,171190
34239,68478,102717,136956,171195
34240,68480,102720,136960,171200
34241,68482,102723,136964,171205
34242,68484,102726,136968,171210
34243,68486,102729,136972,171215
34244,68488,102732,136976,171220
34245,68490,102735,136980,171225
34246,68492,102738,136984,171230
34247,68494,102741,136988,171235
34248,68496,102744,136992,171240
34249,68498,102747,136996,171245
34250,68500,102750,137000,171250
34251,68502,102753,137004,171255
34252,68504,102756,137008,171260
34253,68506,102759,137012,171265
34254,68508,102762,137016,171270
34255,68510,102765,137020,171275
34256,68512,102768,137024,171280
34257,68514,102771,137028,171285
34258,68516,102774,137032,171290
34259,68518,102777,137036,171295
34260,68520,102780,137040,171300
34261,68522,102783,137044,171305
34262,68524,102786,137048,171310
34263,68526,102789,137052,171315
34264,68528,102792,137056,171320
34265,68530,102795,137060,171325
34266,68532,102798,137064,171330
34267,68534,102801,137068,171335
34268,68536,102804,137072,171340
34269,68538,102807,137076,171345
34270,68540,102810,137080,171350
34271,68542,102813,137084,171355
34272,68544,102816,137088,171360
34273,68546,102819,137092,171365
34274,68548,102822,137096,171370
34275,68550,102825,137100,171375
34276,68552,102828,137104,171380
34277,68554,102831,137108,171385
34278,68556,102834,137112,171390
34279,68558,102837,137116,171395
34280,68560,102840,137120,171400
34281,68562,102843,137124,171405
34282,68564,102846,137128,171410
34283,68566,102849,137132,171415
34284,68568,102852,137136,171420
34285,68570,102855,137140,171425
34286,68572,102858,137144,171430
34287,68574,102861,137148,171435
34288,68576,102864,137152,171440
34289,68578,102867,137156,171445
34290,68580,102870,137160,171450
34291,68582,102873,137164,171455
34292,68584,102876,137168,171460
34293,68586,102879,137172,171465
34294,68588,102882,137176,171470
34295,68590,102885,137180,171475
34296,68592,102888,137184,171480
34297,68594,102891,137188,171485
34298,68596,102894,137192,171490
34299,68598,102897,137196,171495
34300,68600,102900,137200,171500
34301,68602,102903,137204,171505
34302,68604,102906,137208,171510
34303,68606,102909,137212,171515
34304,68608,102912,137216,171520
34305,68610,102915,137220,171525
34306,68612,102918,137224,171530
34307,68614,102921,137228,171535
34308,68616,102924,137232,171540
34309,68618,102927,137236,171545
34310,68620,102930,137240,171550
34311,68622,102933,137244,171555
34312,68624,102936,137248,171560
34313,68626,102939,137252,171565
34314,68628,102942,137256,171570
34315,68630,102945,137260,171575
34316,68632,102948,137264,171580
34317,68634,102951,137268,171585
34318,68636,102954,137272,171590
34319,68638,102957,137276,171595
34320,68640,102960,137280,171600
34321,68642,102963,137284,171605
34322,68644,102966,137288,171610
34323,68646,102969,137292,171615
34324,68648,102972,137296,171620
34325,68650,102975,137300,171625
34326,68652,102978,137304,171630
34327,68654,102981,137308,171635
34328,68656,102984,137312,171640
34329,68658,102987,137316,171645
34330,68660,102990,137320,171650
34331,68662,102993,137324,171655
34332,68664,102996,137328,171660
34333,68666,102999,137332,171665
34334,68668,103002,137336,171670
34335,68670,103005,137340,171675
34336,68672,103008,137344,171680
34337,68674,103011,137348,171685
34338,68676,103014,137352,171690
34339,68678,103017,137356,171695
34340,68680,103020,137360,171700
34341,68682,103023,137364,171705
34342,68684,103026,137368,171710
34343,68686,103029,137372,171715
34344,68688,103032,137376,171720
34345,68690,103035,137380,171725
34346,68692,103038,137384,171730
34347,68694,103041,137388,171735
34348,68696,103044,137392,171740
34349,68698,103047,137396,171745
34350,68700,103050,137400,171750
34351,68702,103053,137404,171755
34352,68704,103056,137408,171760
34353,68706,103059,137412,171765
34354,68708,103062,137416,171770
34355,68710,103065,137420,171775
34356,68712,103068,137424,171780
34357,68714,103071,137428,171785
34358,68716,103074,137432,171790
34359,68718,103077,137436,171795
34360,68720,103080,137440,171800
34361,68722,103083,137444,171805
34362,68724,103086,137448,171810
34363,68726,103089,137452,171815
34364,68728,103092,137456,171820
34365,68730,103095,137460,171825
34366,68732,103098,137464,171830
34367,68734,103101,137468,171835
34368,68736,103104,137472,171840
34369,68738,103107,137476,171845
34370,68740,103110,137480,171850
34371,68742,103113,137484,171855
34372,68744,103116,137488,171860
34373,68746,103119,137492,171865
34374,68748,103122,137496,171870
34375,68750,103125,137500,171875
34376,68752,103128,137504,171880
34377,68754,103131,137508,171885
34378,68756,103134,137512,171890
34379,68758,103137,137516,171895
34380,68760,103140,137520,171900
34381,68762,103143,137524,171905
34382,68764,103146,137528,171910
34383,68766,103149,137532,171915
34384,68768,103152,137536,171920
34385,68770,103155,137540,171925
34386,68772,103158,137544,171930
34387,68774,103161,137548,171935
34388,68776,103164,137552,171940
34389,68778,103167,137556,171945
34390,68780,103170,137560,171950
34391,68782,103173,137564,171955
34392,68784,103176,137568,171960
34393,68786,103179,137572,171965
34394,68788,103182,137576,171970
34395,68790,103185,137580,171975
34396,68792,103188,137584,171980
34397,68794,103191,137588,171985
34398,68796,103194,137592,171990
34399,68798,103197,137596,171995
34400,68800,103200,137600,172000
34401,68802,103203,137604,172005
34402,68804,103206,137608,172010
34403,68806,103209,137612,172015
34404,68808,103212,137616,172020
34405,68810,103215,137620,172025
34406,68812,103218,137624,172030
34407,68814,103221,137628,172035
34408,68816,103224,137632,172040
34409,68818,103227,137636,172045
34410,68820,103230,137640,172050
34411,68822,103233,137644,172055
34412,68824,103236,137648,172060
34413,68826,103239,137652,172065
34414,68828,103242,137656,172070
34415,68830,103245,137660,172075
34416,68832,103248,137664,172080
34417,68834,103251,137668,172085
34418,68836,103254,137672,172090
34419,68838,103257,137676,172095
34420,68840,103260,137680,172100
34421,68842,103263,137684,172105
34422,68844,103266,137688,172110
34423,68846,103269,137692,172115
34424,68848,103272,137696,172120
34425,68850,103275,137700,172125
34426,68852,103278,137704,172130
34427,68854,103281,137708,172135
34428,68856,103284,137712,172140
34429,68858,103287,137716,172145
34430,68860,103290,137720,172150
34431,68862,103293,137724,172155
34432,68864,103296,137728,172160
34433,68866,103299,137732,172165
34434,68868,103302,137736,172170
34435,68870,103305,137740,172175
34436,68872,103308,137744,172180
34437,68874,103311,137748,172185
34438,68876,103314,137752,172190
34439,68878,103317,137756,172195
34440,68880,103320,137760,172200
34441,68882,103323,137764,172205
34442,68884,103326,137768,172210
34443,68886,103329,137772,172215
34444,68888,103332,137776,172220
34445,68890,103335,137780,172225
34446,68892,103338,137784,172230
34447,68894,103341,137788,172235
34448,68896,103344,137792,172240
34449,68898,103347,137796,172245
34450,68900,103350,137800,172250
34451,68902,103353,137804,172255
34452,68904,103356,137808,172260
34453,68906,103359,137812,172265
34454,68908,103362,137816,172270
34455,68910,103365,137820,172275
34456,68912,103368,137824,172280
34457,68914,103371,137828,172285
34458,68916,103374,137832,172290
34459,68918,103377,137836,172295
34460,68920,103380,137840,172300
34461,68922,103383,137844,172305
34462,68924,103386,137848,172310
34463,68926,103389,137852,172315
34464,68928,103392,137856,172320
34465,68930,103395,137860,172325
34466,68932,103398,137864,172330
34467,68934,103401,137868,172335
34468,68936,103404,137872,172340
34469,68938,103407,137876,172345
34470,68940,103410,137880,172350
34471,68942,103413,137884,172355
34472,68944,103416,137888,172360
34473,68946,103419,137892,172365
34474,68948,103422,137896,172370
34475,68950,103425,137900,172375
34476,68952,103428,137904,172380
34477,68954,103431,137908,172385
34478,68956,103434,137912,172390
34479,68958,103437,137916,172395
34480,68960,103440,137920,172400
34481,68962,103443,137924,172405
34482,68964,103446,137928,172410
34483,68966,103449,137932,172415
34484,68968,103452,137936,172420
34485,68970,103455,137940,172425
34486,68972,103458,137944,172430
34487,68974,103461,137948,172435
34488,68976,103464,137952,172440
34489,68978,103467,137956,172445
34490,68980,103470,137960,172450
34491,68982,103473,137964,172455
34492,68984,103476,137968,172460
34493,68986,103479,137972,172465
34494,68988,103482,137976,172470
34495,68990,103485,137980,172475
34496,68992,103488,137984,172480
34497,68994,103491,137988,172485
34498,68996,103494,137992,172490
34499,68998,103497,137996,172495
34500,69000,103500,138000,172500
34501,69002,103503,138004,172505
34502,69004,103506,138008,172510
34503,69006,103509,138012,172515
34504,69008,103512,138016,172520
34505,69010,103515,138020,172525
34506,69012,103518,138024,172530
34507,69014,103521,138028,172535
34508,69016,103524,138032,172540
34509,69018,103527,138036,172545
34510,69020,103530,138040,172550
34511,69022,103533,138044,172555
34512,69024,103536,138048,172560
34513,69026,103539,138052,172565
34514,69028,103542,138056,172570
34515,69030,103545,138060,172575
34516,69032,103548,138064,172580
34517,69034,103551,138068,172585
34518,69036,103554,138072,172590
34519,69038,103557,138076,172595
34520,69040,103560,138080,172600
34521,69042,103563,138084,172605
34522,69044,103566,138088,172610
34523,69046,103569,138092,172615
34524,69048,103572,138096,172620
34525,69050,103575,138100,172625
34526,69052,103578,138104,172630
34527,69054,103581,138108,172635
34528,69056,103584,138112,172640
34529,69058,103587,138116,172645
34530,69060,103590,138120,172650
34531,69062,103593,138124,172655
34532,69064,103596,138128,172660
34533,69066,103599,138132,172665
34534,69068,103602,138136,172670
34535,69070,103605,138140,172675
34536,69072,103608,138144,172680
34537,69074,103611,138148,172685
34538,69076,103614,138152,172690
34539,69078,103617,138156,172695
34540,69080,103620,138160,172700
34541,69082,103623,138164,172705
34542,69084,103626,138168,172710
34543,69086,103629,138172,172715
34544,69088,103632,138176,172720
34545,69090,103635,138180,172725
34546,69092,103638,138184,172730
34547,69094,103641,138188,172735
34548,69096,103644,138192,172740
34549,69098,103647,138196,172745
34550,69100,103650,138200,172750
34551,69102,103653,138204,172755
34552,69104,103656,138208,172760
34553,69106,103659,138212,172765
34554,69108,103662,138216,172770
34555,69110,103665,138220,172775
34556,69112,103668,138224,172780
34557,69114,103671,138228,172785
34558,69116,103674,138232,172790
34559,69118,103677,138236,172795
34560,69120,103680,138240,172800
34561,69122,103683,138244,172805
34562,69124,103686,138248,172810
34563,69126,103689,138252,172815
34564,69128,103692,138256,172820
34565,69130,103695,138260,172825
34566,69132,103698,138264,172830
34567,69134,103701,138268,172835
34568,69136,103704,138272,172840
34569,69138,103707,138276,172845
34570,69140,103710,138280,172850
34571,69142,103713,138284,172855
34572,69144,103716,138288,172860
34573,69146,103719,138292,172865
34574,69148,103722,138296,172870
34575,69150,103725,138300,172875
34576,69152,103728,138304,172880
34577,69154,103731,138308,172885
34578,69156,103734,138312,172890
34579,69158,103737,138316,172895
34580,69160,103740,138320,172900
34581,69162,103743,138324,172905
34582,69164,103746,138328,172910
34583,69166,103749,138332,172915
34584,69168,103752,138336,172920
34585,69170,103755,138340,172925
34586,69172,103758,138344,172930
34587,69174,103761,138348,172935
34588,69176,103764,138352,172940
34589,69178,103767,138356,172945
34590,69180,103770,138360,172950
34591,69182,103773,138364,172955
34592,69184,103776,138368,172960
34593,69186,103779,138372,172965
34594,69188,103782,138376,172970
34595,69190,103785,138380,172975
34596,69192,103788,138384,172980
34597,69194,103791,138388,172985
34598,69196,103794,138392,172990
34599,69198,103797,138396,172995
34600,69200,103800,138400,173000
34601,69202,103803,138404,173005
34602,69204,103806,138408,173010
34603,69206,103809,138412,173015
34604,69208,103812,138416,173020
34605,69210,103815,138420,173025
34606,69212,103818,138424,173030
34607,69214,103821,138428,173035
34608,69216,103824,138432,173040
34609,69218,103827,138436,173045
34610,69220,103830,138440,173050
34611,69222,103833,138444,173055
34612,69224,103836,138448,173060
34613,69226,103839,138452,173065
34614,69228,103842,138456,173070
34615,69230,103845,138460,173075
34616,69232,103848,138464,173080
34617,69234,103851,138468,173085
34618,69236,103854,138472,173090
34619,69238,103857,138476,173095
34620,69240,103860,138480,173100
34621,69242,103863,138484,173105
34622,69244,103866,138488,173110
34623,69246,103869,138492,173115
34624,69248,103872,138496,173120
34625,69250,103875,138500,173125
34626,69252,103878,138504,173130
34627,69254,103881,138508,173135
34628,69256,103884,138512,173140
34629,69258,103887,138516,173145
34630,69260,103890,138520,173150
34631,69262,103893,138524,173155
34632,69264,103896,138528,173160
34633,69266,103899,138532,173165
34634,69268,103902,138536,173170
34635,69270,103905,138540,173175
34636,69272,103908,138544,173180
34637,69274,103911,138548,173185
34638,69276,103914,138552,173190
34639,69278,103917,138556,173195
34640,69280,103920,138560,173200
34641,69282,103923,138564,173205
34642,69284,103926,138568,173210
34643,69286,103929,138572,173215
34644,69288,103932,138576,173220
34645,69290,103935,138580,173225
34646,69292,103938,138584,173230
34647,69294,103941,138588,173235
34648,69296,103944,138592,173240
34649,69298,103947,138596,173245
34650,69300,103950,138600,173250
34651,69302,103953,138604,173255
34652,69304,103956,138608,173260
34653,69306,103959,138612,173265
34654,69308,103962,138616,173270
34655,69310,103965,138620,173275
34656,69312,103968,138624,173280
34657,69314,103971,138628,173285
34658,69316,103974,138632,173290
34659,69318,103977,138636,173295
34660,69320,103980,138640,173300
34661,69322,103983,138644,173305
34662,69324,103986,138648,173310
34663,69326,103989,138652,173315
34664,69328,103992,138656,173320
34665,69330,103995,138660,173325
34666,69332,103998,138664,173330
34667,69334,104001,138668,173335
34668,69336,104004,138672,173340
34669,69338,104007,138676,173345
34670,69340,104010,138680,173350
34671,69342,104013,138684,173355
34672,69344,104016,138688,173360
34673,69346,104019,138692,173365
34674,69348,104022,138696,173370
34675,69350,104025,138700,173375
34676,69352,104028,138704,173380
34677,69354,104031,138708,173385
34678,69356,104034,138712,173390
34679,69358,104037,138716,173395
34680,69360,104040,138720,173400
34681,69362,104043,138724,173405
34682,69364,104046,138728,173410
34683,69366,104049,138732,173415
34684,69368,104052,138736,173420
34685,69370,104055,138740,173425
34686,69372,104058,138744,173430
34687,69374,104061,138748,173435
34688,69376,104064,138752,173440
34689,69378,104067,138756,173445
34690,69380,104070,138760,173450
34691,69382,104073,138764,173455
34692,69384,104076,138768,173460
34693,69386,104079,138772,173465
34694,69388,104082,138776,173470
34695,69390,104085,138780,173475
34696,69392,104088,138784,173480
34697,69394,104091,138788,173485
34698,69396,104094,138792,173490
34699,69398,104097,138796,173495
34700,69400,104100,138800,173500
34701,69402,104103,138804,173505
34702,69404,104106,138808,173510
34703,69406,104109,138812,173515
34704,69408,104112,138816,173520
34705,69410,104115,138820,173525
34706,69412,104118,138824,173530
34707,69414,104121,138828,173535
34708,69416,104124,138832,173540
34709,69418,104127,138836,173545
34710,69420,104130,138840,173550
34711,69422,104133,138844,173555
34712,69424,104136,138848,173560
34713,69426,104139,138852,173565
34714,69428,104142,138856,173570
34715,69430,104145,138860,173575
34716,69432,104148,138864,173580
34717,69434,104151,138868,173585
34718,69436,104154,138872,173590
34719,69438,104157,138876,173595
34720,69440,104160,138880,173600
34721,69442,104163,138884,173605
34722,69444,104166,138888,173610
34723,69446,104169,138892,173615
34724,69448,104172,138896,173620
34725,69450,104175,138900,173625
34726,69452,104178,138904,173630
34727,69454,104181,138908,173635
34728,69456,104184,138912,173640
34729,69458,104187,138916,173645
34730,69460,104190,138920,173650
34731,69462,104193,138924,173655
34732,69464,104196,138928,173660
34733,69466,104199,138932,173665
34734,69468,104202,138936,173670
34735,69470,104205,138940,173675
34736,69472,104208,138944,173680
34737,69474,104211,138948,173685
34738,69476,104214,138952,173690
34739,69478,104217,138956,173695
34740,69480,104220,138960,173700
34741,69482,104223,138964,173705
34742,69484,104226,138968,173710
34743,69486,104229,138972,173715
34744,69488,104232,138976,173720
34745,69490,104235,138980,173725
34746,69492,104238,138984,173730
34747,69494,104241,138988,173735
34748,69496,104244,138992,173740
34749,69498,104247,138996,173745
34750,69500,104250,139000,173750
34751,69502,104253,139004,173755
34752,69504,104256,139008,173760
34753,69506,104259,139012,173765
34754,69508,104262,139016,173770
34755,69510,104265,139020,173775
34756,69512,104268,139024,173780
34757,69514,104271,139028,173785
34758,69516,104274,139032,173790
34759,69518,104277,139036,173795
34760,69520,104280,139040,173800
34761,69522,104283,139044,173805
34762,69524,104286,139048,173810
34763,69526,104289,139052,173815
34764,69528,104292,139056,173820
34765,69530,104295,139060,173825
34766,69532,104298,139064,173830
34767,69534,104301,139068,173835
34768,69536,104304,139072,173840
34769,69538,104307,139076,173845
34770,69540,104310,139080,173850
34771,69542,104313,139084,173855
34772,69544,104316,139088,173860
34773,69546,104319,139092,173865
34774,69548,104322,139096,173870
34775,69550,104325,139100,173875
34776,69552,104328,139104,173880
34777,69554,104331,139108,173885
34778,69556,104334,139112,173890
34779,69558,104337,139116,173895
34780,69560,104340,139120,173900
34781,69562,104343,139124,173905
34782,69564,104346,139128,173910
34783,69566,104349,139132,173915
34784,69568,104352,139136,173920
34785,69570,104355,139140,173925
34786,69572,104358,139144,173930
34787,69574,104361,139148,173935
34788,69576,104364,139152,173940
34789,69578,104367,139156,173945
34790,69580,104370,139160,173950
34791,69582,104373,139164,173955
34792,69584,104376,139168,173960
34793,69586,104379,139172,173965
34794,69588,104382,139176,173970
34795,69590,104385,139180,173975
34796,69592,104388,139184,173980
34797,69594,104391,139188,173985
34798,69596,104394,139192,173990
34799,69598,104397,139196,173995
34800,69600,104400,139200,174000
34801,69602,104403,139204,174005
34802,69604,104406,139208,174010
34803,69606,104409,139212,174015
34804,69608,104412,139216,174020
34805,69610,104415,139220,174025
34806,69612,104418,139224,174030
34807,69614,104421,139228,174035
34808,69616,104424,139232,174040
34809,69618,104427,139236,174045
34810,69620,104430,139240,174050
34811,69622,104433,139244,174055
34812,69624,104436,139248,174060
34813,69626,104439,139252,174065
34814,69628,104442,139256,174070
34815,69630,104445,139260,174075
34816,69632,104448,139264,174080
34817,69634,104451,139268,174085
34818,69636,104454,139272,174090
34819,69638,104457,139276,174095
34820,69640,104460,139280,174100
34821,69642,104463,139284,174105
34822,69644,104466,139288,174110
34823,69646,104469,139292,174115
34824,69648,104472,139296,174120
34825,69650,104475,139300,174125
34826,69652,104478,139304,174130
34827,69654,104481,139308,174135
34828,69656,104484,139312,174140
34829,69658,104487,139316,174145
34830,69660,104490,139320,174150
34831,69662,104493,139324,174155
34832,69664,104496,139328,174160
34833,69666,104499,139332,174165
34834,69668,104502,139336,174170
34835,69670,104505,139340,174175
34836,69672,104508,139344,174180
34837,69674,104511,139348,174185
34838,69676,104514,139352,174190
34839,69678,104517,139356,174195
34840,69680,104520,139360,174200
34841,69682,104523,139364,174205
34842,69684,104526,139368,174210
34843,69686,104529,139372,174215
34844,69688,104532,139376,174220
34845,69690,104535,139380,174225
34846,69692,104538,139384,174230
34847,69694,104541,139388,174235
34848,69696,104544,139392,174240
34849,69698,104547,139396,174245
34850,69700,104550,139400,174250
34851,69702,104553,139404,174255
34852,69704,104556,139408,174260
34853,69706,104559,139412,174265
34854,69708,104562,139416,174270
34855,69710,104565,139420,174275
34856,69712,104568,139424,174280
34857,69714,104571,139428,174285
34858,69716,104574,139432,174290
34859,69718,104577,139436,174295
34860,69720,104580,139440,174300
34861,69722,104583,139444,174305
34862,69724,104586,139448,174310
34863,69726,104589,139452,174315
34864,69728,104592,139456,174320
34865,69730,104595,139460,174325
34866,69732,104598,139464,174330
34867,69734,104601,139468,174335
34868,69736,104604,139472,174340
34869,69738,104607,139476,174345
34870,69740,104610,139480,174350
34871,69742,104613,139484,174355
34872,69744,104616,139488,174360
34873,69746,104619,139492,174365
34874,69748,104622,139496,174370
34875,69750,104625,139500,174375
34876,69752,104628,139504,174380
34877,69754,104631,139508,174385
34878,69756,104634,139512,174390
34879,69758,104637,139516,174395
34880,69760,104640,139520,174400
34881,69762,104643,139524,174405
34882,69764,104646,139528,174410
34883,69766,104649,139532,174415
34884,69768,104652,139536,174420
34885,69770,104655,139540,174425
34886,69772,104658,139544,174430
34887,69774,104661,139548,174435
34888,69776,104664,139552,174440
34889,69778,104667,139556,174445
34890,69780,104670,139560,174450
34891,69782,104673,139564,174455
34892,69784,104676,139568,174460
34893,69786,104679,139572,174465
34894,69788,104682,139576,174470
34895,69790,104685,139580,174475
34896,69792,104688,139584,174480
34897,69794,104691,139588,174485
34898,69796,104694,139592,174490
34899,69798,104697,139596,174495
34900,69800,104700,139600,174500
34901,69802,104703,139604,174505
34902,69804,104706,139608,174510
34903,69806,104709,139612,174515
34904,69808,104712,139616,174520
34905,69810,104715,139620,174525
34906,69812,104718,139624,174530
34907,69814,104721,139628,174535
34908,69816,104724,139632,174540
34909,69818,104727,139636,174545
34910,69820,104730,139640,174550
34911,69822,104733,139644,174555
34912,69824,104736,139648,174560
34913,69826,104739,139652,174565
34914,69828,104742,139656,174570
34915,69830,104745,139660,174575
34916,69832,104748,139664,174580
34917,69834,104751,139668,174585
34918,69836,104754,139672,174590
34919,69838,104757,139676,174595
34920,69840,104760,139680,174600
34921,69842,104763,139684,174605
34922,69844,104766,139688,174610
34923,69846,104769,139692,174615
34924,69848,104772,139696,174620
34925,69850,104775,139700,174625
34926,69852,104778,139704,174630
34927,69854,104781,139708,174635
34928,69856,104784,139712,174640
34929,69858,104787,139716,174645
34930,69860,104790,139720,174650
34931,69862,104793,139724,174655
34932,69864,104796,139728,174660
34933,69866,104799,139732,174665
34934,69868,104802,139736,174670
34935,69870,104805,139740,174675
34936,69872,104808,139744,174680
34937,69874,104811,139748,174685
34938,69876,104814,139752,174690
34939,69878,104817,139756,174695
34940,69880,104820,139760,174700
34941,69882,104823,139764,174705
34942,69884,104826,139768,174710
34943,69886,104829,139772,174715
34944,69888,104832,139776,174720
34945,69890,104835,139780,174725
34946,69892,104838,139784,174730
34947,69894,104841,139788,174735
34948,69896,104844,139792,174740
34949,69898,104847,139796,174745
34950,69900,104850,139800,174750
34951,69902,104853,139804,174755
34952,69904,104856,139808,174760
34953,69906,104859,139812,174765
34954,69908,104862,139816,174770
34955,69910,104865,139820,174775
34956,69912,104868,139824,174780
34957,69914,104871,139828,174785
34958,69916,104874,139832,174790
34959,69918,104877,139836,174795
34960,69920,104880,139840,174800
34961,69922,104883,139844,174805
34962,69924,104886,139848,174810
34963,69926,104889,139852,174815
34964,69928,104892,139856,174820
34965,69930,104895,139860,174825
34966,69932,104898,139864,174830
34967,69934,104901,139868,174835
34968,69936,104904,139872,174840
34969,69938,104907,139876,174845
34970,69940,104910,139880,174850
34971,69942,104913,139884,174855
34972,69944,104916,139888,174860
34973,69946,104919,139892,174865
34974,69948,104922,139896,174870
34975,69950,104925,139900,174875
34976,69952,104928,139904,174880
34977,69954,104931,139908,174885
34978,69956,104934,139912,174890
34979,69958,104937,139916,174895
34980,69960,104940,139920,174900
34981,69962,104943,139924,174905
34982,69964,104946,139928,174910
34983,69966,104949,139932,174915
34984,69968,104952,139936,174920
34985,69970,104955,139940,174925
34986,69972,104958,139944,174930
34987,69974,104961,139948,174935
34988,69976,104964,139952,174940
34989,69978,104967,139956,174945
34990,69980,104970,139960,174950
34991,69982,104973,139964,174955
34992,69984,104976,139968,174960
34993,69986,104979,139972,174965
34994,69988,104982,139976,174970
34995,69990,104985,139980,174975
34996,69992,104988,139984,174980
34997,69994,104991,139988,174985
34998,69996,104994,139992,174990
34999,69998,104997,139996,174995
35000,70000,105000,140000,175000
35001,70002,105003,140004,175005
35002,70004,105006,140008,175010
35003,70006,105009,140012,175015
35004,70008,105012,140016,175020
35005,70010,105015,140020,175025
35006,70012,105018,140024,175030
35007,70014,105021,140028,175035
35008,70016,105024,140032,175040
35009,70018,105027,140036,175045
35010,70020,105030,140040,175050
35011,70022,105033,140044,175055
35012,70024,105036,140048,175060
35013,70026,105039,140052,175065
35014,70028,105042,140056,175070
35015,70030,105045,140060,175075
35016,70032,105048,140064,175080
35017,70034,105051,140068,175085
35018,70036,105054,140072,175090
35019,70038,105057,140076,175095
35020,70040,105060,140080,175100
35021,70042,105063,140084,175105
35022,70044,105066,140088,175110
35023,70046,105069,140092,175115
35024,70048,105072,140096,175120
35025,70050,105075,140100,175125
35026,70052,105078,140104,175130
35027,70054,105081,140108,175135
35028,70056,105084,140112,175140
35029,70058,105087,140116,175145
35030,70060,105090,140120,175150
35031,70062,105093,140124,175155
35032,70064,105096,140128,175160
35033,70066,105099,140132,175165
35034,70068,105102,140136,175170
35035,70070,105105,140140,175175
35036,70072,105108,140144,175180
35037,70074,105111,140148,175185
35038,70076,105114,140152,175190
35039,70078,105117,140156,175195
35040,70080,105120,140160,175200
35041,70082,105123,140164,175205
35042,70084,105126,140168,175210
35043,70086,105129,140172,175215
35044,70088,105132,140176,175220
35045,70090,105135,140180,175225
35046,70092,105138,140184,175230
35047,70094,105141,140188,175235
35048,70096,105144,140192,175240
35049,70098,105147,140196,175245
35050,70100,105150,140200,175250
35051,70102,105153,140204,175255
35052,70104,105156,140208,175260
35053,70106,105159,140212,175265
35054,70108,105162,140216,175270
35055,70110,105165,140220,175275
35056,70112,105168,140224,175280
35057,70114,105171,140228,175285
35058,70116,105174,140232,175290
35059,70118,105177,140236,175295
35060,70120,105180,140240,175300
35061,70122,105183,140244,175305
35062,70124,105186,140248,175310
35063,70126,105189,140252,175315
35064,70128,105192,140256,175320
35065,70130,105195,140260,175325
35066,70132,105198,140264,175330
35067,70134,105201,140268,175335
35068,70136,105204,140272,175340
35069,70138,105207,140276,175345
35070,70140,105210,140280,175350
35071,70142,105213,140284,175355
35072,70144,105216,140288,175360
35073,70146,105219,140292,175365
35074,70148,105222,140296,175370
35075,70150,105225,140300,175375
35076,70152,105228,140304,175380
35077,70154,105231,140308,175385
35078,70156,105234,140312,175390
35079,70158,105237,140316,175395
35080,70160,105240,140320,175400
35081,70162,105243,140324,175405
35082,70164,105246,140328,175410
35083,70166,105249,140332,175415
35084,70168,105252,140336,175420
35085,70170,105255,140340,175425
35086,70172,105258,140344,175430
35087,70174,105261,140348,175435
35088,70176,105264,140352,175440
35089,70178,105267,140356,175445
35090,70180,105270,140360,175450
35091,70182,105273,140364,175455
35092,70184,105276,140368,175460
35093,70186,105279,140372,175465
35094,70188,105282,140376,175470
35095,70190,105285,140380,175475
35096,70192,105288,140384,175480
35097,70194,105291,140388,175485
35098,70196,105294,140392,175490
35099,70198,105297,140396,175495
35100,70200,105300,140400,175500
35101,70202,105303,140404,175505
35102,70204,105306,140408,175510
35103,70206,105309,140412,175515
35104,70208,105312,140416,175520
35105,70210,105315,140420,175525
35106,70212,105318,140424,175530
35107,70214,105321,140428,175535
35108,70216,105324,140432,175540
35109,70218,105327,140436,175545
35110,70220,105330,140440,175550
35111,70222,105333,140444,175555
35112,70224,105336,140448,175560
35113,70226,105339,140452,175565
35114,70228,105342,140456,175570
35115,70230,105345,140460,175575
35116,70232,105348,140464,175580
35117,70234,105351,140468,175585
35118,70236,105354,140472,175590
35119,70238,105357,140476,175595
35120,70240,105360,140480,175600
35121,70242,105363,140484,175605
35122,70244,105366,140488,175610
35123,70246,105369,140492,175615
35124,70248,105372,140496,175620
35125,70250,105375,140500,175625
35126,70252,105378,140504,175630
35127,70254,105381,140508,175635
35128,70256,105384,140512,175640
35129,70258,105387,140516,175645
35130,70260,105390,140520,175650
35131,70262,105393,140524,175655
35132,70264,105396,140528,175660
35133,70266,105399,140532,175665
35134,70268,105402,140536,175670
35135,70270,105405,140540,175675
35136,70272,105408,140544,175680
35137,70274,105411,140548,175685
35138,70276,105414,140552,175690
35139,70278,105417,140556,175695
35140,70280,105420,140560,175700
35141,70282,105423,140564,175705
35142,70284,105426,140568,175710
35143,70286,105429,140572,175715
35144,70288,105432,140576,175720
35145,70290,105435,140580,175725
35146,70292,105438,140584,175730
35147,70294,105441,140588,175735
35148,70296,105444,140592,175740
35149,70298,105447,140596,175745
35150,70300,105450,140600,175750
35151,70302,105453,140604,175755
35152,70304,105456,140608,175760
35153,70306,105459,140612,175765
35154,70308,105462,140616,175770
35155,70310,105465,140620,175775
35156,70312,105468,140624,175780
35157,70314,105471,140628,175785
35158,70316,105474,140632,175790
35159,70318,105477,140636,175795
35160,70320,105480,140640,175800
35161,70322,105483,140644,175805
35162,70324,105486,140648,175810
35163,70326,105489,140652,175815
35164,70328,105492,140656,175820
35165,70330,105495,140660,175825
35166,70332,105498,140664,175830
35167,70334,105501,140668,175835
35168,70336,105504,140672,175840
35169,70338,105507,140676,175845
35170,70340,105510,140680,175850
35171,70342,105513,140684,175855
35172,70344,105516,140688,175860
35173,70346,105519,140692,175865
35174,70348,105522,140696,175870
35175,70350,105525,140700,175875
35176,70352,105528,140704,175880
35177,70354,105531,140708,175885
35178,70356,105534,140712,175890
35179,70358,105537,140716,175895
35180,70360,105540,140720,175900
35181,70362,105543,140724,175905
35182,70364,105546,140728,175910
35183,70366,105549,140732,175915
35184,70368,105552,140736,175920
35185,70370,105555,140740,175925
35186,70372,105558,140744,175930
35187,70374,105561,140748,175935
35188,70376,105564,140752,175940
35189,70378,105567,140756,175945
35190,70380,105570,140760,175950
35191,70382,105573,140764,175955
35192,70384,105576,140768,175960
35193,70386,105579,140772,175965
35194,70388,105582,140776,175970
35195,70390,105585,140780,175975
35196,70392,105588,140784,175980
35197,70394,105591,140788,175985
35198,70396,105594,140792,175990
35199,70398,105597,140796,175995
35200,70400,105600,140800,176000
35201,70402,105603,140804,176005
35202,70404,105606,140808,176010
35203,70406,105609,140812,176015
35204,70408,105612,140816,176020
35205,70410,105615,140820,176025
35206,70412,105618,140824,176030
35207,70414,105621,140828,176035
35208,70416,105624,140832,176040
35209,70418,105627,140836,176045
35210,70420,105630,140840,176050
35211,70422,105633,140844,176055
35212,70424,105636,140848,176060
35213,70426,105639,140852,176065
35214,70428,105642,140856,176070
35215,70430,105645,140860,176075
35216,70432,105648,140864,176080
35217,70434,105651,140868,176085
35218,70436,105654,140872,176090
35219,70438,105657,140876,176095
35220,70440,105660,140880,176100
35221,70442,105663,140884,176105
35222,70444,105666,140888,176110
35223,70446,105669,140892,176115
35224,70448,105672,140896,176120
35225,70450,105675,140900,176125
35226,70452,105678,140904,176130
35227,70454,105681,140908,176135
35228,70456,105684,140912,176140
35229,70458,105687,140916,176145
35230,70460,105690,140920,176150
35231,70462,105693,140924,176155
35232,70464,105696,140928,176160
35233,70466,105699,140932,176165
35234,70468,105702,140936,176170
35235,70470,105705,140940,176175
35236,70472,105708,140944,176180
35237,70474,105711,140948,176185
35238,70476,105714,140952,176190
35239,70478,105717,140956,176195
35240,70480,105720,140960,176200
35241,70482,105723,140964,176205
35242,70484,105726,140968,176210
35243,70486,105729,140972,176215
35244,70488,105732,140976,176220
35245,70490,105735,140980,176225
35246,70492,105738,140984,176230
35247,70494,105741,140988,176235
35248,70496,105744,140992,176240
35249,70498,105747,140996,176245
35250,70500,105750,141000,176250
35251,70502,105753,141004,176255
35252,70504,105756,141008,176260
35253,70506,105759,141012,176265
35254,70508,105762,141016,176270
35255,70510,105765,141020,176275
35256,70512,105768,141024,176280
35257,70514,105771,141028,176285
35258,70516,105774,141032,176290
35259,70518,105777,141036,176295
35260,70520,105780,141040,176300
35261,70522,105783,141044,176305
35262,70524,105786,141048,176310
35263,70526,105789,141052,176315
35264,70528,105792,141056,176320
35265,70530,105795,141060,176325
35266,70532,105798,141064,176330
35267,70534,105801,141068,176335
35268,70536,105804,141072,176340
35269,70538,105807,141076,176345
35270,70540,105810,141080,176350
35271,70542,105813,141084,176355
35272,70544,105816,141088,176360
35273,70546,105819,141092,176365
35274,70548,105822,141096,176370
35275,70550,105825,141100,176375
35276,70552,105828,141104,176380
35277,70554,105831,141108,176385
35278,70556,105834,141112,176390
35279,70558,105837,141116,176395
35280,70560,105840,141120,176400
35281,70562,105843,141124,176405
35282,70564,105846,141128,176410
35283,70566,105849,141132,176415
35284,70568,105852,141136,176420
35285,70570,105855,141140,176425
35286,70572,105858,141144,176430
35287,70574,105861,141148,176435
35288,70576,105864,141152,176440
35289,70578,105867,141156,176445
35290,70580,105870,141160,176450
35291,70582,105873,141164,176455
35292,70584,105876,141168,176460
35293,70586,105879,141172,176465
35294,70588,105882,141176,176470
35295,70590,105885,141180,176475
35296,70592,105888,141184,176480
35297,70594,105891,141188,176485
35298,70596,105894,141192,176490
35299,70598,105897,141196,176495
35300,70600,105900,141200,176500
35301,70602,105903,141204,176505
35302,70604,105906,141208,176510
35303,70606,105909,141212,176515
35304,70608,105912,141216,176520
35305,70610,105915,141220,176525
35306,70612,105918,141224,176530
35307,70614,105921,141228,176535
35308,70616,105924,141232,176540
35309,70618,105927,141236,176545
35310,70620,105930,141240,176550
35311,70622,105933,141244,176555
35312,70624,105936,141248,176560
35313,70626,105939,141252,176565
35314,70628,105942,141256,176570
35315,70630,105945,141260,176575
35316,70632,105948,141264,176580
35317,70634,105951,141268,176585
35318,70636,105954,141272,176590
35319,70638,105957,141276,176595
35320,70640,105960,141280,176600
35321,70642,105963,141284,176605
35322,70644,105966,141288,176610
35323,70646,105969,141292,176615
35324,70648,105972,141296,176620
35325,70650,105975,141300,176625
35326,70652,105978,141304,176630
35327,70654,105981,141308,176635
35328,70656,105984,141312,176640
35329,70658,105987,141316,176645
35330,70660,105990,141320,176650
35331,70662,105993,141324,176655
35332,70664,105996,141328,176660
35333,70666,105999,141332,176665
35334,70668,106002,141336,176670
35335,70670,106005,141340,176675
35336,70672,106008,141344,176680
35337,70674,106011,141348,176685
35338,70676,106014,141352,176690
35339,70678,106017,141356,176695
35340,70680,106020,141360,176700
35341,70682,106023,141364,176705
35342,70684,106026,141368,176710
35343,70686,106029,141372,176715
35344,70688,106032,141376,176720
35345,70690,106035,141380,176725
35346,70692,106038,141384,176730
35347,70694,106041,141388,176735
35348,70696,106044,141392,176740
35349,70698,106047,141396,176745
35350,70700,106050,141400,176750
35351,70702,106053,141404,176755
35352,70704,106056,141408,176760
35353,70706,106059,141412,176765
35354,70708,106062,141416,176770
35355,70710,106065,141420,176775
35356,70712,106068,141424,176780
35357,70714,106071,141428,176785
35358,70716,106074,141432,176790
35359,70718,106077,141436,176795
35360,70720,106080,141440,176800
35361,70722,106083,141444,176805
35362,70724,106086,141448,176810
35363,70726,106089,141452,176815
35364,70728,106092,141456,176820
35365,70730,106095,141460,176825
35366,70732,106098,141464,176830
35367,70734,106101,141468,176835
35368,70736,106104,141472,176840
35369,70738,106107,141476,176845
35370,70740,106110,141480,176850
35371,70742,106113,141484,176855
35372,70744,106116,141488,176860
35373,70746,106119,141492,176865
35374,70748,106122,141496,176870
35375,70750,106125,141500,176875
35376,70752,106128,141504,176880
35377,70754,106131,141508,176885
35378,70756,106134,141512,176890
35379,70758,106137,141516,176895
35380,70760,106140,141520,176900
35381,70762,106143,141524,176905
35382,70764,106146,141528,176910
35383,70766,106149,141532,176915
35384,70768,106152,141536,176920
35385,70770,106155,141540,176925
35386,70772,106158,141544,176930
35387,70774,106161,141548,176935
35388,70776,106164,141552,176940
35389,70778,106167,141556,176945
35390,70780,106170,141560,176950
35391,70782,106173,141564,176955
35392,70784,106176,141568,176960
35393,70786,106179,141572,176965
35394,70788,106182,141576,176970
35395,70790,106185,141580,176975
35396,70792,106188,141584,176980
35397,70794,106191,141588,176985
35398,70796,106194,141592,176990
35399,70798,106197,141596,176995
35400,70800,106200,141600,177000
35401,70802,106203,141604,177005
35402,70804,106206,141608,177010
35403,70806,106209,141612,177015
35404,70808,106212,141616,177020
35405,70810,106215,141620,177025
35406,70812,106218,141624,177030
35407,70814,106221,141628,177035
35408,70816,106224,141632,177040
35409,70818,106227,141636,177045
35410,70820,106230,141640,177050
35411,70822,106233,141644,177055
35412,70824,106236,141648,177060
35413,70826,106239,141652,177065
35414,70828,106242,141656,177070
35415,70830,106245,141660,177075
35416,70832,106248,141664,177080
35417,70834,106251,141668,177085
35418,70836,106254,141672,177090
35419,70838,106257,141676,177095
35420,70840,106260,141680,177100
35421,70842,106263,141684,177105
35422,70844,106266,141688,177110
35423,70846,106269,141692,177115
35424,70848,106272,141696,177120
35425,70850,106275,141700,177125
35426,70852,106278,141704,177130
35427,70854,106281,141708,177135
35428,70856,106284,141712,177140
35429,70858,106287,141716,177145
35430,70860,106290,141720,177150
35431,70862,106293,141724,177155
35432,70864,106296,141728,177160
35433,70866,106299,141732,177165
35434,70868,106302,141736,177170
35435,70870,106305,141740,177175
35436,70872,106308,141744,177180
35437,70874,106311,141748,177185
35438,70876,106314,141752,177190
35439,70878,106317,141756,177195
35440,70880,106320,141760,177200
35441,70882,106323,141764,177205
35442,70884,106326,141768,177210
35443,70886,106329,141772,177215
35444,70888,106332,141776,177220
35445,70890,106335,141780,177225
35446,70892,106338,141784,177230
35447,70894,106341,141788,177235
35448,70896,106344,141792,177240
35449,70898,106347,141796,177245
35450,70900,106350,141800,177250
35451,70902,106353,141804,177255
35452,70904,106356,141808,177260
35453,70906,106359,141812,177265
35454,70908,106362,141816,177270
35455,70910,106365,141820,177275
35456,70912,106368,141824,177280
35457,70914,106371,141828,177285
35458,70916,106374,141832,177290
35459,70918,106377,141836,177295
35460,70920,106380,141840,177300
35461,70922,106383,141844,177305
35462,70924,106386,141848,177310
35463,70926,106389,141852,177315
35464,70928,106392,141856,177320
35465,70930,106395,141860,177325
35466,70932,106398,141864,177330
35467,70934,106401,141868,177335
35468,70936,106404,141872,177340
35469,70938,106407,141876,177345
35470,70940,106410,141880,177350
35471,70942,106413,141884,177355
35472,70944,106416,141888,177360
35473,70946,106419,141892,177365
35474,70948,106422,141896,177370
35475,70950,106425,141900,177375
35476,70952,106428,141904,177380
35477,70954,106431,141908,177385
35478,70956,106434,141912,177390
35479,70958,106437,141916,177395
35480,70960,106440,141920,177400
35481,70962,106443,141924,177405
35482,70964,106446,141928,177410
35483,70966,106449,141932,177415
35484,70968,106452,141936,177420
35485,70970,106455,141940,177425
35486,70972,106458,141944,177430
35487,70974,106461,141948,177435
35488,70976,106464,141952,177440
35489,70978,106467,141956,177445
35490,70980,106470,141960,177450
35491,70982,106473,141964,177455
35492,70984,106476,141968,177460
35493,70986,106479,141972,177465
35494,70988,106482,141976,177470
35495,70990,106485,141980,177475
35496,70992,106488,141984,177480
35497,70994,106491,141988,177485
35498,70996,106494,141992,177490
35499,70998,106497,141996,177495
35500,71000,106500,142000,177500
35501,71002,106503,142004,177505
35502,71004,106506,142008,177510
35503,71006,106509,142012,177515
35504,71008,106512,142016,177520
35505,71010,106515,142020,177525
35506,71012,106518,142024,177530
35507,71014,106521,142028,177535
35508,71016,106524,142032,177540
35509,71018,106527,142036,177545
35510,71020,106530,142040,177550
35511,71022,106533,142044,177555
35512,71024,106536,142048,177560
35513,71026,106539,142052,177565
35514,71028,106542,142056,177570
35515,71030,106545,142060,177575
35516,71032,106548,142064,177580
35517,71034,106551,142068,177585
35518,71036,106554,142072,177590
35519,71038,106557,142076,177595
35520,71040,106560,142080,177600
35521,71042,106563,142084,177605
35522,71044,106566,142088,177610
35523,71046,106569,142092,177615
35524,71048,106572,142096,177620
35525,71050,106575,142100,177625
35526,71052,106578,142104,177630
35527,71054,106581,142108,177635
35528,71056,106584,142112,177640
35529,71058,106587,142116,177645
35530,71060,106590,142120,177650
35531,71062,106593,142124,177655
35532,71064,106596,142128,177660
35533,71066,106599,142132,177665
35534,71068,106602,142136,177670
35535,71070,106605,142140,177675
35536,71072,106608,142144,177680
35537,71074,106611,142148,177685
35538,71076,106614,142152,177690
35539,71078,106617,142156,177695
35540,71080,106620,142160,177700
35541,71082,106623,142164,177705
35542,71084,106626,142168,177710
35543,71086,106629,142172,177715
35544,71088,106632,142176,177720
35545,71090,106635,142180,177725
35546,71092,106638,142184,177730
35547,71094,106641,142188,177735
35548,71096,106644,142192,177740
35549,71098,106647,142196,177745
35550,71100,106650,142200,177750
35551,71102,106653,142204,177755
35552,71104,106656,142208,177760
35553,71106,106659,142212,177765
35554,71108,106662,142216,177770
35555,71110,106665,142220,177775
35556,71112,106668,142224,177780
35557,71114,106671,142228,177785
35558,71116,106674,142232,177790
35559,71118,106677,142236,177795
35560,71120,106680,142240,177800
35561,71122,106683,142244,177805
35562,71124,106686,142248,177810
35563,71126,106689,142252,177815
35564,71128,106692,142256,177820
35565,71130,106695,142260,177825
35566,71132,106698,142264,177830
35567,71134,106701,142268,177835
35568,71136,106704,142272,177840
35569,71138,106707,142276,177845
35570,71140,106710,142280,177850
35571,71142,106713,142284,177855
35572,71144,106716,142288,177860
35573,71146,106719,142292,177865
35574,71148,106722,142296,177870
35575,71150,106725,142300,177875
35576,71152,106728,142304,177880
35577,71154,106731,142308,177885
35578,71156,106734,142312,177890
35579,71158,106737,142316,177895
35580,71160,106740,142320,177900
35581,71162,106743,142324,177905
35582,71164,106746,142328,177910
35583,71166,106749,142332,177915
35584,71168,106752,142336,177920
35585,71170,106755,142340,177925
35586,71172,106758,142344,177930
35587,71174,106761,142348,177935
35588,71176,106764,142352,177940
35589,71178,106767,142356,177945
35590,71180,106770,142360,177950
35591,71182,106773,142364,177955
35592,71184,106776,142368,177960
35593,71186,106779,142372,177965
35594,71188,106782,142376,177970
35595,71190,106785,142380,177975
35596,71192,106788,142384,177980
35597,71194,106791,142388,177985
35598,71196,106794,142392,177990
35599,71198,106797,142396,177995
35600,71200,106800,142400,178000
35601,71202,106803,142404,178005
35602,71204,106806,142408,178010
35603,71206,106809,142412,178015
35604,71208,106812,142416,178020
35605,71210,106815,142420,178025
35606,71212,106818,142424,178030
35607,71214,106821,142428,178035
35608,71216,106824,142432,178040
35609,71218,106827,142436,178045
35610,71220,106830,142440,178050
35611,71222,106833,142444,178055
35612,71224,106836,142448,178060
35613,71226,106839,142452,178065
35614,71228,106842,142456,178070
35615,71230,106845,142460,178075
35616,71232,106848,142464,178080
35617,71234,106851,142468,178085
35618,71236,106854,142472,178090
35619,71238,106857,142476,178095
35620,71240,106860,142480,178100
35621,71242,106863,142484,178105
35622,71244,106866,142488,178110
35623,71246,106869,142492,178115
35624,71248,106872,142496,178120
35625,71250,106875,142500,178125
35626,71252,106878,142504,178130
35627,71254,106881,142508,178135
35628,71256,106884,142512,178140
35629,71258,106887,142516,178145
35630,71260,106890,142520,178150
35631,71262,106893,142524,178155
35632,71264,106896,142528,178160
35633,71266,106899,142532,178165
35634,71268,106902,142536,178170
35635,71270,106905,142540,178175
35636,71272,106908,142544,178180
35637,71274,106911,142548,178185
35638,71276,106914,142552,178190
35639,71278,106917,142556,178195
35640,71280,106920,142560,178200
35641,71282,106923,142564,178205
35642,71284,106926,142568,178210
35643,71286,106929,142572,178215
35644,71288,106932,142576,178220
35645,71290,106935,142580,178225
35646,71292,106938,142584,178230
35647,71294,106941,142588,178235
35648,71296,106944,142592,178240
35649,71298,106947,142596,178245
35650,71300,106950,142600,178250
35651,71302,106953,142604,178255
35652,71304,106956,142608,178260
35653,71306,106959,142612,178265
35654,71308,106962,142616,178270
35655,71310,106965,142620,178275
35656,71312,106968,142624,178280
35657,71314,106971,142628,178285
35658,71316,106974,142632,178290
35659,71318,106977,142636,178295
35660,71320,106980,142640,178300
35661,71322,106983,142644,178305
35662,71324,106986,142648,178310
35663,71326,106989,142652,178315
35664,71328,106992,142656,178320
35665,71330,106995,142660,178325
35666,71332,106998,142664,178330
35667,71334,107001,142668,178335
35668,71336,107004,142672,178340
35669,71338,107007,142676,178345
35670,71340,107010,142680,178350
35671,71342,107013,142684,178355
35672,71344,107016,142688,178360
35673,71346,107019,142692,178365
35674,71348,107022,142696,178370
35675,71350,107025,142700,178375
35676,71352,107028,142704,178380
35677,71354,107031,142708,178385
35678,71356,107034,142712,178390
35679,71358,107037,142716,178395
35680,71360,107040,142720,178400
35681,71362,107043,142724,178405
35682,71364,107046,142728,178410
35683,71366,107049,142732,178415
35684,71368,107052,142736,178420
35685,71370,107055,142740,178425
35686,71372,107058,142744,178430
35687,71374,107061,142748,178435
35688,71376,107064,142752,178440
35689,71378,107067,142756,178445
35690,71380,107070,142760,178450
35691,71382,107073,142764,178455
35692,71384,107076,142768,178460
35693,71386,107079,142772,178465
35694,71388,107082,142776,178470
35695,71390,107085,142780,178475
35696,71392,107088,142784,178480
35697,71394,107091,142788,178485
35698,71396,107094,142792,178490
35699,71398,107097,142796,178495
35700,71400,107100,142800,178500
35701,71402,107103,142804,178505
35702,71404,107106,142808,178510
35703,71406,107109,142812,178515
35704,71408,107112,142816,178520
35705,71410,107115,142820,178525
35706,71412,107118,142824,178530
35707,71414,107121,142828,178535
35708,71416,107124,142832,178540
35709,71418,107127,142836,178545
35710,71420,107130,142840,178550
35711,71422,107133,142844,178555
35712,71424,107136,142848,178560
35713,71426,107139,142852,178565
35714,71428,107142,142856,178570
35715,71430,107145,142860,178575
35716,71432,107148,142864,178580
35717,71434,107151,142868,178585
35718,71436,107154,142872,178590
35719,71438,107157,142876,178595
35720,71440,107160,142880,178600
35721,71442,107163,142884,178605
35722,71444,107166,142888,178610
35723,71446,107169,142892,178615
35724,71448,107172,142896,178620
35725,71450,107175,142900,178625
35726,71452,107178,142904,178630
35727,71454,107181,142908,178635
35728,71456,107184,142912,178640
35729,71458,107187,142916,178645
35730,71460,107190,142920,178650
35731,71462,107193,142924,178655
35732,71464,107196,142928,178660
35733,71466,107199,142932,178665
35734,71468,107202,142936,178670
35735,71470,107205,142940,178675
35736,71472,107208,142944,178680
35737,71474,107211,142948,178685
35738,71476,107214,142952,178690
35739,71478,107217,142956,178695
35740,71480,107220,142960,178700
35741,71482,107223,142964,178705
35742,71484,107226,142968,178710
35743,71486,107229,142972,178715
35744,71488,107232,142976,178720
35745,71490,107235,142980,178725
35746,71492,107238,142984,178730
35747,71494,107241,142988,178735
35748,71496,107244,142992,178740
35749,71498,107247,142996,178745
35750,71500,107250,143000,178750
35751,71502,107253,143004,178755
35752,71504,107256,143008,178760
35753,71506,107259,143012,178765
35754,71508,107262,143016,178770
35755,71510,107265,143020,178775
35756,71512,107268,143024,178780
35757,71514,107271,143028,178785
35758,71516,107274,143032,178790
35759,71518,107277,143036,178795
35760,71520,107280,143040,178800
35761,71522,107283,143044,178805
35762,71524,107286,143048,178810
35763,71526,107289,143052,178815
35764,71528,107292,143056,178820
35765,71530,107295,143060,178825
35766,71532,107298,143064,178830
35767,71534,107301,143068,178835
35768,71536,107304,143072,178840
35769,71538,107307,143076,178845
35770,71540,107310,143080,178850
35771,71542,107313,143084,178855
35772,71544,107316,143088,178860
35773,71546,107319,143092,178865
35774,71548,107322,143096,178870
35775,71550,107325,143100,178875
35776,71552,107328,143104,178880
35777,71554,107331,143108,178885
35778,71556,107334,143112,178890
35779,71558,107337,143116,178895
35780,71560,107340,143120,178900
35781,71562,107343,143124,178905
35782,71564,107346,143128,178910
35783,71566,107349,143132,178915
35784,71568,107352,143136,178920
35785,71570,107355,143140,178925
35786,71572,107358,143144,178930
35787,71574,107361,143148,178935
35788,71576,107364,143152,178940
35789,71578,107367,143156,178945
35790,71580,107370,143160,178950
35791,71582,107373,143164,178955
35792,71584,107376,143168,178960
35793,71586,107379,143172,178965
35794,71588,107382,143176,178970
35795,71590,107385,143180,178975
35796,71592,107388,143184,178980
35797,71594,107391,143188,178985
35798,71596,107394,143192,178990
35799,71598,107397,143196,178995
35800,71600,107400,143200,179000
35801,71602,107403,143204,179005
35802,71604,107406,143208,179010
35803,71606,107409,143212,179015
35804,71608,107412,143216,179020
35805,71610,107415,143220,179025
35806,71612,107418,143224,179030
35807,71614,107421,143228,179035
35808,71616,107424,143232,179040
35809,71618,107427,143236,179045
35810,71620,107430,143240,179050
35811,71622,107433,143244,179055
35812,71624,107436,143248,179060
35813,71626,107439,143252,179065
35814,71628,107442,143256,179070
35815,71630,107445,143260,179075
35816,71632,107448,143264,179080
35817,71634,107451,143268,179085
35818,71636,107454,143272,179090
35819,71638,107457,143276,179095
35820,71640,107460,143280,179100
35821,71642,107463,143284,179105
35822,71644,107466,143288,179110
35823,71646,107469,143292,179115
35824,71648,107472,143296,179120
35825,71650,107475,143300,179125
35826,71652,107478,143304,179130
35827,71654,107481,143308,179135
35828,71656,107484,143312,179140
35829,71658,107487,143316,179145
35830,71660,107490,143320,179150
35831,71662,107493,143324,179155
35832,71664,107496,143328,179160
35833,71666,107499,143332,179165
35834,71668,107502,143336,179170
35835,71670,107505,143340,179175
35836,71672,107508,143344,179180
35837,71674,107511,143348,179185
35838,71676,107514,143352,179190
35839,71678,107517,143356,179195
35840,71680,107520,143360,179200
35841,71682,107523,143364,179205
35842,71684,107526,143368,179210
35843,71686,107529,143372,179215
35844,71688,107532,143376,179220
35845,71690,107535,143380,179225
35846,71692,107538,143384,179230
35847,71694,107541,143388,179235
35848,71696,107544,143392,179240
35849,71698,107547,143396,179245
35850,71700,107550,143400,179250
35851,71702,107553,143404,179255
35852,71704,107556,143408,179260
35853,71706,107559,143412,179265
35854,71708,107562,143416,179270
35855,71710,107565,143420,179275
35856,71712,107568,143424,179280
35857,71714,107571,143428,179285
35858,71716,107574,143432,179290
35859,71718,107577,143436,179295
35860,71720,107580,143440,179300
35861,71722,107583,143444,179305
35862,71724,107586,143448,179310
35863,71726,107589,143452,179315
35864,71728,107592,143456,179320
35865,71730,107595,143460,179325
35866,71732,107598,143464,179330
35867,71734,107601,143468,179335
35868,71736,107604,143472,179340
35869,71738,107607,143476,179345
35870,71740,107610,143480,179350
35871,71742,107613,143484,179355
35872,71744,107616,143488,179360
35873,71746,107619,143492,179365
35874,71748,107622,143496,179370
35875,71750,107625,143500,179375
35876,71752,107628,143504,179380
35877,71754,107631,143508,179385
35878,71756,107634,143512,179390
35879,71758,107637,143516,179395
35880,71760,107640,143520,179400
35881,71762,107643,143524,179405
35882,71764,107646,143528,179410
35883,71766,107649,143532,179415
35884,71768,107652,143536,179420
35885,71770,107655,143540,179425
35886,71772,107658,143544,179430
35887,71774,107661,143548,179435
35888,71776,107664,143552,179440
35889,71778,107667,143556,179445
35890,71780,107670,143560,179450
35891,71782,107673,143564,179455
35892,71784,107676,143568,179460
35893,71786,107679,143572,179465
35894,71788,107682,143576,179470
35895,71790,107685,143580,179475
35896,71792,107688,143584,179480
35897,71794,107691,143588,179485
35898,71796,107694,143592,179490
35899,71798,107697,143596,179495
35900,71800,107700,143600,179500
35901,71802,107703,143604,179505
35902,71804,107706,143608,179510
35903,71806,107709,143612,179515
35904,71808,107712,143616,179520
35905,71810,107715,143620,179525
35906,71812,107718,143624,179530
35907,71814,107721,143628,179535
35908,71816,107724,143632,179540
35909,71818,107727,143636,179545
35910,71820,107730,143640,179550
35911,71822,107733,143644,179555
35912,71824,107736,143648,179560
35913,71826,107739,143652,179565
35914,71828,107742,143656,179570
35915,71830,107745,143660,179575
35916,71832,107748,143664,179580
35917,71834,107751,143668,179585
35918,71836,107754,143672,179590
35919,71838,107757,143676,179595
35920,71840,107760,143680,179600
35921,71842,107763,143684,179605
35922,71844,107766,143688,179610
35923,71846,107769,143692,179615
35924,71848,107772,143696,179620
35925,71850,107775,143700,179625
35926,71852,107778,143704,179630
35927,71854,107781,143708,179635
35928,71856,107784,143712,179640
35929,71858,107787,143716,179645
35930,71860,107790,143720,179650
35931,71862,107793,143724,179655
35932,71864,107796,143728,179660
35933,71866,107799,143732,179665
35934,71868,107802,143736,179670
35935,71870,107805,143740,179675
35936,71872,107808,143744,179680
35937,71874,107811,143748,179685
35938,71876,107814,143752,179690
35939,71878,107817,143756,179695
35940,71880,107820,143760,179700
35941,71882,107823,143764,179705
35942,71884,107826,143768,179710
35943,71886,107829,143772,179715
35944,71888,107832,143776,179720
35945,71890,107835,143780,179725
35946,71892,107838,143784,179730
35947,71894,107841,143788,179735
35948,71896,107844,143792,179740
35949,71898,107847,143796,179745
35950,71900,107850,143800,179750
35951,71902,107853,143804,179755
35952,71904,107856,143808,179760
35953,71906,107859,143812,179765
35954,71908,107862,143816,179770
35955,71910,107865,143820,179775
35956,71912,107868,143824,179780
35957,71914,107871,143828,179785
35958,71916,107874,143832,179790
35959,71918,107877,143836,179795
35960,71920,107880,143840,179800
35961,71922,107883,143844,179805
35962,71924,107886,143848,179810
35963,71926,107889,143852,179815
35964,71928,107892,143856,179820
35965,71930,107895,143860,179825
35966,71932,107898,143864,179830
35967,71934,107901,143868,179835
35968,71936,107904,143872,179840
35969,71938,107907,143876,179845
35970,71940,107910,143880,179850
35971,71942,107913,143884,179855
35972,71944,107916,143888,179860
35973,71946,107919,143892,179865
35974,71948,107922,143896,179870
35975,71950,107925,143900,179875
35976,71952,107928,143904,179880
35977,71954,107931,143908,179885
35978,71956,107934,143912,179890
35979,71958,107937,143916,179895
35980,71960,107940,143920,179900
35981,71962,107943,143924,179905
35982,71964,107946,143928,179910
35983,71966,107949,143932,179915
35984,71968,107952,143936,179920
35985,71970,107955,143940,179925
35986,71972,107958,143944,179930
35987,71974,107961,143948,179935
35988,71976,107964,143952,179940
35989,71978,107967,143956,179945
35990,71980,107970,143960,179950
35991,71982,107973,143964,179955
35992,71984,107976,143968,179960
35993,71986,107979,143972,179965
35994,71988,107982,143976,179970
35995,71990,107985,143980,179975
35996,71992,107988,143984,179980
35997,71994,107991,143988,179985
35998,71996,107994,143992,179990
35999,71998,107997,143996,179995
36000,72000,108000,144000,180000
36001,72002,108003,144004,180005
36002,72004,108006,144008,180010
36003,72006,108009,144012,180015
36004,72008,108012,144016,180020
36005,72010,108015,144020,180025
36006,72012,108018,144024,180030
36007,72014,108021,144028,180035
36008,72016,108024,144032,180040
36009,72018,108027,144036,180045
36010,72020,108030,144040,180050
36011,72022,108033,144044,180055
36012,72024,108036,144048,180060
36013,72026,108039,144052,180065
36014,72028,108042,144056,180070
36015,72030,108045,144060,180075
36016,72032,108048,144064,180080
36017,72034,108051,144068,180085
36018,72036,108054,144072,180090
36019,72038,108057,144076,180095
36020,72040,108060,144080,180100
36021,72042,108063,144084,180105
36022,72044,108066,144088,180110
36023,72046,108069,144092,180115
36024,72048,108072,144096,180120
36025,72050,108075,144100,180125
36026,72052,108078,144104,180130
36027,72054,108081,144108,180135
36028,72056,108084,144112,180140
36029,72058,108087,144116,180145
36030,72060,108090,144120,180150
36031,72062,108093,144124,180155
36032,72064,108096,144128,180160
36033,72066,108099,144132,180165
36034,72068,108102,144136,180170
36035,72070,108105,144140,180175
36036,72072,108108,144144,180180
36037,72074,108111,144148,180185
36038,72076,108114,144152,180190
36039,72078,108117,144156,180195
36040,72080,108120,144160,180200
36041,72082,108123,144164,180205
36042,72084,108126,144168,180210
36043,72086,108129,144172,180215
36044,72088,108132,144176,180220
36045,72090,108135,144180,180225
36046,72092,108138,144184,180230
36047,72094,108141,144188,180235
36048,72096,108144,144192,180240
36049,72098,108147,144196,180245
36050,72100,108150,144200,180250
36051,72102,108153,144204,180255
36052,72104,108156,144208,180260
36053,72106,108159,144212,180265
36054,72108,108162,144216,180270
36055,72110,108165,144220,180275
36056,72112,108168,144224,180280
36057,72114,108171,144228,180285
36058,72116,108174,144232,180290
36059,72118,108177,144236,180295
36060,72120,108180,144240,180300
36061,72122,108183,144244,180305
36062,72124,108186,144248,180310
36063,72126,108189,144252,180315
36064,72128,108192,144256,180320
36065,72130,108195,144260,180325
36066,72132,108198,144264,180330
36067,72134,108201,144268,180335
36068,72136,108204,144272,180340
36069,72138,108207,144276,180345
36070,72140,108210,144280,180350
36071,72142,108213,144284,180355
36072,72144,108216,144288,180360
36073,72146,108219,144292,180365
36074,72148,108222,144296,180370
36075,72150,108225,144300,180375
36076,72152,108228,144304,180380
36077,72154,108231,144308,180385
36078,72156,108234,144312,180390
36079,72158,108237,144316,180395
36080,72160,108240,144320,180400
36081,72162,108243,144324,180405
36082,72164,108246,144328,180410
36083,72166,108249,144332,180415
36084,72168,108252,144336,180420
36085,72170,108255,144340,180425
36086,72172,108258,144344,180430
36087,72174,108261,144348,180435
36088,72176,108264,144352,180440
36089,72178,108267,144356,180445
36090,72180,108270,144360,180450
36091,72182,108273,144364,180455
36092,72184,108276,144368,180460
36093,72186,108279,144372,180465
36094,72188,108282,144376,180470
36095,72190,108285,144380,180475
36096,72192,108288,144384,180480
36097,72194,108291,144388,180485
36098,72196,108294,144392,180490
36099,72198,108297,144396,180495
36100,72200,108300,144400,180500
36101,72202,108303,144404,180505
36102,72204,108306,144408,180510
36103,72206,108309,144412,180515
36104,72208,108312,144416,180520
36105,72210,108315,144420,180525
36106,72212,108318,144424,180530
36107,72214,108321,144428,180535
36108,72216,108324,144432,180540
36109,72218,108327,144436,180545
36110,72220,108330,144440,180550
36111,72222,108333,144444,180555
36112,72224,108336,144448,180560
36113,72226,108339,144452,180565
36114,72228,108342,144456,180570
36115,72230,108345,144460,180575
36116,72232,108348,144464,180580
36117,72234,108351,144468,180585
36118,72236,108354,144472,180590
36119,72238,108357,144476,180595
36120,72240,108360,144480,180600
36121,72242,108363,144484,180605
36122,72244,108366,144488,180610
36123,72246,108369,144492,180615
36124,72248,108372,144496,180620
36125,72250,108375,144500,180625
36126,72252,108378,144504,180630
36127,72254,108381,144508,180635
36128,72256,108384,144512,180640
36129,72258,108387,144516,180645
36130,72260,108390,144520,180650
36131,72262,108393,144524,180655
36132,72264,108396,144528,180660
36133,72266,108399,144532,180665
36134,72268,108402,144536,180670
36135,72270,108405,144540,180675
36136,72272,108408,144544,180680
36137,72274,108411,144548,180685
36138,72276,108414,144552,180690
36139,72278,108417,144556,180695
36140,72280,108420,144560,180700
36141,72282,108423,144564,180705
36142,72284,108426,144568,180710
36143,72286,108429,144572,180715
36144,72288,108432,144576,180720
36145,72290,108435,144580,180725
36146,72292,108438,144584,180730
36147,72294,108441,144588,180735
36148,72296,108444,144592,180740
36149,72298,108447,144596,180745
36150,72300,108450,144600,180750
36151,72302,108453,144604,180755
36152,72304,108456,144608,180760
36153,72306,108459,144612,180765
36154,72308,108462,144616,180770
36155,72310,108465,144620,180775
36156,72312,108468,144624,180780
36157,72314,108471,144628,180785
36158,72316,108474,144632,180790
36159,72318,108477,144636,180795
36160,72320,108480,144640,180800
36161,72322,108483,144644,180805
36162,72324,108486,144648,180810
36163,72326,108489,144652,180815
36164,72328,108492,144656,180820
36165,72330,108495,144660,180825
36166,72332,108498,144664,180830
36167,72334,108501,144668,180835
36168,72336,108504,144672,180840
36169,72338,108507,144676,180845
36170,72340,108510,144680,180850
36171,72342,108513,144684,180855
36172,72344,108516,144688,180860
36173,72346,108519,144692,180865
36174,72348,108522,144696,180870
36175,72350,108525,144700,180875
36176,72352,108528,144704,180880
36177,72354,108531,144708,180885
36178,72356,108534,144712,180890
36179,72358,108537,144716,180895
36180,72360,108540,144720,180900
36181,72362,108543,144724,180905
36182,72364,108546,144728,180910
36183,72366,108549,144732,180915
36184,72368,108552,144736,180920
36185,72370,108555,144740,180925
36186,72372,108558,144744,180930
36187,72374,108561,144748,180935
36188,72376,108564,144752,180940
36189,72378,108567,144756,180945
36190,72380,108570,144760,180950
36191,72382,108573,144764,180955
36192,72384,108576,144768,180960
36193,72386,108579,144772,180965
36194,72388,108582,144776,180970
36195,72390,108585,144780,180975
36196,72392,108588,144784,180980
36197,72394,108591,144788,180985
36198,72396,108594,144792,180990
36199,72398,108597,144796,180995
36200,72400,108600,144800,181000
36201,72402,108603,144804,181005
36202,72404,108606,144808,181010
36203,72406,108609,144812,181015
36204,72408,108612,144816,181020
36205,72410,108615,144820,181025
36206,72412,108618,144824,181030
36207,72414,108621,144828,181035
36208,72416,108624,144832,181040
36209,72418,108627,144836,181045
36210,72420,108630,144840,181050
36211,72422,108633,144844,181055
36212,72424,108636,144848,181060
36213,72426,108639,144852,181065
36214,72428,108642,144856,181070
36215,72430,108645,144860,181075
36216,72432,108648,144864,181080
36217,72434,108651,144868,181085
36218,72436,108654,144872,181090
36219,72438,108657,144876,181095
36220,72440,108660,144880,181100
36221,72442,108663,144884,181105
36222,72444,108666,144888,181110
36223,72446,108669,144892,181115
36224,72448,108672,144896,181120
36225,72450,108675,144900,181125
36226,72452,108678,144904,181130
36227,72454,108681,144908,181135
36228,72456,108684,144912,181140
36229,72458,108687,144916,181145
36230,72460,108690,144920,181150
36231,72462,108693,144924,181155
36232,72464,108696,144928,181160
36233,72466,108699,144932,181165
36234,72468,108702,144936,181170
36235,72470,108705,144940,181175
36236,72472,108708,144944,181180
36237,72474,108711,144948,181185
36238,72476,108714,144952,181190
36239,72478,108717,144956,181195
36240,72480,108720,144960,181200
36241,72482,108723,144964,181205
36242,72484,108726,144968,181210
36243,72486,108729,144972,181215
36244,72488,108732,144976,181220
36245,72490,108735,144980,181225
36246,72492,108738,144984,181230
36247,72494,108741,144988,181235
36248,72496,108744,144992,181240
36249,72498,108747,144996,181245
36250,72500,108750,145000,181250
36251,72502,108753,145004,181255
36252,72504,108756,145008,181260
36253,72506,108759,145012,181265
36254,72508,108762,145016,181270
36255,72510,108765,145020,181275
36256,72512,108768,145024,181280
36257,72514,108771,145028,181285
36258,72516,108774,145032,181290
36259,72518,108777,145036,181295
36260,72520,108780,145040,181300
36261,72522,108783,145044,181305
36262,72524,108786,145048,181310
36263,72526,108789,145052,181315
36264,72528,108792,145056,181320
36265,72530,108795,145060,181325
36266,72532,108798,145064,181330
36267,72534,108801,145068,181335
36268,72536,108804,145072,181340
36269,72538,108807,145076,181345
36270,72540,108810,145080,181350
36271,72542,108813,145084,181355
36272,72544,108816,145088,181360
36273,72546,108819,145092,181365
36274,72548,108822,145096,181370
36275,72550,108825,145100,181375
36276,72552,108828,145104,181380
36277,72554,108831,145108,181385
36278,72556,108834,145112,181390
36279,72558,108837,145116,181395
36280,72560,108840,145120,181400
36281,72562,108843,145124,181405
36282,72564,108846,145128,181410
36283,72566,108849,145132,181415
36284,72568,108852,145136,181420
36285,72570,108855,145140,181425
36286,72572,108858,145144,181430
36287,72574,108861,145148,181435
36288,72576,108864,145152,181440
36289,72578,108867,145156,181445
36290,72580,108870,145160,181450
36291,72582,108873,145164,181455
36292,72584,108876,145168,181460
36293,72586,108879,145172,181465
36294,72588,108882,145176,181470
36295,72590,108885,145180,181475
36296,72592,108888,145184,181480
36297,72594,108891,145188,181485
36298,72596,108894,145192,181490
36299,72598,108897,145196,181495
36300,72600,108900,145200,181500
36301,72602,108903,145204,181505
36302,72604,108906,145208,181510
36303,72606,108909,145212,181515
36304,72608,108912,145216,181520
36305,72610,108915,145220,181525
36306,72612,108918,145224,181530
36307,72614,108921,145228,181535
36308,72616,108924,145232,181540
36309,72618,108927,145236,181545
36310,72620,108930,145240,181550
36311,72622,108933,145244,181555
36312,72624,108936,145248,181560
36313,72626,108939,145252,181565
36314,72628,108942,145256,181570
36315,72630,108945,145260,181575
36316,72632,108948,145264,181580
36317,72634,108951,145268,181585
36318,72636,108954,145272,181590
36319,72638,108957,145276,181595
36320,72640,108960,145280,181600
36321,72642,108963,145284,181605
36322,72644,108966,145288,181610
36323,72646,108969,145292,181615
36324,72648,108972,145296,181620
36325,72650,108975,145300,181625
36326,72652,108978,145304,181630
36327,72654,108981,145308,181635
36328,72656,108984,145312,181640
36329,72658,108987,145316,181645
36330,72660,108990,145320,181650
36331,72662,108993,145324,181655
36332,72664,108996,145328,181660
36333,72666,108999,145332,181665
36334,72668,109002,145336,181670
36335,72670,109005,145340,181675
36336,72672,109008,145344,181680
36337,72674,109011,145348,181685
36338,72676,109014,145352,181690
36339,72678,109017,145356,181695
36340,72680,109020,145360,181700
36341,72682,109023,145364,181705
36342,72684,109026,145368,181710
36343,72686,109029,145372,181715
36344,72688,109032,145376,181720
36345,72690,109035,145380,181725
36346,72692,109038,145384,181730
36347,72694,109041,145388,181735
36348,72696,109044,145392,181740
36349,72698,109047,145396,181745
36350,72700,109050,145400,181750
36351,72702,109053,145404,181755
36352,72704,109056,145408,181760
36353,72706,109059,145412,181765
36354,72708,109062,145416,181770
36355,72710,109065,145420,181775
36356,72712,109068,145424,181780
36357,72714,109071,145428,181785
36358,72716,109074,145432,181790
36359,72718,109077,145436,181795
36360,72720,109080,145440,181800
36361,72722,109083,145444,181805
36362,72724,109086,145448,181810
36363,72726,109089,145452,181815
36364,72728,109092,145456,181820
36365,72730,109095,145460,181825
36366,72732,109098,145464,181830
36367,72734,109101,145468,181835
36368,72736,109104,145472,181840
36369,72738,109107,145476,181845
36370,72740,109110,145480,181850
36371,72742,109113,145484,181855
36372,72744,109116,145488,181860
36373,72746,109119,145492,181865
36374,72748,109122,145496,181870
36375,72750,109125,145500,181875
36376,72752,109128,145504,181880
36377,72754,109131,145508,181885
36378,72756,109134,145512,181890
36379,72758,109137,145516,181895
36380,72760,109140,145520,181900
36381,72762,109143,145524,181905
36382,72764,109146,145528,181910
36383,72766,109149,145532,181915
36384,72768,109152,145536,181920
36385,72770,109155,145540,181925
36386,72772,109158,145544,181930
36387,72774,109161,145548,181935
36388,72776,109164,145552,181940
36389,72778,109167,145556,181945
36390,72780,109170,145560,181950
36391,72782,109173,145564,181955
36392,72784,109176,145568,181960
36393,72786,109179,145572,181965
36394,72788,109182,145576,181970
36395,72790,109185,145580,181975
36396,72792,109188,145584,181980
36397,72794,109191,145588,181985
36398,72796,109194,145592,181990
36399,72798,109197,145596,181995
36400,72800,109200,145600,182000
36401,72802,109203,145604,182005
36402,72804,109206,145608,182010
36403,72806,109209,145612,182015
36404,72808,109212,145616,182020
36405,72810,109215,145620,182025
36406,72812,109218,145624,182030
36407,72814,109221,145628,182035
36408,72816,109224,145632,182040
36409,72818,109227,145636,182045
36410,72820,109230,145640,182050
36411,72822,109233,145644,182055
36412,72824,109236,145648,182060
36413,72826,109239,145652,182065
36414,72828,109242,145656,182070
36415,72830,109245,145660,182075
36416,72832,109248,145664,182080
36417,72834,109251,145668,182085
36418,72836,109254,145672,182090
36419,72838,109257,145676,182095
36420,72840,109260,145680,182100
36421,72842,109263,145684,182105
36422,72844,109266,145688,182110
36423,72846,109269,145692,182115
36424,72848,109272,145696,182120
36425,72850,109275,145700,182125
36426,72852,109278,145704,182130
36427,72854,109281,145708,182135
36428,72856,109284,145712,182140
36429,72858,109287,145716,182145
36430,72860,109290,145720,182150
36431,72862,109293,145724,182155
36432,72864,109296,145728,182160
36433,72866,109299,145732,182165
36434,72868,109302,145736,182170
36435,72870,109305,145740,182175
36436,72872,109308,145744,182180
36437,72874,109311,145748,182185
36438,72876,109314,145752,182190
36439,72878,109317,145756,182195
36440,72880,109320,145760,182200
36441,72882,109323,145764,182205
36442,72884,109326,145768,182210
36443,72886,109329,145772,182215
36444,72888,109332,145776,182220
36445,72890,109335,145780,182225
36446,72892,109338,145784,182230
36447,72894,109341,145788,182235
36448,72896,109344,145792,182240
36449,72898,109347,145796,182245
36450,72900,109350,145800,182250
36451,72902,109353,145804,182255
36452,72904,109356,145808,182260
36453,72906,109359,145812,182265
36454,72908,109362,145816,182270
36455,72910,109365,145820,182275
36456,72912,109368,145824,182280
36457,72914,109371,145828,182285
36458,72916,109374,145832,182290
36459,72918,109377,145836,182295
36460,72920,109380,145840,182300
36461,72922,109383,145844,182305
36462,72924,109386,145848,182310
36463,72926,109389,145852,182315
36464,72928,109392,145856,182320
36465,72930,109395,145860,182325
36466,72932,109398,145864,182330
36467,72934,109401,145868,182335
36468,72936,109404,145872,182340
36469,72938,109407,145876,182345
36470,72940,109410,145880,182350
36471,72942,109413,145884,182355
36472,72944,109416,145888,182360
36473,72946,109419,145892,182365
36474,72948,109422,145896,182370
36475,72950,109425,145900,182375
36476,72952,109428,145904,182380
36477,72954,109431,145908,182385
36478,72956,109434,145912,182390
36479,72958,109437,145916,182395
36480,72960,109440,145920,182400
36481,72962,109443,145924,182405
36482,72964,109446,145928,182410
36483,72966,109449,145932,182415
36484,72968,109452,145936,182420
36485,72970,109455,145940,182425
36486,72972,109458,145944,182430
36487,72974,109461,145948,182435
36488,72976,109464,145952,182440
36489,72978,109467,145956,182445
36490,72980,109470,145960,182450
36491,72982,109473,145964,182455
36492,72984,109476,145968,182460
36493,72986,109479,145972,182465
36494,72988,109482,145976,182470
36495,72990,109485,145980,182475
36496,72992,109488,145984,182480
36497,72994,109491,145988,182485
36498,72996,109494,145992,182490
36499,72998,109497,145996,182495
36500,73000,109500,146000,182500
36501,73002,109503,146004,182505
36502,73004,109506,146008,182510
36503,73006,109509,146012,182515
36504,73008,109512,146016,182520
36505,73010,109515,146020,182525
36506,73012,109518,146024,182530
36507,73014,109521,146028,182535
36508,73016,109524,146032,182540
36509,73018,109527,146036,182545
36510,73020,109530,146040,182550
36511,73022,109533,146044,182555
36512,73024,109536,146048,182560
36513,73026,109539,146052,182565
36514,73028,109542,146056,182570
36515,73030,109545,146060,182575
36516,73032,109548,146064,182580
36517,73034,109551,146068,182585
36518,73036,109554,146072,182590
36519,73038,109557,146076,182595
36520,73040,109560,146080,182600
36521,73042,109563,146084,182605
36522,73044,109566,146088,182610
36523,73046,109569,146092,182615
36524,73048,109572,146096,182620
36525,73050,109575,146100,182625
36526,73052,109578,146104,182630
36527,73054,109581,146108,182635
36528,73056,109584,146112,182640
36529,73058,109587,146116,182645
36530,73060,109590,146120,182650
36531,73062,109593,146124,182655
36532,73064,109596,146128,182660
36533,73066,109599,146132,182665
36534,73068,109602,146136,182670
36535,73070,109605,146140,182675
36536,73072,109608,146144,182680
36537,73074,109611,146148,182685
36538,73076,109614,146152,182690
36539,73078,109617,146156,182695
36540,73080,109620,146160,182700
36541,73082,109623,146164,182705
36542,73084,109626,146168,182710
36543,73086,109629,146172,182715
36544,73088,109632,146176,182720
36545,73090,109635,146180,182725
36546,73092,109638,146184,182730
36547,73094,109641,146188,182735
36548,73096,109644,146192,182740
36549,73098,109647,146196,182745
36550,73100,109650,146200,182750
36551,73102,109653,146204,182755
36552,73104,109656,146208,182760
36553,73106,109659,146212,182765
36554,73108,109662,146216,182770
36555,73110,109665,146220,182775
36556,73112,109668,146224,182780
36557,73114,109671,146228,182785
36558,73116,109674,146232,182790
36559,73118,109677,146236,182795
36560,73120,109680,146240,182800
36561,73122,109683,146244,182805
36562,73124,109686,146248,182810
36563,73126,109689,146252,182815
36564,73128,109692,146256,182820
36565,73130,109695,146260,182825
36566,73132,109698,146264,182830
36567,73134,109701,146268,182835
36568,73136,109704,146272,182840
36569,73138,109707,146276,182845
36570,73140,109710,146280,182850
36571,73142,109713,146284,182855
36572,73144,109716,146288,182860
36573,73146,109719,146292,182865
36574,73148,109722,146296,182870
36575,73150,109725,146300,182875
36576,73152,109728,146304,182880
36577,73154,109731,146308,182885
36578,73156,109734,146312,182890
36579,73158,109737,146316,182895
36580,73160,109740,146320,182900
36581,73162,109743,146324,182905
36582,73164,109746,146328,182910
36583,73166,109749,146332,182915
36584,73168,109752,146336,182920
36585,73170,109755,146340,182925
36586,73172,109758,146344,182930
36587,73174,109761,146348,182935
36588,73176,109764,146352,182940
36589,73178,109767,146356,182945
36590,73180,109770,146360,182950
36591,73182,109773,146364,182955
36592,73184,109776,146368,182960
36593,73186,109779,146372,182965
36594,73188,109782,146376,182970
36595,73190,109785,146380,182975
36596,73192,109788,146384,182980
36597,73194,109791,146388,182985
36598,73196,109794,146392,182990
36599,73198,109797,146396,182995
36600,73200,109800,146400,183000
36601,73202,109803,146404,183005
36602,73204,109806,146408,183010
36603,73206,109809,146412,183015
36604,73208,109812,146416,183020
36605,73210,109815,146420,183025
36606,73212,109818,146424,183030
36607,73214,109821,146428,183035
36608,73216,109824,146432,183040
36609,73218,109827,146436,183045
36610,73220,109830,146440,183050
36611,73222,109833,146444,183055
36612,73224,109836,146448,183060
36613,73226,109839,146452,183065
36614,73228,109842,146456,183070
36615,73230,109845,146460,183075
36616,73232,109848,146464,183080
36617,73234,109851,146468,183085
36618,73236,109854,146472,183090
36619,73238,109857,146476,183095
36620,73240,109860,146480,183100
36621,73242,109863,146484,183105
36622,73244,109866,146488,183110
36623,73246,109869,146492,183115
36624,73248,109872,146496,183120
36625,73250,109875,146500,183125
36626,73252,109878,146504,183130
36627,73254,109881,146508,183135
36628,73256,109884,146512,183140
36629,73258,109887,146516,183145
36630,73260,109890,146520,183150
36631,73262,109893,146524,183155
36632,73264,109896,146528,183160
36633,73266,109899,146532,183165
36634,73268,109902,146536,183170
36635,73270,109905,146540,183175
36636,73272,109908,146544,183180
36637,73274,109911,146548,183185
36638,73276,109914,146552,183190
36639,73278,109917,146556,183195
36640,73280,109920,146560,183200
36641,73282,109923,146564,183205
36642,73284,109926,146568,183210
36643,73286,109929,146572,183215
36644,73288,109932,146576,183220
36645,73290,109935,146580,183225
36646,73292,109938,146584,183230
36647,73294,109941,146588,183235
36648,73296,109944,146592,183240
36649,73298,109947,146596,183245
36650,73300,109950,146600,183250
36651,73302,109953,146604,183255
36652,73304,109956,146608,183260
36653,73306,109959,146612,183265
36654,73308,109962,146616,183270
36655,73310,109965,146620,183275
36656,73312,109968,146624,183280
36657,73314,109971,146628,183285
36658,73316,109974,146632,183290
36659,73318,109977,146636,183295
36660,73320,109980,146640,183300
36661,73322,109983,146644,183305
36662,73324,109986,146648,183310
36663,73326,109989,146652,183315
36664,73328,109992,146656,183320
36665,73330,109995,146660,183325
36666,73332,109998,146664,183330
36667,73334,110001,146668,183335
36668,73336,110004,146672,183340
36669,73338,110007,146676,183345
36670,73340,110010,146680,183350
36671,73342,110013,146684,183355
36672,73344,110016,146688,183360
36673,73346,110019,146692,183365
36674,73348,110022,146696,183370
36675,73350,110025,146700,183375
36676,73352,110028,146704,183380
36677,73354,110031,146708,183385
36678,73356,110034,146712,183390
36679,73358,110037,146716,183395
36680,73360,110040,146720,183400
36681,73362,110043,146724,183405
36682,73364,110046,146728,183410
36683,73366,110049,146732,183415
36684,73368,110052,146736,183420
36685,73370,110055,146740,183425
36686,73372,110058,146744,183430
36687,73374,110061,146748,183435
36688,73376,110064,146752,183440
36689,73378,110067,146756,183445
36690,73380,110070,146760,183450
36691,73382,110073,146764,183455
36692,73384,110076,146768,183460
36693,73386,110079,146772,183465
36694,73388,110082,146776,183470
36695,73390,110085,146780,183475
36696,73392,110088,146784,183480
36697,73394,110091,146788,183485
36698,73396,110094,146792,183490
36699,73398,110097,146796,183495
36700,73400,110100,146800,183500
36701,73402,110103,146804,183505
36702,73404,110106,146808,183510
36703,73406,110109,146812,183515
36704,73408,110112,146816,183520
36705,73410,110115,146820,183525
36706,73412,110118,146824,183530
36707,73414,110121,146828,183535
36708,73416,110124,146832,183540
36709,73418,110127,146836,183545
36710,73420,110130,146840,183550
36711,73422,110133,146844,183555
36712,73424,110136,146848,183560
36713,73426,110139,146852,183565
36714,73428,110142,146856,183570
36715,73430,110145,146860,183575
36716,73432,110148,146864,183580
36717,73434,110151,146868,183585
36718,73436,110154,146872,183590
36719,73438,110157,146876,183595
36720,73440,110160,146880,183600
36721,73442,110163,146884,183605
36722,73444,110166,146888,183610
36723,73446,110169,146892,183615
36724,73448,110172,146896,183620
36725,73450,110175,146900,183625
36726,73452,110178,146904,183630
36727,73454,110181,146908,183635
36728,73456,110184,146912,183640
36729,73458,110187,146916,183645
36730,73460,110190,146920,183650
36731,73462,110193,146924,183655
36732,73464,110196,146928,183660
36733,73466,110199,146932,183665
36734,73468,110202,146936,183670
36735,73470,110205,146940,183675
36736,73472,110208,146944,183680
36737,73474,110211,146948,183685
36738,73476,110214,146952,183690
36739,73478,110217,146956,183695
36740,73480,110220,146960,183700
36741,73482,110223,146964,183705
36742,73484,110226,146968,183710
36743,73486,110229,146972,183715
36744,73488,110232,146976,183720
36745,73490,110235,146980,183725
36746,73492,110238,146984,183730
36747,73494,110241,146988,183735
36748,73496,110244,146992,183740
36749,73498,110247,146996,183745
36750,73500,110250,147000,183750
36751,73502,110253,147004,183755
36752,73504,110256,147008,183760
36753,73506,110259,147012,183765
36754,73508,110262,147016,183770
36755,73510,110265,147020,183775
36756,73512,110268,147024,183780
36757,73514,110271,147028,183785
36758,73516,110274,147032,183790
36759,73518,110277,147036,183795
36760,73520,110280,147040,183800
36761,73522,110283,147044,183805
36762,73524,110286,147048,183810
36763,73526,110289,147052,183815
36764,73528,110292,147056,183820
36765,73530,110295,147060,183825
36766,73532,110298,147064,183830
36767,73534,110301,147068,183835
36768,73536,110304,147072,183840
36769,73538,110307,147076,183845
36770,73540,110310,147080,183850
36771,73542,110313,147084,183855
36772,73544,110316,147088,183860
36773,73546,110319,147092,183865
36774,73548,110322,147096,183870
36775,73550,110325,147100,183875
36776,73552,110328,147104,183880
36777,73554,110331,147108,183885
36778,73556,110334,147112,183890
36779,73558,110337,147116,183895
36780,73560,110340,147120,183900
36781,73562,110343,147124,183905
36782,73564,110346,147128,183910
36783,73566,110349,147132,183915
36784,73568,110352,147136,183920
36785,73570,110355,147140,183925
36786,73572,110358,147144,183930
36787,73574,110361,147148,183935
36788,73576,110364,147152,183940
36789,73578,110367,147156,183945
36790,73580,110370,147160,183950
36791,73582,110373,147164,183955
36792,73584,110376,147168,183960
36793,73586,110379,147172,183965
36794,73588,110382,147176,183970
36795,73590,110385,147180,183975
36796,73592,110388,147184,183980
36797,73594,110391,147188,183985
36798,73596,110394,147192,183990
36799,73598,110397,147196,183995
36800,73600,110400,147200,184000
36801,73602,110403,147204,184005
36802,73604,110406,147208,184010
36803,73606,110409,147212,184015
36804,73608,110412,147216,184020
36805,73610,110415,147220,184025
36806,73612,110418,147224,184030
36807,73614,110421,147228,184035
36808,73616,110424,147232,184040
36809,73618,110427,147236,184045
36810,73620,110430,147240,184050
36811,73622,110433,147244,184055
36812,73624,110436,147248,184060
36813,73626,110439,147252,184065
36814,73628,110442,147256,184070
36815,73630,110445,147260,184075
36816,73632,110448,147264,184080
36817,73634,110451,147268,184085
36818,73636,110454,147272,184090
36819,73638,110457,147276,184095
36820,73640,110460,147280,184100
36821,73642,110463,147284,184105
36822,73644,110466,147288,184110
36823,73646,110469,147292,184115
36824,73648,110472,147296,184120
36825,73650,110475,147300,184125
36826,73652,110478,147304,184130
36827,73654,110481,147308,184135
36828,73656,110484,147312,184140
36829,73658,110487,147316,184145
36830,73660,110490,147320,184150
36831,73662,110493,147324,184155
36832,73664,110496,147328,184160
36833,73666,110499,147332,184165
36834,73668,110502,147336,184170
36835,73670,110505,147340,184175
36836,73672,110508,147344,184180
36837,73674,110511,147348,184185
36838,73676,110514,147352,184190
36839,73678,110517,147356,184195
36840,73680,110520,147360,184200
36841,73682,110523,147364,184205
36842,73684,110526,147368,184210
36843,73686,110529,147372,184215
36844,73688,110532,147376,184220
36845,73690,110535,147380,184225
36846,73692,110538,147384,184230
36847,73694,110541,147388,184235
36848,73696,110544,147392,184240
36849,73698,110547,147396,184245
36850,73700,110550,147400,184250
36851,73702,110553,147404,184255
36852,73704,110556,147408,184260
36853,73706,110559,147412,184265
36854,73708,110562,147416,184270
36855,73710,110565,147420,184275
36856,73712,110568,147424,184280
36857,73714,110571,147428,184285
36858,73716,110574,147432,184290
36859,73718,110577,147436,184295
36860,73720,110580,147440,184300
36861,73722,110583,147444,184305
36862,73724,110586,147448,184310
36863,73726,110589,147452,184315
36864,73728,110592,147456,184320
36865,73730,110595,147460,184325
36866,73732,110598,147464,184330
36867,73734,110601,147468,184335
36868,73736,110604,147472,184340
36869,73738,110607,147476,184345
36870,73740,110610,147480,184350
36871,73742,110613,147484,184355
36872,73744,110616,147488,184360
36873,73746,110619,147492,184365
36874,73748,110622,147496,184370
36875,73750,110625,147500,184375
36876,73752,110628,147504,184380
36877,73754,110631,147508,184385
36878,73756,110634,147512,184390
36879,73758,110637,147516,184395
36880,73760,110640,147520,184400
36881,73762,110643,147524,184405
36882,73764,110646,147528,184410
36883,73766,110649,147532,184415
36884,73768,110652,147536,184420
36885,73770,110655,147540,184425
36886,73772,110658,147544,184430
36887,73774,110661,147548,184435
36888,73776,110664,147552,184440
36889,73778,110667,147556,184445
36890,73780,110670,147560,184450
36891,73782,110673,147564,184455
36892,73784,110676,147568,184460
36893,73786,110679,147572,184465
36894,73788,110682,147576,184470
36895,73790,110685,147580,184475
36896,73792,110688,147584,184480
36897,73794,110691,147588,184485
36898,73796,110694,147592,184490
36899,73798,110697,147596,184495
36900,73800,110700,147600,184500
36901,73802,110703,147604,184505
36902,73804,110706,147608,184510
36903,73806,110709,147612,184515
36904,73808,110712,147616,184520
36905,73810,110715,147620,184525
36906,73812,110718,147624,184530
36907,73814,110721,147628,184535
36908,73816,110724,147632,184540
36909,73818,110727,147636,184545
36910,73820,110730,147640,184550
36911,73822,110733,147644,184555
36912,73824,110736,147648,184560
36913,73826,110739,147652,184565
36914,73828,110742,147656,184570
36915,73830,110745,147660,184575
36916,73832,110748,147664,184580
36917,73834,110751,147668,184585
36918,73836,110754,147672,184590
36919,73838,110757,147676,184595
36920,73840,110760,147680,184600
36921,73842,110763,147684,184605
36922,73844,110766,147688,184610
36923,73846,110769,147692,184615
36924,73848,110772,147696,184620
36925,73850,110775,147700,184625
36926,73852,110778,147704,184630
36927,73854,110781,147708,184635
36928,73856,110784,147712,184640
36929,73858,110787,147716,184645
36930,73860,110790,147720,184650
36931,73862,110793,147724,184655
36932,73864,110796,147728,184660
36933,73866,110799,147732,184665
36934,73868,110802,147736,184670
36935,73870,110805,147740,184675
36936,73872,110808,147744,184680
36937,73874,110811,147748,184685
36938,73876,110814,147752,184690
36939,73878,110817,147756,184695
36940,73880,110820,147760,184700
36941,73882,110823,147764,184705
36942,73884,110826,147768,184710
36943,73886,110829,147772,184715
36944,73888,110832,147776,184720
36945,73890,110835,147780,184725
36946,73892,110838,147784,184730
36947,73894,110841,147788,184735
36948,73896,110844,147792,184740
36949,73898,110847,147796,184745
36950,73900,110850,147800,184750
36951,73902,110853,147804,184755
36952,73904,110856,147808,184760
36953,73906,110859,147812,184765
36954,73908,110862,147816,184770
36955,73910,110865,147820,184775
36956,73912,110868,147824,184780
36957,73914,110871,147828,184785
36958,73916,110874,147832,184790
36959,73918,110877,147836,184795
36960,73920,110880,147840,184800
36961,73922,110883,147844,184805
36962,73924,110886,147848,184810
36963,73926,110889,147852,184815
36964,73928,110892,147856,184820
36965,73930,110895,147860,184825
36966,73932,110898,147864,184830
36967,73934,110901,147868,184835
36968,73936,110904,147872,184840
36969,73938,110907,147876,184845
36970,73940,110910,147880,184850
36971,73942,110913,147884,184855
36972,73944,110916,147888,184860
36973,73946,110919,147892,184865
36974,73948,110922,147896,184870
36975,73950,110925,147900,184875
36976,73952,110928,147904,184880
36977,73954,110931,147908,184885
36978,73956,110934,147912,184890
36979,73958,110937,147916,184895
36980,73960,110940,147920,184900
36981,73962,110943,147924,184905
36982,73964,110946,147928,184910
36983,73966,110949,147932,184915
36984,73968,110952,147936,184920
36985,73970,110955,147940,184925
36986,73972,110958,147944,184930
36987,73974,110961,147948,184935
36988,73976,110964,147952,184940
36989,73978,110967,147956,184945
36990,73980,110970,147960,184950
36991,73982,110973,147964,184955
36992,73984,110976,147968,184960
36993,73986,110979,147972,184965
36994,73988,110982,147976,184970
36995,73990,110985,147980,184975
36996,73992,110988,147984,184980
36997,73994,110991,147988,184985
36998,73996,110994,147992,184990
36999,73998,110997,147996,184995
37000,74000,111000,148000,185000
37001,74002,111003,148004,185005
37002,74004,111006,148008,185010
37003,74006,111009,148012,185015
37004,74008,111012,148016,185020
37005,74010,111015,148020,185025
37006,74012,111018,148024,185030
37007,74014,111021,148028,185035
37008,74016,111024,148032,185040
37009,74018,111027,148036,185045
37010,74020,111030,148040,185050
37011,74022,111033,148044,185055
37012,74024,111036,148048,185060
37013,74026,111039,148052,185065
37014,74028,111042,148056,185070
37015,74030,111045,148060,185075
37016,74032,111048,148064,185080
37017,74034,111051,148068,185085
37018,74036,111054,148072,185090
37019,74038,111057,148076,185095
37020,74040,111060,148080,185100
37021,74042,111063,148084,185105
37022,74044,111066,148088,185110
37023,74046,111069,148092,185115
37024,74048,111072,148096,185120
37025,74050,111075,148100,185125
37026,74052,111078,148104,185130
37027,74054,111081,148108,185135
37028,74056,111084,148112,185140
37029,74058,111087,148116,185145
37030,74060,111090,148120,185150
37031,74062,111093,148124,185155
37032,74064,111096,148128,185160
37033,74066,111099,148132,185165
37034,74068,111102,148136,185170
37035,74070,111105,148140,185175
37036,74072,111108,148144,185180
37037,74074,111111,148148,185185
37038,74076,111114,148152,185190
37039,74078,111117,148156,185195
37040,74080,111120,148160,185200
37041,74082,111123,148164,185205
37042,74084,111126,148168,185210
37043,74086,111129,148172,185215
37044,74088,111132,148176,185220
37045,74090,111135,148180,185225
37046,74092,111138,148184,185230
37047,74094,111141,148188,185235
37048,74096,111144,148192,185240
37049,74098,111147,148196,185245
37050,74100,111150,148200,185250
37051,74102,111153,148204,185255
37052,74104,111156,148208,185260
37053,74106,111159,148212,185265
37054,74108,111162,148216,185270
37055,74110,111165,148220,185275
37056,74112,111168,148224,185280
37057,74114,111171,148228,185285
37058,74116,111174,148232,185290
37059,74118,111177,148236,185295
37060,74120,111180,148240,185300
37061,74122,111183,148244,185305
37062,74124,111186,148248,185310
37063,74126,111189,148252,185315
37064,74128,111192,148256,185320
37065,74130,111195,148260,185325
37066,74132,111198,148264,185330
37067,74134,111201,148268,185335
37068,74136,111204,148272,185340
37069,74138,111207,148276,185345
37070,74140,111210,148280,185350
37071,74142,111213,148284,185355
37072,74144,111216,148288,185360
37073,74146,111219,148292,185365
37074,74148,111222,148296,185370
37075,74150,111225,148300,185375
37076,74152,111228,148304,185380
37077,74154,111231,148308,185385
37078,74156,111234,148312,185390
37079,74158,111237,148316,185395
37080,74160,111240,148320,185400
37081,74162,111243,148324,185405
37082,74164,111246,148328,185410
37083,74166,111249,148332,185415
37084,74168,111252,148336,185420
37085,74170,111255,148340,185425
37086,74172,111258,148344,185430
37087,74174,111261,148348,185435
37088,74176,111264,148352,185440
37089,74178,111267,148356,185445
37090,74180,111270,148360,185450
37091,74182,111273,148364,185455
37092,74184,111276,148368,185460
37093,74186,111279,148372,185465
37094,74188,111282,148376,185470
37095,74190,111285,148380,185475
37096,74192,111288,148384,185480
37097,74194,111291,148388,185485
37098,74196,111294,148392,185490
37099,74198,111297,148396,185495
37100,74200,111300,148400,185500
37101,74202,111303,148404,185505
37102,74204,111306,148408,185510
37103,74206,111309,148412,185515
37104,74208,111312,148416,185520
37105,74210,111315,148420,185525
37106,74212,111318,148424,185530
37107,74214,111321,148428,185535
37108,74216,111324,148432,185540
37109,74218,111327,148436,185545
37110,74220,111330,148440,185550
37111,74222,111333,148444,185555
37112,74224,111336,148448,185560
37113,74226,111339,148452,185565
37114,74228,111342,148456,185570
37115,74230,111345,148460,185575
37116,74232,111348,148464,185580
37117,74234,111351,148468,185585
37118,74236,111354,148472,185590
37119,74238,111357,148476,185595
37120,74240,111360,148480,185600
37121,74242,111363,148484,185605
37122,74244,111366,148488,185610
37123,74246,111369,148492,185615
37124,74248,111372,148496,185620
37125,74250,111375,148500,185625
37126,74252,111378,148504,185630
37127,74254,111381,148508,185635
37128,74256,111384,148512,185640
37129,74258,111387,148516,185645
37130,74260,111390,148520,185650
37131,74262,111393,148524,185655
37132,74264,111396,148528,185660
37133,74266,111399,148532,185665
37134,74268,111402,148536,185670
37135,74270,111405,148540,185675
37136,74272,111408,148544,185680
37137,74274,111411,148548,185685
37138,74276,111414,148552,185690
37139,74278,111417,148556,185695
37140,74280,111420,148560,185700
37141,74282,111423,148564,185705
37142,74284,111426,148568,185710
37143,74286,111429,148572,185715
37144,74288,111432,148576,185720
37145,74290,111435,148580,185725
37146,74292,111438,148584,185730
37147,74294,111441,148588,185735
37148,74296,111444,148592,185740
37149,74298,111447,148596,185745
37150,74300,111450,148600,185750
37151,74302,111453,148604,185755
37152,74304,111456,148608,185760
37153,74306,111459,148612,185765
37154,74308,111462,148616,185770
37155,74310,111465,148620,185775
37156,74312,111468,148624,185780
37157,74314,111471,148628,185785
37158,74316,111474,148632,185790
37159,74318,111477,148636,185795
37160,74320,111480,148640,185800
37161,74322,111483,148644,185805
37162,74324,111486,148648,185810
37163,74326,111489,148652,185815
37164,74328,111492,148656,185820
37165,74330,111495,148660,185825
37166,74332,111498,148664,185830
37167,74334,111501,148668,185835
37168,74336,111504,148672,185840
37169,74338,111507,148676,185845
37170,74340,111510,148680,185850
37171,74342,111513,148684,185855
37172,74344,111516,148688,185860
37173,74346,111519,148692,185865
37174,74348,111522,148696,185870
37175,74350,111525,148700,185875
37176,74352,111528,148704,185880
37177,74354,111531,148708,185885
37178,74356,111534,148712,185890
37179,74358,111537,148716,185895
37180,74360,111540,148720,185900
37181,74362,111543,148724,185905
37182,74364,111546,148728,185910
37183,74366,111549,148732,185915
37184,74368,111552,148736,185920
37185,74370,111555,148740,185925
37186,74372,111558,148744,185930
37187,74374,111561,148748,185935
37188,74376,111564,148752,185940
37189,74378,111567,148756,185945
37190,74380,111570,148760,185950
37191,74382,111573,148764,185955
37192,74384,111576,148768,185960
37193,74386,111579,148772,185965
37194,74388,111582,148776,185970
37195,74390,111585,148780,185975
37196,74392,111588,148784,185980
37197,74394,111591,148788,185985
37198,74396,111594,148792,185990
37199,74398,111597,148796,185995
37200,74400,111600,148800,186000
37201,74402,111603,148804,186005
37202,74404,111606,148808,186010
37203,74406,111609,148812,186015
37204,74408,111612,148816,186020
37205,74410,111615,148820,186025
37206,74412,111618,148824,186030
37207,74414,111621,148828,186035
37208,74416,111624,148832,186040
37209,74418,111627,148836,186045
37210,74420,111630,148840,186050
37211,74422,111633,148844,186055
37212,74424,111636,148848,186060
37213,74426,111639,148852,186065
37214,74428,111642,148856,186070
37215,74430,111645,148860,186075
37216,74432,111648,148864,186080
37217,74434,111651,148868,186085
37218,74436,111654,148872,186090
37219,74438,111657,148876,186095
37220,74440,111660,148880,186100
37221,74442,111663,148884,186105
37222,74444,111666,148888,186110
37223,74446,111669,148892,186115
37224,74448,111672,148896,186120
37225,74450,111675,148900,186125
37226,74452,111678,148904,186130
37227,74454,111681,148908,186135
37228,74456,111684,148912,186140
37229,74458,111687,148916,186145
37230,74460,111690,148920,186150
37231,74462,111693,148924,186155
37232,74464,111696,148928,186160
37233,74466,111699,148932,186165
37234,74468,111702,148936,186170
37235,74470,111705,148940,186175
37236,74472,111708,148944,186180
37237,74474,111711,148948,186185
37238,74476,111714,148952,186190
37239,74478,111717,148956,186195
37240,74480,111720,148960,186200
37241,74482,111723,148964,186205
37242,74484,111726,148968,186210
37243,74486,111729,148972,186215
37244,74488,111732,148976,186220
37245,74490,111735,148980,186225
37246,74492,111738,148984,186230
37247,74494,111741,148988,186235
37248,74496,111744,148992,186240
37249,74498,111747,148996,186245
37250,74500,111750,149000,186250
37251,74502,111753,149004,186255
37252,74504,111756,149008,186260
37253,74506,111759,149012,186265
37254,74508,111762,149016,186270
37255,74510,111765,149020,186275
37256,74512,111768,149024,186280
37257,74514,111771,149028,186285
37258,74516,111774,149032,186290
37259,74518,111777,149036,186295
37260,74520,111780,149040,186300
37261,74522,111783,149044,186305
37262,74524,111786,149048,186310
37263,74526,111789,149052,186315
37264,74528,111792,149056,186320
37265,74530,111795,149060,186325
37266,74532,111798,149064,186330
37267,74534,111801,149068,186335
37268,74536,111804,149072,186340
37269,74538,111807,149076,186345
37270,74540,111810,149080,186350
37271,74542,111813,149084,186355
37272,74544,111816,149088,186360
37273,74546,111819,149092,186365
37274,74548,111822,149096,186370
37275,74550,111825,149100,186375
37276,74552,111828,149104,186380
37277,74554,111831,149108,186385
37278,74556,111834,149112,186390
37279,74558,111837,149116,186395
37280,74560,111840,149120,186400
37281,74562,111843,149124,186405
37282,74564,111846,149128,186410
37283,74566,111849,149132,186415
37284,74568,111852,149136,186420
37285,74570,111855,149140,186425
37286,74572,111858,149144,186430
37287,74574,111861,149148,186435
37288,74576,111864,149152,186440
37289,74578,111867,149156,186445
37290,74580,111870,149160,186450
37291,74582,111873,149164,186455
37292,74584,111876,149168,186460
37293,74586,111879,149172,186465
37294,74588,111882,149176,186470
37295,74590,111885,149180,186475
37296,74592,111888,149184,186480
37297,74594,111891,149188,186485
37298,74596,111894,149192,186490
37299,74598,111897,149196,186495
37300,74600,111900,149200,186500
37301,74602,111903,149204,186505
37302,74604,111906,149208,186510
37303,74606,111909,149212,186515
37304,74608,111912,149216,186520
37305,74610,111915,149220,186525
37306,74612,111918,149224,186530
37307,74614,111921,149228,186535
37308,74616,111924,149232,186540
37309,74618,111927,149236,186545
37310,74620,111930,149240,186550
37311,74622,111933,149244,186555
37312,74624,111936,149248,186560
37313,74626,111939,149252,186565
37314,74628,111942,149256,186570
37315,74630,111945,149260,186575
37316,74632,111948,149264,186580
37317,74634,111951,149268,186585
37318,74636,111954,149272,186590
37319,74638,111957,149276,186595
37320,74640,111960,149280,186600
37321,74642,111963,149284,186605
37322,74644,111966,149288,186610
37323,74646,111969,149292,186615
37324,74648,111972,149296,186620
37325,74650,111975,149300,186625
37326,74652,111978,149304,186630
37327,74654,111981,149308,186635
37328,74656,111984,149312,186640
37329,74658,111987,149316,186645
37330,74660,111990,149320,186650
37331,74662,111993,149324,186655
37332,74664,111996,149328,186660
37333,74666,111999,149332,186665
37334,74668,112002,149336,186670
37335,74670,112005,149340,186675
37336,74672,112008,149344,186680
37337,74674,112011,149348,186685
37338,74676,112014,149352,186690
37339,74678,112017,149356,186695
37340,74680,112020,149360,186700
37341,74682,112023,149364,186705
37342,74684,112026,149368,186710
37343,74686,112029,149372,186715
37344,74688,112032,149376,186720
37345,74690,112035,149380,186725
37346,74692,112038,149384,186730
37347,74694,112041,149388,186735
37348,74696,112044,149392,186740
37349,74698,112047,149396,186745
37350,74700,112050,149400,186750
37351,74702,112053,149404,186755
37352,74704,112056,149408,186760
37353,74706,112059,149412,186765
37354,74708,112062,149416,186770
37355,74710,112065,149420,186775
37356,74712,112068,149424,186780
37357,74714,112071,149428,186785
37358,74716,112074,149432,186790
37359,74718,112077,149436,186795
37360,74720,112080,149440,186800
37361,74722,112083,149444,186805
37362,74724,112086,149448,186810
37363,74726,112089,149452,186815
37364,74728,112092,149456,186820
37365,74730,112095,149460,186825
37366,74732,112098,149464,186830
37367,74734,112101,149468,186835
37368,74736,112104,149472,186840
37369,74738,112107,149476,186845
37370,74740,112110,149480,186850
37371,74742,112113,149484,186855
37372,74744,112116,149488,186860
37373,74746,112119,149492,186865
37374,74748,112122,149496,186870
37375,74750,112125,149500,186875
37376,74752,112128,149504,186880
37377,74754,112131,149508,186885
37378,74756,112134,149512,186890
37379,74758,112137,149516,186895
37380,74760,112140,149520,186900
37381,74762,112143,149524,186905
37382,74764,112146,149528,186910
37383,74766,112149,149532,186915
37384,74768,112152,149536,186920
37385,74770,112155,149540,186925
37386,74772,112158,149544,186930
37387,74774,112161,149548,186935
37388,74776,112164,149552,186940
37389,74778,112167,149556,186945
37390,74780,112170,149560,186950
37391,74782,112173,149564,186955
37392,74784,112176,149568,186960
37393,74786,112179,149572,186965
37394,74788,112182,149576,186970
37395,74790,112185,149580,186975
37396,74792,112188,149584,186980
37397,74794,112191,149588,186985
37398,74796,112194,149592,186990
37399,74798,112197,149596,186995
37400,74800,112200,149600,187000
37401,74802,112203,149604,187005
37402,74804,112206,149608,187010
37403,74806,112209,149612,187015
37404,74808,112212,149616,187020
37405,74810,112215,149620,187025
37406,74812,112218,149624,187030
37407,74814,112221,149628,187035
37408,74816,112224,149632,187040
37409,74818,112227,149636,187045
37410,74820,112230,149640,187050
37411,74822,112233,149644,187055
37412,74824,112236,149648,187060
37413,74826,112239,149652,187065
37414,74828,112242,149656,187070
37415,74830,112245,149660,187075
37416,74832,112248,149664,187080
37417,74834,112251,149668,187085
37418,74836,112254,149672,187090
37419,74838,112257,149676,187095
37420,74840,112260,149680,187100
37421,74842,112263,149684,187105
37422,74844,112266,149688,187110
37423,74846,112269,149692,187115
37424,74848,112272,149696,187120
37425,74850,112275,149700,187125
37426,74852,112278,149704,187130
37427,74854,112281,149708,187135
37428,74856,112284,149712,187140
37429,74858,112287,149716,187145
37430,74860,112290,149720,187150
37431,74862,112293,149724,187155
37432,74864,112296,149728,187160
37433,74866,112299,149732,187165
37434,74868,112302,149736,187170
37435,74870,112305,149740,187175
37436,74872,112308,149744,187180
37437,74874,112311,149748,187185
37438,74876,112314,149752,187190
37439,74878,112317,149756,187195
37440,74880,112320,149760,187200
37441,74882,112323,149764,187205
37442,74884,112326,149768,187210
37443,74886,112329,149772,187215
37444,74888,112332,149776,187220
37445,74890,112335,149780,187225
37446,74892,112338,149784,187230
37447,74894,112341,149788,187235
37448,74896,112344,149792,187240
37449,74898,112347,149796,187245
37450,74900,112350,149800,187250
37451,74902,112353,149804,187255
37452,74904,112356,149808,187260
37453,74906,112359,149812,187265
37454,74908,112362,149816,187270
37455,74910,112365,149820,187275
37456,74912,112368,149824,187280
37457,74914,112371,149828,187285
37458,74916,112374,149832,187290
37459,74918,112377,149836,187295
37460,74920,112380,149840,187300
37461,74922,112383,149844,187305
37462,74924,112386,149848,187310
37463,74926,112389,149852,187315
37464,74928,112392,149856,187320
37465,74930,112395,149860,187325
37466,74932,112398,149864,187330
37467,74934,112401,149868,187335
37468,74936,112404,149872,187340
37469,74938,112407,149876,187345
37470,74940,112410,149880,187350
37471,74942,112413,149884,187355
37472,74944,112416,149888,187360
37473,74946,112419,149892,187365
37474,74948,112422,149896,187370
37475,74950,112425,149900,187375
37476,74952,112428,149904,187380
37477,74954,112431,149908,187385
37478,74956,112434,149912,187390
37479,74958,112437,149916,187395
37480,74960,112440,149920,187400
37481,74962,112443,149924,187405
37482,74964,112446,149928,187410
37483,74966,112449,149932,187415
37484,74968,112452,149936,187420
37485,74970,112455,149940,187425
37486,74972,112458,149944,187430
37487,74974,112461,149948,187435
37488,74976,112464,149952,187440
37489,74978,112467,149956,187445
37490,74980,112470,149960,187450
37491,74982,112473,149964,187455
37492,74984,112476,149968,187460
37493,74986,112479,149972,187465
37494,74988,112482,149976,187470
37495,74990,112485,149980,187475
37496,74992,112488,149984,187480
37497,74994,112491,149988,187485
37498,74996,112494,149992,187490
37499,74998,112497,149996,187495
37500,75000,112500,150000,187500
37501,75002,112503,150004,187505
37502,75004,112506,150008,187510
37503,75006,112509,150012,187515
37504,75008,112512,150016,187520
37505,75010,112515,150020,187525
37506,75012,112518,150024,187530
37507,75014,112521,150028,187535
37508,75016,112524,150032,187540
37509,75018,112527,150036,187545
37510,75020,112530,150040,187550
37511,75022,112533,150044,187555
37512,75024,112536,150048,187560
37513,75026,112539,150052,187565
37514,75028,112542,150056,187570
37515,75030,112545,150060,187575
37516,75032,112548,150064,187580
37517,75034,112551,150068,187585
37518,75036,112554,150072,187590
37519,75038,112557,150076,187595
37520,75040,112560,150080,187600
37521,75042,112563,150084,187605
37522,75044,112566,150088,187610
37523,75046,112569,150092,187615
37524,75048,112572,150096,187620
37525,75050,112575,150100,187625
37526,75052,112578,150104,187630
37527,75054,112581,150108,187635
37528,75056,112584,150112,187640
37529,75058,112587,150116,187645
37530,75060,112590,150120,187650
37531,75062,112593,150124,187655
37532,75064,112596,150128,187660
37533,75066,112599,150132,187665
37534,75068,112602,150136,187670
37535,75070,112605,150140,187675
37536,75072,112608,150144,187680
37537,75074,112611,150148,187685
37538,75076,112614,150152,187690
37539,75078,112617,150156,187695
37540,75080,112620,150160,187700
37541,75082,112623,150164,187705
37542,75084,112626,150168,187710
37543,75086,112629,150172,187715
37544,75088,112632,150176,187720
37545,75090,112635,150180,187725
37546,75092,112638,150184,187730
37547,75094,112641,150188,187735
37548,75096,112644,150192,187740
37549,75098,112647,150196,187745
37550,75100,112650,150200,187750
37551,75102,112653,150204,187755
37552,75104,112656,150208,187760
37553,75106,112659,150212,187765
37554,75108,112662,150216,187770
37555,75110,112665,150220,187775
37556,75112,112668,150224,187780
37557,75114,112671,150228,187785
37558,75116,112674,150232,187790
37559,75118,112677,150236,187795
37560,75120,112680,150240,187800
37561,75122,112683,150244,187805
37562,75124,112686,150248,187810
37563,75126,112689,150252,187815
37564,75128,112692,150256,187820
37565,75130,112695,150260,187825
37566,75132,112698,150264,187830
37567,75134,112701,150268,187835
37568,75136,112704,150272,187840
37569,75138,112707,150276,187845
37570,75140,112710,150280,187850
37571,75142,112713,150284,187855
37572,75144,112716,150288,187860
37573,75146,112719,150292,187865
37574,75148,112722,150296,187870
37575,75150,112725,150300,187875
37576,75152,112728,150304,187880
37577,75154,112731,150308,187885
37578,75156,112734,150312,187890
37579,75158,112737,150316,187895
37580,75160,112740,150320,187900
37581,75162,112743,150324,187905
37582,75164,112746,150328,187910
37583,75166,112749,150332,187915
37584,75168,112752,150336,187920
37585,75170,112755,150340,187925
37586,75172,112758,150344,187930
37587,75174,112761,150348,187935
37588,75176,112764,150352,187940
37589,75178,112767,150356,187945
37590,75180,112770,150360,187950
37591,75182,112773,150364,187955
37592,75184,112776,150368,187960
37593,75186,112779,150372,187965
37594,75188,112782,150376,187970
37595,75190,112785,150380,187975
37596,75192,112788,150384,187980
37597,75194,112791,150388,187985
37598,75196,112794,150392,187990
37599,75198,112797,150396,187995
37600,75200,112800,150400,188000
37601,75202,112803,150404,188005
37602,75204,112806,150408,188010
37603,75206,112809,150412,188015
37604,75208,112812,150416,188020
37605,75210,112815,150420,188025
37606,75212,112818,150424,188030
37607,75214,112821,150428,188035
37608,75216,112824,150432,188040
37609,75218,112827,150436,188045
37610,75220,112830,150440,188050
37611,75222,112833,150444,188055
37612,75224,112836,150448,188060
37613,75226,112839,150452,188065
37614,75228,112842,150456,188070
37615,75230,112845,150460,188075
37616,75232,112848,150464,188080
37617,75234,112851,150468,188085
37618,75236,112854,150472,188090
37619,75238,112857,150476,188095
37620,75240,112860,150480,188100
37621,75242,112863,150484,188105
37622,75244,112866,150488,188110
37623,75246,112869,150492,188115
37624,75248,112872,150496,188120
37625,75250,112875,150500,188125
37626,75252,112878,150504,188130
37627,75254,112881,150508,188135
37628,75256,112884,150512,188140
37629,75258,112887,150516,188145
37630,75260,112890,150520,188150
37631,75262,112893,150524,188155
37632,75264,112896,150528,188160
37633,75266,112899,150532,188165
37634,75268,112902,150536,188170
37635,75270,112905,150540,188175
37636,75272,112908,150544,188180
37637,75274,112911,150548,188185
37638,75276,112914,150552,188190
37639,75278,112917,150556,188195
37640,75280,112920,150560,188200
37641,75282,112923,150564,188205
37642,75284,112926,150568,188210
37643,75286,112929,150572,188215
37644,75288,112932,150576,188220
37645,75290,112935,150580,188225
37646,75292,112938,150584,188230
37647,75294,112941,150588,188235
37648,75296,112944,150592,188240
37649,75298,112947,150596,188245
37650,75300,112950,150600,188250
37651,75302,112953,150604,188255
37652,75304,112956,150608,188260
37653,75306,112959,150612,188265
37654,75308,112962,150616,188270
37655,75310,112965,150620,188275
37656,75312,112968,150624,188280
37657,75314,112971,150628,188285
37658,75316,112974,150632,188290
37659,75318,112977,150636,188295
37660,75320,112980,150640,188300
37661,75322,112983,150644,188305
37662,75324,112986,150648,188310
37663,75326,112989,150652,188315
37664,75328,112992,150656,188320
37665,75330,112995,150660,188325
37666,75332,112998,150664,188330
37667,75334,113001,150668,188335
37668,75336,113004,150672,188340
37669,75338,113007,150676,188345
37670,75340,113010,150680,188350
37671,75342,113013,150684,188355
37672,75344,113016,150688,188360
37673,75346,113019,150692,188365
37674,75348,113022,150696,188370
37675,75350,113025,150700,188375
37676,75352,113028,150704,188380
37677,75354,113031,150708,188385
37678,75356,113034,150712,188390
37679,75358,113037,150716,188395
37680,75360,113040,150720,188400
37681,75362,113043,150724,188405
37682,75364,113046,150728,188410
37683,75366,113049,150732,188415
37684,75368,113052,150736,188420
37685,75370,113055,150740,188425
37686,75372,113058,150744,188430
37687,75374,113061,150748,188435
37688,75376,113064,150752,188440
37689,75378,113067,150756,188445
37690,75380,113070,150760,188450
37691,75382,113073,150764,188455
37692,75384,113076,150768,188460
37693,75386,113079,150772,188465
37694,75388,113082,150776,188470
37695,75390,113085,150780,188475
37696,75392,113088,150784,188480
37697,75394,113091,150788,188485
37698,75396,113094,150792,188490
37699,75398,113097,150796,188495
37700,75400,113100,150800,188500
37701,75402,113103,150804,188505
37702,75404,113106,150808,188510
37703,75406,113109,150812,188515
37704,75408,113112,150816,188520
37705,75410,113115,150820,188525
37706,75412,113118,150824,188530
37707,75414,113121,150828,188535
37708,75416,113124,150832,188540
37709,75418,113127,150836,188545
37710,75420,113130,150840,188550
37711,75422,113133,150844,188555
37712,75424,113136,150848,188560
37713,75426,113139,150852,188565
37714,75428,113142,150856,188570
37715,75430,113145,150860,188575
37716,75432,113148,150864,188580
37717,75434,113151,150868,188585
37718,75436,113154,150872,188590
37719,75438,113157,150876,188595
37720,75440,113160,150880,188600
37721,75442,113163,150884,188605
37722,75444,113166,150888,188610
37723,75446,113169,150892,188615
37724,75448,113172,150896,188620
37725,75450,113175,150900,188625
37726,75452,113178,150904,188630
37727,75454,113181,150908,188635
37728,75456,113184,150912,188640
37729,75458,113187,150916,188645
37730,75460,113190,150920,188650
37731,75462,113193,150924,188655
37732,75464,113196,150928,188660
37733,75466,113199,150932,188665
37734,75468,113202,150936,188670
37735,75470,113205,150940,188675
37736,75472,113208,150944,188680
37737,75474,113211,150948,188685
37738,75476,113214,150952,188690
37739,75478,113217,150956,188695
37740,75480,113220,150960,188700
37741,75482,113223,150964,188705
37742,75484,113226,150968,188710
37743,75486,113229,150972,188715
37744,75488,113232,150976,188720
37745,75490,113235,150980,188725
37746,75492,113238,150984,188730
37747,75494,113241,150988,188735
37748,75496,113244,150992,188740
37749,75498,113247,150996,188745
37750,75500,113250,151000,188750
37751,75502,113253,151004,188755
37752,75504,113256,151008,188760
37753,75506,113259,151012,188765
37754,75508,113262,151016,188770
37755,75510,113265,151020,188775
37756,75512,113268,151024,188780
37757,75514,113271,151028,188785
37758,75516,113274,151032,188790
37759,75518,113277,151036,188795
37760,75520,113280,151040,188800
37761,75522,113283,151044,188805
37762,75524,113286,151048,188810
37763,75526,113289,151052,188815
37764,75528,113292,151056,188820
37765,75530,113295,151060,188825
37766,75532,113298,151064,188830
37767,75534,113301,151068,188835
37768,75536,113304,151072,188840
37769,75538,113307,151076,188845
37770,75540,113310,151080,188850
37771,75542,113313,151084,188855
37772,75544,113316,151088,188860
37773,75546,113319,151092,188865
37774,75548,113322,151096,188870
37775,75550,113325,151100,188875
37776,75552,113328,151104,188880
37777,75554,113331,151108,188885
37778,75556,113334,151112,188890
37779,75558,113337,151116,188895
37780,75560,113340,151120,188900
37781,75562,113343,151124,188905
37782,75564,113346,151128,188910
37783,75566,113349,151132,188915
37784,75568,113352,151136,188920
37785,75570,113355,151140,188925
37786,75572,113358,151144,188930
37787,75574,113361,151148,188935
37788,75576,113364,151152,188940
37789,75578,113367,151156,188945
37790,75580,113370,151160,188950
37791,75582,113373,151164,188955
37792,75584,113376,151168,188960
37793,75586,113379,151172,188965
37794,75588,113382,151176,188970
37795,75590,113385,151180,188975
37796,75592,113388,151184,188980
37797,75594,113391,151188,188985
37798,75596,113394,151192,188990
37799,75598,113397,151196,188995
37800,75600,113400,151200,189000
37801,75602,113403,151204,189005
37802,75604,113406,151208,189010
37803,75606,113409,151212,189015
37804,75608,113412,151216,189020
37805,75610,113415,151220,189025
37806,75612,113418,151224,189030
37807,75614,113421,151228,189035
37808,75616,113424,151232,189040
37809,75618,113427,151236,189045
37810,75620,113430,151240,189050
37811,75622,113433,151244,189055
37812,75624,113436,151248,189060
37813,75626,113439,151252,189065
37814,75628,113442,151256,189070
37815,75630,113445,151260,189075
37816,75632,113448,151264,189080
37817,75634,113451,151268,189085
37818,75636,113454,151272,189090
37819,75638,113457,151276,189095
37820,75640,113460,151280,189100
37821,75642,113463,151284,189105
37822,75644,113466,151288,189110
37823,75646,113469,151292,189115
37824,75648,113472,151296,189120
37825,75650,113475,151300,189125
37826,75652,113478,151304,189130
37827,75654,113481,151308,189135
37828,75656,113484,151312,189140
37829,75658,113487,151316,189145
37830,75660,113490,151320,189150
37831,75662,113493,151324,189155
37832,75664,113496,151328,189160
37833,75666,113499,151332,189165
37834,75668,113502,151336,189170
37835,75670,113505,151340,189175
37836,75672,113508,151344,189180
37837,75674,113511,151348,189185
37838,75676,113514,151352,189190
37839,75678,113517,151356,189195
37840,75680,113520,151360,189200
37841,75682,113523,151364,189205
37842,75684,113526,151368,189210
37843,75686,113529,151372,189215
37844,75688,113532,151376,189220
37845,75690,113535,151380,189225
37846,75692,113538,151384,189230
37847,75694,113541,151388,189235
37848,75696,113544,151392,189240
37849,75698,113547,151396,189245
37850,75700,113550,151400,189250
37851,75702,113553,151404,189255
37852,75704,113556,151408,189260
37853,75706,113559,151412,189265
37854,75708,113562,151416,189270
37855,75710,113565,151420,189275
37856,75712,113568,151424,189280
37857,75714,113571,151428,189285
37858,75716,113574,151432,189290
37859,75718,113577,151436,189295
37860,75720,113580,151440,189300
37861,75722,113583,151444,189305
37862,75724,113586,151448,189310
37863,75726,113589,151452,189315
37864,75728,113592,151456,189320
37865,75730,113595,151460,189325
37866,75732,113598,151464,189330
37867,75734,113601,151468,189335
37868,75736,113604,151472,189340
37869,75738,113607,151476,189345
37870,75740,113610,151480,189350
37871,75742,113613,151484,189355
37872,75744,113616,151488,189360
37873,75746,113619,151492,189365
37874,75748,113622,151496,189370
37875,75750,113625,151500,189375
37876,75752,113628,151504,189380
37877,75754,113631,151508,189385
37878,75756,113634,151512,189390
37879,75758,113637,151516,189395
37880,75760,113640,151520,189400
37881,75762,113643,151524,189405
37882,75764,113646,151528,189410
37883,75766,113649,151532,189415
37884,75768,113652,151536,189420
37885,75770,113655,151540,189425
37886,75772,113658,151544,189430
37887,75774,113661,151548,189435
37888,75776,113664,151552,189440
37889,75778,113667,151556,189445
37890,75780,113670,151560,189450
37891,75782,113673,151564,189455
37892,75784,113676,151568,189460
37893,75786,113679,151572,189465
37894,75788,113682,151576,189470
37895,75790,113685,151580,189475
37896,75792,113688,151584,189480
37897,75794,113691,151588,189485
37898,75796,113694,151592,189490
37899,75798,113697,151596,189495
37900,75800,113700,151600,189500
37901,75802,113703,151604,189505
37902,75804,113706,151608,189510
37903,75806,113709,151612,189515
37904,75808,113712,151616,189520
37905,75810,113715,151620,189525
37906,75812,113718,151624,189530
37907,75814,113721,151628,189535
37908,75816,113724,151632,189540
37909,75818,113727,151636,189545
37910,75820,113730,151640,189550
37911,75822,113733,151644,189555
37912,75824,113736,151648,189560
37913,75826,113739,151652,189565
37914,75828,113742,151656,189570
37915,75830,113745,151660,189575
37916,75832,113748,151664,189580
37917,75834,113751,151668,189585
37918,75836,113754,151672,189590
37919,75838,113757,151676,189595
37920,75840,113760,151680,189600
37921,75842,113763,151684,189605
37922,75844,113766,151688,189610
37923,75846,113769,151692,189615
37924,75848,113772,151696,189620
37925,75850,113775,151700,189625
37926,75852,113778,151704,189630
37927,75854,113781,151708,189635
37928,75856,113784,151712,189640
37929,75858,113787,151716,189645
37930,75860,113790,151720,189650
37931,75862,113793,151724,189655
37932,75864,113796,151728,189660
37933,75866,113799,151732,189665
37934,75868,113802,151736,189670
37935,75870,113805,151740,189675
37936,75872,113808,151744,189680
37937,75874,113811,151748,189685
37938,75876,113814,151752,189690
37939,75878,113817,151756,189695
37940,75880,113820,151760,189700
37941,75882,113823,151764,189705
37942,75884,113826,151768,189710
37943,75886,113829,151772,189715
37944,75888,113832,151776,189720
37945,75890,113835,151780,189725
37946,75892,113838,151784,189730
37947,75894,113841,151788,189735
37948,75896,113844,151792,189740
37949,75898,113847,151796,189745
37950,75900,113850,151800,189750
37951,75902,113853,151804,189755
37952,75904,113856,151808,189760
37953,75906,113859,151812,189765
37954,75908,113862,151816,189770
37955,75910,113865,151820,189775
37956,75912,113868,151824,189780
37957,75914,113871,151828,189785
37958,75916,113874,151832,189790
37959,75918,113877,151836,189795
37960,75920,113880,151840,189800
37961,75922,113883,151844,189805
37962,75924,113886,151848,189810
37963,75926,113889,151852,189815
37964,75928,113892,151856,189820
37965,75930,113895,151860,189825
37966,75932,113898,151864,189830
37967,75934,113901,151868,189835
37968,75936,113904,151872,189840
37969,75938,113907,151876,189845
37970,75940,113910,151880,189850
37971,75942,113913,151884,189855
37972,75944,113916,151888,189860
37973,75946,113919,151892,189865
37974,75948,113922,151896,189870
37975,75950,113925,151900,189875
37976,75952,113928,151904,189880
37977,75954,113931,151908,189885
37978,75956,113934,151912,189890
37979,75958,113937,151916,189895
37980,75960,113940,151920,189900
37981,75962,113943,151924,189905
37982,75964,113946,151928,189910
37983,75966,113949,151932,189915
37984,75968,113952,151936,189920
37985,75970,113955,151940,189925
37986,75972,113958,151944,189930
37987,75974,113961,151948,189935
37988,75976,113964,151952,189940
37989,75978,113967,151956,189945
37990,75980,113970,151960,189950
37991,75982,113973,151964,189955
37992,75984,113976,151968,189960
37993,75986,113979,151972,189965
37994,75988,113982,151976,189970
37995,75990,113985,151980,189975
37996,75992,113988,151984,189980
37997,75994,113991,151988,189985
37998,75996,113994,151992,189990
37999,75998,113997,151996,189995
38000,76000,114000,152000,190000
38001,76002,114003,152004,190005
38002,76004,114006,152008,190010
38003,76006,114009,152012,190015
38004,76008,114012,152016,190020
38005,76010,114015,152020,190025
38006,76012,114018,152024,190030
38007,76014,114021,152028,190035
38008,76016,114024,152032,190040
38009,76018,114027,152036,190045
38010,76020,114030,152040,190050
38011,76022,114033,152044,190055
38012,76024,114036,152048,190060
38013,76026,114039,152052,190065
38014,76028,114042,152056,190070
38015,76030,114045,152060,190075
38016,76032,114048,152064,190080
38017,76034,114051,152068,190085
38018,76036,114054,152072,190090
38019,76038,114057,152076,190095
38020,76040,114060,152080,190100
38021,76042,114063,152084,190105
38022,76044,114066,152088,190110
38023,76046,114069,152092,190115
38024,76048,114072,152096,190120
38025,76050,114075,152100,190125
38026,76052,114078,152104,190130
38027,76054,114081,152108,190135
38028,76056,114084,152112,190140
38029,76058,114087,152116,190145
38030,76060,114090,152120,190150
38031,76062,114093,152124,190155
38032,76064,114096,152128,190160
38033,76066,114099,152132,190165
38034,76068,114102,152136,190170
38035,76070,114105,152140,190175
38036,76072,114108,152144,190180
38037,76074,114111,152148,190185
38038,76076,114114,152152,190190
38039,76078,114117,152156,190195
38040,76080,114120,152160,190200
38041,76082,114123,152164,190205
38042,76084,114126,152168,190210
38043,76086,114129,152172,190215
38044,76088,114132,152176,190220
38045,76090,114135,152180,190225
38046,76092,114138,152184,190230
38047,76094,114141,152188,190235
38048,76096,114144,152192,190240
38049,76098,114147,152196,190245
38050,76100,114150,152200,190250
38051,76102,114153,152204,190255
38052,76104,114156,152208,190260
38053,76106,114159,152212,190265
38054,76108,114162,152216,190270
38055,76110,114165,152220,190275
38056,76112,114168,152224,190280
38057,76114,114171,152228,190285
38058,76116,114174,152232,190290
38059,76118,114177,152236,190295
38060,76120,114180,152240,190300
38061,76122,114183,152244,190305
38062,76124,114186,152248,190310
38063,76126,114189,152252,190315
38064,76128,114192,152256,190320
38065,76130,114195,152260,190325
38066,76132,114198,152264,190330
38067,76134,114201,152268,190335
38068,76136,114204,152272,190340
38069,76138,114207,152276,190345
38070,76140,114210,152280,190350
38071,76142,114213,152284,190355
38072,76144,114216,152288,190360
38073,76146,114219,152292,190365
38074,76148,114222,152296,190370
38075,76150,114225,152300,190375
38076,76152,114228,152304,190380
38077,76154,114231,152308,190385
38078,76156,114234,152312,190390
38079,76158,114237,152316,190395
38080,76160,114240,152320,190400
38081,76162,114243,152324,190405
38082,76164,114246,152328,190410
38083,76166,114249,152332,190415
38084,76168,114252,152336,190420
38085,76170,114255,152340,190425
38086,76172,114258,152344,190430
38087,76174,114261,152348,190435
38088,76176,114264,152352,190440
38089,76178,114267,152356,190445
38090,76180,114270,152360,190450
38091,76182,114273,152364,190455
38092,76184,114276,152368,190460
38093,76186,114279,152372,190465
38094,76188,114282,152376,190470
38095,76190,114285,152380,190475
38096,76192,114288,152384,190480
38097,76194,114291,152388,190485
38098,76196,114294,152392,190490
38099,76198,114297,152396,190495
38100,76200,114300,152400,190500
38101,76202,114303,152404,190505
38102,76204,114306,152408,190510
38103,76206,114309,152412,190515
38104,76208,114312,152416,190520
38105,76210,114315,152420,190525
38106,76212,114318,152424,190530
38107,76214,114321,152428,190535
38108,76216,114324,152432,190540
38109,76218,114327,152436,190545
38110,76220,114330,152440,190550
38111,76222,114333,152444,190555
38112,76224,114336,152448,190560
38113,76226,114339,152452,190565
38114,76228,114342,152456,190570
38115,76230,114345,152460,190575
38116,76232,114348,152464,190580
38117,76234,114351,152468,190585
38118,76236,114354,152472,190590
38119,76238,114357,152476,190595
38120,76240,114360,152480,190600
38121,76242,114363,152484,190605
38122,76244,114366,152488,190610
38123,76246,114369,152492,190615
38124,76248,114372,152496,190620
38125,76250,114375,152500,190625
38126,76252,114378,152504,190630
38127,76254,114381,152508,190635
38128,76256,114384,152512,190640
38129,76258,114387,152516,190645
38130,76260,114390,152520,190650
38131,76262,114393,152524,190655
38132,76264,114396,152528,190660
38133,76266,114399,152532,190665
38134,76268,114402,152536,190670
38135,76270,114405,152540,190675
38136,76272,114408,152544,190680
38137,76274,114411,152548,190685
38138,76276,114414,152552,190690
38139,76278,114417,152556,190695
38140,76280,114420,152560,190700
38141,76282,114423,152564,190705
38142,76284,114426,152568,190710
38143,76286,114429,152572,190715
38144,76288,114432,152576,190720
38145,76290,114435,152580,190725
38146,76292,114438,152584,190730
38147,76294,114441,152588,190735
38148,76296,114444,152592,190740
38149,76298,114447,152596,190745
38150,76300,114450,152600,190750
38151,76302,114453,152604,190755
38152,76304,114456,152608,190760
38153,76306,114459,152612,190765
38154,76308,114462,152616,190770
38155,76310,114465,152620,190775
38156,76312,114468,152624,190780
38157,76314,114471,152628,190785
38158,76316,114474,152632,190790
38159,76318,114477,152636,190795
38160,76320,114480,152640,190800
38161,76322,114483,152644,190805
38162,76324,114486,152648,190810
38163,76326,114489,152652,190815
38164,76328,114492,152656,190820
38165,76330,114495,152660,190825
38166,76332,114498,152664,190830
38167,76334,114501,152668,190835
38168,76336,114504,152672,190840
38169,76338,114507,152676,190845
38170,76340,114510,152680,190850
38171,76342,114513,152684,190855
38172,76344,114516,152688,190860
38173,76346,114519,152692,190865
38174,76348,114522,152696,190870
38175,76350,114525,152700,190875
38176,76352,114528,152704,190880
38177,76354,114531,152708,190885
38178,76356,114534,152712,190890
38179,76358,114537,152716,190895
38180,76360,114540,152720,190900
38181,76362,114543,152724,190905
38182,76364,114546,152728,190910
38183,76366,114549,152732,190915
38184,76368,114552,152736,190920
38185,76370,114555,152740,190925
38186,76372,114558,152744,190930
38187,76374,114561,152748,190935
38188,76376,114564,152752,190940
38189,76378,114567,152756,190945
38190,76380,114570,152760,190950
38191,76382,114573,152764,190955
38192,76384,114576,152768,190960
38193,76386,114579,152772,190965
38194,76388,114582,152776,190970
38195,76390,114585,152780,190975
38196,76392,114588,152784,190980
38197,76394,114591,152788,190985
38198,76396,114594,152792,190990
38199,76398,114597,152796,190995
38200,76400,114600,152800,191000
38201,76402,114603,152804,191005
38202,76404,114606,152808,191010
38203,76406,114609,152812,191015
38204,76408,114612,152816,191020
38205,76410,114615,152820,191025
38206,76412,114618,152824,191030
38207,76414,114621,152828,191035
38208,76416,114624,152832,191040
38209,76418,114627,152836,191045
38210,76420,114630,152840,191050
38211,76422,114633,152844,191055
38212,76424,114636,152848,191060
38213,76426,114639,152852,191065
38214,76428,114642,152856,191070
38215,76430,114645,152860,191075
38216,76432,114648,152864,191080
38217,76434,114651,152868,191085
38218,76436,114654,152872,191090
38219,76438,114657,152876,191095
38220,76440,114660,152880,191100
38221,76442,114663,152884,191105
38222,76444,114666,152888,191110
38223,76446,114669,152892,191115
38224,76448,114672,152896,191120
38225,76450,114675,152900,191125
38226,76452,114678,152904,191130
38227,76454,114681,152908,191135
38228,76456,114684,152912,191140
38229,76458,114687,152916,191145
38230,76460,114690,152920,191150
38231,76462,114693,152924,191155
38232,76464,114696,152928,191160
38233,76466,114699,152932,191165
38234,76468,114702,152936,191170
38235,76470,114705,152940,191175
38236,76472,114708,152944,191180
38237,76474,114711,152948,191185
38238,76476,114714,152952,191190
38239,76478,114717,152956,191195
38240,76480,114720,152960,191200
38241,76482,114723,152964,191205
38242,76484,114726,152968,191210
38243,76486,114729,152972,191215
38244,76488,114732,152976,191220
38245,76490,114735,152980,191225
38246,76492,114738,152984,191230
38247,76494,114741,152988,191235
38248,76496,114744,152992,191240
38249,76498,114747,152996,191245
38250,76500,114750,153000,191250
38251,76502,114753,153004,191255
38252,76504,114756,153008,191260
38253,76506,114759,153012,191265
38254,76508,114762,153016,191270
38255,76510,114765,153020,191275
38256,76512,114768,153024,191280
38257,76514,114771,153028,191285
38258,76516,114774,153032,191290
38259,76518,114777,153036,191295
38260,76520,114780,153040,191300
38261,76522,114783,153044,191305
38262,76524,114786,153048,191310
38263,76526,114789,153052,191315
38264,76528,114792,153056,191320
38265,76530,114795,153060,191325
38266,76532,114798,153064,191330
38267,76534,114801,153068,191335
38268,76536,114804,153072,191340
38269,76538,114807,153076,191345
38270,76540,114810,153080,191350
38271,76542,114813,153084,191355
38272,76544,114816,153088,191360
38273,76546,114819,153092,191365
38274,76548,114822,153096,191370
38275,76550,114825,153100,191375
38276,76552,114828,153104,191380
38277,76554,114831,153108,191385
38278,76556,114834,153112,191390
38279,76558,114837,153116,191395
38280,76560,114840,153120,191400
38281,76562,114843,153124,191405
38282,76564,114846,153128,191410
38283,76566,114849,153132,191415
38284,76568,114852,153136,191420
38285,76570,114855,153140,191425
38286,76572,114858,153144,191430
38287,76574,114861,153148,191435
38288,76576,114864,153152,191440
38289,76578,114867,153156,191445
38290,76580,114870,153160,191450
38291,76582,114873,153164,191455
38292,76584,114876,153168,191460
38293,76586,114879,153172,191465
38294,76588,114882,153176,191470
38295,76590,114885,153180,191475
38296,76592,114888,153184,191480
38297,76594,114891,153188,191485
38298,76596,114894,153192,191490
38299,76598,114897,153196,191495
38300,76600,114900,153200,191500
38301,76602,114903,153204,191505
38302,76604,114906,153208,191510
38303,76606,114909,153212,191515
38304,76608,114912,153216,191520
38305,76610,114915,153220,191525
38306,76612,114918,153224,191530
38307,76614,114921,153228,191535
38308,76616,114924,153232,191540
38309,76618,114927,153236,191545
38310,76620,114930,153240,191550
38311,76622,114933,153244,191555
38312,76624,114936,153248,191560
38313,76626,114939,153252,191565
38314,76628,114942,153256,191570
38315,76630,114945,153260,191575
38316,76632,114948,153264,191580
38317,76634,114951,153268,191585
38318,76636,114954,153272,191590
38319,76638,114957,153276,191595
38320,76640,114960,153280,191600
38321,76642,114963,153284,191605
38322,76644,114966,153288,191610
38323,76646,114969,153292,191615
38324,76648,114972,153296,191620
38325,76650,114975,153300,191625
38326,76652,114978,153304,191630
38327,76654,114981,153308,191635
38328,76656,114984,153312,191640
38329,76658,114987,153316,191645
38330,76660,114990,153320,191650
38331,76662,114993,153324,191655
38332,76664,114996,153328,191660
38333,76666,114999,153332,191665
38334,76668,115002,153336,191670
38335,76670,115005,153340,191675
38336,76672,115008,153344,191680
38337,76674,115011,153348,191685
38338,76676,115014,153352,191690
38339,76678,115017,153356,191695
38340,76680,115020,153360,191700
38341,76682,115023,153364,191705
38342,76684,115026,153368,191710
38343,76686,115029,153372,191715
38344,76688,115032,153376,191720
38345,76690,115035,153380,191725
38346,76692,115038,153384,191730
38347,76694,115041,153388,191735
38348,76696,115044,153392,191740
38349,76698,115047,153396,191745
38350,76700,115050,153400,191750
38351,76702,115053,153404,191755
38352,76704,115056,153408,191760
38353,76706,115059,153412,191765
38354,76708,115062,153416,191770
38355,76710,115065,153420,191775
38356,76712,115068,153424,191780
38357,76714,115071,153428,191785
38358,76716,115074,153432,191790
38359,76718,115077,153436,191795
38360,76720,115080,153440,191800
38361,76722,115083,153444,191805
38362,76724,115086,153448,191810
38363,76726,115089,153452,191815
38364,76728,115092,153456,191820
38365,76730,115095,153460,191825
38366,76732,115098,153464,191830
38367,76734,115101,153468,191835
38368,76736,115104,153472,191840
38369,76738,115107,153476,191845
38370,76740,115110,153480,191850
38371,76742,115113,153484,191855
38372,76744,115116,153488,191860
38373,76746,115119,153492,191865
38374,76748,115122,153496,191870
38375,76750,115125,153500,191875
38376,76752,115128,153504,191880
38377,76754,115131,153508,191885
38378,76756,115134,153512,191890
38379,76758,115137,153516,191895
38380,76760,115140,153520,191900
38381,76762,115143,153524,191905
38382,76764,115146,153528,191910
38383,76766,115149,153532,191915
38384,76768,115152,153536,191920
38385,76770,115155,153540,191925
38386,76772,115158,153544,191930
38387,76774,115161,153548,191935
38388,76776,115164,153552,191940
38389,76778,115167,153556,191945
38390,76780,115170,153560,191950
38391,76782,115173,153564,191955
38392,76784,115176,153568,191960
38393,76786,115179,153572,191965
38394,76788,115182,153576,191970
38395,76790,115185,153580,191975
38396,76792,115188,153584,191980
38397,76794,115191,153588,191985
38398,76796,115194,153592,191990
38399,76798,115197,153596,191995
38400,76800,115200,153600,192000
38401,76802,115203,153604,192005
38402,76804,115206,153608,192010
38403,76806,115209,153612,192015
38404,76808,115212,153616,192020
38405,76810,115215,153620,192025
38406,76812,115218,153624,192030
38407,76814,115221,153628,192035
38408,76816,115224,153632,192040
38409,76818,115227,153636,192045
38410,76820,115230,153640,192050
38411,76822,115233,153644,192055
38412,76824,115236,153648,192060
38413,76826,115239,153652,192065
38414,76828,115242,153656,192070
38415,76830,115245,153660,192075
38416,76832,115248,153664,192080
38417,76834,115251,153668,192085
38418,76836,115254,153672,192090
38419,76838,115257,153676,192095
38420,76840,115260,153680,192100
38421,76842,115263,153684,192105
38422,76844,115266,153688,192110
38423,76846,115269,153692,192115
38424,76848,115272,153696,192120
38425,76850,115275,153700,192125
38426,76852,115278,153704,192130
38427,76854,115281,153708,192135
38428,76856,115284,153712,192140
38429,76858,115287,153716,192145
38430,76860,115290,153720,192150
38431,76862,115293,153724,192155
38432,76864,115296,153728,192160
38433,76866,115299,153732,192165
38434,76868,115302,153736,192170
38435,76870,115305,153740,192175
38436,76872,115308,153744,192180
38437,76874,115311,153748,192185
38438,76876,115314,153752,192190
38439,76878,115317,153756,192195
38440,76880,115320,153760,192200
38441,76882,115323,153764,192205
38442,76884,115326,153768,192210
38443,76886,115329,153772,192215
38444,76888,115332,153776,192220
38445,76890,115335,153780,192225
38446,76892,115338,153784,192230
38447,76894,115341,153788,192235
38448,76896,115344,153792,192240
38449,76898,115347,153796,192245
38450,76900,115350,153800,192250
38451,76902,115353,153804,192255
38452,76904,115356,153808,192260
38453,76906,115359,153812,192265
38454,76908,115362,153816,192270
38455,76910,115365,153820,192275
38456,76912,115368,153824,192280
38457,76914,115371,153828,192285
38458,76916,115374,153832,192290
38459,76918,115377,153836,192295
38460,76920,115380,153840,192300
38461,76922,115383,153844,192305
38462,76924,115386,153848,192310
38463,76926,115389,153852,192315
38464,76928,115392,153856,192320
38465,76930,115395,153860,192325
38466,76932,115398,153864,192330
38467,76934,115401,153868,192335
38468,76936,115404,153872,192340
38469,76938,115407,153876,192345
38470,76940,115410,153880,192350
38471,76942,115413,153884,192355
38472,76944,115416,153888,192360
38473,76946,115419,153892,192365
38474,76948,115422,153896,192370
38475,76950,115425,153900,192375
38476,76952,115428,153904,192380
38477,76954,115431,153908,192385
38478,76956,115434,153912,192390
38479,76958,115437,153916,192395
38480,76960,115440,153920,192400
38481,76962,115443,153924,192405
38482,76964,115446,153928,192410
38483,76966,115449,153932,192415
38484,76968,115452,153936,192420
38485,76970,115455,153940,192425
38486,76972,115458,153944,192430
38487,76974,115461,153948,192435
38488,76976,115464,153952,192440
38489,76978,115467,153956,192445
38490,76980,115470,153960,192450
38491,76982,115473,153964,192455
38492,76984,115476,153968,192460
38493,76986,115479,153972,192465
38494,76988,115482,153976,192470
38495,76990,115485,153980,192475
38496,76992,115488,153984,192480
38497,76994,115491,153988,192485
38498,76996,115494,153992,192490
38499,76998,115497,153996,192495
38500,77000,115500,154000,192500
38501,77002,115503,154004,192505
38502,77004,115506,154008,192510
38503,77006,115509,154012,192515
38504,77008,115512,154016,192520
38505,77010,115515,154020,192525
38506,77012,115518,154024,192530
38507,77014,115521,154028,192535
38508,77016,115524,154032,192540
38509,77018,115527,154036,192545
38510,77020,115530,154040,192550
38511,77022,115533,154044,192555
38512,77024,115536,154048,192560
38513,77026,115539,154052,192565
38514,77028,115542,154056,192570
38515,77030,115545,154060,192575
38516,77032,115548,154064,192580
38517,77034,115551,154068,192585
38518,77036,115554,154072,192590
38519,77038,115557,154076,192595
38520,77040,115560,154080,192600
38521,77042,115563,154084,192605
38522,77044,115566,154088,192610
38523,77046,115569,154092,192615
38524,77048,115572,154096,192620
38525,77050,115575,154100,192625
38526,77052,115578,154104,192630
38527,77054,115581,154108,192635
38528,77056,115584,154112,192640
38529,77058,115587,154116,192645
38530,77060,115590,154120,192650
38531,77062,115593,154124,192655
38532,77064,115596,154128,192660
38533,77066,115599,154132,192665
38534,77068,115602,154136,192670
38535,77070,115605,154140,192675
38536,77072,115608,154144,192680
38537,77074,115611,154148,192685
38538,77076,115614,154152,192690
38539,77078,115617,154156,192695
38540,77080,115620,154160,192700
38541,77082,115623,154164,192705
38542,77084,115626,154168,192710
38543,77086,115629,154172,192715
38544,77088,115632,154176,192720
38545,77090,115635,154180,192725
38546,77092,115638,154184,192730
38547,77094,115641,154188,192735
38548,77096,115644,154192,192740
38549,77098,115647,154196,192745
38550,77100,115650,154200,192750
38551,77102,115653,154204,192755
38552,77104,115656,154208,192760
38553,77106,115659,154212,192765
38554,77108,115662,154216,192770
38555,77110,115665,154220,192775
38556,77112,115668,154224,192780
38557,77114,115671,154228,192785
38558,77116,115674,154232,192790
38559,77118,115677,154236,192795
38560,77120,115680,154240,192800
38561,77122,115683,154244,192805
38562,77124,115686,154248,192810
38563,77126,115689,154252,192815
38564,77128,115692,154256,192820
38565,77130,115695,154260,192825
38566,77132,115698,154264,192830
38567,77134,115701,154268,192835
38568,77136,115704,154272,192840
38569,77138,115707,154276,192845
38570,77140,115710,154280,192850
38571,77142,115713,154284,192855
38572,77144,115716,154288,192860
38573,77146,115719,154292,192865
38574,77148,115722,154296,192870
38575,77150,115725,154300,192875
38576,77152,115728,154304,192880
38577,77154,115731,154308,192885
38578,77156,115734,154312,192890
38579,77158,115737,154316,192895
38580,77160,115740,154320,192900
38581,77162,115743,154324,192905
38582,77164,115746,154328,192910
38583,77166,115749,154332,192915
38584,77168,115752,154336,192920
38585,77170,115755,154340,192925
38586,77172,115758,154344,192930
38587,77174,115761,154348,192935
38588,77176,115764,154352,192940
38589,77178,115767,154356,192945
38590,77180,115770,154360,192950
38591,77182,115773,154364,192955
38592,77184,115776,154368,192960
38593,77186,115779,154372,192965
38594,77188,115782,154376,192970
38595,77190,115785,154380,192975
38596,77192,115788,154384,192980
38597,77194,115791,154388,192985
38598,77196,115794,154392,192990
38599,77198,115797,154396,192995
38600,77200,115800,154400,193000
38601,77202,115803,154404,193005
38602,77204,115806,154408,193010
38603,77206,115809,154412,193015
38604,77208,115812,154416,193020
38605,77210,115815,154420,193025
38606,77212,115818,154424,193030
38607,77214,115821,154428,193035
38608,77216,115824,154432,193040
38609,77218,115827,154436,193045
38610,77220,115830,154440,193050
38611,77222,115833,154444,193055
38612,77224,115836,154448,193060
38613,77226,115839,154452,193065
38614,77228,115842,154456,193070
38615,77230,115845,154460,193075
38616,77232,115848,154464,193080
38617,77234,115851,154468,193085
38618,77236,115854,154472,193090
38619,77238,115857,154476,193095
38620,77240,115860,154480,193100
38621,77242,115863,154484,193105
38622,77244,115866,154488,193110
38623,77246,115869,154492,193115
38624,77248,115872,154496,193120
38625,77250,115875,154500,193125
38626,77252,115878,154504,193130
38627,77254,115881,154508,193135
38628,77256,115884,154512,193140
38629,77258,115887,154516,193145
38630,77260,115890,154520,193150
38631,77262,115893,154524,193155
38632,77264,115896,154528,193160
38633,77266,115899,154532,193165
38634,77268,115902,154536,193170
38635,77270,115905,154540,193175
38636,77272,115908,154544,193180
38637,77274,115911,154548,193185
38638,77276,115914,154552,193190
38639,77278,115917,154556,193195
38640,77280,115920,154560,193200
38641,77282,115923,154564,193205
38642,77284,115926,154568,193210
38643,77286,115929,154572,193215
38644,77288,115932,154576,193220
38645,77290,115935,154580,193225
38646,77292,115938,154584,193230
38647,77294,115941,154588,193235
38648,77296,115944,154592,193240
38649,77298,115947,154596,193245
38650,77300,115950,154600,193250
38651,77302,115953,154604,193255
38652,77304,115956,154608,193260
38653,77306,115959,154612,193265
38654,77308,115962,154616,193270
38655,77310,115965,154620,193275
38656,77312,115968,154624,193280
38657,77314,115971,154628,193285
38658,77316,115974,154632,193290
38659,77318,115977,154636,193295
38660,77320,115980,154640,193300
38661,77322,115983,154644,193305
38662,77324,115986,154648,193310
38663,77326,115989,154652,193315
38664,77328,115992,154656,193320
38665,77330,115995,154660,193325
38666,77332,115998,154664,193330
38667,77334,116001,154668,193335
38668,77336,116004,154672,193340
38669,77338,116007,154676,193345
38670,77340,116010,154680,193350
38671,77342,116013,154684,193355
38672,77344,116016,154688,193360
38673,77346,116019,154692,193365
38674,77348,116022,154696,193370
38675,77350,116025,154700,193375
38676,77352,116028,154704,193380
38677,77354,116031,154708,193385
38678,77356,116034,154712,193390
38679,77358,116037,154716,193395
38680,77360,116040,154720,193400
38681,77362,116043,154724,193405
38682,77364,116046,154728,193410
38683,77366,116049,154732,193415
38684,77368,116052,154736,193420
38685,77370,116055,154740,193425
38686,77372,116058,154744,193430
38687,77374,116061,154748,193435
38688,77376,116064,154752,193440
38689,77378,116067,154756,193445
38690,77380,116070,154760,193450
38691,77382,116073,154764,193455
38692,77384,116076,154768,193460
38693,77386,116079,154772,193465
38694,77388,116082,154776,193470
38695,77390,116085,154780,193475
38696,77392,116088,154784,193480
38697,77394,116091,154788,193485
38698,77396,116094,154792,193490
38699,77398,116097,154796,193495
38700,77400,116100,154800,193500
38701,77402,116103,154804,193505
38702,77404,116106,154808,193510
38703,77406,116109,154812,193515
38704,77408,116112,154816,193520
38705,77410,116115,154820,193525
38706,77412,116118,154824,193530
38707,77414,116121,154828,193535
38708,77416,116124,154832,193540
38709,77418,116127,154836,193545
38710,77420,116130,154840,193550
38711,77422,116133,154844,193555
38712,77424,116136,154848,193560
38713,77426,116139,154852,193565
38714,77428,116142,154856,193570
38715,77430,116145,154860,193575
38716,77432,116148,154864,193580
38717,77434,116151,154868,193585
38718,77436,116154,154872,193590
38719,77438,116157,154876,193595
38720,77440,116160,154880,193600
38721,77442,116163,154884,193605
38722,77444,116166,154888,193610
38723,77446,116169,154892,193615
38724,77448,116172,154896,193620
38725,77450,116175,154900,193625
38726,77452,116178,154904,193630
38727,77454,116181,154908,193635
38728,77456,116184,154912,193640
38729,77458,116187,154916,193645
38730,77460,116190,154920,193650
38731,77462,116193,154924,193655
38732,77464,116196,154928,193660
38733,77466,116199,154932,193665
38734,77468,116202,154936,193670
38735,77470,116205,154940,193675
38736,77472,116208,154944,193680
38737,77474,116211,154948,193685
38738,77476,116214,154952,193690
38739,77478,116217,154956,193695
38740,77480,116220,154960,193700
38741,77482,116223,154964,193705
38742,77484,116226,154968,193710
38743,77486,116229,154972,193715
38744,77488,116232,154976,193720
38745,77490,116235,154980,193725
38746,77492,116238,154984,193730
38747,77494,116241,154988,193735
38748,77496,116244,154992,193740
38749,77498,116247,154996,193745
38750,77500,116250,155000,193750
38751,77502,116253,155004,193755
38752,77504,116256,155008,193760
38753,77506,116259,155012,193765
38754,77508,116262,155016,193770
38755,77510,116265,155020,193775
38756,77512,116268,155024,193780
38757,77514,116271,155028,193785
38758,77516,116274,155032,193790
38759,77518,116277,155036,193795
38760,77520,116280,155040,193800
38761,77522,116283,155044,193805
38762,77524,116286,155048,193810
38763,77526,116289,155052,193815
38764,77528,116292,155056,193820
38765,77530,116295,155060,193825
38766,77532,116298,155064,193830
38767,77534,116301,155068,193835
38768,77536,116304,155072,193840
38769,77538,116307,155076,193845
38770,77540,116310,155080,193850
38771,77542,116313,155084,193855
38772,77544,116316,155088,193860
38773,77546,116319,155092,193865
38774,77548,116322,155096,193870
38775,77550,116325,155100,193875
38776,77552,116328,155104,193880
38777,77554,116331,155108,193885
38778,77556,116334,155112,193890
38779,77558,116337,155116,193895
38780,77560,116340,155120,193900
38781,77562,116343,155124,193905
38782,77564,116346,155128,193910
38783,77566,116349,155132,193915
38784,77568,116352,155136,193920
38785,77570,116355,155140,193925
38786,77572,116358,155144,193930
38787,77574,116361,155148,193935
38788,77576,116364,155152,193940
38789,77578,116367,155156,193945
38790,77580,116370,155160,193950
38791,77582,116373,155164,193955
38792,77584,116376,155168,193960
38793,77586,116379,155172,193965
38794,77588,116382,155176,193970
38795,77590,116385,155180,193975
38796,77592,116388,155184,193980
38797,77594,116391,155188,193985
38798,77596,116394,155192,193990
38799,77598,116397,155196,193995
38800,77600,116400,155200,194000
38801,77602,116403,155204,194005
38802,77604,116406,155208,194010
38803,77606,116409,155212,194015
38804,77608,116412,155216,194020
38805,77610,116415,155220,194025
38806,77612,116418,155224,194030
38807,77614,116421,155228,194035
38808,77616,116424,155232,194040
38809,77618,116427,155236,194045
38810,77620,116430,155240,194050
38811,77622,116433,155244,194055
38812,77624,116436,155248,194060
38813,77626,116439,155252,194065
38814,77628,116442,155256,194070
38815,77630,116445,155260,194075
38816,77632,116448,155264,194080
38817,77634,116451,155268,194085
38818,77636,116454,155272,194090
38819,77638,116457,155276,194095
38820,77640,116460,155280,194100
38821,77642,116463,155284,194105
38822,77644,116466,155288,194110
38823,77646,116469,155292,194115
38824,77648,116472,155296,194120
38825,77650,116475,155300,194125
38826,77652,116478,155304,194130
38827,77654,116481,155308,194135
38828,77656,116484,155312,194140
38829,77658,116487,155316,194145
38830,77660,116490,155320,194150
38831,77662,116493,155324,194155
38832,77664,116496,155328,194160
38833,77666,116499,155332,194165
38834,77668,116502,155336,194170
38835,77670,116505,155340,194175
38836,77672,116508,155344,194180
38837,77674,116511,155348,194185
38838,77676,116514,155352,194190
38839,77678,116517,155356,194195
38840,77680,116520,155360,194200
38841,77682,116523,155364,194205
38842,77684,116526,155368,194210
38843,77686,116529,155372,194215
38844,77688,116532,155376,194220
38845,77690,116535,155380,194225
38846,77692,116538,155384,194230
38847,77694,116541,155388,194235
38848,77696,116544,155392,194240
38849,77698,116547,155396,194245
38850,77700,116550,155400,194250
38851,77702,116553,155404,194255
38852,77704,116556,155408,194260
38853,77706,116559,155412,194265
38854,77708,116562,155416,194270
38855,77710,116565,155420,194275
38856,77712,116568,155424,194280
38857,77714,116571,155428,194285
38858,77716,116574,155432,194290
38859,77718,116577,155436,194295
38860,77720,116580,155440,194300
38861,77722,116583,155444,194305
38862,77724,116586,155448,194310
38863,77726,116589,155452,194315
38864,77728,116592,155456,194320
38865,77730,116595,155460,194325
38866,77732,116598,155464,194330
38867,77734,116601,155468,194335
38868,77736,116604,155472,194340
38869,77738,116607,155476,194345
38870,77740,116610,155480,194350
38871,77742,116613,155484,194355
38872,77744,116616,155488,194360
38873,77746,116619,155492,194365
38874,77748,116622,155496,194370
38875,77750,116625,155500,194375
38876,77752,116628,155504,194380
38877,77754,116631,155508,194385
38878,77756,116634,155512,194390
38879,77758,116637,155516,194395
38880,77760,116640,155520,194400
38881,77762,116643,155524,194405
38882,77764,116646,155528,194410
38883,77766,116649,155532,194415
38884,77768,116652,155536,194420
38885,77770,116655,155540,194425
38886,77772,116658,155544,194430
38887,77774,116661,155548,194435
38888,77776,116664,155552,194440
38889,77778,116667,155556,194445
38890,77780,116670,155560,194450
38891,77782,116673,155564,194455
38892,77784,116676,155568,194460
38893,77786,116679,155572,194465
38894,77788,116682,155576,194470
38895,77790,116685,155580,194475
38896,77792,116688,155584,194480
38897,77794,116691,155588,194485
38898,77796,116694,155592,194490
38899,77798,116697,155596,194495
38900,77800,116700,155600,194500
38901,77802,116703,155604,194505
38902,77804,116706,155608,194510
38903,77806,116709,155612,194515
38904,77808,116712,155616,194520
38905,77810,116715,155620,194525
38906,77812,116718,155624,194530
38907,77814,116721,155628,194535
38908,77816,116724,155632,194540
38909,77818,116727,155636,194545
38910,77820,116730,155640,194550
38911,77822,116733,155644,194555
38912,77824,116736,155648,194560
38913,77826,116739,155652,194565
38914,77828,116742,155656,194570
38915,77830,116745,155660,194575
38916,77832,116748,155664,194580
38917,77834,116751,155668,194585
38918,77836,116754,155672,194590
38919,77838,116757,155676,194595
38920,77840,116760,155680,194600
38921,77842,116763,155684,194605
38922,77844,116766,155688,194610
38923,77846,116769,155692,194615
38924,77848,116772,155696,194620
38925,77850,116775,155700,194625
38926,77852,116778,155704,194630
38927,77854,116781,155708,194635
38928,77856,116784,155712,194640
38929,77858,116787,155716,194645
38930,77860,116790,155720,194650
38931,77862,116793,155724,194655
38932,77864,116796,155728,194660
38933,77866,116799,155732,194665
38934,77868,116802,155736,194670
38935,77870,116805,155740,194675
38936,77872,116808,155744,194680
38937,77874,116811,155748,194685
38938,77876,116814,155752,194690
38939,77878,116817,155756,194695
38940,77880,116820,155760,194700
38941,77882,116823,155764,194705
38942,77884,116826,155768,194710
38943,77886,116829,155772,194715
38944,77888,116832,155776,194720
38945,77890,116835,155780,194725
38946,77892,116838,155784,194730
38947,77894,116841,155788,194735
38948,77896,116844,155792,194740
38949,77898,116847,155796,194745
38950,77900,116850,155800,194750
38951,77902,116853,155804,194755
38952,77904,116856,155808,194760
38953,77906,116859,155812,194765
38954,77908,116862,155816,194770
38955,77910,116865,155820,194775
38956,77912,116868,155824,194780
38957,77914,116871,155828,194785
38958,77916,116874,155832,194790
38959,77918,116877,155836,194795
38960,77920,116880,155840,194800
38961,77922,116883,155844,194805
38962,77924,116886,155848,194810
38963,77926,116889,155852,194815
38964,77928,116892,155856,194820
38965,77930,116895,155860,194825
38966,77932,116898,155864,194830
38967,77934,116901,155868,194835
38968,77936,116904,155872,194840
38969,77938,116907,155876,194845
38970,77940,116910,155880,194850
38971,77942,116913,155884,194855
38972,77944,116916,155888,194860
38973,77946,116919,155892,194865
38974,77948,116922,155896,194870
38975,77950,116925,155900,194875
38976,77952,116928,155904,194880
38977,77954,116931,155908,194885
38978,77956,116934,155912,194890
38979,77958,116937,155916,194895
38980,77960,116940,155920,194900
38981,77962,116943,155924,194905
38982,77964,116946,155928,194910
38983,77966,116949,155932,194915
38984,77968,116952,155936,194920
38985,77970,116955,155940,194925
38986,77972,116958,155944,194930
38987,77974,116961,155948,194935
38988,77976,116964,155952,194940
38989,77978,116967,155956,194945
38990,77980,116970,155960,194950
38991,77982,116973,155964,194955
38992,77984,116976,155968,194960
38993,77986,116979,155972,194965
38994,77988,116982,155976,194970
38995,77990,116985,155980,194975
38996,77992,116988,155984,194980
38997,77994,116991,155988,194985
38998,77996,116994,155992,194990
38999,77998,116997,155996,194995
39000,78000,117000,156000,195000
39001,78002,117003,156004,195005
39002,78004,117006,156008,195010
39003,78006,117009,156012,195015
39004,78008,117012,156016,195020
39005,78010,117015,156020,195025
39006,78012,117018,156024,195030
39007,78014,117021,156028,195035
39008,78016,117024,156032,195040
39009,78018,117027,156036,195045
39010,78020,117030,156040,195050
39011,78022,117033,156044,195055
39012,78024,117036,156048,195060
39013,78026,117039,156052,195065
39014,78028,117042,156056,195070
39015,78030,117045,156060,195075
39016,78032,117048,156064,195080
39017,78034,117051,156068,195085
39018,78036,117054,156072,195090
39019,78038,117057,156076,195095
39020,78040,117060,156080,195100
39021,78042,117063,156084,195105
39022,78044,117066,156088,195110
39023,78046,117069,156092,195115
39024,78048,117072,156096,195120
39025,78050,117075,156100,195125
39026,78052,117078,156104,195130
39027,78054,117081,156108,195135
39028,78056,117084,156112,195140
39029,78058,117087,156116,195145
39030,78060,117090,156120,195150
39031,78062,117093,156124,195155
39032,78064,117096,156128,195160
39033,78066,117099,156132,195165
39034,78068,117102,156136,195170
39035,78070,117105,156140,195175
39036,78072,117108,156144,195180
39037,78074,117111,156148,195185
39038,78076,117114,156152,195190
39039,78078,117117,156156,195195
39040,78080,117120,156160,195200
39041,78082,117123,156164,195205
39042,78084,117126,156168,195210
39043,78086,117129,156172,195215
39044,78088,117132,156176,195220
39045,78090,117135,156180,195225
39046,78092,117138,156184,195230
39047,78094,117141,156188,195235
39048,78096,117144,156192,195240
39049,78098,117147,156196,195245
39050,78100,117150,156200,195250
39051,78102,117153,156204,195255
39052,78104,117156,156208,195260
39053,78106,117159,156212,195265
39054,78108,117162,156216,195270
39055,78110,117165,156220,195275
39056,78112,117168,156224,195280
39057,78114,117171,156228,195285
39058,78116,117174,156232,195290
39059,78118,117177,156236,195295
39060,78120,117180,156240,195300
39061,78122,117183,156244,195305
39062,78124,117186,156248,195310
39063,78126,117189,156252,195315
39064,78128,117192,156256,195320
39065,78130,117195,156260,195325
39066,78132,117198,156264,195330
39067,78134,117201,156268,195335
39068,78136,117204,156272,195340
39069,78138,117207,156276,195345
39070,78140,117210,156280,195350
39071,78142,117213,156284,195355
39072,78144,117216,156288,195360
39073,78146,117219,156292,195365
39074,78148,117222,156296,195370
39075,78150,117225,156300,195375
39076,78152,117228,156304,195380
39077,78154,117231,156308,195385
39078,78156,117234,156312,195390
39079,78158,117237,156316,195395
39080,78160,117240,156320,195400
39081,78162,117243,156324,195405
39082,78164,117246,156328,195410
39083,78166,117249,156332,195415
39084,78168,117252,156336,195420
39085,78170,117255,156340,195425
39086,78172,117258,156344,195430
39087,78174,117261,156348,195435
39088,78176,117264,156352,195440
39089,78178,117267,156356,195445
39090,78180,117270,156360,195450
39091,78182,117273,156364,195455
39092,78184,117276,156368,195460
39093,78186,117279,156372,195465
39094,78188,117282,156376,195470
39095,78190,117285,156380,195475
39096,78192,117288,156384,195480
39097,78194,117291,156388,195485
39098,78196,117294,156392,195490
39099,78198,117297,156396,195495
39100,78200,117300,156400,195500
39101,78202,117303,156404,195505
39102,78204,117306,156408,195510
39103,78206,117309,156412,195515
39104,78208,117312,156416,195520
39105,78210,117315,156420,195525
39106,78212,117318,156424,195530
39107,78214,117321,156428,195535
39108,78216,117324,156432,195540
39109,78218,117327,156436,195545
39110,78220,117330,156440,195550
39111,78222,117333,156444,195555
39112,78224,117336,156448,195560
39113,78226,117339,156452,195565
39114,78228,117342,156456,195570
39115,78230,117345,156460,195575
39116,78232,117348,156464,195580
39117,78234,117351,156468,195585
39118,78236,117354,156472,195590
39119,78238,117357,156476,195595
39120,78240,117360,156480,195600
39121,78242,117363,156484,195605
39122,78244,117366,156488,195610
39123,78246,117369,156492,195615
39124,78248,117372,156496,195620
39125,78250,117375,156500,195625
39126,78252,117378,156504,195630
39127,78254,117381,156508,195635
39128,78256,117384,156512,195640
39129,78258,117387,156516,195645
39130,78260,117390,156520,195650
39131,78262,117393,156524,195655
39132,78264,117396,156528,195660
39133,78266,117399,156532,195665
39134,78268,117402,156536,195670
39135,78270,117405,156540,195675
39136,78272,117408,156544,195680
39137,78274,117411,156548,195685
39138,78276,117414,156552,195690
39139,78278,117417,156556,195695
39140,78280,117420,156560,195700
39141,78282,117423,156564,195705
39142,78284,117426,156568,195710
39143,78286,117429,156572,195715
39144,78288,117432,156576,195720
39145,78290,117435,156580,195725
39146,78292,117438,156584,195730
39147,78294,117441,156588,195735
39148,78296,117444,156592,195740
39149,78298,117447,156596,195745
39150,78300,117450,156600,195750
39151,78302,117453,156604,195755
39152,78304,117456,156608,195760
39153,78306,117459,156612,195765
39154,78308,117462,156616,195770
39155,78310,117465,156620,195775
39156,78312,117468,156624,195780
39157,78314,117471,156628,195785
39158,78316,117474,156632,195790
39159,78318,117477,156636,195795
39160,78320,117480,156640,195800
39161,78322,117483,156644,195805
39162,78324,117486,156648,195810
39163,78326,117489,156652,195815
39164,78328,117492,156656,195820
39165,78330,117495,156660,195825
39166,78332,117498,156664,195830
39167,78334,117501,156668,195835
39168,78336,117504,156672,195840
39169,78338,117507,156676,195845
39170,78340,117510,156680,195850
39171,78342,117513,156684,195855
39172,78344,117516,156688,195860
39173,78346,117519,156692,195865
39174,78348,117522,156696,195870
39175,78350,117525,156700,195875
39176,78352,117528,156704,195880
39177,78354,117531,156708,195885
39178,78356,117534,156712,195890
39179,78358,117537,156716,195895
39180,78360,117540,156720,195900
39181,78362,117543,156724,195905
39182,78364,117546,156728,195910
39183,78366,117549,156732,195915
39184,78368,117552,156736,195920
39185,78370,117555,156740,195925
39186,78372,117558,156744,195930
39187,78374,117561,156748,195935
39188,78376,117564,156752,195940
39189,78378,117567,156756,195945
39190,78380,117570,156760,195950
39191,78382,117573,156764,195955
39192,78384,117576,156768,195960
39193,78386,117579,156772,195965
39194,78388,117582,156776,195970
39195,78390,117585,156780,195975
39196,78392,117588,156784,195980
39197,78394,117591,156788,195985
39198,78396,117594,156792,195990
39199,78398,117597,156796,195995
39200,78400,117600,156800,196000
39201,78402,117603,156804,196005
39202,78404,117606,156808,196010
39203,78406,117609,156812,196015
39204,78408,117612,156816,196020
39205,78410,117615,156820,196025
39206,78412,117618,156824,196030
39207,78414,117621,156828,196035
39208,78416,117624,156832,196040
39209,78418,117627,156836,196045
39210,78420,117630,156840,196050
39211,78422,117633,156844,196055
39212,78424,117636,156848,196060
39213,78426,117639,156852,196065
39214,78428,117642,156856,196070
39215,78430,117645,156860,196075
39216,78432,117648,156864,196080
39217,78434,117651,156868,196085
39218,78436,117654,156872,196090
39219,78438,117657,156876,196095
39220,78440,117660,156880,196100
39221,78442,117663,156884,196105
39222,78444,117666,156888,196110
39223,78446,117669,156892,196115
39224,78448,117672,156896,196120
39225,78450,117675,156900,196125
39226,78452,117678,156904,196130
39227,78454,117681,156908,196135
39228,78456,117684,156912,196140
39229,78458,117687,156916,196145
39230,78460,117690,156920,196150
39231,78462,117693,156924,196155
39232,78464,117696,156928,196160
39233,78466,117699,156932,196165
39234,78468,117702,156936,196170
39235,78470,117705,156940,196175
39236,78472,117708,156944,196180
39237,78474,117711,156948,196185
39238,78476,117714,156952,196190
39239,78478,117717,156956,196195
39240,78480,117720,156960,196200
39241,78482,117723,156964,196205
39242,78484,117726,156968,196210
39243,78486,117729,156972,196215
39244,78488,117732,156976,196220
39245,78490,117735,156980,196225
39246,78492,117738,156984,196230
39247,78494,117741,156988,196235
39248,78496,117744,156992,196240
39249,78498,117747,156996,196245
39250,78500,117750,157000,196250
39251,78502,117753,157004,196255
39252,78504,117756,157008,196260
39253,78506,117759,157012,196265
39254,78508,117762,157016,196270
39255,78510,117765,157020,196275
39256,78512,117768,157024,196280
39257,78514,117771,157028,196285
39258,78516,117774,157032,196290
39259,78518,117777,157036,196295
39260,78520,117780,157040,196300
39261,78522,117783,157044,196305
39262,78524,117786,157048,196310
39263,78526,117789,157052,196315
39264,78528,117792,157056,196320
39265,78530,117795,157060,196325
39266,78532,117798,157064,196330
39267,78534,117801,157068,196335
39268,78536,117804,157072,196340
39269,78538,117807,157076,196345
39270,78540,117810,157080,196350
39271,78542,117813,157084,196355
39272,78544,117816,157088,196360
39273,78546,117819,157092,196365
39274,78548,117822,157096,196370
39275,78550,117825,157100,196375
39276,78552,117828,157104,196380
39277,78554,117831,157108,196385
39278,78556,117834,157112,196390
39279,78558,117837,157116,196395
39280,78560,117840,157120,196400
39281,78562,117843,157124,196405
39282,78564,117846,157128,196410
39283,78566,117849,157132,196415
39284,78568,117852,157136,196420
39285,78570,117855,157140,196425
39286,78572,117858,157144,196430
39287,78574,117861,157148,196435
39288,78576,117864,157152,196440
39289,78578,117867,157156,196445
39290,78580,117870,157160,196450
39291,78582,117873,157164,196455
39292,78584,117876,157168,196460
39293,78586,117879,157172,196465
39294,78588,117882,157176,196470
39295,78590,117885,157180,196475
39296,78592,117888,157184,196480
39297,78594,117891,157188,196485
39298,78596,117894,157192,196490
39299,78598,117897,157196,196495
39300,78600,117900,157200,196500
39301,78602,117903,157204,196505
39302,78604,117906,157208,196510
39303,78606,117909,157212,196515
39304,78608,117912,157216,196520
39305,78610,117915,157220,196525
39306,78612,117918,157224,196530
39307,78614,117921,157228,196535
39308,78616,117924,157232,196540
39309,78618,117927,157236,196545
39310,78620,117930,157240,196550
39311,78622,117933,157244,196555
39312,78624,117936,157248,196560
39313,78626,117939,157252,196565
39314,78628,117942,157256,196570
39315,78630,117945,157260,196575
39316,78632,117948,157264,196580
39317,78634,117951,157268,196585
39318,78636,117954,157272,196590
39319,78638,117957,157276,196595
39320,78640,117960,157280,196600
39321,78642,117963,157284,196605
39322,78644,117966,157288,196610
39323,78646,117969,157292,196615
39324,78648,117972,157296,196620
39325,78650,117975,157300,196625
39326,78652,117978,157304,196630
39327,78654,117981,157308,196635
39328,78656,117984,157312,196640
39329,78658,117987,157316,196645
39330,78660,117990,157320,196650
39331,78662,117993,157324,196655
39332,78664,117996,157328,196660
39333,78666,117999,157332,196665
39334,78668,118002,157336,196670
39335,78670,118005,157340,196675
39336,78672,118008,157344,196680
39337,78674,118011,157348,196685
39338,78676,118014,157352,196690
39339,78678,118017,157356,196695
39340,78680,118020,157360,196700
39341,78682,118023,157364,196705
39342,78684,118026,157368,196710
39343,78686,118029,157372,196715
39344,78688,118032,157376,196720
39345,78690,118035,157380,196725
39346,78692,118038,157384,196730
39347,78694,118041,157388,196735
39348,78696,118044,157392,196740
39349,78698,118047,157396,196745
39350,78700,118050,157400,196750
39351,78702,118053,157404,196755
39352,78704,118056,157408,196760
39353,78706,118059,157412,196765
39354,78708,118062,157416,196770
39355,78710,118065,157420,196775
39356,78712,118068,157424,196780
39357,78714,118071,157428,196785
39358,78716,118074,157432,196790
39359,78718,118077,157436,196795
39360,78720,118080,157440,196800
39361,78722,118083,157444,196805
39362,78724,118086,157448,196810
39363,78726,118089,157452,196815
39364,78728,118092,157456,196820
39365,78730,118095,157460,196825
39366,78732,118098,157464,196830
39367,78734,118101,157468,196835
39368,78736,118104,157472,196840
39369,78738,118107,157476,196845
39370,78740,118110,157480,196850
39371,78742,118113,157484,196855
39372,78744,118116,157488,196860
39373,78746,118119,157492,196865
39374,78748,118122,157496,196870
39375,78750,118125,157500,196875
39376,78752,118128,157504,196880
39377,78754,118131,157508,196885
39378,78756,118134,157512,196890
39379,78758,118137,157516,196895
39380,78760,118140,157520,196900
39381,78762,118143,157524,196905
39382,78764,118146,157528,196910
39383,78766,118149,157532,196915
39384,78768,118152,157536,196920
39385,78770,118155,157540,196925
39386,78772,118158,157544,196930
39387,78774,118161,157548,196935
39388,78776,118164,157552,196940
39389,78778,118167,157556,196945
39390,78780,118170,157560,196950
39391,78782,118173,157564,196955
39392,78784,118176,157568,196960
39393,78786,118179,157572,196965
39394,78788,118182,157576,196970
39395,78790,118185,157580,196975
39396,78792,118188,157584,196980
39397,78794,118191,157588,196985
39398,78796,118194,157592,196990
39399,78798,118197,157596,196995
39400,78800,118200,157600,197000
39401,78802,118203,157604,197005
39402,78804,118206,157608,197010
39403,78806,118209,157612,197015
39404,78808,118212,157616,197020
39405,78810,118215,157620,197025
39406,78812,118218,157624,197030
39407,78814,118221,157628,197035
39408,78816,118224,157632,197040
39409,78818,118227,157636,197045
39410,78820,118230,157640,197050
39411,78822,118233,157644,197055
39412,78824,118236,157648,197060
39413,78826,118239,157652,197065
39414,78828,118242,157656,197070
39415,78830,118245,157660,197075
39416,78832,118248,157664,197080
39417,78834,118251,157668,197085
39418,78836,118254,157672,197090
39419,78838,118257,157676,197095
39420,78840,118260,157680,197100
39421,78842,118263,157684,197105
39422,78844,118266,157688,197110
39423,78846,118269,157692,197115
39424,78848,118272,157696,197120
39425,78850,118275,157700,197125
39426,78852,118278,157704,197130
39427,78854,118281,157708,197135
39428,78856,118284,157712,197140
39429,78858,118287,157716,197145
39430,78860,118290,157720,197150
39431,78862,118293,157724,197155
39432,78864,118296,157728,197160
39433,78866,118299,157732,197165
39434,78868,118302,157736,197170
39435,78870,118305,157740,197175
39436,78872,118308,157744,197180
39437,78874,118311,157748,197185
39438,78876,118314,157752,197190
39439,78878,118317,157756,197195
39440,78880,118320,157760,197200
39441,78882,118323,157764,197205
39442,78884,118326,157768,197210
39443,78886,118329,157772,197215
39444,78888,118332,157776,197220
39445,78890,118335,157780,197225
39446,78892,118338,157784,197230
39447,78894,118341,157788,197235
39448,78896,118344,157792,197240
39449,78898,118347,157796,197245
39450,78900,118350,157800,197250
39451,78902,118353,157804,197255
39452,78904,118356,157808,197260
39453,78906,118359,157812,197265
39454,78908,118362,157816,197270
39455,78910,118365,157820,197275
39456,78912,118368,157824,197280
39457,78914,118371,157828,197285
39458,78916,118374,157832,197290
39459,78918,118377,157836,197295
39460,78920,118380,157840,197300
39461,78922,118383,157844,197305
39462,78924,118386,157848,197310
39463,78926,118389,157852,197315
39464,78928,118392,157856,197320
39465,78930,118395,157860,197325
39466,78932,118398,157864,197330
39467,78934,118401,157868,197335
39468,78936,118404,157872,197340
39469,78938,118407,157876,197345
39470,78940,118410,157880,197350
39471,78942,118413,157884,197355
39472,78944,118416,157888,197360
39473,78946,118419,157892,197365
39474,78948,118422,157896,197370
39475,78950,118425,157900,197375
39476,78952,118428,157904,197380
39477,78954,118431,157908,197385
39478,78956,118434,157912,197390
39479,78958,118437,157916,197395
39480,78960,118440,157920,197400
39481,78962,118443,157924,197405
39482,78964,118446,157928,197410
39483,78966,118449,157932,197415
39484,78968,118452,157936,197420
39485,78970,118455,157940,197425
39486,78972,118458,157944,197430
39487,78974,118461,157948,197435
39488,78976,118464,157952,197440
39489,78978,118467,157956,197445
39490,78980,118470,157960,197450
39491,78982,118473,157964,197455
39492,78984,118476,157968,197460
39493,78986,118479,157972,197465
39494,78988,118482,157976,197470
39495,78990,118485,157980,197475
39496,78992,118488,157984,197480
39497,78994,118491,157988,197485
39498,78996,118494,157992,197490
39499,78998,118497,157996,197495
39500,79000,118500,158000,197500
39501,79002,118503,158004,197505
39502,79004,118506,158008,197510
39503,79006,118509,158012,197515
39504,79008,118512,158016,197520
39505,79010,118515,158020,197525
39506,79012,118518,158024,197530
39507,79014,118521,158028,197535
39508,79016,118524,158032,197540
39509,79018,118527,158036,197545
39510,79020,118530,158040,197550
39511,79022,118533,158044,197555
39512,79024,118536,158048,197560
39513,79026,118539,158052,197565
39514,79028,118542,158056,197570
39515,79030,118545,158060,197575
39516,79032,118548,158064,197580
39517,79034,118551,158068,197585
39518,79036,118554,158072,197590
39519,79038,118557,158076,197595
39520,79040,118560,158080,197600
39521,79042,118563,158084,197605
39522,79044,118566,158088,197610
39523,79046,118569,158092,197615
39524,79048,118572,158096,197620
39525,79050,118575,158100,197625
39526,79052,118578,158104,197630
39527,79054,118581,158108,197635
39528,79056,118584,158112,197640
39529,79058,118587,158116,197645
39530,79060,118590,158120,197650
39531,79062,118593,158124,197655
39532,79064,118596,158128,197660
39533,79066,118599,158132,197665
39534,79068,118602,158136,197670
39535,79070,118605,158140,197675
39536,79072,118608,158144,197680
39537,79074,118611,158148,197685
39538,79076,118614,158152,197690
39539,79078,118617,158156,197695
39540,79080,118620,158160,197700
39541,79082,118623,158164,197705
39542,79084,118626,158168,197710
39543,79086,118629,158172,197715
39544,79088,118632,158176,197720
39545,79090,118635,158180,197725
39546,79092,118638,158184,197730
39547,79094,118641,158188,197735
39548,79096,118644,158192,197740
39549,79098,118647,158196,197745
39550,79100,118650,158200,197750
39551,79102,118653,158204,197755
39552,79104,118656,158208,197760
39553,79106,118659,158212,197765
39554,79108,118662,158216,197770
39555,79110,118665,158220,197775
39556,79112,118668,158224,197780
39557,79114,118671,158228,197785
39558,79116,118674,158232,197790
39559,79118,118677,158236,197795
39560,79120,118680,158240,197800
39561,79122,118683,158244,197805
39562,79124,118686,158248,197810
39563,79126,118689,158252,197815
39564,79128,118692,158256,197820
39565,79130,118695,158260,197825
39566,79132,118698,158264,197830
39567,79134,118701,158268,197835
39568,79136,118704,158272,197840
39569,79138,118707,158276,197845
39570,79140,118710,158280,197850
39571,79142,118713,158284,197855
39572,79144,118716,158288,197860
39573,79146,118719,158292,197865
39574,79148,118722,158296,197870
39575,79150,118725,158300,197875
39576,79152,118728,158304,197880
39577,79154,118731,158308,197885
39578,79156,118734,158312,197890
39579,79158,118737,158316,197895
39580,79160,118740,158320,197900
39581,79162,118743,158324,197905
39582,79164,118746,158328,197910
39583,79166,118749,158332,197915
39584,79168,118752,158336,197920
39585,79170,118755,158340,197925
39586,79172,118758,158344,197930
39587,79174,118761,158348,197935
39588,79176,118764,158352,197940
39589,79178,118767,158356,197945
39590,79180,118770,158360,197950
39591,79182,118773,158364,197955
39592,79184,118776,158368,197960
39593,79186,118779,158372,197965
39594,79188,118782,158376,197970
39595,79190,118785,158380,197975
39596,79192,118788,158384,197980
39597,79194,118791,158388,197985
39598,79196,118794,158392,197990
39599,79198,118797,158396,197995
39600,79200,118800,158400,198000
39601,79202,118803,158404,198005
39602,79204,118806,158408,198010
39603,79206,118809,158412,198015
39604,79208,118812,158416,198020
39605,79210,118815,158420,198025
39606,79212,118818,158424,198030
39607,79214,118821,158428,198035
39608,79216,118824,158432,198040
39609,79218,118827,158436,198045
39610,79220,118830,158440,198050
39611,79222,118833,158444,198055
39612,79224,118836,158448,198060
39613,79226,118839,158452,198065
39614,79228,118842,158456,198070
39615,79230,118845,158460,198075
39616,79232,118848,158464,198080
39617,79234,118851,158468,198085
39618,79236,118854,158472,198090
39619,79238,118857,158476,198095
39620,79240,118860,158480,198100
39621,79242,118863,158484,198105
39622,79244,118866,158488,198110
39623,79246,118869,158492,198115
39624,79248,118872,158496,198120
39625,79250,118875,158500,198125
39626,79252,118878,158504,198130
39627,79254,118881,158508,198135
39628,79256,118884,158512,198140
39629,79258,118887,158516,198145
39630,79260,118890,158520,198150
39631,79262,118893,158524,198155
39632,79264,118896,158528,198160
39633,79266,118899,158532,198165
39634,79268,118902,158536,198170
39635,79270,118905,158540,198175
39636,79272,118908,158544,198180
39637,79274,118911,158548,198185
39638,79276,118914,158552,198190
39639,79278,118917,158556,198195
39640,79280,118920,158560,198200
39641,79282,118923,158564,198205
39642,79284,118926,158568,198210
39643,79286,118929,158572,198215
39644,79288,118932,158576,198220
39645,79290,118935,158580,198225
39646,79292,118938,158584,198230
39647,79294,118941,158588,198235
39648,79296,118944,158592,198240
39649,79298,118947,158596,198245
39650,79300,118950,158600,198250
39651,79302,118953,158604,198255
39652,79304,118956,158608,198260
39653,79306,118959,158612,198265
39654,79308,118962,158616,198270
39655,79310,118965,158620,198275
39656,79312,118968,158624,198280
39657,79314,118971,158628,198285
39658,79316,118974,158632,198290
39659,79318,118977,158636,198295
39660,79320,118980,158640,198300
39661,79322,118983,158644,198305
39662,79324,118986,158648,198310
39663,79326,118989,158652,198315
39664,79328,118992,158656,198320
39665,79330,118995,158660,198325
39666,79332,118998,158664,198330
39667,79334,119001,158668,198335
39668,79336,119004,158672,198340
39669,79338,119007,158676,198345
39670,79340,119010,158680,198350
39671,79342,119013,158684,198355
39672,79344,119016,158688,198360
39673,79346,119019,158692,198365
39674,79348,119022,158696,198370
39675,79350,119025,158700,198375
39676,79352,119028,158704,198380
39677,79354,119031,158708,198385
39678,79356,119034,158712,198390
39679,79358,119037,158716,198395
39680,79360,119040,158720,198400
39681,79362,119043,158724,198405
39682,79364,119046,158728,198410
39683,79366,119049,158732,198415
39684,79368,119052,158736,198420
39685,79370,119055,158740,198425
39686,79372,119058,158744,198430
39687,79374,119061,158748,198435
39688,79376,119064,158752,198440
39689,79378,119067,158756,198445
39690,79380,119070,158760,198450
39691,79382,119073,158764,198455
39692,79384,119076,158768,198460
39693,79386,119079,158772,198465
39694,79388,119082,158776,198470
39695,79390,119085,158780,198475
39696,79392,119088,158784,198480
39697,79394,119091,158788,198485
39698,79396,119094,158792,198490
39699,79398,119097,158796,198495
39700,79400,119100,158800,198500
39701,79402,119103,158804,198505
39702,79404,119106,158808,198510
39703,79406,119109,158812,198515
39704,79408,119112,158816,198520
39705,79410,119115,158820,198525
39706,79412,119118,158824,198530
39707,79414,119121,158828,198535
39708,79416,119124,158832,198540
39709,79418,119127,158836,198545
39710,79420,119130,158840,198550
39711,79422,119133,158844,198555
39712,79424,119136,158848,198560
39713,79426,119139,158852,198565
39714,79428,119142,158856,198570
39715,79430,119145,158860,198575
39716,79432,119148,158864,198580
39717,79434,119151,158868,198585
39718,79436,119154,158872,198590
39719,79438,119157,158876,198595
39720,79440,119160,158880,198600
39721,79442,119163,158884,198605
39722,79444,119166,158888,198610
39723,79446,119169,158892,198615
39724,79448,119172,158896,198620
39725,79450,119175,158900,198625
39726,79452,119178,158904,198630
39727,79454,119181,158908,198635
39728,79456,119184,158912,198640
39729,79458,119187,158916,198645
39730,79460,119190,158920,198650
39731,79462,119193,158924,198655
39732,79464,119196,158928,198660
39733,79466,119199,158932,198665
39734,79468,119202,158936,198670
39735,79470,119205,158940,198675
39736,79472,119208,158944,198680
39737,79474,119211,158948,198685
39738,79476,119214,158952,198690
39739,79478,119217,158956,198695
39740,79480,119220,158960,198700
39741,79482,119223,158964,198705
39742,79484,119226,158968,198710
39743,79486,119229,158972,198715
39744,79488,119232,158976,198720
39745,79490,119235,158980,198725
39746,79492,119238,158984,198730
39747,79494,119241,158988,198735
39748,79496,119244,158992,198740
39749,79498,119247,158996,198745
39750,79500,119250,159000,198750
39751,79502,119253,159004,198755
39752,79504,119256,159008,198760
39753,79506,119259,159012,198765
39754,79508,119262,159016,198770
39755,79510,119265,159020,198775
39756,79512,119268,159024,198780
39757,79514,119271,159028,198785
39758,79516,119274,159032,198790
39759,79518,119277,159036,198795
39760,79520,119280,159040,198800
39761,79522,119283,159044,198805
39762,79524,119286,159048,198810
39763,79526,119289,159052,198815
39764,79528,119292,159056,198820
39765,79530,119295,159060,198825
39766,79532,119298,159064,198830
39767,79534,119301,159068,198835
39768,79536,119304,159072,198840
39769,79538,119307,159076,198845
39770,79540,119310,159080,198850
39771,79542,119313,159084,198855
39772,79544,119316,159088,198860
39773,79546,119319,159092,198865
39774,79548,119322,159096,198870
39775,79550,119325,159100,198875
39776,79552,119328,159104,198880
39777,79554,119331,159108,198885
39778,79556,119334,159112,198890
39779,79558,119337,159116,198895
39780,79560,119340,159120,198900
39781,79562,119343,159124,198905
39782,79564,119346,159128,198910
39783,79566,119349,159132,198915
39784,79568,119352,159136,198920
39785,79570,119355,159140,198925
39786,79572,119358,159144,198930
39787,79574,119361,159148,198935
39788,79576,119364,159152,198940
39789,79578,119367,159156,198945
39790,79580,119370,159160,198950
39791,79582,119373,159164,198955
39792,79584,119376,159168,198960
39793,79586,119379,159172,198965
39794,79588,119382,159176,198970
39795,79590,119385,159180,198975
39796,79592,119388,159184,198980
39797,79594,119391,159188,198985
39798,79596,119394,159192,198990
39799,79598,119397,159196,198995
39800,79600,119400,159200,199000
39801,79602,119403,159204,199005
39802,79604,119406,159208,199010
39803,79606,119409,159212,199015
39804,79608,119412,159216,199020
39805,79610,119415,159220,199025
39806,79612,119418,159224,199030
39807,79614,119421,159228,199035
39808,79616,119424,159232,199040
39809,79618,119427,159236,199045
39810,79620,119430,159240,199050
39811,79622,119433,159244,199055
39812,79624,119436,159248,199060
39813,79626,119439,159252,199065
39814,79628,119442,159256,199070
39815,79630,119445,159260,199075
39816,79632,119448,159264,199080
39817,79634,119451,159268,199085
39818,79636,119454,159272,199090
39819,79638,119457,159276,199095
39820,79640,119460,159280,199100
39821,79642,119463,159284,199105
39822,79644,119466,159288,199110
39823,79646,119469,159292,199115
39824,79648,119472,159296,199120
39825,79650,119475,159300,199125
39826,79652,119478,159304,199130
39827,79654,119481,159308,199135
39828,79656,119484,159312,199140
39829,79658,119487,159316,199145
39830,79660,119490,159320,199150
39831,79662,119493,159324,199155
39832,79664,119496,159328,199160
39833,79666,119499,159332,199165
39834,79668,119502,159336,199170
39835,79670,119505,159340,199175
39836,79672,119508,159344,199180
39837,79674,119511,159348,199185
39838,79676,119514,159352,199190
39839,79678,119517,159356,199195
39840,79680,119520,159360,199200
39841,79682,119523,159364,199205
39842,79684,119526,159368,199210
39843,79686,119529,159372,199215
39844,79688,119532,159376,199220
39845,79690,119535,159380,199225
39846,79692,119538,159384,199230
39847,79694,119541,159388,199235
39848,79696,119544,159392,199240
39849,79698,119547,159396,199245
39850,79700,119550,159400,199250
39851,79702,119553,159404,199255
39852,79704,119556,159408,199260
39853,79706,119559,159412,199265
39854,79708,119562,159416,199270
39855,79710,119565,159420,199275
39856,79712,119568,159424,199280
39857,79714,119571,159428,199285
39858,79716,119574,159432,199290
39859,79718,119577,159436,199295
39860,79720,119580,159440,199300
39861,79722,119583,159444,199305
39862,79724,119586,159448,199310
39863,79726,119589,159452,199315
39864,79728,119592,159456,199320
39865,79730,119595,159460,199325
39866,79732,119598,159464,199330
39867,79734,119601,159468,199335
39868,79736,119604,159472,199340
39869,79738,119607,159476,199345
39870,79740,119610,159480,199350
39871,79742,119613,159484,199355
39872,79744,119616,159488,199360
39873,79746,119619,159492,199365
39874,79748,119622,159496,199370
39875,79750,119625,159500,199375
39876,79752,119628,159504,199380
39877,79754,119631,159508,199385
39878,79756,119634,159512,199390
39879,79758,119637,159516,199395
39880,79760,119640,159520,199400
39881,79762,119643,159524,199405
39882,79764,119646,159528,199410
39883,79766,119649,159532,199415
39884,79768,119652,159536,199420
39885,79770,119655,159540,199425
39886,79772,119658,159544,199430
39887,79774,119661,159548,199435
39888,79776,119664,159552,199440
39889,79778,119667,159556,199445
39890,79780,119670,159560,199450
39891,79782,119673,159564,199455
39892,79784,119676,159568,199460
39893,79786,119679,159572,199465
39894,79788,119682,159576,199470
39895,79790,119685,159580,199475
39896,79792,119688,159584,199480
39897,79794,119691,159588,199485
39898,79796,119694,159592,199490
39899,79798,119697,159596,199495
39900,79800,119700,159600,199500
39901,79802,119703,159604,199505
39902,79804,119706,159608,199510
39903,79806,119709,159612,199515
39904,79808,119712,159616,199520
39905,79810,119715,159620,199525
39906,79812,119718,159624,199530
39907,79814,119721,159628,199535
39908,79816,119724,159632,199540
39909,79818,119727,159636,199545
39910,79820,119730,159640,199550
39911,79822,119733,159644,199555
39912,79824,119736,159648,199560
39913,79826,119739,159652,199565
39914,79828,119742,159656,199570
39915,79830,119745,159660,199575
39916,79832,119748,159664,199580
39917,79834,119751,159668,199585
39918,79836,119754,159672,199590
39919,79838,119757,159676,199595
39920,79840,119760,159680,199600
39921,79842,119763,159684,199605
39922,79844,119766,159688,199610
39923,79846,119769,159692,199615
39924,79848,119772,159696,199620
39925,79850,119775,159700,199625
39926,79852,119778,159704,199630
39927,79854,119781,159708,199635
39928,79856,119784,159712,199640
39929,79858,119787,159716,199645
39930,79860,119790,159720,199650
39931,79862,119793,159724,199655
39932,79864,119796,159728,199660
39933,79866,119799,159732,199665
39934,79868,119802,159736,199670
39935,79870,119805,159740,199675
39936,79872,119808,159744,199680
39937,79874,119811,159748,199685
39938,79876,119814,159752,199690
39939,79878,119817,159756,199695
39940,79880,119820,159760,199700
39941,79882,119823,159764,199705
39942,79884,119826,159768,199710
39943,79886,119829,159772,199715
39944,79888,119832,159776,199720
39945,79890,119835,159780,199725
39946,79892,119838,159784,199730
39947,79894,119841,159788,199735
39948,79896,119844,159792,199740
39949,79898,119847,159796,199745
39950,79900,119850,159800,199750
39951,79902,119853,159804,199755
39952,79904,119856,159808,199760
39953,79906,119859,159812,199765
39954,79908,119862,159816,199770
39955,79910,119865,159820,199775
39956,79912,119868,159824,199780
39957,79914,119871,159828,199785
39958,79916,119874,159832,199790
39959,79918,119877,159836,199795
39960,79920,119880,159840,199800
39961,79922,119883,159844,199805
39962,79924,119886,159848,199810
39963,79926,119889,159852,199815
39964,79928,119892,159856,199820
39965,79930,119895,159860,199825
39966,79932,119898,159864,199830
39967,79934,119901,159868,199835
39968,79936,119904,159872,199840
39969,79938,119907,159876,199845
39970,79940,119910,159880,199850
39971,79942,119913,159884,199855
39972,79944,119916,159888,199860
39973,79946,119919,159892,199865
39974,79948,119922,159896,199870
39975,79950,119925,159900,199875
39976,79952,119928,159904,199880
39977,79954,119931,159908,199885
39978,79956,119934,159912,199890
39979,79958,119937,159916,199895
39980,79960,119940,159920,199900
39981,79962,119943,159924,199905
39982,79964,119946,159928,199910
39983,79966,119949,159932,199915
39984,79968,119952,159936,199920
39985,79970,119955,159940,199925
39986,79972,119958,159944,199930
39987,79974,119961,159948,199935
39988,79976,119964,159952,199940
39989,79978,119967,159956,199945
39990,79980,119970,159960,199950
39991,79982,119973,159964,199955
39992,79984,119976,159968,199960
39993,79986,119979,159972,199965
39994,79988,119982,159976,199970
39995,79990,119985,159980,199975
39996,79992,119988,159984,199980
39997,79994,119991,159988,199985
39998,79996,119994,159992,199990
39999,79998,119997,159996,199995
40000,80000,120000,160000,200000
40001,80002,120003,160004,200005
40002,80004,120006,160008,200010
40003,80006,120009,160012,200015
40004,80008,120012,160016,200020
40005,80010,120015,160020,200025
40006,80012,120018,160024,200030
40007,80014,120021,160028,200035
40008,80016,120024,160032,200040
40009,80018,120027,160036,200045
40010,80020,120030,160040,200050
40011,80022,120033,160044,200055
40012,80024,120036,160048,200060
40013,80026,120039,160052,200065
40014,80028,120042,160056,200070
40015,80030,120045,160060,200075
40016,80032,120048,160064,200080
40017,80034,120051,160068,200085
40018,80036,120054,160072,200090
40019,80038,120057,160076,200095
40020,80040,120060,160080,200100
40021,80042,120063,160084,200105
40022,80044,120066,160088,200110
40023,80046,120069,160092,200115
40024,80048,120072,160096,200120
40025,80050,120075,160100,200125
40026,80052,120078,160104,200130
40027,80054,120081,160108,200135
40028,80056,120084,160112,200140
40029,80058,120087,160116,200145
40030,80060,120090,160120,200150
40031,80062,120093,160124,200155
40032,80064,120096,160128,200160
40033,80066,120099,160132,200165
40034,80068,120102,160136,200170
40035,80070,120105,160140,200175
40036,80072,120108,160144,200180
40037,80074,120111,160148,200185
40038,80076,120114,160152,200190
40039,80078,120117,160156,200195
40040,80080,120120,160160,200200
40041,80082,120123,160164,200205
40042,80084,120126,160168,200210
40043,80086,120129,160172,200215
40044,80088,120132,160176,200220
40045,80090,120135,160180,200225
40046,80092,120138,160184,200230
40047,80094,120141,160188,200235
40048,80096,120144,160192,200240
40049,80098,120147,160196,200245
40050,80100,120150,160200,200250
40051,80102,120153,160204,200255
40052,80104,120156,160208,200260
40053,80106,120159,160212,200265
40054,80108,120162,160216,200270
40055,80110,120165,160220,200275
40056,80112,120168,160224,200280
40057,80114,120171,160228,200285
40058,80116,120174,160232,200290
40059,80118,120177,160236,200295
40060,80120,120180,160240,200300
40061,80122,120183,160244,200305
40062,80124,120186,160248,200310
40063,80126,120189,160252,200315
40064,80128,120192,160256,200320
40065,80130,120195,160260,200325
40066,80132,120198,160264,200330
40067,80134,120201,160268,200335
40068,80136,120204,160272,200340
40069,80138,120207,160276,200345
40070,80140,120210,160280,200350
40071,80142,120213,160284,200355
40072,80144,120216,160288,200360
40073,80146,120219,160292,200365
40074,80148,120222,160296,200370
40075,80150,120225,160300,200375
40076,80152,120228,160304,200380
40077,80154,120231,160308,200385
40078,80156,120234,160312,200390
40079,80158,120237,160316,200395
40080,80160,120240,160320,200400
40081,80162,120243,160324,200405
40082,80164,120246,160328,200410
40083,80166,120249,160332,200415
40084,80168,120252,160336,200420
40085,80170,120255,160340,200425
40086,80172,120258,160344,200430
40087,80174,120261,160348,200435
40088,80176,120264,160352,200440
40089,80178,120267,160356,200445
40090,80180,120270,160360,200450
40091,80182,120273,160364,200455
40092,80184,120276,160368,200460
40093,80186,120279,160372,200465
40094,80188,120282,160376,200470
40095,80190,120285,160380,200475
40096,80192,120288,160384,200480
40097,80194,120291,160388,200485
40098,80196,120294,160392,200490
40099,80198,120297,160396,200495
40100,80200,120300,160400,200500
40101,80202,120303,160404,200505
40102,80204,120306,160408,200510
40103,80206,120309,160412,200515
40104,80208,120312,160416,200520
40105,80210,120315,160420,200525
40106,80212,120318,160424,200530
40107,80214,120321,160428,200535
40108,80216,120324,160432,200540
40109,80218,120327,160436,200545
40110,80220,120330,160440,200550
40111,80222,120333,160444,200555
40112,80224,120336,160448,200560
40113,80226,120339,160452,200565
40114,80228,120342,160456,200570
40115,80230,120345,160460,200575
40116,80232,120348,160464,200580
40117,80234,120351,160468,200585
40118,80236,120354,160472,200590
40119,80238,120357,160476,200595
40120,80240,120360,160480,200600
40121,80242,120363,160484,200605
40122,80244,120366,160488,200610
40123,80246,120369,160492,200615
40124,80248,120372,160496,200620
40125,80250,120375,160500,200625
40126,80252,120378,160504,200630
40127,80254,120381,160508,200635
40128,80256,120384,160512,200640
40129,80258,120387,160516,200645
40130,80260,120390,160520,200650
40131,80262,120393,160524,200655
40132,80264,120396,160528,200660
40133,80266,120399,160532,200665
40134,80268,120402,160536,200670
40135,80270,120405,160540,200675
40136,80272,120408,160544,200680
40137,80274,120411,160548,200685
40138,80276,120414,160552,200690
40139,80278,120417,160556,200695
40140,80280,120420,160560,200700
40141,80282,120423,160564,200705
40142,80284,120426,160568,200710
40143,80286,120429,160572,200715
40144,80288,120432,160576,200720
40145,80290,120435,160580,200725
40146,80292,120438,160584,200730
40147,80294,120441,160588,200735
40148,80296,120444,160592,200740
40149,80298,120447,160596,200745
40150,80300,120450,160600,200750
40151,80302,120453,160604,200755
40152,80304,120456,160608,200760
40153,80306,120459,160612,200765
40154,80308,120462,160616,200770
40155,80310,120465,160620,200775
40156,80312,120468,160624,200780
40157,80314,120471,160628,200785
40158,80316,120474,160632,200790
40159,80318,120477,160636,200795
40160,80320,120480,160640,200800
40161,80322,120483,160644,200805
40162,80324,120486,160648,200810
40163,80326,120489,160652,200815
40164,80328,120492,160656,200820
40165,80330,120495,160660,200825
40166,80332,120498,160664,200830
40167,80334,120501,160668,200835
40168,80336,120504,160672,200840
40169,80338,120507,160676,200845
40170,80340,120510,160680,200850
40171,80342,120513,160684,200855
40172,80344,120516,160688,200860
40173,80346,120519,160692,200865
40174,80348,120522,160696,200870
40175,80350,120525,160700,200875
40176,80352,120528,160704,200880
40177,80354,120531,160708,200885
40178,80356,120534,160712,200890
40179,80358,120537,160716,200895
40180,80360,120540,160720,200900
40181,80362,120543,160724,200905
40182,80364,120546,160728,200910
40183,80366,120549,160732,200915
40184,80368,120552,160736,200920
40185,80370,120555,160740,200925
40186,80372,120558,160744,200930
40187,80374,120561,160748,200935
40188,80376,120564,160752,200940
40189,80378,120567,160756,200945
40190,80380,120570,160760,200950
40191,80382,120573,160764,200955
40192,80384,120576,160768,200960
40193,80386,120579,160772,200965
40194,80388,120582,160776,200970
40195,80390,120585,160780,200975
40196,80392,120588,160784,200980
40197,80394,120591,160788,200985
40198,80396,120594,160792,200990
40199,80398,120597,160796,200995
40200,80400,120600,160800,201000
40201,80402,120603,160804,201005
40202,80404,120606,160808,201010
40203,80406,120609,160812,201015
40204,80408,120612,160816,201020
40205,80410,120615,160820,201025
40206,80412,120618,160824,201030
40207,80414,120621,160828,201035
40208,80416,120624,160832,201040
40209,80418,120627,160836,201045
40210,80420,120630,160840,201050
40211,80422,120633,160844,201055
40212,80424,120636,160848,201060
40213,80426,120639,160852,201065
40214,80428,120642,160856,201070
40215,80430,120645,160860,201075
40216,80432,120648,160864,201080
40217,80434,120651,160868,201085
40218,80436,120654,160872,201090
40219,80438,120657,160876,201095
40220,80440,120660,160880,201100
40221,80442,120663,160884,201105
40222,80444,120666,160888,201110
40223,80446,120669,160892,201115
40224,80448,120672,160896,201120
40225,80450,120675,160900,201125
40226,80452,120678,160904,201130
40227,80454,120681,160908,201135
40228,80456,120684,160912,201140
40229,80458,120687,160916,201145
40230,80460,120690,160920,201150
40231,80462,120693,160924,201155
40232,80464,120696,160928,201160
40233,80466,120699,160932,201165
40234,80468,120702,160936,201170
40235,80470,120705,160940,201175
40236,80472,120708,160944,201180
40237,80474,120711,160948,201185
40238,80476,120714,160952,201190
40239,80478,120717,160956,201195
40240,80480,120720,160960,201200
40241,80482,120723,160964,201205
40242,80484,120726,160968,201210
40243,80486,120729,160972,201215
40244,80488,120732,160976,201220
40245,80490,120735,160980,201225
40246,80492,120738,160984,201230
40247,80494,120741,160988,201235
40248,80496,120744,160992,201240
40249,80498,120747,160996,201245
40250,80500,120750,161000,201250
40251,80502,120753,161004,201255
40252,80504,120756,161008,201260
40253,80506,120759,161012,201265
40254,80508,120762,161016,201270
40255,80510,120765,161020,201275
40256,80512,120768,161024,201280
40257,80514,120771,161028,201285
40258,80516,120774,161032,201290
40259,80518,120777,161036,201295
40260,80520,120780,161040,201300
40261,80522,120783,161044,201305
40262,80524,120786,161048,201310
40263,80526,120789,161052,201315
40264,80528,120792,161056,201320
40265,80530,120795,161060,201325
40266,80532,120798,161064,201330
40267,80534,120801,161068,201335
40268,80536,120804,161072,201340
40269,80538,120807,161076,201345
40270,80540,120810,161080,201350
40271,80542,120813,161084,201355
40272,80544,120816,161088,201360
40273,80546,120819,161092,201365
40274,80548,120822,161096,201370
40275,80550,120825,161100,201375
40276,80552,120828,161104,201380
40277,80554,120831,161108,201385
40278,80556,120834,161112,201390
40279,80558,120837,161116,201395
40280,80560,120840,161120,201400
40281,80562,120843,161124,201405
40282,80564,120846,161128,201410
40283,80566,120849,161132,201415
40284,80568,120852,161136,201420
40285,80570,120855,161140,201425
40286,80572,120858,161144,201430
40287,80574,120861,161148,201435
40288,80576,120864,161152,201440
40289,80578,120867,161156,201445
40290,80580,120870,161160,201450
40291,80582,120873,161164,201455
40292,80584,120876,161168,201460
40293,80586,120879,161172,201465
40294,80588,120882,161176,201470
40295,80590,120885,161180,201475
40296,80592,120888,161184,201480
40297,80594,120891,161188,201485
40298,80596,120894,161192,201490
40299,80598,120897,161196,201495
40300,80600,120900,161200,201500
40301,80602,120903,161204,201505
40302,80604,120906,161208,201510
40303,80606,120909,161212,201515
40304,80608,120912,161216,201520
40305,80610,120915,161220,201525
40306,80612,120918,161224,201530
40307,80614,120921,161228,201535
40308,80616,120924,161232,201540
40309,80618,120927,161236,201545
40310,80620,120930,161240,201550
40311,80622,120933,161244,201555
40312,80624,120936,161248,201560
40313,80626,120939,161252,201565
40314,80628,120942,161256,201570
40315,80630,120945,161260,201575
40316,80632,120948,161264,201580
40317,80634,120951,161268,201585
40318,80636,120954,161272,201590
40319,80638,120957,161276,201595
40320,80640,120960,161280,201600
40321,80642,120963,161284,201605
40322,80644,120966,161288,201610
40323,80646,120969,161292,201615
40324,80648,120972,161296,201620
40325,80650,120975,161300,201625
40326,80652,120978,161304,201630
40327,80654,120981,161308,201635
40328,80656,120984,161312,201640
40329,80658,120987,161316,201645
40330,80660,120990,161320,201650
40331,80662,120993,161324,201655
40332,80664,120996,161328,201660
40333,80666,120999,161332,201665
40334,80668,121002,161336,201670
40335,80670,121005,161340,201675
40336,80672,121008,161344,201680
40337,80674,121011,161348,201685
40338,80676,121014,161352,201690
40339,80678,121017,161356,201695
40340,80680,121020,161360,201700
40341,80682,121023,161364,201705
40342,80684,121026,161368,201710
40343,80686,121029,161372,201715
40344,80688,121032,161376,201720
40345,80690,121035,161380,201725
40346,80692,121038,161384,201730
40347,80694,121041,161388,201735
40348,80696,121044,161392,201740
40349,80698,121047,161396,201745
40350,80700,121050,161400,201750
40351,80702,121053,161404,201755
40352,80704,121056,161408,201760
40353,80706,121059,161412,201765
40354,80708,121062,161416,201770
40355,80710,121065,161420,201775
40356,80712,121068,161424,201780
40357,80714,121071,161428,201785
40358,80716,121074,161432,201790
40359,80718,121077,161436,201795
40360,80720,121080,161440,201800
40361,80722,121083,161444,201805
40362,80724,121086,161448,201810
40363,80726,121089,161452,201815
40364,80728,121092,161456,201820
40365,80730,121095,161460,201825
40366,80732,121098,161464,201830
40367,80734,121101,161468,201835
40368,80736,121104,161472,201840
40369,80738,121107,161476,201845
40370,80740,121110,161480,201850
40371,80742,121113,161484,201855
40372,80744,121116,161488,201860
40373,80746,121119,161492,201865
40374,80748,121122,161496,201870
40375,80750,121125,161500,201875
40376,80752,121128,161504,201880
40377,80754,121131,161508,201885
40378,80756,121134,161512,201890
40379,80758,121137,161516,201895
40380,80760,121140,161520,201900
40381,80762,121143,161524,201905
40382,80764,121146,161528,201910
40383,80766,121149,161532,201915
40384,80768,121152,161536,201920
40385,80770,121155,161540,201925
40386,80772,121158,161544,201930
40387,80774,121161,161548,201935
40388,80776,121164,161552,201940
40389,80778,121167,161556,201945
40390,80780,121170,161560,201950
40391,80782,121173,161564,201955
40392,80784,121176,161568,201960
40393,80786,121179,161572,201965
40394,80788,121182,161576,201970
40395,80790,121185,161580,201975
40396,80792,121188,161584,201980
40397,80794,121191,161588,201985
40398,80796,121194,161592,201990
40399,80798,121197,161596,201995
40400,80800,121200,161600,202000
40401,80802,121203,161604,202005
40402,80804,121206,161608,202010
40403,80806,121209,161612,202015
40404,80808,121212,161616,202020
40405,80810,121215,161620,202025
40406,80812,121218,161624,202030
40407,80814,121221,161628,202035
40408,80816,121224,161632,202040
40409,80818,121227,161636,202045
40410,80820,121230,161640,202050
40411,80822,121233,161644,202055
40412,80824,121236,161648,202060
40413,80826,121239,161652,202065
40414,80828,121242,161656,202070
40415,80830,121245,161660,202075
40416,80832,121248,161664,202080
40417,80834,121251,161668,202085
40418,80836,121254,161672,202090
40419,80838,121257,161676,202095
40420,80840,121260,161680,202100
40421,80842,121263,161684,202105
40422,80844,121266,161688,202110
40423,80846,121269,161692,202115
40424,80848,121272,161696,202120
40425,80850,121275,161700,202125
40426,80852,121278,161704,202130
40427,80854,121281,161708,202135
40428,80856,121284,161712,202140
40429,80858,121287,161716,202145
40430,80860,121290,161720,202150
40431,80862,121293,161724,202155
40432,80864,121296,161728,202160
40433,80866,121299,161732,202165
40434,80868,121302,161736,202170
40435,80870,121305,161740,202175
40436,80872,121308,161744,202180
40437,80874,121311,161748,202185
40438,80876,121314,161752,202190
40439,80878,121317,161756,202195
40440,80880,121320,161760,202200
40441,80882,121323,161764,202205
40442,80884,121326,161768,202210
40443,80886,121329,161772,202215
40444,80888,121332,161776,202220
40445,80890,121335,161780,202225
40446,80892,121338,161784,202230
40447,80894,121341,161788,202235
40448,80896,121344,161792,202240
40449,80898,121347,161796,202245
40450,80900,121350,161800,202250
40451,80902,121353,161804,202255
40452,80904,121356,161808,202260
40453,80906,121359,161812,202265
40454,80908,121362,161816,202270
40455,80910,121365,161820,202275
40456,80912,121368,161824,202280
40457,80914,121371,161828,202285
40458,80916,121374,161832,202290
40459,80918,121377,161836,202295
40460,80920,121380,161840,202300
40461,80922,121383,161844,202305
40462,80924,121386,161848,202310
40463,80926,121389,161852,202315
40464,80928,121392,161856,202320
40465,80930,121395,161860,202325
40466,80932,121398,161864,202330
40467,80934,121401,161868,202335
40468,80936,121404,161872,202340
40469,80938,121407,161876,202345
40470,80940,121410,161880,202350
40471,80942,121413,161884,202355
40472,80944,121416,161888,202360
40473,80946,121419,161892,202365
40474,80948,121422,161896,202370
40475,80950,121425,161900,202375
40476,80952,121428,161904,202380
40477,80954,121431,161908,202385
40478,80956,121434,161912,202390
40479,80958,121437,161916,202395
40480,80960,121440,161920,202400
40481,80962,121443,161924,202405
40482,80964,121446,161928,202410
40483,80966,121449,161932,202415
40484,80968,121452,161936,202420
40485,80970,121455,161940,202425
40486,80972,121458,161944,202430
40487,80974,121461,161948,202435
40488,80976,121464,161952,202440
40489,80978,121467,161956,202445
40490,80980,121470,161960,202450
40491,80982,121473,161964,202455
40492,80984,121476,161968,202460
40493,80986,121479,161972,202465
40494,80988,121482,161976,202470
40495,80990,121485,161980,202475
40496,80992,121488,161984,202480
40497,80994,121491,161988,202485
40498,80996,121494,161992,202490
40499,80998,121497,161996,202495
40500,81000,121500,162000,202500
40501,81002,121503,162004,202505
40502,81004,121506,162008,202510
40503,81006,121509,162012,202515
40504,81008,121512,162016,202520
40505,81010,121515,162020,202525
40506,81012,121518,162024,202530
40507,81014,121521,162028,202535
40508,81016,121524,162032,202540
40509,81018,121527,162036,202545
40510,81020,121530,162040,202550
40511,81022,121533,162044,202555
40512,81024,121536,162048,202560
40513,81026,121539,162052,202565
40514,81028,121542,162056,202570
40515,81030,121545,162060,202575
40516,81032,121548,162064,202580
40517,81034,121551,162068,202585
40518,81036,121554,162072,202590
40519,81038,121557,162076,202595
40520,81040,121560,162080,202600
40521,81042,121563,162084,202605
40522,81044,121566,162088,202610
40523,81046,121569,162092,202615
40524,81048,121572,162096,202620
40525,81050,121575,162100,202625
40526,81052,121578,162104,202630
40527,81054,121581,162108,202635
40528,81056,121584,162112,202640
40529,81058,121587,162116,202645
40530,81060,121590,162120,202650
40531,81062,121593,162124,202655
40532,81064,121596,162128,202660
40533,81066,121599,162132,202665
40534,81068,121602,162136,202670
40535,81070,121605,162140,202675
40536,81072,121608,162144,202680
40537,81074,121611,162148,202685
40538,81076,121614,162152,202690
40539,81078,121617,162156,202695
40540,81080,121620,162160,202700
40541,81082,121623,162164,202705
40542,81084,121626,162168,202710
40543,81086,121629,162172,202715
40544,81088,121632,162176,202720
40545,81090,121635,162180,202725
40546,81092,121638,162184,202730
40547,81094,121641,162188,202735
40548,81096,121644,162192,202740
40549,81098,121647,162196,202745
40550,81100,121650,162200,202750
40551,81102,121653,162204,202755
40552,81104,121656,162208,202760
40553,81106,121659,162212,202765
40554,81108,121662,162216,202770
40555,81110,121665,162220,202775
40556,81112,121668,162224,202780
40557,81114,121671,162228,202785
40558,81116,121674,162232,202790
40559,81118,121677,162236,202795
40560,81120,121680,162240,202800
40561,81122,121683,162244,202805
40562,81124,121686,162248,202810
40563,81126,121689,162252,202815
40564,81128,121692,162256,202820
40565,81130,121695,162260,202825
40566,81132,121698,162264,202830
40567,81134,121701,162268,202835
40568,81136,121704,162272,202840
40569,81138,121707,162276,202845
40570,81140,121710,162280,202850
40571,81142,121713,162284,202855
40572,81144,121716,162288,202860
40573,81146,121719,162292,202865
40574,81148,121722,162296,202870
40575,81150,121725,162300,202875
40576,81152,121728,162304,202880
40577,81154,121731,162308,202885
40578,81156,121734,162312,202890
40579,81158,121737,162316,202895
40580,81160,121740,162320,202900
40581,81162,121743,162324,202905
40582,81164,121746,162328,202910
40583,81166,121749,162332,202915
40584,81168,121752,162336,202920
40585,81170,121755,162340,202925
40586,81172,121758,162344,202930
40587,81174,121761,162348,202935
40588,81176,121764,162352,202940
40589,81178,121767,162356,202945
40590,81180,121770,162360,202950
40591,81182,121773,162364,202955
40592,81184,121776,162368,202960
40593,81186,121779,162372,202965
40594,81188,121782,162376,202970
40595,81190,121785,162380,202975
40596,81192,121788,162384,202980
40597,81194,121791,162388,202985
40598,81196,121794,162392,202990
40599,81198,121797,162396,202995
40600,81200,121800,162400,203000
40601,81202,121803,162404,203005
40602,81204,121806,162408,203010
40603,81206,121809,162412,203015
40604,81208,121812,162416,203020
40605,81210,121815,162420,203025
40606,81212,121818,162424,203030
40607,81214,121821,162428,203035
40608,81216,121824,162432,203040
40609,81218,121827,162436,203045
40610,81220,121830,162440,203050
40611,81222,121833,162444,203055
40612,81224,121836,162448,203060
40613,81226,121839,162452,203065
40614,81228,121842,162456,203070
40615,81230,121845,162460,203075
40616,81232,121848,162464,203080
40617,81234,121851,162468,203085
40618,81236,121854,162472,203090
40619,81238,121857,162476,203095
40620,81240,121860,162480,203100
40621,81242,121863,162484,203105
40622,81244,121866,162488,203110
40623,81246,121869,162492,203115
40624,81248,121872,162496,203120
40625,81250,121875,162500,203125
40626,81252,121878,162504,203130
40627,81254,121881,162508,203135
40628,81256,121884,162512,203140
40629,81258,121887,162516,203145
40630,81260,121890,162520,203150
40631,81262,121893,162524,203155
40632,81264,121896,162528,203160
40633,81266,121899,162532,203165
40634,81268,121902,162536,203170
40635,81270,121905,162540,203175
40636,81272,121908,162544,203180
40637,81274,121911,162548,203185
40638,81276,121914,162552,203190
40639,81278,121917,162556,203195
40640,81280,121920,162560,203200
40641,81282,121923,162564,203205
40642,81284,121926,162568,203210
40643,81286,121929,162572,203215
40644,81288,121932,162576,203220
40645,81290,121935,162580,203225
40646,81292,121938,162584,203230
40647,81294,121941,162588,203235
40648,81296,121944,162592,203240
40649,81298,121947,162596,203245
40650,81300,121950,162600,203250
40651,81302,121953,162604,203255
40652,81304,121956,162608,203260
40653,81306,121959,162612,203265
40654,81308,121962,162616,203270
40655,81310,121965,162620,203275
40656,81312,121968,162624,203280
40657,81314,121971,162628,203285
40658,81316,121974,162632,203290
40659,81318,121977,162636,203295
40660,81320,121980,162640,203300
40661,81322,121983,162644,203305
40662,81324,121986,162648,203310
40663,81326,121989,162652,203315
40664,81328,121992,162656,203320
40665,81330,121995,162660,203325
40666,81332,121998,162664,203330
40667,81334,122001,162668,203335
40668,81336,122004,162672,203340
40669,81338,122007,162676,203345
40670,81340,122010,162680,203350
40671,81342,122013,162684,203355
40672,81344,122016,162688,203360
40673,81346,122019,162692,203365
40674,81348,122022,162696,203370
40675,81350,122025,162700,203375
40676,81352,122028,162704,203380
40677,81354,122031,162708,203385
40678,81356,122034,162712,203390
40679,81358,122037,162716,203395
40680,81360,122040,162720,203400
40681,81362,122043,162724,203405
40682,81364,122046,162728,203410
40683,81366,122049,162732,203415
40684,81368,122052,162736,203420
40685,81370,122055,162740,203425
40686,81372,122058,162744,203430
40687,81374,122061,162748,203435
40688,81376,122064,162752,203440
40689,81378,122067,162756,203445
40690,81380,122070,162760,203450
40691,81382,122073,162764,203455
40692,81384,122076,162768,203460
40693,81386,122079,162772,203465
40694,81388,122082,162776,203470
40695,81390,122085,162780,203475
40696,81392,122088,162784,203480
40697,81394,122091,162788,203485
40698,81396,122094,162792,203490
40699,81398,122097,162796,203495
40700,81400,122100,162800,203500
40701,81402,122103,162804,203505
40702,81404,122106,162808,203510
40703,81406,122109,162812,203515
40704,81408,122112,162816,203520
40705,81410,122115,162820,203525
40706,81412,122118,162824,203530
40707,81414,122121,162828,203535
40708,81416,122124,162832,203540
40709,81418,122127,162836,203545
40710,81420,122130,162840,203550
40711,81422,122133,162844,203555
40712,81424,122136,162848,203560
40713,81426,122139,162852,203565
40714,81428,122142,162856,203570
40715,81430,122145,162860,203575
40716,81432,122148,162864,203580
40717,81434,122151,162868,203585
40718,81436,122154,162872,203590
40719,81438,122157,162876,203595
40720,81440,122160,162880,203600
40721,81442,122163,162884,203605
40722,81444,122166,162888,203610
40723,81446,122169,162892,203615
40724,81448,122172,162896,203620
40725,81450,122175,162900,203625
40726,81452,122178,162904,203630
40727,81454,122181,162908,203635
40728,81456,122184,162912,203640
40729,81458,122187,162916,203645
40730,81460,122190,162920,203650
40731,81462,122193,162924,203655
40732,81464,122196,162928,203660
40733,81466,122199,162932,203665
40734,81468,122202,162936,203670
40735,81470,122205,162940,203675
40736,81472,122208,162944,203680
40737,81474,122211,162948,203685
40738,81476,122214,162952,203690
40739,81478,122217,162956,203695
40740,81480,122220,162960,203700
40741,81482,122223,162964,203705
40742,81484,122226,162968,203710
40743,81486,122229,162972,203715
40744,81488,122232,162976,203720
40745,81490,122235,162980,203725
40746,81492,122238,162984,203730
40747,81494,122241,162988,203735
40748,81496,122244,162992,203740
40749,81498,122247,162996,203745
40750,81500,122250,163000,203750
40751,81502,122253,163004,203755
40752,81504,122256,163008,203760
40753,81506,122259,163012,203765
40754,81508,122262,163016,203770
40755,81510,122265,163020,203775
40756,81512,122268,163024,203780
40757,81514,122271,163028,203785
40758,81516,122274,163032,203790
40759,81518,122277,163036,203795
40760,81520,122280,163040,203800
40761,81522,122283,163044,203805
40762,81524,122286,163048,203810
40763,81526,122289,163052,203815
40764,81528,122292,163056,203820
40765,81530,122295,163060,203825
40766,81532,122298,163064,203830
40767,81534,122301,163068,203835
40768,81536,122304,163072,203840
40769,81538,122307,163076,203845
40770,81540,122310,163080,203850
40771,81542,122313,163084,203855
40772,81544,122316,163088,203860
40773,81546,122319,163092,203865
40774,81548,122322,163096,203870
40775,81550,122325,163100,203875
40776,81552,122328,163104,203880
40777,81554,122331,163108,203885
40778,81556,122334,163112,203890
40779,81558,122337,163116,203895
40780,81560,122340,163120,203900
40781,81562,122343,163124,203905
40782,81564,122346,163128,203910
40783,81566,122349,163132,203915
40784,81568,122352,163136,203920
40785,81570,122355,163140,203925
40786,81572,122358,163144,203930
40787,81574,122361,163148,203935
40788,81576,122364,163152,203940
40789,81578,122367,163156,203945
40790,81580,122370,163160,203950
40791,81582,122373,163164,203955
40792,81584,122376,163168,203960
40793,81586,122379,163172,203965
40794,81588,122382,163176,203970
40795,81590,122385,163180,203975
40796,81592,122388,163184,203980
40797,81594,122391,163188,203985
40798,81596,122394,163192,203990
40799,81598,122397,163196,203995
40800,81600,122400,163200,204000
40801,81602,122403,163204,204005
40802,81604,122406,163208,204010
40803,81606,122409,163212,204015
40804,81608,122412,163216,204020
40805,81610,122415,163220,204025
40806,81612,122418,163224,204030
40807,81614,122421,163228,204035
40808,81616,122424,163232,204040
40809,81618,122427,163236,204045
40810,81620,122430,163240,204050
40811,81622,122433,163244,204055
40812,81624,122436,163248,204060
40813,81626,122439,163252,204065
40814,81628,122442,163256,204070
40815,81630,122445,163260,204075
40816,81632,122448,163264,204080
40817,81634,122451,163268,204085
40818,81636,122454,163272,204090
40819,81638,122457,163276,204095
40820,81640,122460,163280,204100
40821,81642,122463,163284,204105
40822,81644,122466,163288,204110
40823,81646,122469,163292,204115
40824,81648,122472,163296,204120
40825,81650,122475,163300,204125
40826,81652,122478,163304,204130
40827,81654,122481,163308,204135
40828,81656,122484,163312,204140
40829,81658,122487,163316,204145
40830,81660,122490,163320,204150
40831,81662,122493,163324,204155
40832,81664,122496,163328,204160
40833,81666,122499,163332,204165
40834,81668,122502,163336,204170
40835,81670,122505,163340,204175
40836,81672,122508,163344,204180
40837,81674,122511,163348,204185
40838,81676,122514,163352,204190
40839,81678,122517,163356,204195
40840,81680,122520,163360,204200
40841,81682,122523,163364,204205
40842,81684,122526,163368,204210
40843,81686,122529,163372,204215
40844,81688,122532,163376,204220
40845,81690,122535,163380,204225
40846,81692,122538,163384,204230
40847,81694,122541,163388,204235
40848,81696,122544,163392,204240
40849,81698,122547,163396,204245
40850,81700,122550,163400,204250
40851,81702,122553,163404,204255
40852,81704,122556,163408,204260
40853,81706,122559,163412,204265
40854,81708,122562,163416,204270
40855,81710,122565,163420,204275
40856,81712,122568,163424,204280
40857,81714,122571,163428,204285
40858,81716,122574,163432,204290
40859,81718,122577,163436,204295
40860,81720,122580,163440,204300
40861,81722,122583,163444,204305
40862,81724,122586,163448,204310
40863,81726,122589,163452,204315
40864,81728,122592,163456,204320
40865,81730,122595,163460,204325
40866,81732,122598,163464,204330
40867,81734,122601,163468,204335
40868,81736,122604,163472,204340
40869,81738,122607,163476,204345
40870,81740,122610,163480,204350
40871,81742,122613,163484,204355
40872,81744,122616,163488,204360
40873,81746,122619,163492,204365
40874,81748,122622,163496,204370
40875,81750,122625,163500,204375
40876,81752,122628,163504,204380
40877,81754,122631,163508,204385
40878,81756,122634,163512,204390
40879,81758,122637,163516,204395
40880,81760,122640,163520,204400
40881,81762,122643,163524,204405
40882,81764,122646,163528,204410
40883,81766,122649,163532,204415
40884,81768,122652,163536,204420
40885,81770,122655,163540,204425
40886,81772,122658,163544,204430
40887,81774,122661,163548,204435
40888,81776,122664,163552,204440
40889,81778,122667,163556,204445
40890,81780,122670,163560,204450
40891,81782,122673,163564,204455
40892,81784,122676,163568,204460
40893,81786,122679,163572,204465
40894,81788,122682,163576,204470
40895,81790,122685,163580,204475
40896,81792,122688,163584,204480
40897,81794,122691,163588,204485
40898,81796,122694,163592,204490
40899,81798,122697,163596,204495
40900,81800,122700,163600,204500
40901,81802,122703,163604,204505
40902,81804,122706,163608,204510
40903,81806,122709,163612,204515
40904,81808,122712,163616,204520
40905,81810,122715,163620,204525
40906,81812,122718,163624,204530
40907,81814,122721,163628,204535
40908,81816,122724,163632,204540
40909,81818,122727,163636,204545
40910,81820,122730,163640,204550
40911,81822,122733,163644,204555
40912,81824,122736,163648,204560
40913,81826,122739,163652,204565
40914,81828,122742,163656,204570
40915,81830,122745,163660,204575
40916,81832,122748,163664,204580
40917,81834,122751,163668,204585
40918,81836,122754,163672,204590
40919,81838,122757,163676,204595
40920,81840,122760,163680,204600
40921,81842,122763,163684,204605
40922,81844,122766,163688,204610
40923,81846,122769,163692,204615
40924,81848,122772,163696,204620
40925,81850,122775,163700,204625
40926,81852,122778,163704,204630
40927,81854,122781,163708,204635
40928,81856,122784,163712,204640
40929,81858,122787,163716,204645
40930,81860,122790,163720,204650
40931,81862,122793,163724,204655
40932,81864,122796,163728,204660
40933,81866,122799,163732,204665
40934,81868,122802,163736,204670
40935,81870,122805,163740,204675
40936,81872,122808,163744,204680
40937,81874,122811,163748,204685
40938,81876,122814,163752,204690
40939,81878,122817,163756,204695
40940,81880,122820,163760,204700
40941,81882,122823,163764,204705
40942,81884,122826,163768,204710
40943,81886,122829,163772,204715
40944,81888,122832,163776,204720
40945,81890,122835,163780,204725
40946,81892,122838,163784,204730
40947,81894,122841,163788,204735
40948,81896,122844,163792,204740
40949,81898,122847,163796,204745
40950,81900,122850,163800,204750
40951,81902,122853,163804,204755
40952,81904,122856,163808,204760
40953,81906,122859,163812,204765
40954,81908,122862,163816,204770
40955,81910,122865,163820,204775
40956,81912,122868,163824,204780
40957,81914,122871,163828,204785
40958,81916,122874,163832,204790
40959,81918,122877,163836,204795
40960,81920,122880,163840,204800
40961,81922,122883,163844,204805
40962,81924,122886,163848,204810
40963,81926,122889,163852,204815
40964,81928,122892,163856,204820
40965,81930,122895,163860,204825
40966,81932,122898,163864,204830
40967,81934,122901,163868,204835
40968,81936,122904,163872,204840
40969,81938,122907,163876,204845
40970,81940,122910,163880,204850
40971,81942,122913,163884,204855
40972,81944,122916,163888,204860
40973,81946,122919,163892,204865
40974,81948,122922,163896,204870
40975,81950,122925,163900,204875
40976,81952,122928,163904,204880
40977,81954,122931,163908,204885
40978,81956,122934,163912,204890
40979,81958,122937,163916,204895
40980,81960,122940,163920,204900
40981,81962,122943,163924,204905
40982,81964,122946,163928,204910
40983,81966,122949,163932,204915
40984,81968,122952,163936,204920
40985,81970,122955,163940,204925
40986,81972,122958,163944,204930
40987,81974,122961,163948,204935
40988,81976,122964,163952,204940
40989,81978,122967,163956,204945
40990,81980,122970,163960,204950
40991,81982,122973,163964,204955
40992,81984,122976,163968,204960
40993,81986,122979,163972,204965
40994,81988,122982,163976,204970
40995,81990,122985,163980,204975
40996,81992,122988,163984,204980
40997,81994,122991,163988,204985
40998,81996,122994,163992,204990
40999,81998,122997,163996,204995
41000,82000,123000,164000,205000
41001,82002,123003,164004,205005
41002,82004,123006,164008,205010
41003,82006,123009,164012,205015
41004,82008,123012,164016,205020
41005,82010,123015,164020,205025
41006,82012,123018,164024,205030
41007,82014,123021,164028,205035
41008,82016,123024,164032,205040
41009,82018,123027,164036,205045
41010,82020,123030,164040,205050
41011,82022,123033,164044,205055
41012,82024,123036,164048,205060
41013,82026,123039,164052,205065
41014,82028,123042,164056,205070
41015,82030,123045,164060,205075
41016,82032,123048,164064,205080
41017,82034,123051,164068,205085
41018,82036,123054,164072,205090
41019,82038,123057,164076,205095
41020,82040,123060,164080,205100
41021,82042,123063,164084,205105
41022,82044,123066,164088,205110
41023,82046,123069,164092,205115
41024,82048,123072,164096,205120
41025,82050,123075,164100,205125
41026,82052,123078,164104,205130
41027,82054,123081,164108,205135
41028,82056,123084,164112,205140
41029,82058,123087,164116,205145
41030,82060,123090,164120,205150
41031,82062,123093,164124,205155
41032,82064,123096,164128,205160
41033,82066,123099,164132,205165
41034,82068,123102,164136,205170
41035,82070,123105,164140,205175
41036,82072,123108,164144,205180
41037,82074,123111,164148,205185
41038,82076,123114,164152,205190
41039,82078,123117,164156,205195
41040,82080,123120,164160,205200
41041,82082,123123,164164,205205
41042,82084,123126,164168,205210
41043,82086,123129,164172,205215
41044,82088,123132,164176,205220
41045,82090,123135,164180,205225
41046,82092,123138,164184,205230
41047,82094,123141,164188,205235
41048,82096,123144,164192,205240
41049,82098,123147,164196,205245
41050,82100,123150,164200,205250
41051,82102,123153,164204,205255
41052,82104,123156,164208,205260
41053,82106,123159,164212,205265
41054,82108,123162,164216,205270
41055,82110,123165,164220,205275
41056,82112,123168,164224,205280
41057,82114,123171,164228,205285
41058,82116,123174,164232,205290
41059,82118,123177,164236,205295
41060,82120,123180,164240,205300
41061,82122,123183,164244,205305
41062,82124,123186,164248,205310
41063,82126,123189,164252,205315
41064,82128,123192,164256,205320
41065,82130,123195,164260,205325
41066,82132,123198,164264,205330
41067,82134,123201,164268,205335
41068,82136,123204,164272,205340
41069,82138,123207,164276,205345
41070,82140,123210,164280,205350
41071,82142,123213,164284,205355
41072,82144,123216,164288,205360
41073,82146,123219,164292,205365
41074,82148,123222,164296,205370
41075,82150,123225,164300,205375
41076,82152,123228,164304,205380
41077,82154,123231,164308,205385
41078,82156,123234,164312,205390
41079,82158,123237,164316,205395
41080,82160,123240,164320,205400
41081,82162,123243,164324,205405
41082,82164,123246,164328,205410
41083,82166,123249,164332,205415
41084,82168,123252,164336,205420
41085,82170,123255,164340,205425
41086,82172,123258,164344,205430
41087,82174,123261,164348,205435
41088,82176,123264,164352,205440
41089,82178,123267,164356,205445
41090,82180,123270,164360,205450
41091,82182,123273,164364,205455
41092,82184,123276,164368,205460
41093,82186,123279,164372,205465
41094,82188,123282,164376,205470
41095,82190,123285,164380,205475
41096,82192,123288,164384,205480
41097,82194,123291,164388,205485
41098,82196,123294,164392,205490
41099,82198,123297,164396,205495
41100,82200,123300,164400,205500
41101,82202,123303,164404,205505
41102,82204,123306,164408,205510
41103,82206,123309,164412,205515
41104,82208,123312,164416,205520
41105,82210,123315,164420,205525
41106,82212,123318,164424,205530
41107,82214,123321,164428,205535
41108,82216,123324,164432,205540
41109,82218,123327,164436,205545
41110,82220,123330,164440,205550
41111,82222,123333,164444,205555
41112,82224,123336,164448,205560
41113,82226,123339,164452,205565
41114,82228,123342,164456,205570
41115,82230,123345,164460,205575
41116,82232,123348,164464,205580
41117,82234,123351,164468,205585
41118,82236,123354,164472,205590
41119,82238,123357,164476,205595
41120,82240,123360,164480,205600
41121,82242,123363,164484,205605
41122,82244,123366,164488,205610
41123,82246,123369,164492,205615
41124,82248,123372,164496,205620
41125,82250,123375,164500,205625
41126,82252,123378,164504,205630
41127,82254,123381,164508,205635
41128,82256,123384,164512,205640
41129,82258,123387,164516,205645
41130,82260,123390,164520,205650
41131,82262,123393,164524,205655
41132,82264,123396,164528,205660
41133,82266,123399,164532,205665
41134,82268,123402,164536,205670
41135,82270,123405,164540,205675
41136,82272,123408,164544,205680
41137,82274,123411,164548,205685
41138,82276,123414,164552,205690
41139,82278,123417,164556,205695
41140,82280,123420,164560,205700
41141,82282,123423,164564,205705
41142,82284,123426,164568,205710
41143,82286,123429,164572,205715
41144,82288,123432,164576,205720
41145,82290,123435,164580,205725
41146,82292,123438,164584,205730
41147,82294,123441,164588,205735
41148,82296,123444,164592,205740
41149,82298,123447,164596,205745
41150,82300,123450,164600,205750
41151,82302,123453,164604,205755
41152,82304,123456,164608,205760
41153,82306,123459,164612,205765
41154,82308,123462,164616,205770
41155,82310,123465,164620,205775
41156,82312,123468,164624,205780
41157,82314,123471,164628,205785
41158,82316,123474,164632,205790
41159,82318,123477,164636,205795
41160,82320,123480,164640,205800
41161,82322,123483,164644,205805
41162,82324,123486,164648,205810
41163,82326,123489,164652,205815
41164,82328,123492,164656,205820
41165,82330,123495,164660,205825
41166,82332,123498,164664,205830
41167,82334,123501,164668,205835
41168,82336,123504,164672,205840
41169,82338,123507,164676,205845
41170,82340,123510,164680,205850
41171,82342,123513,164684,205855
41172,82344,123516,164688,205860
41173,82346,123519,164692,205865
41174,82348,123522,164696,205870
41175,82350,123525,164700,205875
41176,82352,123528,164704,205880
41177,82354,123531,164708,205885
41178,82356,123534,164712,205890
41179,82358,123537,164716,205895
41180,82360,123540,164720,205900
41181,82362,123543,164724,205905
41182,82364,123546,164728,205910
41183,82366,123549,164732,205915
41184,82368,123552,164736,205920
41185,82370,123555,164740,205925
41186,82372,123558,164744,205930
41187,82374,123561,164748,205935
41188,82376,123564,164752,205940
41189,82378,123567,164756,205945
41190,82380,123570,164760,205950
41191,82382,123573,164764,205955
41192,82384,123576,164768,205960
41193,82386,123579,164772,205965
41194,82388,123582,164776,205970
41195,82390,123585,164780,205975
41196,82392,123588,164784,205980
41197,82394,123591,164788,205985
41198,82396,123594,164792,205990
41199,82398,123597,164796,205995
41200,82400,123600,164800,206000
41201,82402,123603,164804,206005
41202,82404,123606,164808,206010
41203,82406,123609,164812,206015
41204,82408,123612,164816,206020
41205,82410,123615,164820,206025
41206,82412,123618,164824,206030
41207,82414,123621,164828,206035
41208,82416,123624,164832,206040
41209,82418,123627,164836,206045
41210,82420,123630,164840,206050
41211,82422,123633,164844,206055
41212,82424,123636,164848,206060
41213,82426,123639,164852,206065
41214,82428,123642,164856,206070
41215,82430,123645,164860,206075
41216,82432,123648,164864,206080
41217,82434,123651,164868,206085
41218,82436,123654,164872,206090
41219,82438,123657,164876,206095
41220,82440,123660,164880,206100
41221,82442,123663,164884,206105
41222,82444,123666,164888,206110
41223,82446,123669,164892,206115
41224,82448,123672,164896,206120
41225,82450,123675,164900,206125
41226,82452,123678,164904,206130
41227,82454,123681,164908,206135
41228,82456,123684,164912,206140
41229,82458,123687,164916,206145
41230,82460,123690,164920,206150
41231,82462,123693,164924,206155
41232,82464,123696,164928,206160
41233,82466,123699,164932,206165
41234,82468,123702,164936,206170
41235,82470,123705,164940,206175
41236,82472,123708,164944,206180
41237,82474,123711,164948,206185
41238,82476,123714,164952,206190
41239,82478,123717,164956,206195
41240,82480,123720,164960,206200
41241,82482,123723,164964,206205
41242,82484,123726,164968,206210
41243,82486,123729,164972,206215
41244,82488,123732,164976,206220
41245,82490,123735,164980,206225
41246,82492,123738,164984,206230
41247,82494,123741,164988,206235
41248,82496,123744,164992,206240
41249,82498,123747,164996,206245
41250,82500,123750,165000,206250
41251,82502,123753,165004,206255
41252,82504,123756,165008,206260
41253,82506,123759,165012,206265
41254,82508,123762,165016,206270
41255,82510,123765,165020,206275
41256,82512,123768,165024,206280
41257,82514,123771,165028,206285
41258,82516,123774,165032,206290
41259,82518,123777,165036,206295
41260,82520,123780,165040,206300
41261,82522,123783,165044,206305
41262,82524,123786,165048,206310
41263,82526,123789,165052,206315
41264,82528,123792,165056,206320
41265,82530,123795,165060,206325
41266,82532,123798,165064,206330
41267,82534,123801,165068,206335
41268,82536,123804,165072,206340
41269,82538,123807,165076,206345
41270,82540,123810,165080,206350
41271,82542,123813,165084,206355
41272,82544,123816,165088,206360
41273,82546,123819,165092,206365
41274,82548,123822,165096,206370
41275,82550,123825,165100,206375
41276,82552,123828,165104,206380
41277,82554,123831,165108,206385
41278,82556,123834,165112,206390
41279,82558,123837,165116,206395
41280,82560,123840,165120,206400
41281,82562,123843,165124,206405
41282,82564,123846,165128,206410
41283,82566,123849,165132,206415
41284,82568,123852,165136,206420
41285,82570,123855,165140,206425
41286,82572,123858,165144,206430
41287,82574,123861,165148,206435
41288,82576,123864,165152,206440
41289,82578,123867,165156,206445
41290,82580,123870,165160,206450
41291,82582,123873,165164,206455
41292,82584,123876,165168,206460
41293,82586,123879,165172,206465
41294,82588,123882,165176,206470
41295,82590,123885,165180,206475
41296,82592,123888,165184,206480
41297,82594,123891,165188,206485
41298,82596,123894,165192,206490
41299,82598,123897,165196,206495
41300,82600,123900,165200,206500
41301,82602,123903,165204,206505
41302,82604,123906,165208,206510
41303,82606,123909,165212,206515
41304,82608,123912,165216,206520
41305,82610,123915,165220,206525
41306,82612,123918,165224,206530
41307,82614,123921,165228,206535
41308,82616,123924,165232,206540
41309,82618,123927,165236,206545
41310,82620,123930,165240,206550
41311,82622,123933,165244,206555
41312,82624,123936,165248,206560
41313,82626,123939,165252,206565
41314,82628,123942,165256,206570
41315,82630,123945,165260,206575
41316,82632,123948,165264,206580
41317,82634,123951,165268,206585
41318,82636,123954,165272,206590
41319,82638,123957,165276,206595
41320,82640,123960,165280,206600
41321,82642,123963,165284,206605
41322,82644,123966,165288,206610
41323,82646,123969,165292,206615
41324,82648,123972,165296,206620
41325,82650,123975,165300,206625
41326,82652,123978,165304,206630
41327,82654,123981,165308,206635
41328,82656,123984,165312,206640
41329,82658,123987,165316,206645
41330,82660,123990,165320,206650
41331,82662,123993,165324,206655
41332,82664,123996,165328,206660
41333,82666,123999,165332,206665
41334,82668,124002,165336,206670
41335,82670,124005,165340,206675
41336,82672,124008,165344,206680
41337,82674,124011,165348,206685
41338,82676,124014,165352,206690
41339,82678,124017,165356,206695
41340,82680,124020,165360,206700
41341,82682,124023,165364,206705
41342,82684,124026,165368,206710
41343,82686,124029,165372,206715
41344,82688,124032,165376,206720
41345,82690,124035,165380,206725
41346,82692,124038,165384,206730
41347,82694,124041,165388,206735
41348,82696,124044,165392,206740
41349,82698,124047,165396,206745
41350,82700,124050,165400,206750
41351,82702,124053,165404,206755
41352,82704,124056,165408,206760
41353,82706,124059,165412,206765
41354,82708,124062,165416,206770
41355,82710,124065,165420,206775
41356,82712,124068,165424,206780
41357,82714,124071,165428,206785
41358,82716,124074,165432,206790
41359,82718,124077,165436,206795
41360,82720,124080,165440,206800
41361,82722,124083,165444,206805
41362,82724,124086,165448,206810
41363,82726,124089,165452,206815
41364,82728,124092,165456,206820
41365,82730,124095,165460,206825
41366,82732,124098,165464,206830
41367,82734,124101,165468,206835
41368,82736,124104,165472,206840
41369,82738,124107,165476,206845
41370,82740,124110,165480,206850
41371,82742,124113,165484,206855
41372,82744,124116,165488,206860
41373,82746,124119,165492,206865
41374,82748,124122,165496,206870
41375,82750,124125,165500,206875
41376,82752,124128,165504,206880
41377,82754,124131,165508,206885
41378,82756,124134,165512,206890
41379,82758,124137,165516,206895
41380,82760,124140,165520,206900
41381,82762,124143,165524,206905
41382,82764,124146,165528,206910
41383,82766,124149,165532,206915
41384,82768,124152,165536,206920
41385,82770,124155,165540,206925
41386,82772,124158,165544,206930
41387,82774,124161,165548,206935
41388,82776,124164,165552,206940
41389,82778,124167,165556,206945
41390,82780,124170,165560,206950
41391,82782,124173,165564,206955
41392,82784,124176,165568,206960
41393,82786,124179,165572,206965
41394,82788,124182,165576,206970
41395,82790,124185,165580,206975
41396,82792,124188,165584,206980
41397,82794,124191,165588,206985
41398,82796,124194,165592,206990
41399,82798,124197,165596,206995
41400,82800,124200,165600,207000
41401,82802,124203,165604,207005
41402,82804,124206,165608,207010
41403,82806,124209,165612,207015
41404,82808,124212,165616,207020
41405,82810,124215,165620,207025
41406,82812,124218,165624,207030
41407,82814,124221,165628,207035
41408,82816,124224,165632,207040
41409,82818,124227,165636,207045
41410,82820,124230,165640,207050
41411,82822,124233,165644,207055
41412,82824,124236,165648,207060
41413,82826,124239,165652,207065
41414,82828,124242,165656,207070
41415,82830,124245,165660,207075
41416,82832,124248,165664,207080
41417,82834,124251,165668,207085
41418,82836,124254,165672,207090
41419,82838,124257,165676,207095
41420,82840,124260,165680,207100
41421,82842,124263,165684,207105
41422,82844,124266,165688,207110
41423,82846,124269,165692,207115
41424,82848,124272,165696,207120
41425,82850,124275,165700,207125
41426,82852,124278,165704,207130
41427,82854,124281,165708,207135
41428,82856,124284,165712,207140
41429,82858,124287,165716,207145
41430,82860,124290,165720,207150
41431,82862,124293,165724,207155
41432,82864,124296,165728,207160
41433,82866,124299,165732,207165
41434,82868,124302,165736,207170
41435,82870,124305,165740,207175
41436,82872,124308,165744,207180
41437,82874,124311,165748,207185
41438,82876,124314,165752,207190
41439,82878,124317,165756,207195
41440,82880,124320,165760,207200
41441,82882,124323,165764,207205
41442,82884,124326,165768,207210
41443,82886,124329,165772,207215
41444,82888,124332,165776,207220
41445,82890,124335,165780,207225
41446,82892,124338,165784,207230
41447,82894,124341,165788,207235
41448,82896,124344,165792,207240
41449,82898,124347,165796,207245
41450,82900,124350,165800,207250
41451,82902,124353,165804,207255
41452,82904,124356,165808,207260
41453,82906,124359,165812,207265
41454,82908,124362,165816,207270
41455,82910,124365,165820,207275
41456,82912,124368,165824,207280
41457,82914,124371,165828,207285
41458,82916,124374,165832,207290
41459,82918,124377,165836,207295
41460,82920,124380,165840,207300
41461,82922,124383,165844,207305
41462,82924,124386,165848,207310
41463,82926,124389,165852,207315
41464,82928,124392,165856,207320
41465,82930,124395,165860,207325
41466,82932,124398,165864,207330
41467,82934,124401,165868,207335
41468,82936,124404,165872,207340
41469,82938,124407,165876,207345
41470,82940,124410,165880,207350
41471,82942,124413,165884,207355
41472,82944,124416,165888,207360
41473,82946,124419,165892,207365
41474,82948,124422,165896,207370
41475,82950,124425,165900,207375
41476,82952,124428,165904,207380
41477,82954,124431,165908,207385
41478,82956,124434,165912,207390
41479,82958,124437,165916,207395
41480,82960,124440,165920,207400
41481,82962,124443,165924,207405
41482,82964,124446,165928,207410
41483,82966,124449,165932,207415
41484,82968,124452,165936,207420
41485,82970,124455,165940,207425
41486,82972,124458,165944,207430
41487,82974,124461,165948,207435
41488,82976,124464,165952,207440
41489,82978,124467,165956,207445
41490,82980,124470,165960,207450
41491,82982,124473,165964,207455
41492,82984,124476,165968,207460
41493,82986,124479,165972,207465
41494,82988,124482,165976,207470
41495,82990,124485,165980,207475
41496,82992,124488,165984,207480
41497,82994,124491,165988,207485
41498,82996,124494,165992,207490
41499,82998,124497,165996,207495
41500,83000,124500,166000,207500
41501,83002,124503,166004,207505
41502,83004,124506,166008,207510
41503,83006,124509,166012,207515
41504,83008,124512,166016,207520
41505,83010,124515,166020,207525
41506,83012,124518,166024,207530
41507,83014,124521,166028,207535
41508,83016,124524,166032,207540
41509,83018,124527,166036,207545
41510,83020,124530,166040,207550
41511,83022,124533,166044,207555
41512,83024,124536,166048,207560
41513,83026,124539,166052,207565
41514,83028,124542,166056,207570
41515,83030,124545,166060,207575
41516,83032,124548,166064,207580
41517,83034,124551,166068,207585
41518,83036,124554,166072,207590
41519,83038,124557,166076,207595
41520,83040,124560,166080,207600
41521,83042,124563,166084,207605
41522,83044,124566,166088,207610
41523,83046,124569,166092,207615
41524,83048,124572,166096,207620
41525,83050,124575,166100,207625
41526,83052,124578,166104,207630
41527,83054,124581,166108,207635
41528,83056,124584,166112,207640
41529,83058,124587,166116,207645
41530,83060,124590,166120,207650
41531,83062,124593,166124,207655
41532,83064,124596,166128,207660
41533,83066,124599,166132,207665
41534,83068,124602,166136,207670
41535,83070,124605,166140,207675
41536,83072,124608,166144,207680
41537,83074,124611,166148,207685
41538,83076,124614,166152,207690
41539,83078,124617,166156,207695
41540,83080,124620,166160,207700
41541,83082,124623,166164,207705
41542,83084,124626,166168,207710
41543,83086,124629,166172,207715
41544,83088,124632,166176,207720
41545,83090,124635,166180,207725
41546,83092,124638,166184,207730
41547,83094,124641,166188,207735
41548,83096,124644,166192,207740
41549,83098,124647,166196,207745
41550,83100,124650,166200,207750
41551,83102,124653,166204,207755
41552,83104,124656,166208,207760
41553,83106,124659,166212,207765
41554,83108,124662,166216,207770
41555,83110,124665,166220,207775
41556,83112,124668,166224,207780
41557,83114,124671,166228,207785
41558,83116,124674,166232,207790
41559,83118,124677,166236,207795
41560,83120,124680,166240,207800
41561,83122,124683,166244,207805
41562,83124,124686,166248,207810
41563,83126,124689,166252,207815
41564,83128,124692,166256,207820
41565,83130,124695,166260,207825
41566,83132,124698,166264,207830
41567,83134,124701,166268,207835
41568,83136,124704,166272,207840
41569,83138,124707,166276,207845
41570,83140,124710,166280,207850
41571,83142,124713,166284,207855
41572,83144,124716,166288,207860
41573,83146,124719,166292,207865
41574,83148,124722,166296,207870
41575,83150,124725,166300,207875
41576,83152,124728,166304,207880
41577,83154,124731,166308,207885
41578,83156,124734,166312,207890
41579,83158,124737,166316,207895
41580,83160,124740,166320,207900
41581,83162,124743,166324,207905
41582,83164,124746,166328,207910
41583,83166,124749,166332,207915
41584,83168,124752,166336,207920
41585,83170,124755,166340,207925
41586,83172,124758,166344,207930
41587,83174,124761,166348,207935
41588,83176,124764,166352,207940
41589,83178,124767,166356,207945
41590,83180,124770,166360,207950
41591,83182,124773,166364,207955
41592,83184,124776,166368,207960
41593,83186,124779,166372,207965
41594,83188,124782,166376,207970
41595,83190,124785,166380,207975
41596,83192,124788,166384,207980
41597,83194,124791,166388,207985
41598,83196,124794,166392,207990
41599,83198,124797,166396,207995
41600,83200,124800,166400,208000
41601,83202,124803,166404,208005
41602,83204,124806,166408,208010
41603,83206,124809,166412,208015
41604,83208,124812,166416,208020
41605,83210,124815,166420,208025
41606,83212,124818,166424,208030
41607,83214,124821,166428,208035
41608,83216,124824,166432,208040
41609,83218,124827,166436,208045
41610,83220,124830,166440,208050
41611,83222,124833,166444,208055
41612,83224,124836,166448,208060
41613,83226,124839,166452,208065
41614,83228,124842,166456,208070
41615,83230,124845,166460,208075
41616,83232,124848,166464,208080
41617,83234,124851,166468,208085
41618,83236,124854,166472,208090
41619,83238,124857,166476,208095
41620,83240,124860,166480,208100
41621,83242,124863,166484,208105
41622,83244,124866,166488,208110
41623,83246,124869,166492,208115
41624,83248,124872,166496,208120
41625,83250,124875,166500,208125
41626,83252,124878,166504,208130
41627,83254,124881,166508,208135
41628,83256,124884,166512,208140
41629,83258,124887,166516,208145
41630,83260,124890,166520,208150
41631,83262,124893,166524,208155
41632,83264,124896,166528,208160
41633,83266,124899,166532,208165
41634,83268,124902,166536,208170
41635,83270,124905,166540,208175
41636,83272,124908,166544,208180
41637,83274,124911,166548,208185
41638,83276,124914,166552,208190
41639,83278,124917,166556,208195
41640,83280,124920,166560,208200
41641,83282,124923,166564,208205
41642,83284,124926,166568,208210
41643,83286,124929,166572,208215
41644,83288,124932,166576,208220
41645,83290,124935,166580,208225
41646,83292,124938,166584,208230
41647,83294,124941,166588,208235
41648,83296,124944,166592,208240
41649,83298,124947,166596,208245
41650,83300,124950,166600,208250
41651,83302,124953,166604,208255
41652,83304,124956,166608,208260
41653,83306,124959,166612,208265
41654,83308,124962,166616,208270
41655,83310,124965,166620,208275
41656,83312,124968,166624,208280
41657,83314,124971,166628,208285
41658,83316,124974,166632,208290
41659,83318,124977,166636,208295
41660,83320,124980,166640,208300
41661,83322,124983,166644,208305
41662,83324,124986,166648,208310
41663,83326,124989,166652,208315
41664,83328,124992,166656,208320
41665,83330,124995,166660,208325
41666,83332,124998,166664,208330
41667,83334,125001,166668,208335
41668,83336,125004,166672,208340
41669,83338,125007,166676,208345
41670,83340,125010,166680,208350
41671,83342,125013,166684,208355
41672,83344,125016,166688,208360
41673,83346,125019,166692,208365
41674,83348,125022,166696,208370
41675,83350,125025,166700,208375
41676,83352,125028,166704,208380
41677,83354,125031,166708,208385
41678,83356,125034,166712,208390
41679,83358,125037,166716,208395
41680,83360,125040,166720,208400
41681,83362,125043,166724,208405
41682,83364,125046,166728,208410
41683,83366,125049,166732,208415
41684,83368,125052,166736,208420
41685,83370,125055,166740,208425
41686,83372,125058,166744,208430
41687,83374,125061,166748,208435
41688,83376,125064,166752,208440
41689,83378,125067,166756,208445
41690,83380,125070,166760,208450
41691,83382,125073,166764,208455
41692,83384,125076,166768,208460
41693,83386,125079,166772,208465
41694,83388,125082,166776,208470
41695,83390,125085,166780,208475
41696,83392,125088,166784,208480
41697,83394,125091,166788,208485
41698,83396,125094,166792,208490
41699,83398,125097,166796,208495
41700,83400,125100,166800,208500
41701,83402,125103,166804,208505
41702,83404,125106,166808,208510
41703,83406,125109,166812,208515
41704,83408,125112,166816,208520
41705,83410,125115,166820,208525
41706,83412,125118,166824,208530
41707,83414,125121,166828,208535
41708,83416,125124,166832,208540
41709,83418,125127,166836,208545
41710,83420,125130,166840,208550
41711,83422,125133,166844,208555
41712,83424,125136,166848,208560
41713,83426,125139,166852,208565
41714,83428,125142,166856,208570
41715,83430,125145,166860,208575
41716,83432,125148,166864,208580
41717,83434,125151,166868,208585
41718,83436,125154,166872,208590
41719,83438,125157,166876,208595
41720,83440,125160,166880,208600
41721,83442,125163,166884,208605
41722,83444,125166,166888,208610
41723,83446,125169,166892,208615
41724,83448,125172,166896,208620
41725,83450,125175,166900,208625
41726,83452,125178,166904,208630
41727,83454,125181,166908,208635
41728,83456,125184,166912,208640
41729,83458,125187,166916,208645
41730,83460,125190,166920,208650
41731,83462,125193,166924,208655
41732,83464,125196,166928,208660
41733,83466,125199,166932,208665
41734,83468,125202,166936,208670
41735,83470,125205,166940,208675
41736,83472,125208,166944,208680
41737,83474,125211,166948,208685
41738,83476,125214,166952,208690
41739,83478,125217,166956,208695
41740,83480,125220,166960,208700
41741,83482,125223,166964,208705
41742,83484,125226,166968,208710
41743,83486,125229,166972,208715
41744,83488,125232,166976,208720
41745,83490,125235,166980,208725
41746,83492,125238,166984,208730
41747,83494,125241,166988,208735
41748,83496,125244,166992,208740
41749,83498,125247,166996,208745
41750,83500,125250,167000,208750
41751,83502,125253,167004,208755
41752,83504,125256,167008,208760
41753,83506,125259,167012,208765
41754,83508,125262,167016,208770
41755,83510,125265,167020,208775
41756,83512,125268,167024,208780
41757,83514,125271,167028,208785
41758,83516,125274,167032,208790
41759,83518,125277,167036,208795
41760,83520,125280,167040,208800
41761,83522,125283,167044,208805
41762,83524,125286,167048,208810
41763,83526,125289,167052,208815
41764,83528,125292,167056,208820
41765,83530,125295,167060,208825
41766,83532,125298,167064,208830
41767,83534,125301,167068,208835
41768,83536,125304,167072,208840
41769,83538,125307,167076,208845
41770,83540,125310,167080,208850
41771,83542,125313,167084,208855
41772,83544,125316,167088,208860
41773,83546,125319,167092,208865
41774,83548,125322,167096,208870
41775,83550,125325,167100,208875
41776,83552,125328,167104,208880
41777,83554,125331,167108,208885
41778,83556,125334,167112,208890
41779,83558,125337,167116,208895
41780,83560,125340,167120,208900
41781,83562,125343,167124,208905
41782,83564,125346,167128,208910
41783,83566,125349,167132,208915
41784,83568,125352,167136,208920
41785,83570,125355,167140,208925
41786,83572,125358,167144,208930
41787,83574,125361,167148,208935
41788,83576,125364,167152,208940
41789,83578,125367,167156,208945
41790,83580,125370,167160,208950
41791,83582,125373,167164,208955
41792,83584,125376,167168,208960
41793,83586,125379,167172,208965
41794,83588,125382,167176,208970
41795,83590,125385,167180,208975
41796,83592,125388,167184,208980
41797,83594,125391,167188,208985
41798,83596,125394,167192,208990
41799,83598,125397,167196,208995
41800,83600,125400,167200,209000
41801,83602,125403,167204,209005
41802,83604,125406,167208,209010
41803,83606,125409,167212,209015
41804,83608,125412,167216,209020
41805,83610,125415,167220,209025
41806,83612,125418,167224,209030
41807,83614,125421,167228,209035
41808,83616,125424,167232,209040
41809,83618,125427,167236,209045
41810,83620,125430,167240,209050
41811,83622,125433,167244,209055
41812,83624,125436,167248,209060
41813,83626,125439,167252,209065
41814,83628,125442,167256,209070
41815,83630,125445,167260,209075
41816,83632,125448,167264,209080
41817,83634,125451,167268,209085
41818,83636,125454,167272,209090
41819,83638,125457,167276,209095
41820,83640,125460,167280,209100
41821,83642,125463,167284,209105
41822,83644,125466,167288,209110
41823,83646,125469,167292,209115
41824,83648,125472,167296,209120
41825,83650,125475,167300,209125
41826,83652,125478,167304,209130
41827,83654,125481,167308,209135
41828,83656,125484,167312,209140
41829,83658,125487,167316,209145
41830,83660,125490,167320,209150
41831,83662,125493,167324,209155
41832,83664,125496,167328,209160
41833,83666,125499,167332,209165
41834,83668,125502,167336,209170
41835,83670,125505,167340,209175
41836,83672,125508,167344,209180
41837,83674,125511,167348,209185
41838,83676,125514,167352,209190
41839,83678,125517,167356,209195
41840,83680,125520,167360,209200
41841,83682,125523,167364,209205
41842,83684,125526,167368,209210
41843,83686,125529,167372,209215
41844,83688,125532,167376,209220
41845,83690,125535,167380,209225
41846,83692,125538,167384,209230
41847,83694,125541,167388,209235
41848,83696,125544,167392,209240
41849,83698,125547,167396,209245
41850,83700,125550,167400,209250
41851,83702,125553,167404,209255
41852,83704,125556,167408,209260
41853,83706,125559,167412,209265
41854,83708,125562,167416,209270
41855,83710,125565,167420,209275
41856,83712,125568,167424,209280
41857,83714,125571,167428,209285
41858,83716,125574,167432,209290
41859,83718,125577,167436,209295
41860,83720,125580,167440,209300
41861,83722,125583,167444,209305
41862,83724,125586,167448,209310
41863,83726,125589,167452,209315
41864,83728,125592,167456,209320
41865,83730,125595,167460,209325
41866,83732,125598,167464,209330
41867,83734,125601,167468,209335
41868,83736,125604,167472,209340
41869,83738,125607,167476,209345
41870,83740,125610,167480,209350
41871,83742,125613,167484,209355
41872,83744,125616,167488,209360
41873,83746,125619,167492,209365
41874,83748,125622,167496,209370
41875,83750,125625,167500,209375
41876,83752,125628,167504,209380
41877,83754,125631,167508,209385
41878,83756,125634,167512,209390
41879,83758,125637,167516,209395
41880,83760,125640,167520,209400
41881,83762,125643,167524,209405
41882,83764,125646,167528,209410
41883,83766,125649,167532,209415
41884,83768,125652,167536,209420
41885,83770,125655,167540,209425
41886,83772,125658,167544,209430
41887,83774,125661,167548,209435
41888,83776,125664,167552,209440
41889,83778,125667,167556,209445
41890,83780,125670,167560,209450
41891,83782,125673,167564,209455
41892,83784,125676,167568,209460
41893,83786,125679,167572,209465
41894,83788,125682,167576,209470
41895,83790,125685,167580,209475
41896,83792,125688,167584,209480
41897,83794,125691,167588,209485
41898,83796,125694,167592,209490
41899,83798,125697,167596,209495
41900,83800,125700,167600,209500
41901,83802,125703,167604,209505
41902,83804,125706,167608,209510
41903,83806,125709,167612,209515
41904,83808,125712,167616,209520
41905,83810,125715,167620,209525
41906,83812,125718,167624,209530
41907,83814,125721,167628,209535
41908,83816,125724,167632,209540
41909,83818,125727,167636,209545
41910,83820,125730,167640,209550
41911,83822,125733,167644,209555
41912,83824,125736,167648,209560
41913,83826,125739,167652,209565
41914,83828,125742,167656,209570
41915,83830,125745,167660,209575
41916,83832,125748,167664,209580
41917,83834,125751,167668,209585
41918,83836,125754,167672,209590
41919,83838,125757,167676,209595
41920,83840,125760,167680,209600
41921,83842,125763,167684,209605
41922,83844,125766,167688,209610
41923,83846,125769,167692,209615
41924,83848,125772,167696,209620
41925,83850,125775,167700,209625
41926,83852,125778,167704,209630
41927,83854,125781,167708,209635
41928,83856,125784,167712,209640
41929,83858,125787,167716,209645
41930,83860,125790,167720,209650
41931,83862,125793,167724,209655
41932,83864,125796,167728,209660
41933,83866,125799,167732,209665
41934,83868,125802,167736,209670
41935,83870,125805,167740,209675
41936,83872,125808,167744,209680
41937,83874,125811,167748,209685
41938,83876,125814,167752,209690
41939,83878,125817,167756,209695
41940,83880,125820,167760,209700
41941,83882,125823,167764,209705
41942,83884,125826,167768,209710
41943,83886,125829,167772,209715
41944,83888,125832,167776,209720
41945,83890,125835,167780,209725
41946,83892,125838,167784,209730
41947,83894,125841,167788,209735
41948,83896,125844,167792,209740
41949,83898,125847,167796,209745
41950,83900,125850,167800,209750
41951,83902,125853,167804,209755
41952,83904,125856,167808,209760
41953,83906,125859,167812,209765
41954,83908,125862,167816,209770
41955,83910,125865,167820,209775
41956,83912,125868,167824,209780
41957,83914,125871,167828,209785
41958,83916,125874,167832,209790
41959,83918,125877,167836,209795
41960,83920,125880,167840,209800
41961,83922,125883,167844,209805
41962,83924,125886,167848,209810
41963,83926,125889,167852,209815
41964,83928,125892,167856,209820
41965,83930,125895,167860,209825
41966,83932,125898,167864,209830
41967,83934,125901,167868,209835
41968,83936,125904,167872,209840
41969,83938,125907,167876,209845
41970,83940,125910,167880,209850
41971,83942,125913,167884,209855
41972,83944,125916,167888,209860
41973,83946,125919,167892,209865
41974,83948,125922,167896,209870
41975,83950,125925,167900,209875
41976,83952,125928,167904,209880
41977,83954,125931,167908,209885
41978,83956,125934,167912,209890
41979,83958,125937,167916,209895
41980,83960,125940,167920,209900
41981,83962,125943,167924,209905
41982,83964,125946,167928,209910
41983,83966,125949,167932,209915
41984,83968,125952,167936,209920
41985,83970,125955,167940,209925
41986,83972,125958,167944,209930
41987,83974,125961,167948,209935
41988,83976,125964,167952,209940
41989,83978,125967,167956,209945
41990,83980,125970,167960,209950
41991,83982,125973,167964,209955
41992,83984,125976,167968,209960
41993,83986,125979,167972,209965
41994,83988,125982,167976,209970
41995,83990,125985,167980,209975
41996,83992,125988,167984,209980
41997,83994,125991,167988,209985
41998,83996,125994,167992,209990
41999,83998,125997,167996,209995
42000,84000,126000,168000,210000
42001,84002,126003,168004,210005
42002,84004,126006,168008,210010
42003,84006,126009,168012,210015
42004,84008,126012,168016,210020
42005,84010,126015,168020,210025
42006,84012,126018,168024,210030
42007,84014,126021,168028,210035
42008,84016,126024,168032,210040
42009,84018,126027,168036,210045
42010,84020,126030,168040,210050
42011,84022,126033,168044,210055
42012,84024,126036,168048,210060
42013,84026,126039,168052,210065
42014,84028,126042,168056,210070
42015,84030,126045,168060,210075
42016,84032,126048,168064,210080
42017,84034,126051,168068,210085
42018,84036,126054,168072,210090
42019,84038,126057,168076,210095
42020,84040,126060,168080,210100
42021,84042,126063,168084,210105
42022,84044,126066,168088,210110
42023,84046,126069,168092,210115
42024,84048,126072,168096,210120
42025,84050,126075,168100,210125
42026,84052,126078,168104,210130
42027,84054,126081,168108,210135
42028,84056,126084,168112,210140
42029,84058,126087,168116,210145
42030,84060,126090,168120,210150
42031,84062,126093,168124,210155
42032,84064,126096,168128,210160
42033,84066,126099,168132,210165
42034,84068,126102,168136,210170
42035,84070,126105,168140,210175
42036,84072,126108,168144,210180
42037,84074,126111,168148,210185
42038,84076,126114,168152,210190
42039,84078,126117,168156,210195
42040,84080,126120,168160,210200
42041,84082,126123,168164,210205
42042,84084,126126,168168,210210
42043,84086,126129,168172,210215
42044,84088,126132,168176,210220
42045,84090,126135,168180,210225
42046,84092,126138,168184,210230
42047,84094,126141,168188,210235
42048,84096,126144,168192,210240
42049,84098,126147,168196,210245
42050,84100,126150,168200,210250
42051,84102,126153,168204,210255
42052,84104,126156,168208,210260
42053,84106,126159,168212,210265
42054,84108,126162,168216,210270
42055,84110,126165,168220,210275
42056,84112,126168,168224,210280
42057,84114,126171,168228,210285
42058,84116,126174,168232,210290
42059,84118,126177,168236,210295
42060,84120,126180,168240,210300
42061,84122,126183,168244,210305
42062,84124,126186,168248,210310
42063,84126,126189,168252,210315
42064,84128,126192,168256,210320
42065,84130,126195,168260,210325
42066,84132,126198,168264,210330
42067,84134,126201,168268,210335
42068,84136,126204,168272,210340
42069,84138,126207,168276,210345
42070,84140,126210,168280,210350
42071,84142,126213,168284,210355
42072,84144,126216,168288,210360
42073,84146,126219,168292,210365
42074,84148,126222,168296,210370
42075,84150,126225,168300,210375
42076,84152,126228,168304,210380
42077,84154,126231,168308,210385
42078,84156,126234,168312,210390
42079,84158,126237,168316,210395
42080,84160,126240,168320,210400
42081,84162,126243,168324,210405
42082,84164,126246,168328,210410
42083,84166,126249,168332,210415
42084,84168,126252,168336,210420
42085,84170,126255,168340,210425
42086,84172,126258,168344,210430
42087,84174,126261,168348,210435
42088,84176,126264,168352,210440
42089,84178,126267,168356,210445
42090,84180,126270,168360,210450
42091,84182,126273,168364,210455
42092,84184,126276,168368,210460
42093,84186,126279,168372,210465
42094,84188,126282,168376,210470
42095,84190,126285,168380,210475
42096,84192,126288,168384,210480
42097,84194,126291,168388,210485
42098,84196,126294,168392,210490
42099,84198,126297,168396,210495
42100,84200,126300,168400,210500
42101,84202,126303,168404,210505
42102,84204,126306,168408,210510
42103,84206,126309,168412,210515
42104,84208,126312,168416,210520
42105,84210,126315,168420,210525
42106,84212,126318,168424,210530
42107,84214,126321,168428,210535
42108,84216,126324,168432,210540
42109,84218,126327,168436,210545
42110,84220,126330,168440,210550
42111,84222,126333,168444,210555
42112,84224,126336,168448,210560
42113,84226,126339,168452,210565
42114,84228,126342,168456,210570
42115,84230,126345,168460,210575
42116,84232,126348,168464,210580
42117,84234,126351,168468,210585
42118,84236,126354,168472,210590
42119,84238,126357,168476,210595
42120,84240,126360,168480,210600
42121,84242,126363,168484,210605
42122,84244,126366,168488,210610
42123,84246,126369,168492,210615
42124,84248,126372,168496,210620
42125,84250,126375,168500,210625
42126,84252,126378,168504,210630
42127,84254,126381,168508,210635
42128,84256,126384,168512,210640
42129,84258,126387,168516,210645
42130,84260,126390,168520,210650
42131,84262,126393,168524,210655
42132,84264,126396,168528,210660
42133,84266,126399,168532,210665
42134,84268,126402,168536,210670
42135,84270,126405,168540,210675
42136,84272,126408,168544,210680
42137,84274,126411,168548,210685
42138,84276,126414,168552,210690
42139,84278,126417,168556,210695
42140,84280,126420,168560,210700
42141,84282,126423,168564,210705
42142,84284,126426,168568,210710
42143,84286,126429,168572,210715
42144,84288,126432,168576,210720
42145,84290,126435,168580,210725
42146,84292,126438,168584,210730
42147,84294,126441,168588,210735
42148,84296,126444,168592,210740
42149,84298,126447,168596,210745
42150,84300,126450,168600,210750
42151,84302,126453,168604,210755
42152,84304,126456,168608,210760
42153,84306,126459,168612,210765
42154,84308,126462,168616,210770
42155,84310,126465,168620,210775
42156,84312,126468,168624,210780
42157,84314,126471,168628,210785
42158,84316,126474,168632,210790
42159,84318,126477,168636,210795
42160,84320,126480,168640,210800
42161,84322,126483,168644,210805
42162,84324,126486,168648,210810
42163,84326,126489,168652,210815
42164,84328,126492,168656,210820
42165,84330,126495,168660,210825
42166,84332,126498,168664,210830
42167,84334,126501,168668,210835
42168,84336,126504,168672,210840
42169,84338,126507,168676,210845
42170,84340,126510,168680,210850
42171,84342,126513,168684,210855
42172,84344,126516,168688,210860
42173,84346,126519,168692,210865
42174,84348,126522,168696,210870
42175,84350,126525,168700,210875
42176,84352,126528,168704,210880
42177,84354,126531,168708,210885
42178,84356,126534,168712,210890
42179,84358,126537,168716,210895
42180,84360,126540,168720,210900
42181,84362,126543,168724,210905
42182,84364,126546,168728,210910
42183,84366,126549,168732,210915
42184,84368,126552,168736,210920
42185,84370,126555,168740,210925
42186,84372,126558,168744,210930
42187,84374,126561,168748,210935
42188,84376,126564,168752,210940
42189,84378,126567,168756,210945
42190,84380,126570,168760,210950
42191,84382,126573,168764,210955
42192,84384,126576,168768,210960
42193,84386,126579,168772,210965
42194,84388,126582,168776,210970
42195,84390,126585,168780,210975
42196,84392,126588,168784,210980
42197,84394,126591,168788,210985
42198,84396,126594,168792,210990
42199,84398,126597,168796,210995
42200,84400,126600,168800,211000
42201,84402,126603,168804,211005
42202,84404,126606,168808,211010
42203,84406,126609,168812,211015
42204,84408,126612,168816,211020
42205,84410,126615,168820,211025
42206,84412,126618,168824,211030
42207,84414,126621,168828,211035
42208,84416,126624,168832,211040
42209,84418,126627,168836,211045
42210,84420,126630,168840,211050
42211,84422,126633,168844,211055
42212,84424,126636,168848,211060
42213,84426,126639,168852,211065
42214,84428,126642,168856,211070
42215,84430,126645,168860,211075
42216,84432,126648,168864,211080
42217,84434,126651,168868,211085
42218,84436,126654,168872,211090
42219,84438,126657,168876,211095
42220,84440,126660,168880,211100
42221,84442,126663,168884,211105
42222,84444,126666,168888,211110
42223,84446,126669,168892,211115
42224,84448,126672,168896,211120
42225,84450,126675,168900,211125
42226,84452,126678,168904,211130
42227,84454,126681,168908,211135
42228,84456,126684,168912,211140
42229,84458,126687,168916,211145
42230,84460,126690,168920,211150
42231,84462,126693,168924,211155
42232,84464,126696,168928,211160
42233,84466,126699,168932,211165
42234,84468,126702,168936,211170
42235,84470,126705,168940,211175
42236,84472,126708,168944,211180
42237,84474,126711,168948,211185
42238,84476,126714,168952,211190
42239,84478,126717,168956,211195
42240,84480,126720,168960,211200
42241,84482,126723,168964,211205
42242,84484,126726,168968,211210
42243,84486,126729,168972,211215
42244,84488,126732,168976,211220
42245,84490,126735,168980,211225
42246,84492,126738,168984,211230
42247,84494,126741,168988,211235
42248,84496,126744,168992,211240
42249,84498,126747,168996,211245
42250,84500,126750,169000,211250
42251,84502,126753,169004,211255
42252,84504,126756,169008,211260
42253,84506,126759,169012,211265
42254,84508,126762,169016,211270
42255,84510,126765,169020,211275
42256,84512,126768,169024,211280
42257,84514,126771,169028,211285
42258,84516,126774,169032,211290
42259,84518,126777,169036,211295
42260,84520,126780,169040,211300
42261,84522,126783,169044,211305
42262,84524,126786,169048,211310
42263,84526,126789,169052,211315
42264,84528,126792,169056,211320
42265,84530,126795,169060,211325
42266,84532,126798,169064,211330
42267,84534,126801,169068,211335
42268,84536,126804,169072,211340
42269,84538,126807,169076,211345
42270,84540,126810,169080,211350
42271,84542,126813,169084,211355
42272,84544,126816,169088,211360
42273,84546,126819,169092,211365
42274,84548,126822,169096,211370
42275,84550,126825,169100,211375
42276,84552,126828,169104,211380
42277,84554,126831,169108,211385
42278,84556,126834,169112,211390
42279,84558,126837,169116,211395
42280,84560,126840,169120,211400
42281,84562,126843,169124,211405
42282,84564,126846,169128,211410
42283,84566,126849,169132,211415
42284,84568,126852,169136,211420
42285,84570,126855,169140,211425
42286,84572,126858,169144,211430
42287,84574,126861,169148,211435
42288,84576,126864,169152,211440
42289,84578,126867,169156,211445
42290,84580,126870,169160,211450
42291,84582,126873,169164,211455
42292,84584,126876,169168,211460
42293,84586,126879,169172,211465
42294,84588,126882,169176,211470
42295,84590,126885,169180,211475
42296,84592,126888,169184,211480
42297,84594,126891,169188,211485
42298,84596,126894,169192,211490
42299,84598,126897,169196,211495
42300,84600,126900,169200,211500
42301,84602,126903,169204,211505
42302,84604,126906,169208,211510
42303,84606,126909,169212,211515
42304,84608,126912,169216,211520
42305,84610,126915,169220,211525
42306,84612,126918,169224,211530
42307,84614,126921,169228,211535
42308,84616,126924,169232,211540
42309,84618,126927,169236,211545
42310,84620,126930,169240,211550
42311,84622,126933,169244,211555
42312,84624,126936,169248,211560
42313,84626,126939,169252,211565
42314,84628,126942,169256,211570
42315,84630,126945,169260,211575
42316,84632,126948,169264,211580
42317,84634,126951,169268,211585
42318,84636,126954,169272,211590
42319,84638,126957,169276,211595
42320,84640,126960,169280,211600
42321,84642,126963,169284,211605
42322,84644,126966,169288,211610
42323,84646,126969,169292,211615
42324,84648,126972,169296,211620
42325,84650,126975,169300,211625
42326,84652,126978,169304,211630
42327,84654,126981,169308,211635
42328,84656,126984,169312,211640
42329,84658,126987,169316,211645
42330,84660,126990,169320,211650
42331,84662,126993,169324,211655
42332,84664,126996,169328,211660
42333,84666,126999,169332,211665
42334,84668,127002,169336,211670
42335,84670,127005,169340,211675
42336,84672,127008,169344,211680
42337,84674,127011,169348,211685
42338,84676,127014,169352,211690
42339,84678,127017,169356,211695
42340,84680,127020,169360,211700
42341,84682,127023,169364,211705
42342,84684,127026,169368,211710
42343,84686,127029,169372,211715
42344,84688,127032,169376,211720
42345,84690,127035,169380,211725
42346,84692,127038,169384,211730
42347,84694,127041,169388,211735
42348,84696,127044,169392,211740
42349,84698,127047,169396,211745
42350,84700,127050,169400,211750
42351,84702,127053,169404,211755
42352,84704,127056,169408,211760
42353,84706,127059,169412,211765
42354,84708,127062,169416,211770
42355,84710,127065,169420,211775
42356,84712,127068,169424,211780
42357,84714,127071,169428,211785
42358,84716,127074,169432,211790
42359,84718,127077,169436,211795
42360,84720,127080,169440,211800
42361,84722,127083,169444,211805
42362,84724,127086,169448,211810
42363,84726,127089,169452,211815
42364,84728,127092,169456,211820
42365,84730,127095,169460,211825
42366,84732,127098,169464,211830
42367,84734,127101,169468,211835
42368,84736,127104,169472,211840
42369,84738,127107,169476,211845
42370,84740,127110,169480,211850
42371,84742,127113,169484,211855
42372,84744,127116,169488,211860
42373,84746,127119,169492,211865
42374,84748,127122,169496,211870
42375,84750,127125,169500,211875
42376,84752,127128,169504,211880
42377,84754,127131,169508,211885
42378,84756,127134,169512,211890
42379,84758,127137,169516,211895
42380,84760,127140,169520,211900
42381,84762,127143,169524,211905
42382,84764,127146,169528,211910
42383,84766,127149,169532,211915
42384,84768,127152,169536,211920
42385,84770,127155,169540,211925
42386,84772,127158,169544,211930
42387,84774,127161,169548,211935
42388,84776,127164,169552,211940
42389,84778,127167,169556,211945
42390,84780,127170,169560,211950
42391,84782,127173,169564,211955
42392,84784,127176,169568,211960
42393,84786,127179,169572,211965
42394,84788,127182,169576,211970
42395,84790,127185,169580,211975
42396,84792,127188,169584,211980
42397,84794,127191,169588,211985
42398,84796,127194,169592,211990
42399,84798,127197,169596,211995
42400,84800,127200,169600,212000
42401,84802,127203,169604,212005
42402,84804,127206,169608,212010
42403,84806,127209,169612,212015
42404,84808,127212,169616,212020
42405,84810,127215,169620,212025
42406,84812,127218,169624,212030
42407,84814,127221,169628,212035
42408,84816,127224,169632,212040
42409,84818,127227,169636,212045
42410,84820,127230,169640,212050
42411,84822,127233,169644,212055
42412,84824,127236,169648,212060
42413,84826,127239,169652,212065
42414,84828,127242,169656,212070
42415,84830,127245,169660,212075
42416,84832,127248,169664,212080
42417,84834,127251,169668,212085
42418,84836,127254,169672,212090
42419,84838,127257,169676,212095
42420,84840,127260,169680,212100
42421,84842,127263,169684,212105
42422,84844,127266,169688,212110
42423,84846,127269,169692,212115
42424,84848,127272,169696,212120
42425,84850,127275,169700,212125
42426,84852,127278,169704,212130
42427,84854,127281,169708,212135
42428,84856,127284,169712,212140
42429,84858,127287,169716,212145
42430,84860,127290,169720,212150
42431,84862,127293,169724,212155
42432,84864,127296,169728,212160
42433,84866,127299,169732,212165
42434,84868,127302,169736,212170
42435,84870,127305,169740,212175
42436,84872,127308,169744,212180
42437,84874,127311,169748,212185
42438,84876,127314,169752,212190
42439,84878,127317,169756,212195
42440,84880,127320,169760,212200
42441,84882,127323,169764,212205
42442,84884,127326,169768,212210
42443,84886,127329,169772,212215
42444,84888,127332,169776,212220
42445,84890,127335,169780,212225
42446,84892,127338,169784,212230
42447,84894,127341,169788,212235
42448,84896,127344,169792,212240
42449,84898,127347,169796,212245
42450,84900,127350,169800,212250
42451,84902,127353,169804,212255
42452,84904,127356,169808,212260
42453,84906,127359,169812,212265
42454,84908,127362,169816,212270
42455,84910,127365,169820,212275
42456,84912,127368,169824,212280
42457,84914,127371,169828,212285
42458,84916,127374,169832,212290
42459,84918,127377,169836,212295
42460,84920,127380,169840,212300
42461,84922,127383,169844,212305
42462,84924,127386,169848,212310
42463,84926,127389,169852,212315
42464,84928,127392,169856,212320
42465,84930,127395,169860,212325
42466,84932,127398,169864,212330
42467,84934,127401,169868,212335
42468,84936,127404,169872,212340
42469,84938,127407,169876,212345
42470,84940,127410,169880,212350
42471,84942,127413,169884,212355
42472,84944,127416,169888,212360
42473,84946,127419,169892,212365
42474,84948,127422,169896,212370
42475,84950,127425,169900,212375
42476,84952,127428,169904,212380
42477,84954,127431,169908,212385
42478,84956,127434,169912,212390
42479,84958,127437,169916,212395
42480,84960,127440,169920,212400
42481,84962,127443,169924,212405
42482,84964,127446,169928,212410
42483,84966,127449,169932,212415
42484,84968,127452,169936,212420
42485,84970,127455,169940,212425
42486,84972,127458,169944,212430
42487,84974,127461,169948,212435
42488,84976,127464,169952,212440
42489,84978,127467,169956,212445
42490,84980,127470,169960,212450
42491,84982,127473,169964,212455
42492,84984,127476,169968,212460
42493,84986,127479,169972,212465
42494,84988,127482,169976,212470
42495,84990,127485,169980,212475
42496,84992,127488,169984,212480
42497,84994,127491,169988,212485
42498,84996,127494,169992,212490
42499,84998,127497,169996,212495
42500,85000,127500,170000,212500
42501,85002,127503,170004,212505
42502,85004,127506,170008,212510
42503,85006,127509,170012,212515
42504,85008,127512,170016,212520
42505,85010,127515,170020,212525
42506,85012,127518,170024,212530
42507,85014,127521,170028,212535
42508,85016,127524,170032,212540
42509,85018,127527,170036,212545
42510,85020,127530,170040,212550
42511,85022,127533,170044,212555
42512,85024,127536,170048,212560
42513,85026,127539,170052,212565
42514,85028,127542,170056,212570
42515,85030,127545,170060,212575
42516,85032,127548,170064,212580
42517,85034,127551,170068,212585
42518,85036,127554,170072,212590
42519,85038,127557,170076,212595
42520,85040,127560,170080,212600
42521,85042,127563,170084,212605
42522,85044,127566,170088,212610
42523,85046,127569,170092,212615
42524,85048,127572,170096,212620
42525,85050,127575,170100,212625
42526,85052,127578,170104,212630
42527,85054,127581,170108,212635
42528,85056,127584,170112,212640
42529,85058,127587,170116,212645
42530,85060,127590,170120,212650
42531,85062,127593,170124,212655
42532,85064,127596,170128,212660
42533,85066,127599,170132,212665
42534,85068,127602,170136,212670
42535,85070,127605,170140,212675
42536,85072,127608,170144,212680
42537,85074,127611,170148,212685
42538,85076,127614,170152,212690
42539,85078,127617,170156,212695
42540,85080,127620,170160,212700
42541,85082,127623,170164,212705
42542,85084,127626,170168,212710
42543,85086,127629,170172,212715
42544,85088,127632,170176,212720
42545,85090,127635,170180,212725
42546,85092,127638,170184,212730
42547,85094,127641,170188,212735
42548,85096,127644,170192,212740
42549,85098,127647,170196,212745
42550,85100,127650,170200,212750
42551,85102,127653,170204,212755
42552,85104,127656,170208,212760
42553,85106,127659,170212,212765
42554,85108,127662,170216,212770
42555,85110,127665,170220,212775
42556,85112,127668,170224,212780
42557,85114,127671,170228,212785
42558,85116,127674,170232,212790
42559,85118,127677,170236,212795
42560,85120,127680,170240,212800
42561,85122,127683,170244,212805
42562,85124,127686,170248,212810
42563,85126,127689,170252,212815
42564,85128,127692,170256,212820
42565,85130,127695,170260,212825
42566,85132,127698,170264,212830
42567,85134,127701,170268,212835
42568,85136,127704,170272,212840
42569,85138,127707,170276,212845
42570,85140,127710,170280,212850
42571,85142,127713,170284,212855
42572,85144,127716,170288,212860
42573,85146,127719,170292,212865
42574,85148,127722,170296,212870
42575,85150,127725,170300,212875
42576,85152,127728,170304,212880
42577,85154,127731,170308,212885
42578,85156,127734,170312,212890
42579,85158,127737,170316,212895
42580,85160,127740,170320,212900
42581,85162,127743,170324,212905
42582,85164,127746,170328,212910
42583,85166,127749,170332,212915
42584,85168,127752,170336,212920
42585,85170,127755,170340,212925
42586,85172,127758,170344,212930
42587,85174,127761,170348,212935
42588,85176,127764,170352,212940
42589,85178,127767,170356,212945
42590,85180,127770,170360,212950
42591,85182,127773,170364,212955
42592,85184,127776,170368,212960
42593,85186,127779,170372,212965
42594,85188,127782,170376,212970
42595,85190,127785,170380,212975
42596,85192,127788,170384,212980
42597,85194,127791,170388,212985
42598,85196,127794,170392,212990
42599,85198,127797,170396,212995
42600,85200,127800,170400,213000
42601,85202,127803,170404,213005
42602,85204,127806,170408,213010
42603,85206,127809,170412,213015
42604,85208,127812,170416,213020
42605,85210,127815,170420,213025
42606,85212,127818,170424,213030
42607,85214,127821,170428,213035
42608,85216,127824,170432,213040
42609,85218,127827,170436,213045
42610,85220,127830,170440,213050
42611,85222,127833,170444,213055
42612,85224,127836,170448,213060
42613,85226,127839,170452,213065
42614,85228,127842,170456,213070
42615,85230,127845,170460,213075
42616,85232,127848,170464,213080
42617,85234,127851,170468,213085
42618,85236,127854,170472,213090
42619,85238,127857,170476,213095
42620,85240,127860,170480,213100
42621,85242,127863,170484,213105
42622,85244,127866,170488,213110
42623,85246,127869,170492,213115
42624,85248,127872,170496,213120
42625,85250,127875,170500,213125
42626,85252,127878,170504,213130
42627,85254,127881,170508,213135
42628,85256,127884,170512,213140
42629,85258,127887,170516,213145
42630,85260,127890,170520,213150
42631,85262,127893,170524,213155
42632,85264,127896,170528,213160
42633,85266,127899,170532,213165
42634,85268,127902,170536,213170
42635,85270,127905,170540,213175
42636,85272,127908,170544,213180
42637,85274,127911,170548,213185
42638,85276,127914,170552,213190
42639,85278,127917,170556,213195
42640,85280,127920,170560,213200
42641,85282,127923,170564,213205
42642,85284,127926,170568,213210
42643,85286,127929,170572,213215
42644,85288,127932,170576,213220
42645,85290,127935,170580,213225
42646,85292,127938,170584,213230
42647,85294,127941,170588,213235
42648,85296,127944,170592,213240
42649,85298,127947,170596,213245
42650,85300,127950,170600,213250
42651,85302,127953,170604,213255
42652,85304,127956,170608,213260
42653,85306,127959,170612,213265
42654,85308,127962,170616,213270
42655,85310,127965,170620,213275
42656,85312,127968,170624,213280
42657,85314,127971,170628,213285
42658,85316,127974,170632,213290
42659,85318,127977,170636,213295
42660,85320,127980,170640,213300
42661,85322,127983,170644,213305
42662,85324,127986,170648,213310
42663,85326,127989,170652,213315
42664,85328,127992,170656,213320
42665,85330,127995,170660,213325
42666,85332,127998,170664,213330
42667,85334,128001,170668,213335
42668,85336,128004,170672,213340
42669,85338,128007,170676,213345
42670,85340,128010,170680,213350
42671,85342,128013,170684,213355
42672,85344,128016,170688,213360
42673,85346,128019,170692,213365
42674,85348,128022,170696,213370
42675,85350,128025,170700,213375
42676,85352,128028,170704,213380
42677,85354,128031,170708,213385
42678,85356,128034,170712,213390
42679,85358,128037,170716,213395
42680,85360,128040,170720,213400
42681,85362,128043,170724,213405
42682,85364,128046,170728,213410
42683,85366,128049,170732,213415
42684,85368,128052,170736,213420
42685,85370,128055,170740,213425
42686,85372,128058,170744,213430
42687,85374,128061,170748,213435
42688,85376,128064,170752,213440
42689,85378,128067,170756,213445
42690,85380,128070,170760,213450
42691,85382,128073,170764,213455
42692,85384,128076,170768,213460
42693,85386,128079,170772,213465
42694,85388,128082,170776,213470
42695,85390,128085,170780,213475
42696,85392,128088,170784,213480
42697,85394,128091,170788,213485
42698,85396,128094,170792,213490
42699,85398,128097,170796,213495
42700,85400,128100,170800,213500
42701,85402,128103,170804,213505
42702,85404,128106,170808,213510
42703,85406,128109,170812,213515
42704,85408,128112,170816,213520
42705,85410,128115,170820,213525
42706,85412,128118,170824,213530
42707,85414,128121,170828,213535
42708,85416,128124,170832,213540
42709,85418,128127,170836,213545
42710,85420,128130,170840,213550
42711,85422,128133,170844,213555
42712,85424,128136,170848,213560
42713,85426,128139,170852,213565
42714,85428,128142,170856,213570
42715,85430,128145,170860,213575
42716,85432,128148,170864,213580
42717,85434,128151,170868,213585
42718,85436,128154,170872,213590
42719,85438,128157,170876,213595
42720,85440,128160,170880,213600
42721,85442,128163,170884,213605
42722,85444,128166,170888,213610
42723,85446,128169,170892,213615
42724,85448,128172,170896,213620
42725,85450,128175,170900,213625
42726,85452,128178,170904,213630
42727,85454,128181,170908,213635
42728,85456,128184,170912,213640
42729,85458,128187,170916,213645
42730,85460,128190,170920,213650
42731,85462,128193,170924,213655
42732,85464,128196,170928,213660
42733,85466,128199,170932,213665
42734,85468,128202,170936,213670
42735,85470,128205,170940,213675
42736,85472,128208,170944,213680
42737,85474,128211,170948,213685
42738,85476,128214,170952,213690
42739,85478,128217,170956,213695
42740,85480,128220,170960,213700
42741,85482,128223,170964,213705
42742,85484,128226,170968,213710
42743,85486,128229,170972,213715
42744,85488,128232,170976,213720
42745,85490,128235,170980,213725
42746,85492,128238,170984,213730
42747,85494,128241,170988,213735
42748,85496,128244,170992,213740
42749,85498,128247,170996,213745
42750,85500,128250,171000,213750
42751,85502,128253,171004,213755
42752,85504,128256,171008,213760
42753,85506,128259,171012,213765
42754,85508,128262,171016,213770
42755,85510,128265,171020,213775
42756,85512,128268,171024,213780
42757,85514,128271,171028,213785
42758,85516,128274,171032,213790
42759,85518,128277,171036,213795
42760,85520,128280,171040,213800
42761,85522,128283,171044,213805
42762,85524,128286,171048,213810
42763,85526,128289,171052,213815
42764,85528,128292,171056,213820
42765,85530,128295,171060,213825
42766,85532,128298,171064,213830
42767,85534,128301,171068,213835
42768,85536,128304,171072,213840
42769,85538,128307,171076,213845
42770,85540,128310,171080,213850
42771,85542,128313,171084,213855
42772,85544,128316,171088,213860
42773,85546,128319,171092,213865
42774,85548,128322,171096,213870
42775,85550,128325,171100,213875
42776,85552,128328,171104,213880
42777,85554,128331,171108,213885
42778,85556,128334,171112,213890
42779,85558,128337,171116,213895
42780,85560,128340,171120,213900
42781,85562,128343,171124,213905
42782,85564,128346,171128,213910
42783,85566,128349,171132,213915
42784,85568,128352,171136,213920
42785,85570,128355,171140,213925
42786,85572,128358,171144,213930
42787,85574,128361,171148,213935
42788,85576,128364,171152,213940
42789,85578,128367,171156,213945
42790,85580,128370,171160,213950
42791,85582,128373,171164,213955
42792,85584,128376,171168,213960
42793,85586,128379,171172,213965
42794,85588,128382,171176,213970
42795,85590,128385,171180,213975
42796,85592,128388,171184,213980
42797,85594,128391,171188,213985
42798,85596,128394,171192,213990
42799,85598,128397,171196,213995
42800,85600,128400,171200,214000
42801,85602,128403,171204,214005
42802,85604,128406,171208,214010
42803,85606,128409,171212,214015
42804,85608,128412,171216,214020
42805,85610,128415,171220,214025
42806,85612,128418,171224,214030
42807,85614,128421,171228,214035
42808,85616,128424,171232,214040
42809,85618,128427,171236,214045
42810,85620,128430,171240,214050
42811,85622,128433,171244,214055
42812,85624,128436,171248,214060
42813,85626,128439,171252,214065
42814,85628,128442,171256,214070
42815,85630,128445,171260,214075
42816,85632,128448,171264,214080
42817,85634,128451,171268,214085
42818,85636,128454,171272,214090
42819,85638,128457,171276,214095
42820,85640,128460,171280,214100
42821,85642,128463,171284,214105
42822,85644,128466,171288,214110
42823,85646,128469,171292,214115
42824,85648,128472,171296,214120
42825,85650,128475,171300,214125
42826,85652,128478,171304,214130
42827,85654,128481,171308,214135
42828,85656,128484,171312,214140
42829,85658,128487,171316,214145
42830,85660,128490,171320,214150
42831,85662,128493,171324,214155
42832,85664,128496,171328,214160
42833,85666,128499,171332,214165
42834,85668,128502,171336,214170
42835,85670,128505,171340,214175
42836,85672,128508,171344,214180
42837,85674,128511,171348,214185
42838,85676,128514,171352,214190
42839,85678,128517,171356,214195
42840,85680,128520,171360,214200
42841,85682,128523,171364,214205
42842,85684,128526,171368,214210
42843,85686,128529,171372,214215
42844,85688,128532,171376,214220
42845,85690,128535,171380,214225
42846,85692,128538,171384,214230
42847,85694,128541,171388,214235
42848,85696,128544,171392,214240
42849,85698,128547,171396,214245
42850,85700,128550,171400,214250
42851,85702,128553,171404,214255
42852,85704,128556,171408,214260
42853,85706,128559,171412,214265
42854,85708,128562,171416,214270
42855,85710,128565,171420,214275
42856,85712,128568,171424,214280
42857,85714,128571,171428,214285
42858,85716,128574,171432,214290
42859,85718,128577,171436,214295
42860,85720,128580,171440,214300
42861,85722,128583,171444,214305
42862,85724,128586,171448,214310
42863,85726,128589,171452,214315
42864,85728,128592,171456,214320
42865,85730,128595,171460,214325
42866,85732,128598,171464,214330
42867,85734,128601,171468,214335
42868,85736,128604,171472,214340
42869,85738,128607,171476,214345
42870,85740,128610,171480,214350
42871,85742,128613,171484,214355
42872,85744,128616,171488,214360
42873,85746,128619,171492,214365
42874,85748,128622,171496,214370
42875,85750,128625,171500,214375
42876,85752,128628,171504,214380
42877,85754,128631,171508,214385
42878,85756,128634,171512,214390
42879,85758,128637,171516,214395
42880,85760,128640,171520,214400
42881,85762,128643,171524,214405
42882,85764,128646,171528,214410
42883,85766,128649,171532,214415
42884,85768,128652,171536,214420
42885,85770,128655,171540,214425
42886,85772,128658,171544,214430
42887,85774,128661,171548,214435
42888,85776,128664,171552,214440
42889,85778,128667,171556,214445
42890,85780,128670,171560,214450
42891,85782,128673,171564,214455
42892,85784,128676,171568,214460
42893,85786,128679,171572,214465
42894,85788,128682,171576,214470
42895,85790,128685,171580,214475
42896,85792,128688,171584,214480
42897,85794,128691,171588,214485
42898,85796,128694,171592,214490
42899,85798,128697,171596,214495
42900,85800,128700,171600,214500
42901,85802,128703,171604,214505
42902,85804,128706,171608,214510
42903,85806,128709,171612,214515
42904,85808,128712,171616,214520
42905,85810,128715,171620,214525
42906,85812,128718,171624,214530
42907,85814,128721,171628,214535
42908,85816,128724,171632,214540
42909,85818,128727,171636,214545
42910,85820,128730,171640,214550
42911,85822,128733,171644,214555
42912,85824,128736,171648,214560
42913,85826,128739,171652,214565
42914,85828,128742,171656,214570
42915,85830,128745,171660,214575
42916,85832,128748,171664,214580
42917,85834,128751,171668,214585
42918,85836,128754,171672,214590
42919,85838,128757,171676,214595
42920,85840,128760,171680,214600
42921,85842,128763,171684,214605
42922,85844,128766,171688,214610
42923,85846,128769,171692,214615
42924,85848,128772,171696,214620
42925,85850,128775,171700,214625
42926,85852,128778,171704,214630
42927,85854,128781,171708,214635
42928,85856,128784,171712,214640
42929,85858,128787,171716,214645
42930,85860,128790,171720,214650
42931,85862,128793,171724,214655
42932,85864,128796,171728,214660
42933,85866,128799,171732,214665
42934,85868,128802,171736,214670
42935,85870,128805,171740,214675
42936,85872,128808,171744,214680
42937,85874,128811,171748,214685
42938,85876,128814,171752,214690
42939,85878,128817,171756,214695
42940,85880,128820,171760,214700
42941,85882,128823,171764,214705
42942,85884,128826,171768,214710
42943,85886,128829,171772,214715
42944,85888,128832,171776,214720
42945,85890,128835,171780,214725
42946,85892,128838,171784,214730
42947,85894,128841,171788,214735
42948,85896,128844,171792,214740
42949,85898,128847,171796,214745
42950,85900,128850,171800,214750
42951,85902,128853,171804,214755
42952,85904,128856,171808,214760
42953,85906,128859,171812,214765
42954,85908,128862,171816,214770
42955,85910,128865,171820,214775
42956,85912,128868,171824,214780
42957,85914,128871,171828,214785
42958,85916,128874,171832,214790
42959,85918,128877,171836,214795
42960,85920,128880,171840,214800
42961,85922,128883,171844,214805
42962,85924,128886,171848,214810
42963,85926,128889,171852,214815
42964,85928,128892,171856,214820
42965,85930,128895,171860,214825
42966,85932,128898,171864,214830
42967,85934,128901,171868,214835
42968,85936,128904,171872,214840
42969,85938,128907,171876,214845
42970,85940,128910,171880,214850
42971,85942,128913,171884,214855
42972,85944,128916,171888,214860
42973,85946,128919,171892,214865
42974,85948,128922,171896,214870
42975,85950,128925,171900,214875
42976,85952,128928,171904,214880
42977,85954,128931,171908,214885
42978,85956,128934,171912,214890
42979,85958,128937,171916,214895
42980,85960,128940,171920,214900
42981,85962,128943,171924,214905
42982,85964,128946,171928,214910
42983,85966,128949,171932,214915
42984,85968,128952,171936,214920
42985,85970,128955,171940,214925
42986,85972,128958,171944,214930
42987,85974,128961,171948,214935
42988,85976,128964,171952,214940
42989,85978,128967,171956,214945
42990,85980,128970,171960,214950
42991,85982,128973,171964,214955
42992,85984,128976,171968,214960
42993,85986,128979,171972,214965
42994,85988,128982,171976,214970
42995,85990,128985,171980,214975
42996,85992,128988,171984,214980
42997,85994,128991,171988,214985
42998,85996,128994,171992,214990
42999,85998,128997,171996,214995
43000,86000,129000,172000,215000
43001,86002,129003,172004,215005
43002,86004,129006,172008,215010
43003,86006,129009,172012,215015
43004,86008,129012,172016,215020
43005,86010,129015,172020,215025
43006,86012,129018,172024,215030
43007,86014,129021,172028,215035
43008,86016,129024,172032,215040
43009,86018,129027,172036,215045
43010,86020,129030,172040,215050
43011,86022,129033,172044,215055
43012,86024,129036,172048,215060
43013,86026,129039,172052,215065
43014,86028,129042,172056,215070
43015,86030,129045,172060,215075
43016,86032,129048,172064,215080
43017,86034,129051,172068,215085
43018,86036,129054,172072,215090
43019,86038,129057,172076,215095
43020,86040,129060,172080,215100
43021,86042,129063,172084,215105
43022,86044,129066,172088,215110
43023,86046,129069,172092,215115
43024,86048,129072,172096,215120
43025,86050,129075,172100,215125
43026,86052,129078,172104,215130
43027,86054,129081,172108,215135
43028,86056,129084,172112,215140
43029,86058,129087,172116,215145
43030,86060,129090,172120,215150
43031,86062,129093,172124,215155
43032,86064,129096,172128,215160
43033,86066,129099,172132,215165
43034,86068,129102,172136,215170
43035,86070,129105,172140,215175
43036,86072,129108,172144,215180
43037,86074,129111,172148,215185
43038,86076,129114,172152,215190
43039,86078,129117,172156,215195
43040,86080,129120,172160,215200
43041,86082,129123,172164,215205
43042,86084,129126,172168,215210
43043,86086,129129,172172,215215
43044,86088,129132,172176,215220
43045,86090,129135,172180,215225
43046,86092,129138,172184,215230
43047,86094,129141,172188,215235
43048,86096,129144,172192,215240
43049,86098,129147,172196,215245
43050,86100,129150,172200,215250
43051,86102,129153,172204,215255
43052,86104,129156,172208,215260
43053,86106,129159,172212,215265
43054,86108,129162,172216,215270
43055,86110,129165,172220,215275
43056,86112,129168,172224,215280
43057,86114,129171,172228,215285
43058,86116,129174,172232,215290
43059,86118,129177,172236,215295
43060,86120,129180,172240,215300
43061,86122,129183,172244,215305
43062,86124,129186,172248,215310
43063,86126,129189,172252,215315
43064,86128,129192,172256,215320
43065,86130,129195,172260,215325
43066,86132,129198,172264,215330
43067,86134,129201,172268,215335
43068,86136,129204,172272,215340
43069,86138,129207,172276,215345
43070,86140,129210,172280,215350
43071,86142,129213,172284,215355
43072,86144,129216,172288,215360
43073,86146,129219,172292,215365
43074,86148,129222,172296,215370
43075,86150,129225,172300,215375
43076,86152,129228,172304,215380
43077,86154,129231,172308,215385
43078,86156,129234,172312,215390
43079,86158,129237,172316,215395
43080,86160,129240,172320,215400
43081,86162,129243,172324,215405
43082,86164,129246,172328,215410
43083,86166,129249,172332,215415
43084,86168,129252,172336,215420
43085,86170,129255,172340,215425
43086,86172,129258,172344,215430
43087,86174,129261,172348,215435
43088,86176,129264,172352,215440
43089,86178,129267,172356,215445
43090,86180,129270,172360,215450
43091,86182,129273,172364,215455
43092,86184,129276,172368,215460
43093,86186,129279,172372,215465
43094,86188,129282,172376,215470
43095,86190,129285,172380,215475
43096,86192,129288,172384,215480
43097,86194,129291,172388,215485
43098,86196,129294,172392,215490
43099,86198,129297,172396,215495
43100,86200,129300,172400,215500
43101,86202,129303,172404,215505
43102,86204,129306,172408,215510
43103,86206,129309,172412,215515
43104,86208,129312,172416,215520
43105,86210,129315,172420,215525
43106,86212,129318,172424,215530
43107,86214,129321,172428,215535
43108,86216,129324,172432,215540
43109,86218,129327,172436,215545
43110,86220,129330,172440,215550
43111,86222,129333,172444,215555
43112,86224,129336,172448,215560
43113,86226,129339,172452,215565
43114,86228,129342,172456,215570
43115,86230,129345,172460,215575
43116,86232,129348,172464,215580
43117,86234,129351,172468,215585
43118,86236,129354,172472,215590
43119,86238,129357,172476,215595
43120,86240,129360,172480,215600
43121,86242,129363,172484,215605
43122,86244,129366,172488,215610
43123,86246,129369,172492,215615
43124,86248,129372,172496,215620
43125,86250,129375,172500,215625
43126,86252,129378,172504,215630
43127,86254,129381,172508,215635
43128,86256,129384,172512,215640
43129,86258,129387,172516,215645
43130,86260,129390,172520,215650
43131,86262,129393,172524,215655
43132,86264,129396,172528,215660
43133,86266,129399,172532,215665
43134,86268,129402,172536,215670
43135,86270,129405,172540,215675
43136,86272,129408,172544,215680
43137,86274,129411,172548,215685
43138,86276,129414,172552,215690
43139,86278,129417,172556,215695
43140,86280,129420,172560,215700
43141,86282,129423,172564,215705
43142,86284,129426,172568,215710
43143,86286,129429,172572,215715
43144,86288,129432,172576,215720
43145,86290,129435,172580,215725
43146,86292,129438,172584,215730
43147,86294,129441,172588,215735
43148,86296,129444,172592,215740
43149,86298,129447,172596,215745
43150,86300,129450,172600,215750
43151,86302,129453,172604,215755
43152,86304,129456,172608,215760
43153,86306,129459,172612,215765
43154,86308,129462,172616,215770
43155,86310,129465,172620,215775
43156,86312,129468,172624,215780
43157,86314,129471,172628,215785
43158,86316,129474,172632,215790
43159,86318,129477,172636,215795
43160,86320,129480,172640,215800
43161,86322,129483,172644,215805
43162,86324,129486,172648,215810
43163,86326,129489,172652,215815
43164,86328,129492,172656,215820
43165,86330,129495,172660,215825
43166,86332,129498,172664,215830
43167,86334,129501,172668,215835
43168,86336,129504,172672,215840
43169,86338,129507,172676,215845
43170,86340,129510,172680,215850
43171,86342,129513,172684,215855
43172,86344,129516,172688,215860
43173,86346,129519,172692,215865
43174,86348,129522,172696,215870
43175,86350,129525,172700,215875
43176,86352,129528,172704,215880
43177,86354,129531,172708,215885
43178,86356,129534,172712,215890
43179,86358,129537,172716,215895
43180,86360,129540,172720,215900
43181,86362,129543,172724,215905
43182,86364,129546,172728,215910
43183,86366,129549,172732,215915
43184,86368,129552,172736,215920
43185,86370,129555,172740,215925
43186,86372,129558,172744,215930
43187,86374,129561,172748,215935
43188,86376,129564,172752,215940
43189,86378,129567,172756,215945
43190,86380,129570,172760,215950
43191,86382,129573,172764,215955
43192,86384,129576,172768,215960
43193,86386,129579,172772,215965
43194,86388,129582,172776,215970
43195,86390,129585,172780,215975
43196,86392,129588,172784,215980
43197,86394,129591,172788,215985
43198,86396,129594,172792,215990
43199,86398,129597,172796,215995
43200,86400,129600,172800,216000
43201,86402,129603,172804,216005
43202,86404,129606,172808,216010
43203,86406,129609,172812,216015
43204,86408,129612,172816,216020
43205,86410,129615,172820,216025
43206,86412,129618,172824,216030
43207,86414,129621,172828,216035
43208,86416,129624,172832,216040
43209,86418,129627,172836,216045
43210,86420,129630,172840,216050
43211,86422,129633,172844,216055
43212,86424,129636,172848,216060
43213,86426,129639,172852,216065
43214,86428,129642,172856,216070
43215,86430,129645,172860,216075
43216,86432,129648,172864,216080
43217,86434,129651,172868,216085
43218,86436,129654,172872,216090
43219,86438,129657,172876,216095
43220,86440,129660,172880,216100
43221,86442,129663,172884,216105
43222,86444,129666,172888,216110
43223,86446,129669,172892,216115
43224,86448,129672,172896,216120
43225,86450,129675,172900,216125
43226,86452,129678,172904,216130
43227,86454,129681,172908,216135
43228,86456,129684,172912,216140
43229,86458,129687,172916,216145
43230,86460,129690,172920,216150
43231,86462,129693,172924,216155
43232,86464,129696,172928,216160
43233,86466,129699,172932,216165
43234,86468,129702,172936,216170
43235,86470,129705,172940,216175
43236,86472,129708,172944,216180
43237,86474,129711,172948,216185
43238,86476,129714,172952,216190
43239,86478,129717,172956,216195
43240,86480,129720,172960,216200
43241,86482,129723,172964,216205
43242,86484,129726,172968,216210
43243,86486,129729,172972,216215
43244,86488,129732,172976,216220
43245,86490,129735,172980,216225
43246,86492,129738,172984,216230
43247,86494,129741,172988,216235
43248,86496,129744,172992,216240
43249,86498,129747,172996,216245
43250,86500,129750,173000,216250
43251,86502,129753,173004,216255
43252,86504,129756,173008,216260
43253,86506,129759,173012,216265
43254,86508,129762,173016,216270
43255,86510,129765,173020,216275
43256,86512,129768,173024,216280
43257,86514,129771,173028,216285
43258,86516,129774,173032,216290
43259,86518,129777,173036,216295
43260,86520,129780,173040,216300
43261,86522,129783,173044,216305
43262,86524,129786,173048,216310
43263,86526,129789,173052,216315
43264,86528,129792,173056,216320
43265,86530,129795,173060,216325
43266,86532,129798,173064,216330
43267,86534,129801,173068,216335
43268,86536,129804,173072,216340
43269,86538,129807,173076,216345
43270,86540,129810,173080,216350
43271,86542,129813,173084,216355
43272,86544,129816,173088,216360
43273,86546,129819,173092,216365
43274,86548,129822,173096,216370
43275,86550,129825,173100,216375
43276,86552,129828,173104,216380
43277,86554,129831,173108,216385
43278,86556,129834,173112,216390
43279,86558,129837,173116,216395
43280,86560,129840,173120,216400
43281,86562,129843,173124,216405
43282,86564,129846,173128,216410
43283,86566,129849,173132,216415
43284,86568,129852,173136,216420
43285,86570,129855,173140,216425
43286,86572,129858,173144,216430
43287,86574,129861,173148,216435
43288,86576,129864,173152,216440
43289,86578,129867,173156,216445
43290,86580,129870,173160,216450
43291,86582,129873,173164,216455
43292,86584,129876,173168,216460
43293,86586,129879,173172,216465
43294,86588,129882,173176,216470
43295,86590,129885,173180,216475
43296,86592,129888,173184,216480
43297,86594,129891,173188,216485
43298,86596,129894,173192,216490
43299,86598,129897,173196,216495
43300,86600,129900,173200,216500
43301,86602,129903,173204,216505
43302,86604,129906,173208,216510
43303,86606,129909,173212,216515
43304,86608,129912,173216,216520
43305,86610,129915,173220,216525
43306,86612,129918,173224,216530
43307,86614,129921,173228,216535
43308,86616,129924,173232,216540
43309,86618,129927,173236,216545
43310,86620,129930,173240,216550
43311,86622,129933,173244,216555
43312,86624,129936,173248,216560
43313,86626,129939,173252,216565
43314,86628,129942,173256,216570
43315,86630,129945,173260,216575
43316,86632,129948,173264,216580
43317,86634,129951,173268,216585
43318,86636,129954,173272,216590
43319,86638,129957,173276,216595
43320,86640,129960,173280,216600
43321,86642,129963,173284,216605
43322,86644,129966,173288,216610
43323,86646,129969,173292,216615
43324,86648,129972,173296,216620
43325,86650,129975,173300,216625
43326,86652,129978,173304,216630
43327,86654,129981,173308,216635
43328,86656,129984,173312,216640
43329,86658,129987,173316,216645
43330,86660,129990,173320,216650
43331,86662,129993,173324,216655
43332,86664,129996,173328,216660
43333,86666,129999,173332,216665
43334,86668,130002,173336,216670
43335,86670,130005,173340,216675
43336,86672,130008,173344,216680
43337,86674,130011,173348,216685
43338,86676,130014,173352,216690
43339,86678,130017,173356,216695
43340,86680,130020,173360,216700
43341,86682,130023,173364,216705
43342,86684,130026,173368,216710
43343,86686,130029,173372,216715
43344,86688,130032,173376,216720
43345,86690,130035,173380,216725
43346,86692,130038,173384,216730
43347,86694,130041,173388,216735
43348,86696,130044,173392,216740
43349,86698,130047,173396,216745
43350,86700,130050,173400,216750
43351,86702,130053,173404,216755
43352,86704,130056,173408,216760
43353,86706,130059,173412,216765
43354,86708,130062,173416,216770
43355,86710,130065,173420,216775
43356,86712,130068,173424,216780
43357,86714,130071,173428,216785
43358,86716,130074,173432,216790
43359,86718,130077,173436,216795
43360,86720,130080,173440,216800
43361,86722,130083,173444,216805
43362,86724,130086,173448,216810
43363,86726,130089,173452,216815
43364,86728,130092,173456,216820
43365,86730,130095,173460,216825
43366,86732,130098,173464,216830
43367,86734,130101,173468,216835
43368,86736,130104,173472,216840
43369,86738,130107,173476,216845
43370,86740,130110,173480,216850
43371,86742,130113,173484,216855
43372,86744,130116,173488,216860
43373,86746,130119,173492,216865
43374,86748,130122,173496,216870
43375,86750,130125,173500,216875
43376,86752,130128,173504,216880
43377,86754,130131,173508,216885
43378,86756,130134,173512,216890
43379,86758,130137,173516,216895
43380,86760,130140,173520,216900
43381,86762,130143,173524,216905
43382,86764,130146,173528,216910
43383,86766,130149,173532,216915
43384,86768,130152,173536,216920
43385,86770,130155,173540,216925
43386,86772,130158,173544,216930
43387,86774,130161,173548,216935
43388,86776,130164,173552,216940
43389,86778,130167,173556,216945
43390,86780,130170,173560,216950
43391,86782,130173,173564,216955
43392,86784,130176,173568,216960
43393,86786,130179,173572,216965
43394,86788,130182,173576,216970
43395,86790,130185,173580,216975
43396,86792,130188,173584,216980
43397,86794,130191,173588,216985
43398,86796,130194,173592,216990
43399,86798,130197,173596,216995
43400,86800,130200,173600,217000
43401,86802,130203,173604,217005
43402,86804,130206,173608,217010
43403,86806,130209,173612,217015
43404,86808,130212,173616,217020
43405,86810,130215,173620,217025
43406,86812,130218,173624,217030
43407,86814,130221,173628,217035
43408,86816,130224,173632,217040
43409,86818,130227,173636,217045
43410,86820,130230,173640,217050
43411,86822,130233,173644,217055
43412,86824,130236,173648,217060
43413,86826,130239,173652,217065
43414,86828,130242,173656,217070
43415,86830,130245,173660,217075
43416,86832,130248,173664,217080
43417,86834,130251,173668,217085
43418,86836,130254,173672,217090
43419,86838,130257,173676,217095
43420,86840,130260,173680,217100
43421,86842,130263,173684,217105
43422,86844,130266,173688,217110
43423,86846,130269,173692,217115
43424,86848,130272,173696,217120
43425,86850,130275,173700,217125
43426,86852,130278,173704,217130
43427,86854,130281,173708,217135
43428,86856,130284,173712,217140
43429,86858,130287,173716,217145
43430,86860,130290,173720,217150
43431,86862,130293,173724,217155
43432,86864,130296,173728,217160
43433,86866,130299,173732,217165
43434,86868,130302,173736,217170
43435,86870,130305,173740,217175
43436,86872,130308,173744,217180
43437,86874,130311,173748,217185
43438,86876,130314,173752,217190
43439,86878,130317,173756,217195
43440,86880,130320,173760,217200
43441,86882,130323,173764,217205
43442,86884,130326,173768,217210
43443,86886,130329,173772,217215
43444,86888,130332,173776,217220
43445,86890,130335,173780,217225
43446,86892,130338,173784,217230
43447,86894,130341,173788,217235
43448,86896,130344,173792,217240
43449,86898,130347,173796,217245
43450,86900,130350,173800,217250
43451,86902,130353,173804,217255
43452,86904,130356,173808,217260
43453,86906,130359,173812,217265
43454,86908,130362,173816,217270
43455,86910,130365,173820,217275
43456,86912,130368,173824,217280
43457,86914,130371,173828,217285
43458,86916,130374,173832,217290
43459,86918,130377,173836,217295
43460,86920,130380,173840,217300
43461,86922,130383,173844,217305
43462,86924,130386,173848,217310
43463,86926,130389,173852,217315
43464,86928,130392,173856,217320
43465,86930,130395,173860,217325
43466,86932,130398,173864,217330
43467,86934,130401,173868,217335
43468,86936,130404,173872,217340
43469,86938,130407,173876,217345
43470,86940,130410,173880,217350
43471,86942,130413,173884,217355
43472,86944,130416,173888,217360
43473,86946,130419,173892,217365
43474,86948,130422,173896,217370
43475,86950,130425,173900,217375
43476,86952,130428,173904,217380
43477,86954,130431,173908,217385
43478,86956,130434,173912,217390
43479,86958,130437,173916,217395
43480,86960,130440,173920,217400
43481,86962,130443,173924,217405
43482,86964,130446,173928,217410
43483,86966,130449,173932,217415
43484,86968,130452,173936,217420
43485,86970,130455,173940,217425
43486,86972,130458,173944,217430
43487,86974,130461,173948,217435
43488,86976,130464,173952,217440
43489,86978,130467,173956,217445
43490,86980,130470,173960,217450
43491,86982,130473,173964,217455
43492,86984,130476,173968,217460
43493,86986,130479,173972,217465
43494,86988,130482,173976,217470
43495,86990,130485,173980,217475
43496,86992,130488,173984,217480
43497,86994,130491,173988,217485
43498,86996,130494,173992,217490
43499,86998,130497,173996,217495
43500,87000,130500,174000,217500
43501,87002,130503,174004,217505
43502,87004,130506,174008,217510
43503,87006,130509,174012,217515
43504,87008,130512,174016,217520
43505,87010,130515,174020,217525
43506,87012,130518,174024,217530
43507,87014,130521,174028,217535
43508,87016,130524,174032,217540
43509,87018,130527,174036,217545
43510,87020,130530,174040,217550
43511,87022,130533,174044,217555
43512,87024,130536,174048,217560
43513,87026,130539,174052,217565
43514,87028,130542,174056,217570
43515,87030,130545,174060,217575
43516,87032,130548,174064,217580
43517,87034,130551,174068,217585
43518,87036,130554,174072,217590
43519,87038,130557,174076,217595
43520,87040,130560,174080,217600
43521,87042,130563,174084,217605
43522,87044,130566,174088,217610
43523,87046,130569,174092,217615
43524,87048,130572,174096,217620
43525,87050,130575,174100,217625
43526,87052,130578,174104,217630
43527,87054,130581,174108,217635
43528,87056,130584,174112,217640
43529,87058,130587,174116,217645
43530,87060,130590,174120,217650
43531,87062,130593,174124,217655
43532,87064,130596,174128,217660
43533,87066,130599,174132,217665
43534,87068,130602,174136,217670
43535,87070,130605,174140,217675
43536,87072,130608,174144,217680
43537,87074,130611,174148,217685
43538,87076,130614,174152,217690
43539,87078,130617,174156,217695
43540,87080,130620,174160,217700
43541,87082,130623,174164,217705
43542,87084,130626,174168,217710
43543,87086,130629,174172,217715
43544,87088,130632,174176,217720
43545,87090,130635,174180,217725
43546,87092,130638,174184,217730
43547,87094,130641,174188,217735
43548,87096,130644,174192,217740
43549,87098,130647,174196,217745
43550,87100,130650,174200,217750
43551,87102,130653,174204,217755
43552,87104,130656,174208,217760
43553,87106,130659,174212,217765
43554,87108,130662,174216,217770
43555,87110,130665,174220,217775
43556,87112,130668,174224,217780
43557,87114,130671,174228,217785
43558,87116,130674,174232,217790
43559,87118,130677,174236,217795
43560,87120,130680,174240,217800
43561,87122,130683,174244,217805
43562,87124,130686,174248,217810
43563,87126,130689,174252,217815
43564,87128,130692,174256,217820
43565,87130,130695,174260,217825
43566,87132,130698,174264,217830
43567,87134,130701,174268,217835
43568,87136,130704,174272,217840
43569,87138,130707,174276,217845
43570,87140,130710,174280,217850
43571,87142,130713,174284,217855
43572,87144,130716,174288,217860
43573,87146,130719,174292,217865
43574,87148,130722,174296,217870
43575,87150,130725,174300,217875
43576,87152,130728,174304,217880
43577,87154,130731,174308,217885
43578,87156,130734,174312,217890
43579,87158,130737,174316,217895
43580,87160,130740,174320,217900
43581,87162,130743,174324,217905
43582,87164,130746,174328,217910
43583,87166,130749,174332,217915
43584,87168,130752,174336,217920
43585,87170,130755,174340,217925
43586,87172,130758,174344,217930
43587,87174,130761,174348,217935
43588,87176,130764,174352,217940
43589,87178,130767,174356,217945
43590,87180,130770,174360,217950
43591,87182,130773,174364,217955
43592,87184,130776,174368,217960
43593,87186,130779,174372,217965
43594,87188,130782,174376,217970
43595,87190,130785,174380,217975
43596,87192,130788,174384,217980
43597,87194,130791,174388,217985
43598,87196,130794,174392,217990
43599,87198,130797,174396,217995
43600,87200,130800,174400,218000
43601,87202,130803,174404,218005
43602,87204,130806,174408,218010
43603,87206,130809,174412,218015
43604,87208,130812,174416,218020
43605,87210,130815,174420,218025
43606,87212,130818,174424,218030
43607,87214,130821,174428,218035
43608,87216,130824,174432,218040
43609,87218,130827,174436,218045
43610,87220,130830,174440,218050
43611,87222,130833,174444,218055
43612,87224,130836,174448,218060
43613,87226,130839,174452,218065
43614,87228,130842,174456,218070
43615,87230,130845,174460,218075
43616,87232,130848,174464,218080
43617,87234,130851,174468,218085
43618,87236,130854,174472,218090
43619,87238,130857,174476,218095
43620,87240,130860,174480,218100
43621,87242,130863,174484,218105
43622,87244,130866,174488,218110
43623,87246,130869,174492,218115
43624,87248,130872,174496,218120
43625,87250,130875,174500,218125
43626,87252,130878,174504,218130
43627,87254,130881,174508,218135
43628,87256,130884,174512,218140
43629,87258,130887,174516,218145
43630,87260,130890,174520,218150
43631,87262,130893,174524,218155
43632,87264,130896,174528,218160
43633,87266,130899,174532,218165
43634,87268,130902,174536,218170
43635,87270,130905,174540,218175
43636,87272,130908,174544,218180
43637,87274,130911,174548,218185
43638,87276,130914,174552,218190
43639,87278,130917,174556,218195
43640,87280,130920,174560,218200
43641,87282,130923,174564,218205
43642,87284,130926,174568,218210
43643,87286,130929,174572,218215
43644,87288,130932,174576,218220
43645,87290,130935,174580,218225
43646,87292,130938,174584,218230
43647,87294,130941,174588,218235
43648,87296,130944,174592,218240
43649,87298,130947,174596,218245
43650,87300,130950,174600,218250
43651,87302,130953,174604,218255
43652,87304,130956,174608,218260
43653,87306,130959,174612,218265
43654,87308,130962,174616,218270
43655,87310,130965,174620,218275
43656,87312,130968,174624,218280
43657,87314,130971,174628,218285
43658,87316,130974,174632,218290
43659,87318,130977,174636,218295
43660,87320,130980,174640,218300
43661,87322,130983,174644,218305
43662,87324,130986,174648,218310
43663,87326,130989,174652,218315
43664,87328,130992,174656,218320
43665,87330,130995,174660,218325
43666,87332,130998,174664,218330
43667,87334,131001,174668,218335
43668,87336,131004,174672,218340
43669,87338,131007,174676,218345
43670,87340,131010,174680,218350
43671,87342,131013,174684,218355
43672,87344,131016,174688,218360
43673,87346,131019,174692,218365
43674,87348,131022,174696,218370
43675,87350,131025,174700,218375
43676,87352,131028,174704,218380
43677,87354,131031,174708,218385
43678,87356,131034,174712,218390
43679,87358,131037,174716,218395
43680,87360,131040,174720,218400
43681,87362,131043,174724,218405
43682,87364,131046,174728,218410
43683,87366,131049,174732,218415
43684,87368,131052,174736,218420
43685,87370,131055,174740,218425
43686,87372,131058,174744,218430
43687,87374,131061,174748,218435
43688,87376,131064,174752,218440
43689,87378,131067,174756,218445
43690,87380,131070,174760,218450
43691,87382,131073,174764,218455
43692,87384,131076,174768,218460
43693,87386,131079,174772,218465
43694,87388,131082,174776,218470
43695,87390,131085,174780,218475
43696,87392,131088,174784,218480
43697,87394,131091,174788,218485
43698,87396,131094,174792,218490
43699,87398,131097,174796,218495
43700,87400,131100,174800,218500
43701,87402,131103,174804,218505
43702,87404,131106,174808,218510
43703,87406,131109,174812,218515
43704,87408,131112,174816,218520
43705,87410,131115,174820,218525
43706,87412,131118,174824,218530
43707,87414,131121,174828,218535
43708,87416,131124,174832,218540
43709,87418,131127,174836,218545
43710,87420,131130,174840,218550
43711,87422,131133,174844,218555
43712,87424,131136,174848,218560
43713,87426,131139,174852,218565
43714,87428,131142,174856,218570
43715,87430,131145,174860,218575
43716,87432,131148,174864,218580
43717,87434,131151,174868,218585
43718,87436,131154,174872,218590
43719,87438,131157,174876,218595
43720,87440,131160,174880,218600
43721,87442,131163,174884,218605
43722,87444,131166,174888,218610
43723,87446,131169,174892,218615
43724,87448,131172,174896,218620
43725,87450,131175,174900,218625
43726,87452,131178,174904,218630
43727,87454,131181,174908,218635
43728,87456,131184,174912,218640
43729,87458,131187,174916,218645
43730,87460,131190,174920,218650
43731,87462,131193,174924,218655
43732,87464,131196,174928,218660
43733,87466,131199,174932,218665
43734,87468,131202,174936,218670
43735,87470,131205,174940,218675
43736,87472,131208,174944,218680
43737,87474,131211,174948,218685
43738,87476,131214,174952,218690
43739,87478,131217,174956,218695
43740,87480,131220,174960,218700
43741,87482,131223,174964,218705
43742,87484,131226,174968,218710
43743,87486,131229,174972,218715
43744,87488,131232,174976,218720
43745,87490,131235,174980,218725
43746,87492,131238,174984,218730
43747,87494,131241,174988,218735
43748,87496,131244,174992,218740
43749,87498,131247,174996,218745
43750,87500,131250,175000,218750
43751,87502,131253,175004,218755
43752,87504,131256,175008,218760
43753,87506,131259,175012,218765
43754,87508,131262,175016,218770
43755,87510,131265,175020,218775
43756,87512,131268,175024,218780
43757,87514,131271,175028,218785
43758,87516,131274,175032,218790
43759,87518,131277,175036,218795
43760,87520,131280,175040,218800
43761,87522,131283,175044,218805
43762,87524,131286,175048,218810
43763,87526,131289,175052,218815
43764,87528,131292,175056,218820
43765,87530,131295,175060,218825
43766,87532,131298,175064,218830
43767,87534,131301,175068,218835
43768,87536,131304,175072,218840
43769,87538,131307,175076,218845
43770,87540,131310,175080,218850
43771,87542,131313,175084,218855
43772,87544,131316,175088,218860
43773,87546,131319,175092,218865
43774,87548,131322,175096,218870
43775,87550,131325,175100,218875
43776,87552,131328,175104,218880
43777,87554,131331,175108,218885
43778,87556,131334,175112,218890
43779,87558,131337,175116,218895
43780,87560,131340,175120,218900
43781,87562,131343,175124,218905
43782,87564,131346,175128,218910
43783,87566,131349,175132,218915
43784,87568,131352,175136,218920
43785,87570,131355,175140,218925
43786,87572,131358,175144,218930
43787,87574,131361,175148,218935
43788,87576,131364,175152,218940
43789,87578,131367,175156,218945
43790,87580,131370,175160,218950
43791,87582,131373,175164,218955
43792,87584,131376,175168,218960
43793,87586,131379,175172,218965
43794,87588,131382,175176,218970
43795,87590,131385,175180,218975
43796,87592,131388,175184,218980
43797,87594,131391,175188,218985
43798,87596,131394,175192,218990
43799,87598,131397,175196,218995
43800,87600,131400,175200,219000
43801,87602,131403,175204,219005
43802,87604,131406,175208,219010
43803,87606,131409,175212,219015
43804,87608,131412,175216,219020
43805,87610,131415,175220,219025
43806,87612,131418,175224,219030
43807,87614,131421,175228,219035
43808,87616,131424,175232,219040
43809,87618,131427,175236,219045
43810,87620,131430,175240,219050
43811,87622,131433,175244,219055
43812,87624,131436,175248,219060
43813,87626,131439,175252,219065
43814,87628,131442,175256,219070
43815,87630,131445,175260,219075
43816,87632,131448,175264,219080
43817,87634,131451,175268,219085
43818,87636,131454,175272,219090
43819,87638,131457,175276,219095
43820,87640,131460,175280,219100
43821,87642,131463,175284,219105
43822,87644,131466,175288,219110
43823,87646,131469,175292,219115
43824,87648,131472,175296,219120
43825,87650,131475,175300,219125
43826,87652,131478,175304,219130
43827,87654,131481,175308,219135
43828,87656,131484,175312,219140
43829,87658,131487,175316,219145
43830,87660,131490,175320,219150
43831,87662,131493,175324,219155
43832,87664,131496,175328,219160
43833,87666,131499,175332,219165
43834,87668,131502,175336,219170
43835,87670,131505,175340,219175
43836,87672,131508,175344,219180
43837,87674,131511,175348,219185
43838,87676,131514,175352,219190
43839,87678,131517,175356,219195
43840,87680,131520,175360,219200
43841,87682,131523,175364,219205
43842,87684,131526,175368,219210
43843,87686,131529,175372,219215
43844,87688,131532,175376,219220
43845,87690,131535,175380,219225
43846,87692,131538,175384,219230
43847,87694,131541,175388,219235
43848,87696,131544,175392,219240
43849,87698,131547,175396,219245
43850,87700,131550,175400,219250
43851,87702,131553,175404,219255
43852,87704,131556,175408,219260
43853,87706,131559,175412,219265
43854,87708,131562,175416,219270
43855,87710,131565,175420,219275
43856,87712,131568,175424,219280
43857,87714,131571,175428,219285
43858,87716,131574,175432,219290
43859,87718,131577,175436,219295
43860,87720,131580,175440,219300
43861,87722,131583,175444,219305
43862,87724,131586,175448,219310
43863,87726,131589,175452,219315
43864,87728,131592,175456,219320
43865,87730,131595,175460,219325
43866,87732,131598,175464,219330
43867,87734,131601,175468,219335
43868,87736,131604,175472,219340
43869,87738,131607,175476,219345
43870,87740,131610,175480,219350
43871,87742,131613,175484,219355
43872,87744,131616,175488,219360
43873,87746,131619,175492,219365
43874,87748,131622,175496,219370
43875,87750,131625,175500,219375
43876,87752,131628,175504,219380
43877,87754,131631,175508,219385
43878,87756,131634,175512,219390
43879,87758,131637,175516,219395
43880,87760,131640,175520,219400
43881,87762,131643,175524,219405
43882,87764,131646,175528,219410
43883,87766,131649,175532,219415
43884,87768,131652,175536,219420
43885,87770,131655,175540,219425
43886,87772,131658,175544,219430
43887,87774,131661,175548,219435
43888,87776,131664,175552,219440
43889,87778,131667,175556,219445
43890,87780,131670,175560,219450
43891,87782,131673,175564,219455
43892,87784,131676,175568,219460
43893,87786,131679,175572,219465
43894,87788,131682,175576,219470
43895,87790,131685,175580,219475
43896,87792,131688,175584,219480
43897,87794,131691,175588,219485
43898,87796,131694,175592,219490
43899,87798,131697,175596,219495
43900,87800,131700,175600,219500
43901,87802,131703,175604,219505
43902,87804,131706,175608,219510
43903,87806,131709,175612,219515
43904,87808,131712,175616,219520
43905,87810,131715,175620,219525
43906,87812,131718,175624,219530
43907,87814,131721,175628,219535
43908,87816,131724,175632,219540
43909,87818,131727,175636,219545
43910,87820,131730,175640,219550
43911,87822,131733,175644,219555
43912,87824,131736,175648,219560
43913,87826,131739,175652,219565
43914,87828,131742,175656,219570
43915,87830,131745,175660,219575
43916,87832,131748,175664,219580
43917,87834,131751,175668,219585
43918,87836,131754,175672,219590
43919,87838,131757,175676,219595
43920,87840,131760,175680,219600
43921,87842,131763,175684,219605
43922,87844,131766,175688,219610
43923,87846,131769,175692,219615
43924,87848,131772,175696,219620
43925,87850,131775,175700,219625
43926,87852,131778,175704,219630
43927,87854,131781,175708,219635
43928,87856,131784,175712,219640
43929,87858,131787,175716,219645
43930,87860,131790,175720,219650
43931,87862,131793,175724,219655
43932,87864,131796,175728,219660
43933,87866,131799,175732,219665
43934,87868,131802,175736,219670
43935,87870,131805,175740,219675
43936,87872,131808,175744,219680
43937,87874,131811,175748,219685
43938,87876,131814,175752,219690
43939,87878,131817,175756,219695
43940,87880,131820,175760,219700
43941,87882,131823,175764,219705
43942,87884,131826,175768,219710
43943,87886,131829,175772,219715
43944,87888,131832,175776,219720
43945,87890,131835,175780,219725
43946,87892,131838,175784,219730
43947,87894,131841,175788,219735
43948,87896,131844,175792,219740
43949,87898,131847,175796,219745
43950,87900,131850,175800,219750
43951,87902,131853,175804,219755
43952,87904,131856,175808,219760
43953,87906,131859,175812,219765
43954,87908,131862,175816,219770
43955,87910,131865,175820,219775
43956,87912,131868,175824,219780
43957,87914,131871,175828,219785
43958,87916,131874,175832,219790
43959,87918,131877,175836,219795
43960,87920,131880,175840,219800
43961,87922,131883,175844,219805
43962,87924,131886,175848,219810
43963,87926,131889,175852,219815
43964,87928,131892,175856,219820
43965,87930,131895,175860,219825
43966,87932,131898,175864,219830
43967,87934,131901,175868,219835
43968,87936,131904,175872,219840
43969,87938,131907,175876,219845
43970,87940,131910,175880,219850
43971,87942,131913,175884,219855
43972,87944,131916,175888,219860
43973,87946,131919,175892,219865
43974,87948,131922,175896,219870
43975,87950,131925,175900,219875
43976,87952,131928,175904,219880
43977,87954,131931,175908,219885
43978,87956,131934,175912,219890
43979,87958,131937,175916,219895
43980,87960,131940,175920,219900
43981,87962,131943,175924,219905
43982,87964,131946,175928,219910
43983,87966,131949,175932,219915
43984,87968,131952,175936,219920
43985,87970,131955,175940,219925
43986,87972,131958,175944,219930
43987,87974,131961,175948,219935
43988,87976,131964,175952,219940
43989,87978,131967,175956,219945
43990,87980,131970,175960,219950
43991,87982,131973,175964,219955
43992,87984,131976,175968,219960
43993,87986,131979,175972,219965
43994,87988,131982,175976,219970
43995,87990,131985,175980,219975
43996,87992,131988,175984,219980
43997,87994,131991,175988,219985
43998,87996,131994,175992,219990
43999,87998,131997,175996,219995
44000,88000,132000,176000,220000
44001,88002,132003,176004,220005
44002,88004,132006,176008,220010
44003,88006,132009,176012,220015
44004,88008,132012,176016,220020
44005,88010,132015,176020,220025
44006,88012,132018,176024,220030
44007,88014,132021,176028,220035
44008,88016,132024,176032,220040
44009,88018,132027,176036,220045
44010,88020,132030,176040,220050
44011,88022,132033,176044,220055
44012,88024,132036,176048,220060
44013,88026,132039,176052,220065
44014,88028,132042,176056,220070
44015,88030,132045,176060,220075
44016,88032,132048,176064,220080
44017,88034,132051,176068,220085
44018,88036,132054,176072,220090
44019,88038,132057,176076,220095
44020,88040,132060,176080,220100
44021,88042,132063,176084,220105
44022,88044,132066,176088,220110
44023,88046,132069,176092,220115
44024,88048,132072,176096,220120
44025,88050,132075,176100,220125
44026,88052,132078,176104,220130
44027,88054,132081,176108,220135
44028,88056,132084,176112,220140
44029,88058,132087,176116,220145
44030,88060,132090,176120,220150
44031,88062,132093,176124,220155
44032,88064,132096,176128,220160
44033,88066,132099,176132,220165
44034,88068,132102,176136,220170
44035,88070,132105,176140,220175
44036,88072,132108,176144,220180
44037,88074,132111,176148,220185
44038,88076,132114,176152,220190
44039,88078,132117,176156,220195
44040,88080,132120,176160,220200
44041,88082,132123,176164,220205
44042,88084,132126,176168,220210
44043,88086,132129,176172,220215
44044,88088,132132,176176,220220
44045,88090,132135,176180,220225
44046,88092,132138,176184,220230
44047,88094,132141,176188,220235
44048,88096,132144,176192,220240
44049,88098,132147,176196,220245
44050,88100,132150,176200,220250
44051,88102,132153,176204,220255
44052,88104,132156,176208,220260
44053,88106,132159,176212,220265
44054,88108,132162,176216,220270
44055,88110,132165,176220,220275
44056,88112,132168,176224,220280
44057,88114,132171,176228,220285
44058,88116,132174,176232,220290
44059,88118,132177,176236,220295
44060,88120,132180,176240,220300
44061,88122,132183,176244,220305
44062,88124,132186,176248,220310
44063,88126,132189,176252,220315
44064,88128,132192,176256,220320
44065,88130,132195,176260,220325
44066,88132,132198,176264,220330
44067,88134,132201,176268,220335
44068,88136,132204,176272,220340
44069,88138,132207,176276,220345
44070,88140,132210,176280,220350
44071,88142,132213,176284,220355
44072,88144,132216,176288,220360
44073,88146,132219,176292,220365
44074,88148,132222,176296,220370
44075,88150,132225,176300,220375
44076,88152,132228,176304,220380
44077,88154,132231,176308,220385
44078,88156,132234,176312,220390
44079,88158,132237,176316,220395
44080,88160,132240,176320,220400
44081,88162,132243,176324,220405
44082,88164,132246,176328,220410
44083,88166,132249,176332,220415
44084,88168,132252,176336,220420
44085,88170,132255,176340,220425
44086,88172,132258,176344,220430
44087,88174,132261,176348,220435
44088,88176,132264,176352,220440
44089,88178,132267,176356,220445
44090,88180,132270,176360,220450
44091,88182,132273,176364,220455
44092,88184,132276,176368,220460
44093,88186,132279,176372,220465
44094,88188,132282,176376,220470
44095,88190,132285,176380,220475
44096,88192,132288,176384,220480
44097,88194,132291,176388,220485
44098,88196,132294,176392,220490
44099,88198,132297,176396,220495
44100,88200,132300,176400,220500
44101,88202,132303,176404,220505
44102,88204,132306,176408,220510
44103,88206,132309,176412,220515
44104,88208,132312,176416,220520
44105,88210,132315,176420,220525
44106,88212,132318,176424,220530
44107,88214,132321,176428,220535
44108,88216,132324,176432,220540
44109,88218,132327,176436,220545
44110,88220,132330,176440,220550
44111,88222,132333,176444,220555
44112,88224,132336,176448,220560
44113,88226,132339,176452,220565
44114,88228,132342,176456,220570
44115,88230,132345,176460,220575
44116,88232,132348,176464,220580
44117,88234,132351,176468,220585
44118,88236,132354,176472,220590
44119,88238,132357,176476,220595
44120,88240,132360,176480,220600
44121,88242,132363,176484,220605
44122,88244,132366,176488,220610
44123,88246,132369,176492,220615
44124,88248,132372,176496,220620
44125,88250,132375,176500,220625
44126,88252,132378,176504,220630
44127,88254,132381,176508,220635
44128,88256,132384,176512,220640
44129,88258,132387,176516,220645
44130,88260,132390,176520,220650
44131,88262,132393,176524,220655
44132,88264,132396,176528,220660
44133,88266,132399,176532,220665
44134,88268,132402,176536,220670
44135,88270,132405,176540,220675
44136,88272,132408,176544,220680
44137,88274,132411,176548,220685
44138,88276,132414,176552,220690
44139,88278,132417,176556,220695
44140,88280,132420,176560,220700
44141,88282,132423,176564,220705
44142,88284,132426,176568,220710
44143,88286,132429,176572,220715
44144,88288,132432,176576,220720
44145,88290,132435,176580,220725
44146,88292,132438,176584,220730
44147,88294,132441,176588,220735
44148,88296,132444,176592,220740
44149,88298,132447,176596,220745
44150,88300,132450,176600,220750
44151,88302,132453,176604,220755
44152,88304,132456,176608,220760
44153,88306,132459,176612,220765
44154,88308,132462,176616,220770
44155,88310,132465,176620,220775
44156,88312,132468,176624,220780
44157,88314,132471,176628,220785
44158,88316,132474,176632,220790
44159,88318,132477,176636,220795
44160,88320,132480,176640,220800
44161,88322,132483,176644,220805
44162,88324,132486,176648,220810
44163,88326,132489,176652,220815
44164,88328,132492,176656,220820
44165,88330,132495,176660,220825
44166,88332,132498,176664,220830
44167,88334,132501,176668,220835
44168,88336,132504,176672,220840
44169,88338,132507,176676,220845
44170,88340,132510,176680,220850
44171,88342,132513,176684,220855
44172,88344,132516,176688,220860
44173,88346,132519,176692,220865
44174,88348,132522,176696,220870
44175,88350,132525,176700,220875
44176,88352,132528,176704,220880
44177,88354,132531,176708,220885
44178,88356,132534,176712,220890
44179,88358,132537,176716,220895
44180,88360,132540,176720,220900
44181,88362,132543,176724,220905
44182,88364,132546,176728,220910
44183,88366,132549,176732,220915
44184,88368,132552,176736,220920
44185,88370,132555,176740,220925
44186,88372,132558,176744,220930
44187,88374,132561,176748,220935
44188,88376,132564,176752,220940
44189,88378,132567,176756,220945
44190,88380,132570,176760,220950
44191,88382,132573,176764,220955
44192,88384,132576,176768,220960
44193,88386,132579,176772,220965
44194,88388,132582,176776,220970
44195,88390,132585,176780,220975
44196,88392,132588,176784,220980
44197,88394,132591,176788,220985
44198,88396,132594,176792,220990
44199,88398,132597,176796,220995
44200,88400,132600,176800,221000
44201,88402,132603,176804,221005
44202,88404,132606,176808,221010
44203,88406,132609,176812,221015
44204,88408,132612,176816,221020
44205,88410,132615,176820,221025
44206,88412,132618,176824,221030
44207,88414,132621,176828,221035
44208,88416,132624,176832,221040
44209,88418,132627,176836,221045
44210,88420,132630,176840,221050
44211,88422,132633,176844,221055
44212,88424,132636,176848,221060
44213,88426,132639,176852,221065
44214,88428,132642,176856,221070
44215,88430,132645,176860,221075
44216,88432,132648,176864,221080
44217,88434,132651,176868,221085
44218,88436,132654,176872,221090
44219,88438,132657,176876,221095
44220,88440,132660,176880,221100
44221,88442,132663,176884,221105
44222,88444,132666,176888,221110
44223,88446,132669,176892,221115
44224,88448,132672,176896,221120
44225,88450,132675,176900,221125
44226,88452,132678,176904,221130
44227,88454,132681,176908,221135
44228,88456,132684,176912,221140
44229,88458,132687,176916,221145
44230,88460,132690,176920,221150
44231,88462,132693,176924,221155
44232,88464,132696,176928,221160
44233,88466,132699,176932,221165
44234,88468,132702,176936,221170
44235,88470,132705,176940,221175
44236,88472,132708,176944,221180
44237,88474,132711,176948,221185
44238,88476,132714,176952,221190
44239,88478,132717,176956,221195
44240,88480,132720,176960,221200
44241,88482,132723,176964,221205
44242,88484,132726,176968,221210
44243,88486,132729,176972,221215
44244,88488,132732,176976,221220
44245,88490,132735,176980,221225
44246,88492,132738,176984,221230
44247,88494,132741,176988,221235
44248,88496,132744,176992,221240
44249,88498,132747,176996,221245
44250,88500,132750,177000,221250
44251,88502,132753,177004,221255
44252,88504,132756,177008,221260
44253,88506,132759,177012,221265
44254,88508,132762,177016,221270
44255,88510,132765,177020,221275
44256,88512,132768,177024,221280
44257,88514,132771,177028,221285
44258,88516,132774,177032,221290
44259,88518,132777,177036,221295
44260,88520,132780,177040,221300
44261,88522,132783,177044,221305
44262,88524,132786,177048,221310
44263,88526,132789,177052,221315
44264,88528,132792,177056,221320
44265,88530,132795,177060,221325
44266,88532,132798,177064,221330
44267,88534,132801,177068,221335
44268,88536,132804,177072,221340
44269,88538,132807,177076,221345
44270,88540,132810,177080,221350
44271,88542,132813,177084,221355
44272,88544,132816,177088,221360
44273,88546,132819,177092,221365
44274,88548,132822,177096,221370
44275,88550,132825,177100,221375
44276,88552,132828,177104,221380
44277,88554,132831,177108,221385
44278,88556,132834,177112,221390
44279,88558,132837,177116,221395
44280,88560,132840,177120,221400
44281,88562,132843,177124,221405
44282,88564,132846,177128,221410
44283,88566,132849,177132,221415
44284,88568,132852,177136,221420
44285,88570,132855,177140,221425
44286,88572,132858,177144,221430
44287,88574,132861,177148,221435
44288,88576,132864,177152,221440
44289,88578,132867,177156,221445
44290,88580,132870,177160,221450
44291,88582,132873,177164,221455
44292,88584,132876,177168,221460
44293,88586,132879,177172,221465
44294,88588,132882,177176,221470
44295,88590,132885,177180,221475
44296,88592,132888,177184,221480
44297,88594,132891,177188,221485
44298,88596,132894,177192,221490
44299,88598,132897,177196,221495
44300,88600,132900,177200,221500
44301,88602,132903,177204,221505
44302,88604,132906,177208,221510
44303,88606,132909,177212,221515
44304,88608,132912,177216,221520
44305,88610,132915,177220,221525
44306,88612,132918,177224,221530
44307,88614,132921,177228,221535
44308,88616,132924,177232,221540
44309,88618,132927,177236,221545
44310,88620,132930,177240,221550
44311,88622,132933,177244,221555
44312,88624,132936,177248,221560
44313,88626,132939,177252,221565
44314,88628,132942,177256,221570
44315,88630,132945,177260,221575
44316,88632,132948,177264,221580
44317,88634,132951,177268,221585
44318,88636,132954,177272,221590
44319,88638,132957,177276,221595
44320,88640,132960,177280,221600
44321,88642,132963,177284,221605
44322,88644,132966,177288,221610
44323,88646,132969,177292,221615
44324,88648,132972,177296,221620
44325,88650,132975,177300,221625
44326,88652,132978,177304,221630
44327,88654,132981,177308,221635
44328,88656,132984,177312,221640
44329,88658,132987,177316,221645
44330,88660,132990,177320,221650
44331,88662,132993,177324,221655
44332,88664,132996,177328,221660
44333,88666,132999,177332,221665
44334,88668,133002,177336,221670
44335,88670,133005,177340,221675
44336,88672,133008,177344,221680
44337,88674,133011,177348,221685
44338,88676,133014,177352,221690
44339,88678,133017,177356,221695
44340,88680,133020,177360,221700
44341,88682,133023,177364,221705
44342,88684,133026,177368,221710
44343,88686,133029,177372,221715
44344,88688,133032,177376,221720
44345,88690,133035,177380,221725
44346,88692,133038,177384,221730
44347,88694,133041,177388,221735
44348,88696,133044,177392,221740
44349,88698,133047,177396,221745
44350,88700,133050,177400,221750
44351,88702,133053,177404,221755
44352,88704,133056,177408,221760
44353,88706,133059,177412,221765
44354,88708,133062,177416,221770
44355,88710,133065,177420,221775
44356,88712,133068,177424,221780
44357,88714,133071,177428,221785
44358,88716,133074,177432,221790
44359,88718,133077,177436,221795
44360,88720,133080,177440,221800
44361,88722,133083,177444,221805
44362,88724,133086,177448,221810
44363,88726,133089,177452,221815
44364,88728,133092,177456,221820
44365,88730,133095,177460,221825
44366,88732,133098,177464,221830
44367,88734,133101,177468,221835
44368,88736,133104,177472,221840
44369,88738,133107,177476,221845
44370,88740,133110,177480,221850
44371,88742,133113,177484,221855
44372,88744,133116,177488,221860
44373,88746,133119,177492,221865
44374,88748,133122,177496,221870
44375,88750,133125,177500,221875
44376,88752,133128,177504,221880
44377,88754,133131,177508,221885
44378,88756,133134,177512,221890
44379,88758,133137,177516,221895
44380,88760,133140,177520,221900
44381,88762,133143,177524,221905
44382,88764,133146,177528,221910
44383,88766,133149,177532,221915
44384,88768,133152,177536,221920
44385,88770,133155,177540,221925
44386,88772,133158,177544,221930
44387,88774,133161,177548,221935
44388,88776,133164,177552,221940
44389,88778,133167,177556,221945
44390,88780,133170,177560,221950
44391,88782,133173,177564,221955
44392,88784,133176,177568,221960
44393,88786,133179,177572,221965
44394,88788,133182,177576,221970
44395,88790,133185,177580,221975
44396,88792,133188,177584,221980
44397,88794,133191,177588,221985
44398,88796,133194,177592,221990
44399,88798,133197,177596,221995
44400,88800,133200,177600,222000
44401,88802,133203,177604,222005
44402,88804,133206,177608,222010
44403,88806,133209,177612,222015
44404,88808,133212,177616,222020
44405,88810,133215,177620,222025
44406,88812,133218,177624,222030
44407,88814,133221,177628,222035
44408,88816,133224,177632,222040
44409,88818,133227,177636,222045
44410,88820,133230,177640,222050
44411,88822,133233,177644,222055
44412,88824,133236,177648,222060
44413,88826,133239,177652,222065
44414,88828,133242,177656,222070
44415,88830,133245,177660,222075
44416,88832,133248,177664,222080
44417,88834,133251,177668,222085
44418,88836,133254,177672,222090
44419,88838,133257,177676,222095
44420,88840,133260,177680,222100
44421,88842,133263,177684,222105
44422,88844,133266,177688,222110
44423,88846,133269,177692,222115
44424,88848,133272,177696,222120
44425,88850,133275,177700,222125
44426,88852,133278,177704,222130
44427,88854,133281,177708,222135
44428,88856,133284,177712,222140
44429,88858,133287,177716,222145
44430,88860,133290,177720,222150
44431,88862,133293,177724,222155
44432,88864,133296,177728,222160
44433,88866,133299,177732,222165
44434,88868,133302,177736,222170
44435,88870,133305,177740,222175
44436,88872,133308,177744,222180
44437,88874,133311,177748,222185
44438,88876,133314,177752,222190
44439,88878,133317,177756,222195
44440,88880,133320,177760,222200
44441,88882,133323,177764,222205
44442,88884,133326,177768,222210
44443,88886,133329,177772,222215
44444,88888,133332,177776,222220
44445,88890,133335,177780,222225
44446,88892,133338,177784,222230
44447,88894,133341,177788,222235
44448,88896,133344,177792,222240
44449,88898,133347,177796,222245
44450,88900,133350,177800,222250
44451,88902,133353,177804,222255
44452,88904,133356,177808,222260
44453,88906,133359,177812,222265
44454,88908,133362,177816,222270
44455,88910,133365,177820,222275
44456,88912,133368,177824,222280
44457,88914,133371,177828,222285
44458,88916,133374,177832,222290
44459,88918,133377,177836,222295
44460,88920,133380,177840,222300
44461,88922,133383,177844,222305
44462,88924,133386,177848,222310
44463,88926,133389,177852,222315
44464,88928,133392,177856,222320
44465,88930,133395,177860,222325
44466,88932,133398,177864,222330
44467,88934,133401,177868,222335
44468,88936,133404,177872,222340
44469,88938,133407,177876,222345
44470,88940,133410,177880,222350
44471,88942,133413,177884,222355
44472,88944,133416,177888,222360
44473,88946,133419,177892,222365
44474,88948,133422,177896,222370
44475,88950,133425,177900,222375
44476,88952,133428,177904,222380
44477,88954,133431,177908,222385
44478,88956,133434,177912,222390
44479,88958,133437,177916,222395
44480,88960,133440,177920,222400
44481,88962,133443,177924,222405
44482,88964,133446,177928,222410
44483,88966,133449,177932,222415
44484,88968,133452,177936,222420
44485,88970,133455,177940,222425
44486,88972,133458,177944,222430
44487,88974,133461,177948,222435
44488,88976,133464,177952,222440
44489,88978,133467,177956,222445
44490,88980,133470,177960,222450
44491,88982,133473,177964,222455
44492,88984,133476,177968,222460
44493,88986,133479,177972,222465
44494,88988,133482,177976,222470
44495,88990,133485,177980,222475
44496,88992,133488,177984,222480
44497,88994,133491,177988,222485
44498,88996,133494,177992,222490
44499,88998,133497,177996,222495
44500,89000,133500,178000,222500
44501,89002,133503,178004,222505
44502,89004,133506,178008,222510
44503,89006,133509,178012,222515
44504,89008,133512,178016,222520
44505,89010,133515,178020,222525
44506,89012,133518,178024,222530
44507,89014,133521,178028,222535
44508,89016,133524,178032,222540
44509,89018,133527,178036,222545
44510,89020,133530,178040,222550
44511,89022,133533,178044,222555
44512,89024,133536,178048,222560
44513,89026,133539,178052,222565
44514,89028,133542,178056,222570
44515,89030,133545,178060,222575
44516,89032,133548,178064,222580
44517,89034,133551,178068,222585
44518,89036,133554,178072,222590
44519,89038,133557,178076,222595
44520,89040,133560,178080,222600
44521,89042,133563,178084,222605
44522,89044,133566,178088,222610
44523,89046,133569,178092,222615
44524,89048,133572,178096,222620
44525,89050,133575,178100,222625
44526,89052,133578,178104,222630
44527,89054,133581,178108,222635
44528,89056,133584,178112,222640
44529,89058,133587,178116,222645
44530,89060,133590,178120,222650
44531,89062,133593,178124,222655
44532,89064,133596,178128,222660
44533,89066,133599,178132,222665
44534,89068,133602,178136,222670
44535,89070,133605,178140,222675
44536,89072,133608,178144,222680
44537,89074,133611,178148,222685
44538,89076,133614,178152,222690
44539,89078,133617,178156,222695
44540,89080,133620,178160,222700
44541,89082,133623,178164,222705
44542,89084,133626,178168,222710
44543,89086,133629,178172,222715
44544,89088,133632,178176,222720
44545,89090,133635,178180,222725
44546,89092,133638,178184,222730
44547,89094,133641,178188,222735
44548,89096,133644,178192,222740
44549,89098,133647,178196,222745
44550,89100,133650,178200,222750
44551,89102,133653,178204,222755
44552,89104,133656,178208,222760
44553,89106,133659,178212,222765
44554,89108,133662,178216,222770
44555,89110,133665,178220,222775
44556,89112,133668,178224,222780
44557,89114,133671,178228,222785
44558,89116,133674,178232,222790
44559,89118,133677,178236,222795
44560,89120,133680,178240,222800
44561,89122,133683,178244,222805
44562,89124,133686,178248,222810
44563,89126,133689,178252,222815
44564,89128,133692,178256,222820
44565,89130,133695,178260,222825
44566,89132,133698,178264,222830
44567,89134,133701,178268,222835
44568,89136,133704,178272,222840
44569,89138,133707,178276,222845
44570,89140,133710,178280,222850
44571,89142,133713,178284,222855
44572,89144,133716,178288,222860
44573,89146,133719,178292,222865
44574,89148,133722,178296,222870
44575,89150,133725,178300,222875
44576,89152,133728,178304,222880
44577,89154,133731,178308,222885
44578,89156,133734,178312,222890
44579,89158,133737,178316,222895
44580,89160,133740,178320,222900
44581,89162,133743,178324,222905
44582,89164,133746,178328,222910
44583,89166,133749,178332,222915
44584,89168,133752,178336,222920
44585,89170,133755,178340,222925
44586,89172,133758,178344,222930
44587,89174,133761,178348,222935
44588,89176,133764,178352,222940
44589,89178,133767,178356,222945
44590,89180,133770,178360,222950
44591,89182,133773,178364,222955
44592,89184,133776,178368,222960
44593,89186,133779,178372,222965
44594,89188,133782,178376,222970
44595,89190,133785,178380,222975
44596,89192,133788,178384,222980
44597,89194,133791,178388,222985
44598,89196,133794,178392,222990
44599,89198,133797,178396,222995
44600,89200,133800,178400,223000
44601,89202,133803,178404,223005
44602,89204,133806,178408,223010
44603,89206,133809,178412,223015
44604,89208,133812,178416,223020
44605,89210,133815,178420,223025
44606,89212,133818,178424,223030
44607,89214,133821,178428,223035
44608,89216,133824,178432,223040
44609,89218,133827,178436,223045
44610,89220,133830,178440,223050
44611,89222,133833,178444,223055
44612,89224,133836,178448,223060
44613,89226,133839,178452,223065
44614,89228,133842,178456,223070
44615,89230,133845,178460,223075
44616,89232,133848,178464,223080
44617,89234,133851,178468,223085
44618,89236,133854,178472,223090
44619,89238,133857,178476,223095
44620,89240,133860,178480,223100
44621,89242,133863,178484,223105
44622,89244,133866,178488,223110
44623,89246,133869,178492,223115
44624,89248,133872,178496,223120
44625,89250,133875,178500,223125
44626,89252,133878,178504,223130
44627,89254,133881,178508,223135
44628,89256,133884,178512,223140
44629,89258,133887,178516,223145
44630,89260,133890,178520,223150
44631,89262,133893,178524,223155
44632,89264,133896,178528,223160
44633,89266,133899,178532,223165
44634,89268,133902,178536,223170
44635,89270,133905,178540,223175
44636,89272,133908,178544,223180
44637,89274,133911,178548,223185
44638,89276,133914,178552,223190
44639,89278,133917,178556,223195
44640,89280,133920,178560,223200
44641,89282,133923,178564,223205
44642,89284,133926,178568,223210
44643,89286,133929,178572,223215
44644,89288,133932,178576,223220
44645,89290,133935,178580,223225
44646,89292,133938,178584,223230
44647,89294,133941,178588,223235
44648,89296,133944,178592,223240
44649,89298,133947,178596,223245
44650,89300,133950,178600,223250
44651,89302,133953,178604,223255
44652,89304,133956,178608,223260
44653,89306,133959,178612,223265
44654,89308,133962,178616,223270
44655,89310,133965,178620,223275
44656,89312,133968,178624,223280
44657,89314,133971,178628,223285
44658,89316,133974,178632,223290
44659,89318,133977,178636,223295
44660,89320,133980,178640,223300
44661,89322,133983,178644,223305
44662,89324,133986,178648,223310
44663,89326,133989,178652,223315
44664,89328,133992,178656,223320
44665,89330,133995,178660,223325
44666,89332,133998,178664,223330
44667,89334,134001,178668,223335
44668,89336,134004,178672,223340
44669,89338,134007,178676,223345
44670,89340,134010,178680,223350
44671,89342,134013,178684,223355
44672,89344,134016,178688,223360
44673,89346,134019,178692,223365
44674,89348,134022,178696,223370
44675,89350,134025,178700,223375
44676,89352,134028,178704,223380
44677,89354,134031,178708,223385
44678,89356,134034,178712,223390
44679,89358,134037,178716,223395
44680,89360,134040,178720,223400
44681,89362,134043,178724,223405
44682,89364,134046,178728,223410
44683,89366,134049,178732,223415
44684,89368,134052,178736,223420
44685,89370,134055,178740,223425
44686,89372,134058,178744,223430
44687,89374,134061,178748,223435
44688,89376,134064,178752,223440
44689,89378,134067,178756,223445
44690,89380,134070,178760,223450
44691,89382,134073,178764,223455
44692,89384,134076,178768,223460
44693,89386,134079,178772,223465
44694,89388,134082,178776,223470
44695,89390,134085,178780,223475
44696,89392,134088,178784,223480
44697,89394,134091,178788,223485
44698,89396,134094,178792,223490
44699,89398,134097,178796,223495
44700,89400,134100,178800,223500
44701,89402,134103,178804,223505
44702,89404,134106,178808,223510
44703,89406,134109,178812,223515
44704,89408,134112,178816,223520
44705,89410,134115,178820,223525
44706,89412,134118,178824,223530
44707,89414,134121,178828,223535
44708,89416,134124,178832,223540
44709,89418,134127,178836,223545
44710,89420,134130,178840,223550
44711,89422,134133,178844,223555
44712,89424,134136,178848,223560
44713,89426,134139,178852,223565
44714,89428,134142,178856,223570
44715,89430,134145,178860,223575
44716,89432,134148,178864,223580
44717,89434,134151,178868,223585
44718,89436,134154,178872,223590
44719,89438,134157,178876,223595
44720,89440,134160,178880,223600
44721,89442,134163,178884,223605
44722,89444,134166,178888,223610
44723,89446,134169,178892,223615
44724,89448,134172,178896,223620
44725,89450,134175,178900,223625
44726,89452,134178,178904,223630
44727,89454,134181,178908,223635
44728,89456,134184,178912,223640
44729,89458,134187,178916,223645
44730,89460,134190,178920,223650
44731,89462,134193,178924,223655
44732,89464,134196,178928,223660
44733,89466,134199,178932,223665
44734,89468,134202,178936,223670
44735,89470,134205,178940,223675
44736,89472,134208,178944,223680
44737,89474,134211,178948,223685
44738,89476,134214,178952,223690
44739,89478,134217,178956,223695
44740,89480,134220,178960,223700
44741,89482,134223,178964,223705
44742,89484,134226,178968,223710
44743,89486,134229,178972,223715
44744,89488,134232,178976,223720
44745,89490,134235,178980,223725
44746,89492,134238,178984,223730
44747,89494,134241,178988,223735
44748,89496,134244,178992,223740
44749,89498,134247,178996,223745
44750,89500,134250,179000,223750
44751,89502,134253,179004,223755
44752,89504,134256,179008,223760
44753,89506,134259,179012,223765
44754,89508,134262,179016,223770
44755,89510,134265,179020,223775
44756,89512,134268,179024,223780
44757,89514,134271,179028,223785
44758,89516,134274,179032,223790
44759,89518,134277,179036,223795
44760,89520,134280,179040,223800
44761,89522,134283,179044,223805
44762,89524,134286,179048,223810
44763,89526,134289,179052,223815
44764,89528,134292,179056,223820
44765,89530,134295,179060,223825
44766,89532,134298,179064,223830
44767,89534,134301,179068,223835
44768,89536,134304,179072,223840
44769,89538,134307,179076,223845
44770,89540,134310,179080,223850
44771,89542,134313,179084,223855
44772,89544,134316,179088,223860
44773,89546,134319,179092,223865
44774,89548,134322,179096,223870
44775,89550,134325,179100,223875
44776,89552,134328,179104,223880
44777,89554,134331,179108,223885
44778,89556,134334,179112,223890
44779,89558,134337,179116,223895
44780,89560,134340,179120,223900
44781,89562,134343,179124,223905
44782,89564,134346,179128,223910
44783,89566,134349,179132,223915
44784,89568,134352,179136,223920
44785,89570,134355,179140,223925
44786,89572,134358,179144,223930
44787,89574,134361,179148,223935
44788,89576,134364,179152,223940
44789,89578,134367,179156,223945
44790,89580,134370,179160,223950
44791,89582,134373,179164,223955
44792,89584,134376,179168,223960
44793,89586,134379,179172,223965
44794,89588,134382,179176,223970
44795,89590,134385,179180,223975
44796,89592,134388,179184,223980
44797,89594,134391,179188,223985
44798,89596,134394,179192,223990
44799,89598,134397,179196,223995
44800,89600,134400,179200,224000
44801,89602,134403,179204,224005
44802,89604,134406,179208,224010
44803,89606,134409,179212,224015
44804,89608,134412,179216,224020
44805,89610,134415,179220,224025
44806,89612,134418,179224,224030
44807,89614,134421,179228,224035
44808,89616,134424,179232,224040
44809,89618,134427,179236,224045
44810,89620,134430,179240,224050
44811,89622,134433,179244,224055
44812,89624,134436,179248,224060
44813,89626,134439,179252,224065
44814,89628,134442,179256,224070
44815,89630,134445,179260,224075
44816,89632,134448,179264,224080
44817,89634,134451,179268,224085
44818,89636,134454,179272,224090
44819,89638,134457,179276,224095
44820,89640,134460,179280,224100
44821,89642,134463,179284,224105
44822,89644,134466,179288,224110
44823,89646,134469,179292,224115
44824,89648,134472,179296,224120
44825,89650,134475,179300,224125
44826,89652,134478,179304,224130
44827,89654,134481,179308,224135
44828,89656,134484,179312,224140
44829,89658,134487,179316,224145
44830,89660,134490,179320,224150
44831,89662,134493,179324,224155
44832,89664,134496,179328,224160
44833,89666,134499,179332,224165
44834,89668,134502,179336,224170
44835,89670,134505,179340,224175
44836,89672,134508,179344,224180
44837,89674,134511,179348,224185
44838,89676,134514,179352,224190
44839,89678,134517,179356,224195
44840,89680,134520,179360,224200
44841,89682,134523,179364,224205
44842,89684,134526,179368,224210
44843,89686,134529,179372,224215
44844,89688,134532,179376,224220
44845,89690,134535,179380,224225
44846,89692,134538,179384,224230
44847,89694,134541,179388,224235
44848,89696,134544,179392,224240
44849,89698,134547,179396,224245
44850,89700,134550,179400,224250
44851,89702,134553,179404,224255
44852,89704,134556,179408,224260
44853,89706,134559,179412,224265
44854,89708,134562,179416,224270
44855,89710,134565,179420,224275
44856,89712,134568,179424,224280
44857,89714,134571,179428,224285
44858,89716,134574,179432,224290
44859,89718,134577,179436,224295
44860,89720,134580,179440,224300
44861,89722,134583,179444,224305
44862,89724,134586,179448,224310
44863,89726,134589,179452,224315
44864,89728,134592,179456,224320
44865,89730,134595,179460,224325
44866,89732,134598,179464,224330
44867,89734,134601,179468,224335
44868,89736,134604,179472,224340
44869,89738,134607,179476,224345
44870,89740,134610,179480,224350
44871,89742,134613,179484,224355
44872,89744,134616,179488,224360
44873,89746,134619,179492,224365
44874,89748,134622,179496,224370
44875,89750,134625,179500,224375
44876,89752,134628,179504,224380
44877,89754,134631,179508,224385
44878,89756,134634,179512,224390
44879,89758,134637,179516,224395
44880,89760,134640,179520,224400
44881,89762,134643,179524,224405
44882,89764,134646,179528,224410
44883,89766,134649,179532,224415
44884,89768,134652,179536,224420
44885,89770,134655,179540,224425
44886,89772,134658,179544,224430
44887,89774,134661,179548,224435
44888,89776,134664,179552,224440
44889,89778,134667,179556,224445
44890,89780,134670,179560,224450
44891,89782,134673,179564,224455
44892,89784,134676,179568,224460
44893,89786,134679,179572,224465
44894,89788,134682,179576,224470
44895,89790,134685,179580,224475
44896,89792,134688,179584,224480
44897,89794,134691,179588,224485
44898,89796,134694,179592,224490
44899,89798,134697,179596,224495
44900,89800,134700,179600,224500
44901,89802,134703,179604,224505
44902,89804,134706,179608,224510
44903,89806,134709,179612,224515
44904,89808,134712,179616,224520
44905,89810,134715,179620,224525
44906,89812,134718,179624,224530
44907,89814,134721,179628,224535
44908,89816,134724,179632,224540
44909,89818,134727,179636,224545
44910,89820,134730,179640,224550
44911,89822,134733,179644,224555
44912,89824,134736,179648,224560
44913,89826,134739,179652,224565
44914,89828,134742,179656,224570
44915,89830,134745,179660,224575
44916,89832,134748,179664,224580
44917,89834,134751,179668,224585
44918,89836,134754,179672,224590
44919,89838,134757,179676,224595
44920,89840,134760,179680,224600
44921,89842,134763,179684,224605
44922,89844,134766,179688,224610
44923,89846,134769,179692,224615
44924,89848,134772,179696,224620
44925,89850,134775,179700,224625
44926,89852,134778,179704,224630
44927,89854,134781,179708,224635
44928,89856,134784,179712,224640
44929,89858,134787,179716,224645
44930,89860,134790,179720,224650
44931,89862,134793,179724,224655
44932,89864,134796,179728,224660
44933,89866,134799,179732,224665
44934,89868,134802,179736,224670
44935,89870,134805,179740,224675
44936,89872,134808,179744,224680
44937,89874,134811,179748,224685
44938,89876,134814,179752,224690
44939,89878,134817,179756,224695
44940,89880,134820,179760,224700
44941,89882,134823,179764,224705
44942,89884,134826,179768,224710
44943,89886,134829,179772,224715
44944,89888,134832,179776,224720
44945,89890,134835,179780,224725
44946,89892,134838,179784,224730
44947,89894,134841,179788,224735
44948,89896,134844,179792,224740
44949,89898,134847,179796,224745
44950,89900,134850,179800,224750
44951,89902,134853,179804,224755
44952,89904,134856,179808,224760
44953,89906,134859,179812,224765
44954,89908,134862,179816,224770
44955,89910,134865,179820,224775
44956,89912,134868,179824,224780
44957,89914,134871,179828,224785
44958,89916,134874,179832,224790
44959,89918,134877,179836,224795
44960,89920,134880,179840,224800
44961,89922,134883,179844,224805
44962,89924,134886,179848,224810
44963,89926,134889,179852,224815
44964,89928,134892,179856,224820
44965,89930,134895,179860,224825
44966,89932,134898,179864,224830
44967,89934,134901,179868,224835
44968,89936,134904,179872,224840
44969,89938,134907,179876,224845
44970,89940,134910,179880,224850
44971,89942,134913,179884,224855
44972,89944,134916,179888,224860
44973,89946,134919,179892,224865
44974,89948,134922,179896,224870
44975,89950,134925,179900,224875
44976,89952,134928,179904,224880
44977,89954,134931,179908,224885
44978,89956,134934,179912,224890
44979,89958,134937,179916,224895
44980,89960,134940,179920,224900
44981,89962,134943,179924,224905
44982,89964,134946,179928,224910
44983,89966,134949,179932,224915
44984,89968,134952,179936,224920
44985,89970,134955,179940,224925
44986,89972,134958,179944,224930
44987,89974,134961,179948,224935
44988,89976,134964,179952,224940
44989,89978,134967,179956,224945
44990,89980,134970,179960,224950
44991,89982,134973,179964,224955
44992,89984,134976,179968,224960
44993,89986,134979,179972,224965
44994,89988,134982,179976,224970
44995,89990,134985,179980,224975
44996,89992,134988,179984,224980
44997,89994,134991,179988,224985
44998,89996,134994,179992,224990
44999,89998,134997,179996,224995
45000,90000,135000,180000,225000
45001,90002,135003,180004,225005
45002,90004,135006,180008,225010
45003,90006,135009,180012,225015
45004,90008,135012,180016,225020
45005,90010,135015,180020,225025
45006,90012,135018,180024,225030
45007,90014,135021,180028,225035
45008,90016,135024,180032,225040
45009,90018,135027,180036,225045
45010,90020,135030,180040,225050
45011,90022,135033,180044,225055
45012,90024,135036,180048,225060
45013,90026,135039,180052,225065
45014,90028,135042,180056,225070
45015,90030,135045,180060,225075
45016,90032,135048,180064,225080
45017,90034,135051,180068,225085
45018,90036,135054,180072,225090
45019,90038,135057,180076,225095
45020,90040,135060,180080,225100
45021,90042,135063,180084,225105
45022,90044,135066,180088,225110
45023,90046,135069,180092,225115
45024,90048,135072,180096,225120
45025,90050,135075,180100,225125
45026,90052,135078,180104,225130
45027,90054,135081,180108,225135
45028,90056,135084,180112,225140
45029,90058,135087,180116,225145
45030,90060,135090,180120,225150
45031,90062,135093,180124,225155
45032,90064,135096,180128,225160
45033,90066,135099,180132,225165
45034,90068,135102,180136,225170
45035,90070,135105,180140,225175
45036,90072,135108,180144,225180
45037,90074,135111,180148,225185
45038,90076,135114,180152,225190
45039,90078,135117,180156,225195
45040,90080,135120,180160,225200
45041,90082,135123,180164,225205
45042,90084,135126,180168,225210
45043,90086,135129,180172,225215
45044,90088,135132,180176,225220
45045,90090,135135,180180,225225
45046,90092,135138,180184,225230
45047,90094,135141,180188,225235
45048,90096,135144,180192,225240
45049,90098,135147,180196,225245
45050,90100,135150,180200,225250
45051,90102,135153,180204,225255
45052,90104,135156,180208,225260
45053,90106,135159,180212,225265
45054,90108,135162,180216,225270
45055,90110,135165,180220,225275
45056,90112,135168,180224,225280
45057,90114,135171,180228,225285
45058,90116,135174,180232,225290
45059,90118,135177,180236,225295
45060,90120,135180,180240,225300
45061,90122,135183,180244,225305
45062,90124,135186,180248,225310
45063,90126,135189,180252,225315
45064,90128,135192,180256,225320
45065,90130,135195,180260,225325
45066,90132,135198,180264,225330
45067,90134,135201,180268,225335
45068,90136,135204,180272,225340
45069,90138,135207,180276,225345
45070,90140,135210,180280,225350
45071,90142,135213,180284,225355
45072,90144,135216,180288,225360
45073,90146,135219,180292,225365
45074,90148,135222,180296,225370
45075,90150,135225,180300,225375
45076,90152,135228,180304,225380
45077,90154,135231,180308,225385
45078,90156,135234,180312,225390
45079,90158,135237,180316,225395
45080,90160,135240,180320,225400
45081,90162,135243,180324,225405
45082,90164,135246,180328,225410
45083,90166,135249,180332,225415
45084,90168,135252,180336,225420
45085,90170,135255,180340,225425
45086,90172,135258,180344,225430
45087,90174,135261,180348,225435
45088,90176,135264,180352,225440
45089,90178,135267,180356,225445
45090,90180,135270,180360,225450
45091,90182,135273,180364,225455
45092,90184,135276,180368,225460
45093,90186,135279,180372,225465
45094,90188,135282,180376,225470
45095,90190,135285,180380,225475
45096,90192,135288,180384,225480
45097,90194,135291,180388,225485
45098,90196,135294,180392,225490
45099,90198,135297,180396,225495
45100,90200,135300,180400,225500
45101,90202,135303,180404,225505
45102,90204,135306,180408,225510
45103,90206,135309,180412,225515
45104,90208,135312,180416,225520
45105,90210,135315,180420,225525
45106,90212,135318,180424,225530
45107,90214,135321,180428,225535
45108,90216,135324,180432,225540
45109,90218,135327,180436,225545
45110,90220,135330,180440,225550
45111,90222,135333,180444,225555
45112,90224,135336,180448,225560
45113,90226,135339,180452,225565
45114,90228,135342,180456,225570
45115,90230,135345,180460,225575
45116,90232,135348,180464,225580
45117,90234,135351,180468,225585
45118,90236,135354,180472,225590
45119,90238,135357,180476,225595
45120,90240,135360,180480,225600
45121,90242,135363,180484,225605
45122,90244,135366,180488,225610
45123,90246,135369,180492,225615
45124,90248,135372,180496,225620
45125,90250,135375,180500,225625
45126,90252,135378,180504,225630
45127,90254,135381,180508,225635
45128,90256,135384,180512,225640
45129,90258,135387,180516,225645
45130,90260,135390,180520,225650
45131,90262,135393,180524,225655
45132,90264,135396,180528,225660
45133,90266,135399,180532,225665
45134,90268,135402,180536,225670
45135,90270,135405,180540,225675
45136,90272,135408,180544,225680
45137,90274,135411,180548,225685
45138,90276,135414,180552,225690
45139,90278,135417,180556,225695
45140,90280,135420,180560,225700
45141,90282,135423,180564,225705
45142,90284,135426,180568,225710
45143,90286,135429,180572,225715
45144,90288,135432,180576,225720
45145,90290,135435,180580,225725
45146,90292,135438,180584,225730
45147,90294,135441,180588,225735
45148,90296,135444,180592,225740
45149,90298,135447,180596,225745
45150,90300,135450,180600,225750
45151,90302,135453,180604,225755
45152,90304,135456,180608,225760
45153,90306,135459,180612,225765
45154,90308,135462,180616,225770
45155,90310,135465,180620,225775
45156,90312,135468,180624,225780
45157,90314,135471,180628,225785
45158,90316,135474,180632,225790
45159,90318,135477,180636,225795
45160,90320,135480,180640,225800
45161,90322,135483,180644,225805
45162,90324,135486,180648,225810
45163,90326,135489,180652,225815
45164,90328,135492,180656,225820
45165,90330,135495,180660,225825
45166,90332,135498,180664,225830
45167,90334,135501,180668,225835
45168,90336,135504,180672,225840
45169,90338,135507,180676,225845
45170,90340,135510,180680,225850
45171,90342,135513,180684,225855
45172,90344,135516,180688,225860
45173,90346,135519,180692,225865
45174,90348,135522,180696,225870
45175,90350,135525,180700,225875
45176,90352,135528,180704,225880
45177,90354,135531,180708,225885
45178,90356,135534,180712,225890
45179,90358,135537,180716,225895
45180,90360,135540,180720,225900
45181,90362,135543,180724,225905
45182,90364,135546,180728,225910
45183,90366,135549,180732,225915
45184,90368,135552,180736,225920
45185,90370,135555,180740,225925
45186,90372,135558,180744,225930
45187,90374,135561,180748,225935
45188,90376,135564,180752,225940
45189,90378,135567,180756,225945
45190,90380,135570,180760,225950
45191,90382,135573,180764,225955
45192,90384,135576,180768,225960
45193,90386,135579,180772,225965
45194,90388,135582,180776,225970
45195,90390,135585,180780,225975
45196,90392,135588,180784,225980
45197,90394,135591,180788,225985
45198,90396,135594,180792,225990
45199,90398,135597,180796,225995
45200,90400,135600,180800,226000
45201,90402,135603,180804,226005
45202,90404,135606,180808,226010
45203,90406,135609,180812,226015
45204,90408,135612,180816,226020
45205,90410,135615,180820,226025
45206,90412,135618,180824,226030
45207,90414,135621,180828,226035
45208,90416,135624,180832,226040
45209,90418,135627,180836,226045
45210,90420,135630,180840,226050
45211,90422,135633,180844,226055
45212,90424,135636,180848,226060
45213,90426,135639,180852,226065
45214,90428,135642,180856,226070
45215,90430,135645,180860,226075
45216,90432,135648,180864,226080
45217,90434,135651,180868,226085
45218,90436,135654,180872,226090
45219,90438,135657,180876,226095
45220,90440,135660,180880,226100
45221,90442,135663,180884,226105
45222,90444,135666,180888,226110
45223,90446,135669,180892,226115
45224,90448,135672,180896,226120
45225,90450,135675,180900,226125
45226,90452,135678,180904,226130
45227,90454,135681,180908,226135
45228,90456,135684,180912,226140
45229,90458,135687,180916,226145
45230,90460,135690,180920,226150
45231,90462,135693,180924,226155
45232,90464,135696,180928,226160
45233,90466,135699,180932,226165
45234,90468,135702,180936,226170
45235,90470,135705,180940,226175
45236,90472,135708,180944,226180
45237,90474,135711,180948,226185
45238,90476,135714,180952,226190
45239,90478,135717,180956,226195
45240,90480,135720,180960,226200
45241,90482,135723,180964,226205
45242,90484,135726,180968,226210
45243,90486,135729,180972,226215
45244,90488,135732,180976,226220
45245,90490,135735,180980,226225
45246,90492,135738,180984,226230
45247,90494,135741,180988,226235
45248,90496,135744,180992,226240
45249,90498,135747,180996,226245
45250,90500,135750,181000,226250
45251,90502,135753,181004,226255
45252,90504,135756,181008,226260
45253,90506,135759,181012,226265
45254,90508,135762,181016,226270
45255,90510,135765,181020,226275
45256,90512,135768,181024,226280
45257,90514,135771,181028,226285
45258,90516,135774,181032,226290
45259,90518,135777,181036,226295
45260,90520,135780,181040,226300
45261,90522,135783,181044,226305
45262,90524,135786,181048,226310
45263,90526,135789,181052,226315
45264,90528,135792,181056,226320
45265,90530,135795,181060,226325
45266,90532,135798,181064,226330
45267,90534,135801,181068,226335
45268,90536,135804,181072,226340
45269,90538,135807,181076,226345
45270,90540,135810,181080,226350
45271,90542,135813,181084,226355
45272,90544,135816,181088,226360
45273,90546,135819,181092,226365
45274,90548,135822,181096,226370
45275,90550,135825,181100,226375
45276,90552,135828,181104,226380
45277,90554,135831,181108,226385
45278,90556,135834,181112,226390
45279,90558,135837,181116,226395
45280,90560,135840,181120,226400
45281,90562,135843,181124,226405
45282,90564,135846,181128,226410
45283,90566,135849,181132,226415
45284,90568,135852,181136,226420
45285,90570,135855,181140,226425
45286,90572,135858,181144,226430
45287,90574,135861,181148,226435
45288,90576,135864,181152,226440
45289,90578,135867,181156,226445
45290,90580,135870,181160,226450
45291,90582,135873,181164,226455
45292,90584,135876,181168,226460
45293,90586,135879,181172,226465
45294,90588,135882,181176,226470
45295,90590,135885,181180,226475
45296,90592,135888,181184,226480
45297,90594,135891,181188,226485
45298,90596,135894,181192,226490
45299,90598,135897,181196,226495
45300,90600,135900,181200,226500
45301,90602,135903,181204,226505
45302,90604,135906,181208,226510
45303,90606,135909,181212,226515
45304,90608,135912,181216,226520
45305,90610,135915,181220,226525
45306,90612,135918,181224,226530
45307,90614,135921,181228,226535
45308,90616,135924,181232,226540
45309,90618,135927,181236,226545
45310,90620,135930,181240,226550
45311,90622,135933,181244,226555
45312,90624,135936,181248,226560
45313,90626,135939,181252,226565
45314,90628,135942,181256,226570
45315,90630,135945,181260,226575
45316,90632,135948,181264,226580
45317,90634,135951,181268,226585
45318,90636,135954,181272,226590
45319,90638,135957,181276,226595
45320,90640,135960,181280,226600
45321,90642,135963,181284,226605
45322,90644,135966,181288,226610
45323,90646,135969,181292,226615
45324,90648,135972,181296,226620
45325,90650,135975,181300,226625
45326,90652,135978,181304,226630
45327,90654,135981,181308,226635
45328,90656,135984,181312,226640
45329,90658,135987,181316,226645
45330,90660,135990,181320,226650
45331,90662,135993,181324,226655
45332,90664,135996,181328,226660
45333,90666,135999,181332,226665
45334,90668,136002,181336,226670
45335,90670,136005,181340,226675
45336,90672,136008,181344,226680
45337,90674,136011,181348,226685
45338,90676,136014,181352,226690
45339,90678,136017,181356,226695
45340,90680,136020,181360,226700
45341,90682,136023,181364,226705
45342,90684,136026,181368,226710
45343,90686,136029,181372,226715
45344,90688,136032,181376,226720
45345,90690,136035,181380,226725
45346,90692,136038,181384,226730
45347,90694,136041,181388,226735
45348,90696,136044,181392,226740
45349,90698,136047,181396,226745
45350,90700,136050,181400,226750
45351,90702,136053,181404,226755
45352,90704,136056,181408,226760
45353,90706,136059,181412,226765
45354,90708,136062,181416,226770
45355,90710,136065,181420,226775
45356,90712,136068,181424,226780
45357,90714,136071,181428,226785
45358,90716,136074,181432,226790
45359,90718,136077,181436,226795
45360,90720,136080,181440,226800
45361,90722,136083,181444,226805
45362,90724,136086,181448,226810
45363,90726,136089,181452,226815
45364,90728,136092,181456,226820
45365,90730,136095,181460,226825
45366,90732,136098,181464,226830
45367,90734,136101,181468,226835
45368,90736,136104,181472,226840
45369,90738,136107,181476,226845
45370,90740,136110,181480,226850
45371,90742,136113,181484,226855
45372,90744,136116,181488,226860
45373,90746,136119,181492,226865
45374,90748,136122,181496,226870
45375,90750,136125,181500,226875
45376,90752,136128,181504,226880
45377,90754,136131,181508,226885
45378,90756,136134,181512,226890
45379,90758,136137,181516,226895
45380,90760,136140,181520,226900
45381,90762,136143,181524,226905
45382,90764,136146,181528,226910
45383,90766,136149,181532,226915
45384,90768,136152,181536,226920
45385,90770,136155,181540,226925
45386,90772,136158,181544,226930
45387,90774,136161,181548,226935
45388,90776,136164,181552,226940
45389,90778,136167,181556,226945
45390,90780,136170,181560,226950
45391,90782,136173,181564,226955
45392,90784,136176,181568,226960
45393,90786,136179,181572,226965
45394,90788,136182,181576,226970
45395,90790,136185,181580,226975
45396,90792,136188,181584,226980
45397,90794,136191,181588,226985
45398,90796,136194,181592,226990
45399,90798,136197,181596,226995
45400,90800,136200,181600,227000
45401,90802,136203,181604,227005
45402,90804,136206,181608,227010
45403,90806,136209,181612,227015
45404,90808,136212,181616,227020
45405,90810,136215,181620,227025
45406,90812,136218,181624,227030
45407,90814,136221,181628,227035
45408,90816,136224,181632,227040
45409,90818,136227,181636,227045
45410,90820,136230,181640,227050
45411,90822,136233,181644,227055
45412,90824,136236,181648,227060
45413,90826,136239,181652,227065
45414,90828,136242,181656,227070
45415,90830,136245,181660,227075
45416,90832,136248,181664,227080
45417,90834,136251,181668,227085
45418,90836,136254,181672,227090
45419,90838,136257,181676,227095
45420,90840,136260,181680,227100
45421,90842,136263,181684,227105
45422,90844,136266,181688,227110
45423,90846,136269,181692,227115
45424,90848,136272,181696,227120
45425,90850,136275,181700,227125
45426,90852,136278,181704,227130
45427,90854,136281,181708,227135
45428,90856,136284,181712,227140
45429,90858,136287,181716,227145
45430,90860,136290,181720,227150
45431,90862,136293,181724,227155
45432,90864,136296,181728,227160
45433,90866,136299,181732,227165
45434,90868,136302,181736,227170
45435,90870,136305,181740,227175
45436,90872,136308,181744,227180
45437,90874,136311,181748,227185
45438,90876,136314,181752,227190
45439,90878,136317,181756,227195
45440,90880,136320,181760,227200
45441,90882,136323,181764,227205
45442,90884,136326,181768,227210
45443,90886,136329,181772,227215
45444,90888,136332,181776,227220
45445,90890,136335,181780,227225
45446,90892,136338,181784,227230
45447,90894,136341,181788,227235
45448,90896,136344,181792,227240
45449,90898,136347,181796,227245
45450,90900,136350,181800,227250
45451,90902,136353,181804,227255
45452,90904,136356,181808,227260
45453,90906,136359,181812,227265
45454,90908,136362,181816,227270
45455,90910,136365,181820,227275
45456,90912,136368,181824,227280
45457,90914,136371,181828,227285
45458,90916,136374,181832,227290
45459,90918,136377,181836,227295
45460,90920,136380,181840,227300
45461,90922,136383,181844,227305
45462,90924,136386,181848,227310
45463,90926,136389,181852,227315
45464,90928,136392,181856,227320
45465,90930,136395,181860,227325
45466,90932,136398,181864,227330
45467,90934,136401,181868,227335
45468,90936,136404,181872,227340
45469,90938,136407,181876,227345
45470,90940,136410,181880,227350
45471,90942,136413,181884,227355
45472,90944,136416,181888,227360
45473,90946,136419,181892,227365
45474,90948,136422,181896,227370
45475,90950,136425,181900,227375
45476,90952,136428,181904,227380
45477,90954,136431,181908,227385
45478,90956,136434,181912,227390
45479,90958,136437,181916,227395
45480,90960,136440,181920,227400
45481,90962,136443,181924,227405
45482,90964,136446,181928,227410
45483,90966,136449,181932,227415
45484,90968,136452,181936,227420
45485,90970,136455,181940,227425
45486,90972,136458,181944,227430
45487,90974,136461,181948,227435
45488,90976,136464,181952,227440
45489,90978,136467,181956,227445
45490,90980,136470,181960,227450
45491,90982,136473,181964,227455
45492,90984,136476,181968,227460
45493,90986,136479,181972,227465
45494,90988,136482,181976,227470
45495,90990,136485,181980,227475
45496,90992,136488,181984,227480
45497,90994,136491,181988,227485
45498,90996,136494,181992,227490
45499,90998,136497,181996,227495
45500,91000,136500,182000,227500
45501,91002,136503,182004,227505
45502,91004,136506,182008,227510
45503,91006,136509,182012,227515
45504,91008,136512,182016,227520
45505,91010,136515,182020,227525
45506,91012,136518,182024,227530
45507,91014,136521,182028,227535
45508,91016,136524,182032,227540
45509,91018,136527,182036,227545
45510,91020,136530,182040,227550
45511,91022,136533,182044,227555
45512,91024,136536,182048,227560
45513,91026,136539,182052,227565
45514,91028,136542,182056,227570
45515,91030,136545,182060,227575
45516,91032,136548,182064,227580
45517,91034,136551,182068,227585
45518,91036,136554,182072,227590
45519,91038,136557,182076,227595
45520,91040,136560,182080,227600
45521,91042,136563,182084,227605
45522,91044,136566,182088,227610
45523,91046,136569,182092,227615
45524,91048,136572,182096,227620
45525,91050,136575,182100,227625
45526,91052,136578,182104,227630
45527,91054,136581,182108,227635
45528,91056,136584,182112,227640
45529,91058,136587,182116,227645
45530,91060,136590,182120,227650
45531,91062,136593,182124,227655
45532,91064,136596,182128,227660
45533,91066,136599,182132,227665
45534,91068,136602,182136,227670
45535,91070,136605,182140,227675
45536,91072,136608,182144,227680
45537,91074,136611,182148,227685
45538,91076,136614,182152,227690
45539,91078,136617,182156,227695
45540,91080,136620,182160,227700
45541,91082,136623,182164,227705
45542,91084,136626,182168,227710
45543,91086,136629,182172,227715
45544,91088,136632,182176,227720
45545,91090,136635,182180,227725
45546,91092,136638,182184,227730
45547,91094,136641,182188,227735
45548,91096,136644,182192,227740
45549,91098,136647,182196,227745
45550,91100,136650,182200,227750
45551,91102,136653,182204,227755
45552,91104,136656,182208,227760
45553,91106,136659,182212,227765
45554,91108,136662,182216,227770
45555,91110,136665,182220,227775
45556,91112,136668,182224,227780
45557,91114,136671,182228,227785
45558,91116,136674,182232,227790
45559,91118,136677,182236,227795
45560,91120,136680,182240,227800
45561,91122,136683,182244,227805
45562,91124,136686,182248,227810
45563,91126,136689,182252,227815
45564,91128,136692,182256,227820
45565,91130,136695,182260,227825
45566,91132,136698,182264,227830
45567,91134,136701,182268,227835
45568,91136,136704,182272,227840
45569,91138,136707,182276,227845
45570,91140,136710,182280,227850
45571,91142,136713,182284,227855
45572,91144,136716,182288,227860
45573,91146,136719,182292,227865
45574,91148,136722,182296,227870
45575,91150,136725,182300,227875
45576,91152,136728,182304,227880
45577,91154,136731,182308,227885
45578,91156,136734,182312,227890
45579,91158,136737,182316,227895
45580,91160,136740,182320,227900
45581,91162,136743,182324,227905
45582,91164,136746,182328,227910
45583,91166,136749,182332,227915
45584,91168,136752,182336,227920
45585,91170,136755,182340,227925
45586,91172,136758,182344,227930
45587,91174,136761,182348,227935
45588,91176,136764,182352,227940
45589,91178,136767,182356,227945
45590,91180,136770,182360,227950
45591,91182,136773,182364,227955
45592,91184,136776,182368,227960
45593,91186,136779,182372,227965
45594,91188,136782,182376,227970
45595,91190,136785,182380,227975
45596,91192,136788,182384,227980
45597,91194,136791,182388,227985
45598,91196,136794,182392,227990
45599,91198,136797,182396,227995
45600,91200,136800,182400,228000
45601,91202,136803,182404,228005
45602,91204,136806,182408,228010
45603,91206,136809,182412,228015
45604,91208,136812,182416,228020
45605,91210,136815,182420,228025
45606,91212,136818,182424,228030
45607,91214,136821,182428,228035
45608,91216,136824,182432,228040
45609,91218,136827,182436,228045
45610,91220,136830,182440,228050
45611,91222,136833,182444,228055
45612,91224,136836,182448,228060
45613,91226,136839,182452,228065
45614,91228,136842,182456,228070
45615,91230,136845,182460,228075
45616,91232,136848,182464,228080
45617,91234,136851,182468,228085
45618,91236,136854,182472,228090
45619,91238,136857,182476,228095
45620,91240,136860,182480,228100
45621,91242,136863,182484,228105
45622,91244,136866,182488,228110
45623,91246,136869,182492,228115
45624,91248,136872,182496,228120
45625,91250,136875,182500,228125
45626,91252,136878,182504,228130
45627,91254,136881,182508,228135
45628,91256,136884,182512,228140
45629,91258,136887,182516,228145
45630,91260,136890,182520,228150
45631,91262,136893,182524,228155
45632,91264,136896,182528,228160
45633,91266,136899,182532,228165
45634,91268,136902,182536,228170
45635,91270,136905,182540,228175
45636,91272,136908,182544,228180
45637,91274,136911,182548,228185
45638,91276,136914,182552,228190
45639,91278,136917,182556,228195
45640,91280,136920,182560,228200
45641,91282,136923,182564,228205
45642,91284,136926,182568,228210
45643,91286,136929,182572,228215
45644,91288,136932,182576,228220
45645,91290,136935,182580,228225
45646,91292,136938,182584,228230
45647,91294,136941,182588,228235
45648,91296,136944,182592,228240
45649,91298,136947,182596,228245
45650,91300,136950,182600,228250
45651,91302,136953,182604,228255
45652,91304,136956,182608,228260
45653,91306,136959,182612,228265
45654,91308,136962,182616,228270
45655,91310,136965,182620,228275
45656,91312,136968,182624,228280
45657,91314,136971,182628,228285
45658,91316,136974,182632,228290
45659,91318,136977,182636,228295
45660,91320,136980,182640,228300
45661,91322,136983,182644,228305
45662,91324,136986,182648,228310
45663,91326,136989,182652,228315
45664,91328,136992,182656,228320
45665,91330,136995,182660,228325
45666,91332,136998,182664,228330
45667,91334,137001,182668,228335
45668,91336,137004,182672,228340
45669,91338,137007,182676,228345
45670,91340,137010,182680,228350
45671,91342,137013,182684,228355
45672,91344,137016,182688,228360
45673,91346,137019,182692,228365
45674,91348,137022,182696,228370
45675,91350,137025,182700,228375
45676,91352,137028,182704,228380
45677,91354,137031,182708,228385
45678,91356,137034,182712,228390
45679,91358,137037,182716,228395
45680,91360,137040,182720,228400
45681,91362,137043,182724,228405
45682,91364,137046,182728,228410
45683,91366,137049,182732,228415
45684,91368,137052,182736,228420
45685,91370,137055,182740,228425
45686,91372,137058,182744,228430
45687,91374,137061,182748,228435
45688,91376,137064,182752,228440
45689,91378,137067,182756,228445
45690,91380,137070,182760,228450
45691,91382,137073,182764,228455
45692,91384,137076,182768,228460
45693,91386,137079,182772,228465
45694,91388,137082,182776,228470
45695,91390,137085,182780,228475
45696,91392,137088,182784,228480
45697,91394,137091,182788,228485
45698,91396,137094,182792,228490
45699,91398,137097,182796,228495
45700,91400,137100,182800,228500
45701,91402,137103,182804,228505
45702,91404,137106,182808,228510
45703,91406,137109,182812,228515
45704,91408,137112,182816,228520
45705,91410,137115,182820,228525
45706,91412,137118,182824,228530
45707,91414,137121,182828,228535
45708,91416,137124,182832,228540
45709,91418,137127,182836,228545
45710,91420,137130,182840,228550
45711,91422,137133,182844,228555
45712,91424,137136,182848,228560
45713,91426,137139,182852,228565
45714,91428,137142,182856,228570
45715,91430,137145,182860,228575
45716,91432,137148,182864,228580
45717,91434,137151,182868,228585
45718,91436,137154,182872,228590
45719,91438,137157,182876,228595
45720,91440,137160,182880,228600
45721,91442,137163,182884,228605
45722,91444,137166,182888,228610
45723,91446,137169,182892,228615
45724,91448,137172,182896,228620
45725,91450,137175,182900,228625
45726,91452,137178,182904,228630
45727,91454,137181,182908,228635
45728,91456,137184,182912,228640
45729,91458,137187,182916,228645
45730,91460,137190,182920,228650
45731,91462,137193,182924,228655
45732,91464,137196,182928,228660
45733,91466,137199,182932,228665
45734,91468,137202,182936,228670
45735,91470,137205,182940,228675
45736,91472,137208,182944,228680
45737,91474,137211,182948,228685
45738,91476,137214,182952,228690
45739,91478,137217,182956,228695
45740,91480,137220,182960,228700
45741,91482,137223,182964,228705
45742,91484,137226,182968,228710
45743,91486,137229,182972,228715
45744,91488,137232,182976,228720
45745,91490,137235,182980,228725
45746,91492,137238,182984,228730
45747,91494,137241,182988,228735
45748,91496,137244,182992,228740
45749,91498,137247,182996,228745
45750,91500,137250,183000,228750
45751,91502,137253,183004,228755
45752,91504,137256,183008,228760
45753,91506,137259,183012,228765
45754,91508,137262,183016,228770
45755,91510,137265,183020,228775
45756,91512,137268,183024,228780
45757,91514,137271,183028,228785
45758,91516,137274,183032,228790
45759,91518,137277,183036,228795
45760,91520,137280,183040,228800
45761,91522,137283,183044,228805
45762,91524,137286,183048,228810
45763,91526,137289,183052,228815
45764,91528,137292,183056,228820
45765,91530,137295,183060,228825
45766,91532,137298,183064,228830
45767,91534,137301,183068,228835
45768,91536,137304,183072,228840
45769,91538,137307,183076,228845
45770,91540,137310,183080,228850
45771,91542,137313,183084,228855
45772,91544,137316,183088,228860
45773,91546,137319,183092,228865
45774,91548,137322,183096,228870
45775,91550,137325,183100,228875
45776,91552,137328,183104,228880
45777,91554,137331,183108,228885
45778,91556,137334,183112,228890
45779,91558,137337,183116,228895
45780,91560,137340,183120,228900
45781,91562,137343,183124,228905
45782,91564,137346,183128,228910
45783,91566,137349,183132,228915
45784,91568,137352,183136,228920
45785,91570,137355,183140,228925
45786,91572,137358,183144,228930
45787,91574,137361,183148,228935
45788,91576,137364,183152,228940
45789,91578,137367,183156,228945
45790,91580,137370,183160,228950
45791,91582,137373,183164,228955
45792,91584,137376,183168,228960
45793,91586,137379,183172,228965
45794,91588,137382,183176,228970
45795,91590,137385,183180,228975
45796,91592,137388,183184,228980
45797,91594,137391,183188,228985
45798,91596,137394,183192,228990
45799,91598,137397,183196,228995
45800,91600,137400,183200,229000
45801,91602,137403,183204,229005
45802,91604,137406,183208,229010
45803,91606,137409,183212,229015
45804,91608,137412,183216,229020
45805,91610,137415,183220,229025
45806,91612,137418,183224,229030
45807,91614,137421,183228,229035
45808,91616,137424,183232,229040
45809,91618,137427,183236,229045
45810,91620,137430,183240,229050
45811,91622,137433,183244,229055
45812,91624,137436,183248,229060
45813,91626,137439,183252,229065
45814,91628,137442,183256,229070
45815,91630,137445,183260,229075
45816,91632,137448,183264,229080
45817,91634,137451,183268,229085
45818,91636,137454,183272,229090
45819,91638,137457,183276,229095
45820,91640,137460,183280,229100
45821,91642,137463,183284,229105
45822,91644,137466,183288,229110
45823,91646,137469,183292,229115
45824,91648,137472,183296,229120
45825,91650,137475,183300,229125
45826,91652,137478,183304,229130
45827,91654,137481,183308,229135
45828,91656,137484,183312,229140
45829,91658,137487,183316,229145
45830,91660,137490,183320,229150
45831,91662,137493,183324,229155
45832,91664,137496,183328,229160
45833,91666,137499,183332,229165
45834,91668,137502,183336,229170
45835,91670,137505,183340,229175
45836,91672,137508,183344,229180
45837,91674,137511,183348,229185
45838,91676,137514,183352,229190
45839,91678,137517,183356,229195
45840,91680,137520,183360,229200
45841,91682,137523,183364,229205
45842,91684,137526,183368,229210
45843,91686,137529,183372,229215
45844,91688,137532,183376,229220
45845,91690,137535,183380,229225
45846,91692,137538,183384,229230
45847,91694,137541,183388,229235
45848,91696,137544,183392,229240
45849,91698,137547,183396,229245
45850,91700,137550,183400,229250
45851,91702,137553,183404,229255
45852,91704,137556,183408,229260
45853,91706,137559,183412,229265
45854,91708,137562,183416,229270
45855,91710,137565,183420,229275
45856,91712,137568,183424,229280
45857,91714,137571,183428,229285
45858,91716,137574,183432,229290
45859,91718,137577,183436,229295
45860,91720,137580,183440,229300
45861,91722,137583,183444,229305
45862,91724,137586,183448,229310
45863,91726,137589,183452,229315
45864,91728,137592,183456,229320
45865,91730,137595,183460,229325
45866,91732,137598,183464,229330
45867,91734,137601,183468,229335
45868,91736,137604,183472,229340
45869,91738,137607,183476,229345
45870,91740,137610,183480,229350
45871,91742,137613,183484,229355
45872,91744,137616,183488,229360
45873,91746,137619,183492,229365
45874,91748,137622,183496,229370
45875,91750,137625,183500,229375
45876,91752,137628,183504,229380
45877,91754,137631,183508,229385
45878,91756,137634,183512,229390
45879,91758,137637,183516,229395
45880,91760,137640,183520,229400
45881,91762,137643,183524,229405
45882,91764,137646,183528,229410
45883,91766,137649,183532,229415
45884,91768,137652,183536,229420
45885,91770,137655,183540,229425
45886,91772,137658,183544,229430
45887,91774,137661,183548,229435
45888,91776,137664,183552,229440
45889,91778,137667,183556,229445
45890,91780,137670,183560,229450
45891,91782,137673,183564,229455
45892,91784,137676,183568,229460
45893,91786,137679,183572,229465
45894,91788,137682,183576,229470
45895,91790,137685,183580,229475
45896,91792,137688,183584,229480
45897,91794,137691,183588,229485
45898,91796,137694,183592,229490
45899,91798,137697,183596,229495
45900,91800,137700,183600,229500
45901,91802,137703,183604,229505
45902,91804,137706,183608,229510
45903,91806,137709,183612,229515
45904,91808,137712,183616,229520
45905,91810,137715,183620,229525
45906,91812,137718,183624,229530
45907,91814,137721,183628,229535
45908,91816,137724,183632,229540
45909,91818,137727,183636,229545
45910,91820,137730,183640,229550
45911,91822,137733,183644,229555
45912,91824,137736,183648,229560
45913,91826,137739,183652,229565
45914,91828,137742,183656,229570
45915,91830,137745,183660,229575
45916,91832,137748,183664,229580
45917,91834,137751,183668,229585
45918,91836,137754,183672,229590
45919,91838,137757,183676,229595
45920,91840,137760,183680,229600
45921,91842,137763,183684,229605
45922,91844,137766,183688,229610
45923,91846,137769,183692,229615
45924,91848,137772,183696,229620
45925,91850,137775,183700,229625
45926,91852,137778,183704,229630
45927,91854,137781,183708,229635
45928,91856,137784,183712,229640
45929,91858,137787,183716,229645
45930,91860,137790,183720,229650
45931,91862,137793,183724,229655
45932,91864,137796,183728,229660
45933,91866,137799,183732,229665
45934,91868,137802,183736,229670
45935,91870,137805,183740,229675
45936,91872,137808,183744,229680
45937,91874,137811,183748,229685
45938,91876,137814,183752,229690
45939,91878,137817,183756,229695
45940,91880,137820,183760,229700
45941,91882,137823,183764,229705
45942,91884,137826,183768,229710
45943,91886,137829,183772,229715
45944,91888,137832,183776,229720
45945,91890,137835,183780,229725
45946,91892,137838,183784,229730
45947,91894,137841,183788,229735
45948,91896,137844,183792,229740
45949,91898,137847,183796,229745
45950,91900,137850,183800,229750
45951,91902,137853,183804,229755
45952,91904,137856,183808,229760
45953,91906,137859,183812,229765
45954,91908,137862,183816,229770
45955,91910,137865,183820,229775
45956,91912,137868,183824,229780
45957,91914,137871,183828,229785
45958,91916,137874,183832,229790
45959,91918,137877,183836,229795
45960,91920,137880,183840,229800
45961,91922,137883,183844,229805
45962,91924,137886,183848,229810
45963,91926,137889,183852,229815
45964,91928,137892,183856,229820
45965,91930,137895,183860,229825
45966,91932,137898,183864,229830
45967,91934,137901,183868,229835
45968,91936,137904,183872,229840
45969,91938,137907,183876,229845
45970,91940,137910,183880,229850
45971,91942,137913,183884,229855
45972,91944,137916,183888,229860
45973,91946,137919,183892,229865
45974,91948,137922,183896,229870
45975,91950,137925,183900,229875
45976,91952,137928,183904,229880
45977,91954,137931,183908,229885
45978,91956,137934,183912,229890
45979,91958,137937,183916,229895
45980,91960,137940,183920,229900
45981,91962,137943,183924,229905
45982,91964,137946,183928,229910
45983,91966,137949,183932,229915
45984,91968,137952,183936,229920
45985,91970,137955,183940,229925
45986,91972,137958,183944,229930
45987,91974,137961,183948,229935
45988,91976,137964,183952,229940
45989,91978,137967,183956,229945
45990,91980,137970,183960,229950
45991,91982,137973,183964,229955
45992,91984,137976,183968,229960
45993,91986,137979,183972,229965
45994,91988,137982,183976,229970
45995,91990,137985,183980,229975
45996,91992,137988,183984,229980
45997,91994,137991,183988,229985
45998,91996,137994,183992,229990
45999,91998,137997,183996,229995
46000,92000,138000,184000,230000
46001,92002,138003,184004,230005
46002,92004,138006,184008,230010
46003,92006,138009,184012,230015
46004,92008,138012,184016,230020
46005,92010,138015,184020,230025
46006,92012,138018,184024,230030
46007,92014,138021,184028,230035
46008,92016,138024,184032,230040
46009,92018,138027,184036,230045
46010,92020,138030,184040,230050
46011,92022,138033,184044,230055
46012,92024,138036,184048,230060
46013,92026,138039,184052,230065
46014,92028,138042,184056,230070
46015,92030,138045,184060,230075
46016,92032,138048,184064,230080
46017,92034,138051,184068,230085
46018,92036,138054,184072,230090
46019,92038,138057,184076,230095
46020,92040,138060,184080,230100
46021,92042,138063,184084,230105
46022,92044,138066,184088,230110
46023,92046,138069,184092,230115
46024,92048,138072,184096,230120
46025,92050,138075,184100,230125
46026,92052,138078,184104,230130
46027,92054,138081,184108,230135
46028,92056,138084,184112,230140
46029,92058,138087,184116,230145
46030,92060,138090,184120,230150
46031,92062,138093,184124,230155
46032,92064,138096,184128,230160
46033,92066,138099,184132,230165
46034,92068,138102,184136,230170
46035,92070,138105,184140,230175
46036,92072,138108,184144,230180
46037,92074,138111,184148,230185
46038,92076,138114,184152,230190
46039,92078,138117,184156,230195
46040,92080,138120,184160,230200
46041,92082,138123,184164,230205
46042,92084,138126,184168,230210
46043,92086,138129,184172,230215
46044,92088,138132,184176,230220
46045,92090,138135,184180,230225
46046,92092,138138,184184,230230
46047,92094,138141,184188,230235
46048,92096,138144,184192,230240
46049,92098,138147,184196,230245
46050,92100,138150,184200,230250
46051,92102,138153,184204,230255
46052,92104,138156,184208,230260
46053,92106,138159,184212,230265
46054,92108,138162,184216,230270
46055,92110,138165,184220,230275
46056,92112,138168,184224,230280
46057,92114,138171,184228,230285
46058,92116,138174,184232,230290
46059,92118,138177,184236,230295
46060,92120,138180,184240,230300
46061,92122,138183,184244,230305
46062,92124,138186,184248,230310
46063,92126,138189,184252,230315
46064,92128,138192,184256,230320
46065,92130,138195,184260,230325
46066,92132,138198,184264,230330
46067,92134,138201,184268,230335
46068,92136,138204,184272,230340
46069,92138,138207,184276,230345
46070,92140,138210,184280,230350
46071,92142,138213,184284,230355
46072,92144,138216,184288,230360
46073,92146,138219,184292,230365
46074,92148,138222,184296,230370
46075,92150,138225,184300,230375
46076,92152,138228,184304,230380
46077,92154,138231,184308,230385
46078,92156,138234,184312,230390
46079,92158,138237,184316,230395
46080,92160,138240,184320,230400
46081,92162,138243,184324,230405
46082,92164,138246,184328,230410
46083,92166,138249,184332,230415
46084,92168,138252,184336,230420
46085,92170,138255,184340,230425
46086,92172,138258,184344,230430
46087,92174,138261,184348,230435
46088,92176,138264,184352,230440
46089,92178,138267,184356,230445
46090,92180,138270,184360,230450
46091,92182,138273,184364,230455
46092,92184,138276,184368,230460
46093,92186,138279,184372,230465
46094,92188,138282,184376,230470
46095,92190,138285,184380,230475
46096,92192,138288,184384,230480
46097,92194,138291,184388,230485
46098,92196,138294,184392,230490
46099,92198,138297,184396,230495
46100,92200,138300,184400,230500
46101,92202,138303,184404,230505
46102,92204,138306,184408,230510
46103,92206,138309,184412,230515
46104,92208,138312,184416,230520
46105,92210,138315,184420,230525
46106,92212,138318,184424,230530
46107,92214,138321,184428,230535
46108,92216,138324,184432,230540
46109,92218,138327,184436,230545
46110,92220,138330,184440,230550
46111,92222,138333,184444,230555
46112,92224,138336,184448,230560
46113,92226,138339,184452,230565
46114,92228,138342,184456,230570
46115,92230,138345,184460,230575
46116,92232,138348,184464,230580
46117,92234,138351,184468,230585
46118,92236,138354,184472,230590
46119,92238,138357,184476,230595
46120,92240,138360,184480,230600
46121,92242,138363,184484,230605
46122,92244,138366,184488,230610
46123,92246,138369,184492,230615
46124,92248,138372,184496,230620
46125,92250,138375,184500,230625
46126,92252,138378,184504,230630
46127,92254,138381,184508,230635
46128,92256,138384,184512,230640
46129,92258,138387,184516,230645
46130,92260,138390,184520,230650
46131,92262,138393,184524,230655
46132,92264,138396,184528,230660
46133,92266,138399,184532,230665
46134,92268,138402,184536,230670
46135,92270,138405,184540,230675
46136,92272,138408,184544,230680
46137,92274,138411,184548,230685
46138,92276,138414,184552,230690
46139,92278,138417,184556,230695
46140,92280,138420,184560,230700
46141,92282,138423,184564,230705
46142,92284,138426,184568,230710
46143,92286,138429,184572,230715
46144,92288,138432,184576,230720
46145,92290,138435,184580,230725
46146,92292,138438,184584,230730
46147,92294,138441,184588,230735
46148,92296,138444,184592,230740
46149,92298,138447,184596,230745
46150,92300,138450,184600,230750
46151,92302,138453,184604,230755
46152,92304,138456,184608,230760
46153,92306,138459,184612,230765
46154,92308,138462,184616,230770
46155,92310,138465,184620,230775
46156,92312,138468,184624,230780
46157,92314,138471,184628,230785
46158,92316,138474,184632,230790
46159,92318,138477,184636,230795
46160,92320,138480,184640,230800
46161,92322,138483,184644,230805
46162,92324,138486,184648,230810
46163,92326,138489,184652,230815
46164,92328,138492,184656,230820
46165,92330,138495,184660,230825
46166,92332,138498,184664,230830
46167,92334,138501,184668,230835
46168,92336,138504,184672,230840
46169,92338,138507,184676,230845
46170,92340,138510,184680,230850
46171,92342,138513,184684,230855
46172,92344,138516,184688,230860
46173,92346,138519,184692,230865
46174,92348,138522,184696,230870
46175,92350,138525,184700,230875
46176,92352,138528,184704,230880
46177,92354,138531,184708,230885
46178,92356,138534,184712,230890
46179,92358,138537,184716,230895
46180,92360,138540,184720,230900
46181,92362,138543,184724,230905
46182,92364,138546,184728,230910
46183,92366,138549,184732,230915
46184,92368,138552,184736,230920
46185,92370,138555,184740,230925
46186,92372,138558,184744,230930
46187,92374,138561,184748,230935
46188,92376,138564,184752,230940
46189,92378,138567,184756,230945
46190,92380,138570,184760,230950
46191,92382,138573,184764,230955
46192,92384,138576,184768,230960
46193,92386,138579,184772,230965
46194,92388,138582,184776,230970
46195,92390,138585,184780,230975
46196,92392,138588,184784,230980
46197,92394,138591,184788,230985
46198,92396,138594,184792,230990
46199,92398,138597,184796,230995
46200,92400,138600,184800,231000
46201,92402,138603,184804,231005
46202,92404,138606,184808,231010
46203,92406,138609,184812,231015
46204,92408,138612,184816,231020
46205,92410,138615,184820,231025
46206,92412,138618,184824,231030
46207,92414,138621,184828,231035
46208,92416,138624,184832,231040
46209,92418,138627,184836,231045
46210,92420,138630,184840,231050
46211,92422,138633,184844,231055
46212,92424,138636,184848,231060
46213,92426,138639,184852,231065
46214,92428,138642,184856,231070
46215,92430,138645,184860,231075
46216,92432,138648,184864,231080
46217,92434,138651,184868,231085
46218,92436,138654,184872,231090
46219,92438,138657,184876,231095
46220,92440,138660,184880,231100
46221,92442,138663,184884,231105
46222,92444,138666,184888,231110
46223,92446,138669,184892,231115
46224,92448,138672,184896,231120
46225,92450,138675,184900,231125
46226,92452,138678,184904,231130
46227,92454,138681,184908,231135
46228,92456,138684,184912,231140
46229,92458,138687,184916,231145
46230,92460,138690,184920,231150
46231,92462,138693,184924,231155
46232,92464,138696,184928,231160
46233,92466,138699,184932,231165
46234,92468,138702,184936,231170
46235,92470,138705,184940,231175
46236,92472,138708,184944,231180
46237,92474,138711,184948,231185
46238,92476,138714,184952,231190
46239,92478,138717,184956,231195
46240,92480,138720,184960,231200
46241,92482,138723,184964,231205
46242,92484,138726,184968,231210
46243,92486,138729,184972,231215
46244,92488,138732,184976,231220
46245,92490,138735,184980,231225
46246,92492,138738,184984,231230
46247,92494,138741,184988,231235
46248,92496,138744,184992,231240
46249,92498,138747,184996,231245
46250,92500,138750,185000,231250
46251,92502,138753,185004,231255
46252,92504,138756,185008,231260
46253,92506,138759,185012,231265
46254,92508,138762,185016,231270
46255,92510,138765,185020,231275
46256,92512,138768,185024,231280
46257,92514,138771,185028,231285
46258,92516,138774,185032,231290
46259,92518,138777,185036,231295
46260,92520,138780,185040,231300
46261,92522,138783,185044,231305
46262,92524,138786,185048,231310
46263,92526,138789,185052,231315
46264,92528,138792,185056,231320
46265,92530,138795,185060,231325
46266,92532,138798,185064,231330
46267,92534,138801,185068,231335
46268,92536,138804,185072,231340
46269,92538,138807,185076,231345
46270,92540,138810,185080,231350
46271,92542,138813,185084,231355
46272,92544,138816,185088,231360
46273,92546,138819,185092,231365
46274,92548,138822,185096,231370
46275,92550,138825,185100,231375
46276,92552,138828,185104,231380
46277,92554,138831,185108,231385
46278,92556,138834,185112,231390
46279,92558,138837,185116,231395
46280,92560,138840,185120,231400
46281,92562,138843,185124,231405
46282,92564,138846,185128,231410
46283,92566,138849,185132,231415
46284,92568,138852,185136,231420
46285,92570,138855,185140,231425
46286,92572,138858,185144,231430
46287,92574,138861,185148,231435
46288,92576,138864,185152,231440
46289,92578,138867,185156,231445
46290,92580,138870,185160,231450
46291,92582,138873,185164,231455
46292,92584,138876,185168,231460
46293,92586,138879,185172,231465
46294,92588,138882,185176,231470
46295,92590,138885,185180,231475
46296,92592,138888,185184,231480
46297,92594,138891,185188,231485
46298,92596,138894,185192,231490
46299,92598,138897,185196,231495
46300,92600,138900,185200,231500
46301,92602,138903,185204,231505
46302,92604,138906,185208,231510
46303,92606,138909,185212,231515
46304,92608,138912,185216,231520
46305,92610,138915,185220,231525
46306,92612,138918,185224,231530
46307,92614,138921,185228,231535
46308,92616,138924,185232,231540
46309,92618,138927,185236,231545
46310,92620,138930,185240,231550
46311,92622,138933,185244,231555
46312,92624,138936,185248,231560
46313,92626,138939,185252,231565
46314,92628,138942,185256,231570
46315,92630,138945,185260,231575
46316,92632,138948,185264,231580
46317,92634,138951,185268,231585
46318,92636,138954,185272,231590
46319,92638,138957,185276,231595
46320,92640,138960,185280,231600
46321,92642,138963,185284,231605
46322,92644,138966,185288,231610
46323,92646,138969,185292,231615
46324,92648,138972,185296,231620
46325,92650,138975,185300,231625
46326,92652,138978,185304,231630
46327,92654,138981,185308,231635
46328,92656,138984,185312,231640
46329,92658,138987,185316,231645
46330,92660,138990,185320,231650
46331,92662,138993,185324,231655
46332,92664,138996,185328,231660
46333,92666,138999,185332,231665
46334,92668,139002,185336,231670
46335,92670,139005,185340,231675
46336,92672,139008,185344,231680
46337,92674,139011,185348,231685
46338,92676,139014,185352,231690
46339,92678,139017,185356,231695
46340,92680,139020,185360,231700
46341,92682,139023,185364,231705
46342,92684,139026,185368,231710
46343,92686,139029,185372,231715
46344,92688,139032,185376,231720
46345,92690,139035,185380,231725
46346,92692,139038,185384,231730
46347,92694,139041,185388,231735
46348,92696,139044,185392,231740
46349,92698,139047,185396,231745
46350,92700,139050,185400,231750
46351,92702,139053,185404,231755
46352,92704,139056,185408,231760
46353,92706,139059,185412,231765
46354,92708,139062,185416,231770
46355,92710,139065,185420,231775
46356,92712,139068,185424,231780
46357,92714,139071,185428,231785
46358,92716,139074,185432,231790
46359,92718,139077,185436,231795
46360,92720,139080,185440,231800
46361,92722,139083,185444,231805
46362,92724,139086,185448,231810
46363,92726,139089,185452,231815
46364,92728,139092,185456,231820
46365,92730,139095,185460,231825
46366,92732,139098,185464,231830
46367,92734,139101,185468,231835
46368,92736,139104,185472,231840
46369,92738,139107,185476,231845
46370,92740,139110,185480,231850
46371,92742,139113,185484,231855
46372,92744,139116,185488,231860
46373,92746,139119,185492,231865
46374,92748,139122,185496,231870
46375,92750,139125,185500,231875
46376,92752,139128,185504,231880
46377,92754,139131,185508,231885
46378,92756,139134,185512,231890
46379,92758,139137,185516,231895
46380,92760,139140,185520,231900
46381,92762,139143,185524,231905
46382,92764,139146,185528,231910
46383,92766,139149,185532,231915
46384,92768,139152,185536,231920
46385,92770,139155,185540,231925
46386,92772,139158,185544,231930
46387,92774,139161,185548,231935
46388,92776,139164,185552,231940
46389,92778,139167,185556,231945
46390,92780,139170,185560,231950
46391,92782,139173,185564,231955
46392,92784,139176,185568,231960
46393,92786,139179,185572,231965
46394,92788,139182,185576,231970
46395,92790,139185,185580,231975
46396,92792,139188,185584,231980
46397,92794,139191,185588,231985
46398,92796,139194,185592,231990
46399,92798,139197,185596,231995
46400,92800,139200,185600,232000
46401,92802,139203,185604,232005
46402,92804,139206,185608,232010
46403,92806,139209,185612,232015
46404,92808,139212,185616,232020
46405,92810,139215,185620,232025
46406,92812,139218,185624,232030
46407,92814,139221,185628,232035
46408,92816,139224,185632,232040
46409,92818,139227,185636,232045
46410,92820,139230,185640,232050
46411,92822,139233,185644,232055
46412,92824,139236,185648,232060
46413,92826,139239,185652,232065
46414,92828,139242,185656,232070
46415,92830,139245,185660,232075
46416,92832,139248,185664,232080
46417,92834,139251,185668,232085
46418,92836,139254,185672,232090
46419,92838,139257,185676,232095
46420,92840,139260,185680,232100
46421,92842,139263,185684,232105
46422,92844,139266,185688,232110
46423,92846,139269,185692,232115
46424,92848,139272,185696,232120
46425,92850,139275,185700,232125
46426,92852,139278,185704,232130
46427,92854,139281,185708,232135
46428,92856,139284,185712,232140
46429,92858,139287,185716,232145
46430,92860,139290,185720,232150
46431,92862,139293,185724,232155
46432,92864,139296,185728,232160
46433,92866,139299,185732,232165
46434,92868,139302,185736,232170
46435,92870,139305,185740,232175
46436,92872,139308,185744,232180
46437,92874,139311,185748,232185
46438,92876,139314,185752,232190
46439,92878,139317,185756,232195
46440,92880,139320,185760,232200
46441,92882,139323,185764,232205
46442,92884,139326,185768,232210
46443,92886,139329,185772,232215
46444,92888,139332,185776,232220
46445,92890,139335,185780,232225
46446,92892,139338,185784,232230
46447,92894,139341,185788,232235
46448,92896,139344,185792,232240
46449,92898,139347,185796,232245
46450,92900,139350,185800,232250
46451,92902,139353,185804,232255
46452,92904,139356,185808,232260
46453,92906,139359,185812,232265
46454,92908,139362,185816,232270
46455,92910,139365,185820,232275
46456,92912,139368,185824,232280
46457,92914,139371,185828,232285
46458,92916,139374,185832,232290
46459,92918,139377,185836,232295
46460,92920,139380,185840,232300
46461,92922,139383,185844,232305
46462,92924,139386,185848,232310
46463,92926,139389,185852,232315
46464,92928,139392,185856,232320
46465,92930,139395,185860,232325
46466,92932,139398,185864,232330
46467,92934,139401,185868,232335
46468,92936,139404,185872,232340
46469,92938,139407,185876,232345
46470,92940,139410,185880,232350
46471,92942,139413,185884,232355
46472,92944,139416,185888,232360
46473,92946,139419,185892,232365
46474,92948,139422,185896,232370
46475,92950,139425,185900,232375
46476,92952,139428,185904,232380
46477,92954,139431,185908,232385
46478,92956,139434,185912,232390
46479,92958,139437,185916,232395
46480,92960,139440,185920,232400
46481,92962,139443,185924,232405
46482,92964,139446,185928,232410
46483,92966,139449,185932,232415
46484,92968,139452,185936,232420
46485,92970,139455,185940,232425
46486,92972,139458,185944,232430
46487,92974,139461,185948,232435
46488,92976,139464,185952,232440
46489,92978,139467,185956,232445
46490,92980,139470,185960,232450
46491,92982,139473,185964,232455
46492,92984,139476,185968,232460
46493,92986,139479,185972,232465
46494,92988,139482,185976,232470
46495,92990,139485,185980,232475
46496,92992,139488,185984,232480
46497,92994,139491,185988,232485
46498,92996,139494,185992,232490
46499,92998,139497,185996,232495
46500,93000,139500,186000,232500
46501,93002,139503,186004,232505
46502,93004,139506,186008,232510
46503,93006,139509,186012,232515
46504,93008,139512,186016,232520
46505,93010,139515,186020,232525
46506,93012,139518,186024,232530
46507,93014,139521,186028,232535
46508,93016,139524,186032,232540
46509,93018,139527,186036,232545
46510,93020,139530,186040,232550
46511,93022,139533,186044,232555
46512,93024,139536,186048,232560
46513,93026,139539,186052,232565
46514,93028,139542,186056,232570
46515,93030,139545,186060,232575
46516,93032,139548,186064,232580
46517,93034,139551,186068,232585
46518,93036,139554,186072,232590
46519,93038,139557,186076,232595
46520,93040,139560,186080,232600
46521,93042,139563,186084,232605
46522,93044,139566,186088,232610
46523,93046,139569,186092,232615
46524,93048,139572,186096,232620
46525,93050,139575,186100,232625
46526,93052,139578,186104,232630
46527,93054,139581,186108,232635
46528,93056,139584,186112,232640
46529,93058,139587,186116,232645
46530,93060,139590,186120,232650
46531,93062,139593,186124,232655
46532,93064,139596,186128,232660
46533,93066,139599,186132,232665
46534,93068,139602,186136,232670
46535,93070,139605,186140,232675
46536,93072,139608,186144,232680
46537,93074,139611,186148,232685
46538,93076,139614,186152,232690
46539,93078,139617,186156,232695
46540,93080,139620,186160,232700
46541,93082,139623,186164,232705
46542,93084,139626,186168,232710
46543,93086,139629,186172,232715
46544,93088,139632,186176,232720
46545,93090,139635,186180,232725
46546,93092,139638,186184,232730
46547,93094,139641,186188,232735
46548,93096,139644,186192,232740
46549,93098,139647,186196,232745
46550,93100,139650,186200,232750
46551,93102,139653,186204,232755
46552,93104,139656,186208,232760
46553,93106,139659,186212,232765
46554,93108,139662,186216,232770
46555,93110,139665,186220,232775
46556,93112,139668,186224,232780
46557,93114,139671,186228,232785
46558,93116,139674,186232,232790
46559,93118,139677,186236,232795
46560,93120,139680,186240,232800
46561,93122,139683,186244,232805
46562,93124,139686,186248,232810
46563,93126,139689,186252,232815
46564,93128,139692,186256,232820
46565,93130,139695,186260,232825
46566,93132,139698,186264,232830
46567,93134,139701,186268,232835
46568,93136,139704,186272,232840
46569,93138,139707,186276,232845
46570,93140,139710,186280,232850
46571,93142,139713,186284,232855
46572,93144,139716,186288,232860
46573,93146,139719,186292,232865
46574,93148,139722,186296,232870
46575,93150,139725,186300,232875
46576,93152,139728,186304,232880
46577,93154,139731,186308,232885
46578,93156,139734,186312,232890
46579,93158,139737,186316,232895
46580,93160,139740,186320,232900
46581,93162,139743,186324,232905
46582,93164,139746,186328,232910
46583,93166,139749,186332,232915
46584,93168,139752,186336,232920
46585,93170,139755,186340,232925
46586,93172,139758,186344,232930
46587,93174,139761,186348,232935
46588,93176,139764,186352,232940
46589,93178,139767,186356,232945
46590,93180,139770,186360,232950
46591,93182,139773,186364,232955
46592,93184,139776,186368,232960
46593,93186,139779,186372,232965
46594,93188,139782,186376,232970
46595,93190,139785,186380,232975
46596,93192,139788,186384,232980
46597,93194,139791,186388,232985
46598,93196,139794,186392,232990
46599,93198,139797,186396,232995
46600,93200,139800,186400,233000
46601,93202,139803,186404,233005
46602,93204,139806,186408,233010
46603,93206,139809,186412,233015
46604,93208,139812,186416,233020
46605,93210,139815,186420,233025
46606,93212,139818,186424,233030
46607,93214,139821,186428,233035
46608,93216,139824,186432,233040
46609,93218,139827,186436,233045
46610,93220,139830,186440,233050
46611,93222,139833,186444,233055
46612,93224,139836,186448,233060
46613,93226,139839,186452,233065
46614,93228,139842,186456,233070
46615,93230,139845,186460,233075
46616,93232,139848,186464,233080
46617,93234,139851,186468,233085
46618,93236,139854,186472,233090
46619,93238,139857,186476,233095
46620,93240,139860,186480,233100
46621,93242,139863,186484,233105
46622,93244,139866,186488,233110
46623,93246,139869,186492,233115
46624,93248,139872,186496,233120
46625,93250,139875,186500,233125
46626,93252,139878,186504,233130
46627,93254,139881,186508,233135
46628,93256,139884,186512,233140
46629,93258,139887,186516,233145
46630,93260,139890,186520,233150
46631,93262,139893,186524,233155
46632,93264,139896,186528,233160
46633,93266,139899,186532,233165
46634,93268,139902,186536,233170
46635,93270,139905,186540,233175
46636,93272,139908,186544,233180
46637,93274,139911,186548,233185
46638,93276,139914,186552,233190
46639,93278,139917,186556,233195
46640,93280,139920,186560,233200
46641,93282,139923,186564,233205
46642,93284,139926,186568,233210
46643,93286,139929,186572,233215
46644,93288,139932,186576,233220
46645,93290,139935,186580,233225
46646,93292,139938,186584,233230
46647,93294,139941,186588,233235
46648,93296,139944,186592,233240
46649,93298,139947,186596,233245
46650,93300,139950,186600,233250
46651,93302,139953,186604,233255
46652,93304,139956,186608,233260
46653,93306,139959,186612,233265
46654,93308,139962,186616,233270
46655,93310,139965,186620,233275
46656,93312,139968,186624,233280
46657,93314,139971,186628,233285
46658,93316,139974,186632,233290
46659,93318,139977,186636,233295
46660,93320,139980,186640,233300
46661,93322,139983,186644,233305
46662,93324,139986,186648,233310
46663,93326,139989,186652,233315
46664,93328,139992,186656,233320
46665,93330,139995,186660,233325
46666,93332,139998,186664,233330
46667,93334,140001,186668,233335
46668,93336,140004,186672,233340
46669,93338,140007,186676,233345
46670,93340,140010,186680,233350
46671,93342,140013,186684,233355
46672,93344,140016,186688,233360
46673,93346,140019,186692,233365
46674,93348,140022,186696,233370
46675,93350,140025,186700,233375
46676,93352,140028,186704,233380
46677,93354,140031,186708,233385
46678,93356,140034,186712,233390
46679,93358,140037,186716,233395
46680,93360,140040,186720,233400
46681,93362,140043,186724,233405
46682,93364,140046,186728,233410
46683,93366,140049,186732,233415
46684,93368,140052,186736,233420
46685,93370,140055,186740,233425
46686,93372,140058,186744,233430
46687,93374,140061,186748,233435
46688,93376,140064,186752,233440
46689,93378,140067,186756,233445
46690,93380,140070,186760,233450
46691,93382,140073,186764,233455
46692,93384,140076,186768,233460
46693,93386,140079,186772,233465
46694,93388,140082,186776,233470
46695,93390,140085,186780,233475
46696,93392,140088,186784,233480
46697,93394,140091,186788,233485
46698,93396,140094,186792,233490
46699,93398,140097,186796,233495
46700,93400,140100,186800,233500
46701,93402,140103,186804,233505
46702,93404,140106,186808,233510
46703,93406,140109,186812,233515
46704,93408,140112,186816,233520
46705,93410,140115,186820,233525
46706,93412,140118,186824,233530
46707,93414,140121,186828,233535
46708,93416,140124,186832,233540
46709,93418,140127,186836,233545
46710,93420,140130,186840,233550
46711,93422,140133,186844,233555
46712,93424,140136,186848,233560
46713,93426,140139,186852,233565
46714,93428,140142,186856,233570
46715,93430,140145,186860,233575
46716,93432,140148,186864,233580
46717,93434,140151,186868,233585
46718,93436,140154,186872,233590
46719,93438,140157,186876,233595
46720,93440,140160,186880,233600
46721,93442,140163,186884,233605
46722,93444,140166,186888,233610
46723,93446,140169,186892,233615
46724,93448,140172,186896,233620
46725,93450,140175,186900,233625
46726,93452,140178,186904,233630
46727,93454,140181,186908,233635
46728,93456,140184,186912,233640
46729,93458,140187,186916,233645
46730,93460,140190,186920,233650
46731,93462,140193,186924,233655
46732,93464,140196,186928,233660
46733,93466,140199,186932,233665
46734,93468,140202,186936,233670
46735,93470,140205,186940,233675
46736,93472,140208,186944,233680
46737,93474,140211,186948,233685
46738,93476,140214,186952,233690
46739,93478,140217,186956,233695
46740,93480,140220,186960,233700
46741,93482,140223,186964,233705
46742,93484,140226,186968,233710
46743,93486,140229,186972,233715
46744,93488,140232,186976,233720
46745,93490,140235,186980,233725
46746,93492,140238,186984,233730
46747,93494,140241,186988,233735
46748,93496,140244,186992,233740
46749,93498,140247,186996,233745
46750,93500,140250,187000,233750
46751,93502,140253,187004,233755
46752,93504,140256,187008,233760
46753,93506,140259,187012,233765
46754,93508,140262,187016,233770
46755,93510,140265,187020,233775
46756,93512,140268,187024,233780
46757,93514,140271,187028,233785
46758,93516,140274,187032,233790
46759,93518,140277,187036,233795
46760,93520,140280,187040,233800
46761,93522,140283,187044,233805
46762,93524,140286,187048,233810
46763,93526,140289,187052,233815
46764,93528,140292,187056,233820
46765,93530,140295,187060,233825
46766,93532,140298,187064,233830
46767,93534,140301,187068,233835
46768,93536,140304,187072,233840
46769,93538,140307,187076,233845
46770,93540,140310,187080,233850
46771,93542,140313,187084,233855
46772,93544,140316,187088,233860
46773,93546,140319,187092,233865
46774,93548,140322,187096,233870
46775,93550,140325,187100,233875
46776,93552,140328,187104,233880
46777,93554,140331,187108,233885
46778,93556,140334,187112,233890
46779,93558,140337,187116,233895
46780,93560,140340,187120,233900
46781,93562,140343,187124,233905
46782,93564,140346,187128,233910
46783,93566,140349,187132,233915
46784,93568,140352,187136,233920
46785,93570,140355,187140,233925
46786,93572,140358,187144,233930
46787,93574,140361,187148,233935
46788,93576,140364,187152,233940
46789,93578,140367,187156,233945
46790,93580,140370,187160,233950
46791,93582,140373,187164,233955
46792,93584,140376,187168,233960
46793,93586,140379,187172,233965
46794,93588,140382,187176,233970
46795,93590,140385,187180,233975
46796,93592,140388,187184,233980
46797,93594,140391,187188,233985
46798,93596,140394,187192,233990
46799,93598,140397,187196,233995
46800,93600,140400,187200,234000
46801,93602,140403,187204,234005
46802,93604,140406,187208,234010
46803,93606,140409,187212,234015
46804,93608,140412,187216,234020
46805,93610,140415,187220,234025
46806,93612,140418,187224,234030
46807,93614,140421,187228,234035
46808,93616,140424,187232,234040
46809,93618,140427,187236,234045
46810,93620,140430,187240,234050
46811,93622,140433,187244,234055
46812,93624,140436,187248,234060
46813,93626,140439,187252,234065
46814,93628,140442,187256,234070
46815,93630,140445,187260,234075
46816,93632,140448,187264,234080
46817,93634,140451,187268,234085
46818,93636,140454,187272,234090
46819,93638,140457,187276,234095
46820,93640,140460,187280,234100
46821,93642,140463,187284,234105
46822,93644,140466,187288,234110
46823,93646,140469,187292,234115
46824,93648,140472,187296,234120
46825,93650,140475,187300,234125
46826,93652,140478,187304,234130
46827,93654,140481,187308,234135
46828,93656,140484,187312,234140
46829,93658,140487,187316,234145
46830,93660,140490,187320,234150
46831,93662,140493,187324,234155
46832,93664,140496,187328,234160
46833,93666,140499,187332,234165
46834,93668,140502,187336,234170
46835,93670,140505,187340,234175
46836,93672,140508,187344,234180
46837,93674,140511,187348,234185
46838,93676,140514,187352,234190
46839,93678,140517,187356,234195
46840,93680,140520,187360,234200
46841,93682,140523,187364,234205
46842,93684,140526,187368,234210
46843,93686,140529,187372,234215
46844,93688,140532,187376,234220
46845,93690,140535,187380,234225
46846,93692,140538,187384,234230
46847,93694,140541,187388,234235
46848,93696,140544,187392,234240
46849,93698,140547,187396,234245
46850,93700,140550,187400,234250
46851,93702,140553,187404,234255
46852,93704,140556,187408,234260
46853,93706,140559,187412,234265
46854,93708,140562,187416,234270
46855,93710,140565,187420,234275
46856,93712,140568,187424,234280
46857,93714,140571,187428,234285
46858,93716,140574,187432,234290
46859,93718,140577,187436,234295
46860,93720,140580,187440,234300
46861,93722,140583,187444,234305
46862,93724,140586,187448,234310
46863,93726,140589,187452,234315
46864,93728,140592,187456,234320
46865,93730,140595,187460,234325
46866,93732,140598,187464,234330
46867,93734,140601,187468,234335
46868,93736,140604,187472,234340
46869,93738,140607,187476,234345
46870,93740,140610,187480,234350
46871,93742,140613,187484,234355
46872,93744,140616,187488,234360
46873,93746,140619,187492,234365
46874,93748,140622,187496,234370
46875,93750,140625,187500,234375
46876,93752,140628,187504,234380
46877,93754,140631,187508,234385
46878,93756,140634,187512,234390
46879,93758,140637,187516,234395
46880,93760,140640,187520,234400
46881,93762,140643,187524,234405
46882,93764,140646,187528,234410
46883,93766,140649,187532,234415
46884,93768,140652,187536,234420
46885,93770,140655,187540,234425
46886,93772,140658,187544,234430
46887,93774,140661,187548,234435
46888,93776,140664,187552,234440
46889,93778,140667,187556,234445
46890,93780,140670,187560,234450
46891,93782,140673,187564,234455
46892,93784,140676,187568,234460
46893,93786,140679,187572,234465
46894,93788,140682,187576,234470
46895,93790,140685,187580,234475
46896,93792,140688,187584,234480
46897,93794,140691,187588,234485
46898,93796,140694,187592,234490
46899,93798,140697,187596,234495
46900,93800,140700,187600,234500
46901,93802,140703,187604,234505
46902,93804,140706,187608,234510
46903,93806,140709,187612,234515
46904,93808,140712,187616,234520
46905,93810,140715,187620,234525
46906,93812,140718,187624,234530
46907,93814,140721,187628,234535
46908,93816,140724,187632,234540
46909,93818,140727,187636,234545
46910,93820,140730,187640,234550
46911,93822,140733,187644,234555
46912,93824,140736,187648,234560
46913,93826,140739,187652,234565
46914,93828,140742,187656,234570
46915,93830,140745,187660,234575
46916,93832,140748,187664,234580
46917,93834,140751,187668,234585
46918,93836,140754,187672,234590
46919,93838,140757,187676,234595
46920,93840,140760,187680,234600
46921,93842,140763,187684,234605
46922,93844,140766,187688,234610
46923,93846,140769,187692,234615
46924,93848,140772,187696,234620
46925,93850,140775,187700,234625
46926,93852,140778,187704,234630
46927,93854,140781,187708,234635
46928,93856,140784,187712,234640
46929,93858,140787,187716,234645
46930,93860,140790,187720,234650
46931,93862,140793,187724,234655
46932,93864,140796,187728,234660
46933,93866,140799,187732,234665
46934,93868,140802,187736,234670
46935,93870,140805,187740,234675
46936,93872,140808,187744,234680
46937,93874,140811,187748,234685
46938,93876,140814,187752,234690
46939,93878,140817,187756,234695
46940,93880,140820,187760,234700
46941,93882,140823,187764,234705
46942,93884,140826,187768,234710
46943,93886,140829,187772,234715
46944,93888,140832,187776,234720
46945,93890,140835,187780,234725
46946,93892,140838,187784,234730
46947,93894,140841,187788,234735
46948,93896,140844,187792,234740
46949,93898,140847,187796,234745
46950,93900,140850,187800,234750
46951,93902,140853,187804,234755
46952,93904,140856,187808,234760
46953,93906,140859,187812,234765
46954,93908,140862,187816,234770
46955,93910,140865,187820,234775
46956,93912,140868,187824,234780
46957,93914,140871,187828,234785
46958,93916,140874,187832,234790
46959,93918,140877,187836,234795
46960,93920,140880,187840,234800
46961,93922,140883,187844,234805
46962,93924,140886,187848,234810
46963,93926,140889,187852,234815
46964,93928,140892,187856,234820
46965,93930,140895,187860,234825
46966,93932,140898,187864,234830
46967,93934,140901,187868,234835
46968,93936,140904,187872,234840
46969,93938,140907,187876,234845
46970,93940,140910,187880,234850
46971,93942,140913,187884,234855
46972,93944,140916,187888,234860
46973,93946,140919,187892,234865
46974,93948,140922,187896,234870
46975,93950,140925,187900,234875
46976,93952,140928,187904,234880
46977,93954,140931,187908,234885
46978,93956,140934,187912,234890
46979,93958,140937,187916,234895
46980,93960,140940,187920,234900
46981,93962,140943,187924,234905
46982,93964,140946,187928,234910
46983,93966,140949,187932,234915
46984,93968,140952,187936,234920
46985,93970,140955,187940,234925
46986,93972,140958,187944,234930
46987,93974,140961,187948,234935
46988,93976,140964,187952,234940
46989,93978,140967,187956,234945
46990,93980,140970,187960,234950
46991,93982,140973,187964,234955
46992,93984,140976,187968,234960
46993,93986,140979,187972,234965
46994,93988,140982,187976,234970
46995,93990,140985,187980,234975
46996,93992,140988,187984,234980
46997,93994,140991,187988,234985
46998,93996,140994,187992,234990
46999,93998,140997,187996,234995
47000,94000,141000,188000,235000
47001,94002,141003,188004,235005
47002,94004,141006,188008,235010
47003,94006,141009,188012,235015
47004,94008,141012,188016,235020
47005,94010,141015,188020,235025
47006,94012,141018,188024,235030
47007,94014,141021,188028,235035
47008,94016,141024,188032,235040
47009,94018,141027,188036,235045
47010,94020,141030,188040,235050
47011,94022,141033,188044,235055
47012,94024,141036,188048,235060
47013,94026,141039,188052,235065
47014,94028,141042,188056,235070
47015,94030,141045,188060,235075
47016,94032,141048,188064,235080
47017,94034,141051,188068,235085
47018,94036,141054,188072,235090
47019,94038,141057,188076,235095
47020,94040,141060,188080,235100
47021,94042,141063,188084,235105
47022,94044,141066,188088,235110
47023,94046,141069,188092,235115
47024,94048,141072,188096,235120
47025,94050,141075,188100,235125
47026,94052,141078,188104,235130
47027,94054,141081,188108,235135
47028,94056,141084,188112,235140
47029,94058,141087,188116,235145
47030,94060,141090,188120,235150
47031,94062,141093,188124,235155
47032,94064,141096,188128,235160
47033,94066,141099,188132,235165
47034,94068,141102,188136,235170
47035,94070,141105,188140,235175
47036,94072,141108,188144,235180
47037,94074,141111,188148,235185
47038,94076,141114,188152,235190
47039,94078,141117,188156,235195
47040,94080,141120,188160,235200
47041,94082,141123,188164,235205
47042,94084,141126,188168,235210
47043,94086,141129,188172,235215
47044,94088,141132,188176,235220
47045,94090,141135,188180,235225
47046,94092,141138,188184,235230
47047,94094,141141,188188,235235
47048,94096,141144,188192,235240
47049,94098,141147,188196,235245
47050,94100,141150,188200,235250
47051,94102,141153,188204,235255
47052,94104,141156,188208,235260
47053,94106,141159,188212,235265
47054,94108,141162,188216,235270
47055,94110,141165,188220,235275
47056,94112,141168,188224,235280
47057,94114,141171,188228,235285
47058,94116,141174,188232,235290
47059,94118,141177,188236,235295
47060,94120,141180,188240,235300
47061,94122,141183,188244,235305
47062,94124,141186,188248,235310
47063,94126,141189,188252,235315
47064,94128,141192,188256,235320
47065,94130,141195,188260,235325
47066,94132,141198,188264,235330
47067,94134,141201,188268,235335
47068,94136,141204,188272,235340
47069,94138,141207,188276,235345
47070,94140,141210,188280,235350
47071,94142,141213,188284,235355
47072,94144,141216,188288,235360
47073,94146,141219,188292,235365
47074,94148,141222,188296,235370
47075,94150,141225,188300,235375
47076,94152,141228,188304,235380
47077,94154,141231,188308,235385
47078,94156,141234,188312,235390
47079,94158,141237,188316,235395
47080,94160,141240,188320,235400
47081,94162,141243,188324,235405
47082,94164,141246,188328,235410
47083,94166,141249,188332,235415
47084,94168,141252,188336,235420
47085,94170,141255,188340,235425
47086,94172,141258,188344,235430
47087,94174,141261,188348,235435
47088,94176,141264,188352,235440
47089,94178,141267,188356,235445
47090,94180,141270,188360,235450
47091,94182,141273,188364,235455
47092,94184,141276,188368,235460
47093,94186,141279,188372,235465
47094,94188,141282,188376,235470
47095,94190,141285,188380,235475
47096,94192,141288,188384,235480
47097,94194,141291,188388,235485
47098,94196,141294,188392,235490
47099,94198,141297,188396,235495
47100,94200,141300,188400,235500
47101,94202,141303,188404,235505
47102,94204,141306,188408,235510
47103,94206,141309,188412,235515
47104,94208,141312,188416,235520
47105,94210,141315,188420,235525
47106,94212,141318,188424,235530
47107,94214,141321,188428,235535
47108,94216,141324,188432,235540
47109,94218,141327,188436,235545
47110,94220,141330,188440,235550
47111,94222,141333,188444,235555
47112,94224,141336,188448,235560
47113,94226,141339,188452,235565
47114,94228,141342,188456,235570
47115,94230,141345,188460,235575
47116,94232,141348,188464,235580
47117,94234,141351,188468,235585
47118,94236,141354,188472,235590
47119,94238,141357,188476,235595
47120,94240,141360,188480,235600
47121,94242,141363,188484,235605
47122,94244,141366,188488,235610
47123,94246,141369,188492,235615
47124,94248,141372,188496,235620
47125,94250,141375,188500,235625
47126,94252,141378,188504,235630
47127,94254,141381,188508,235635
47128,94256,141384,188512,235640
47129,94258,141387,188516,235645
47130,94260,141390,188520,235650
47131,94262,141393,188524,235655
47132,94264,141396,188528,235660
47133,94266,141399,188532,235665
47134,94268,141402,188536,235670
47135,94270,141405,188540,235675
47136,94272,141408,188544,235680
47137,94274,141411,188548,235685
47138,94276,141414,188552,235690
47139,94278,141417,188556,235695
47140,94280,141420,188560,235700
47141,94282,141423,188564,235705
47142,94284,141426,188568,235710
47143,94286,141429,188572,235715
47144,94288,141432,188576,235720
47145,94290,141435,188580,235725
47146,94292,141438,188584,235730
47147,94294,141441,188588,235735
47148,94296,141444,188592,235740
47149,94298,141447,188596,235745
47150,94300,141450,188600,235750
47151,94302,141453,188604,235755
47152,94304,141456,188608,235760
47153,94306,141459,188612,235765
47154,94308,141462,188616,235770
47155,94310,141465,188620,235775
47156,94312,141468,188624,235780
47157,94314,141471,188628,235785
47158,94316,141474,188632,235790
47159,94318,141477,188636,235795
47160,94320,141480,188640,235800
47161,94322,141483,188644,235805
47162,94324,141486,188648,235810
47163,94326,141489,188652,235815
47164,94328,141492,188656,235820
47165,94330,141495,188660,235825
47166,94332,141498,188664,235830
47167,94334,141501,188668,235835
47168,94336,141504,188672,235840
47169,94338,141507,188676,235845
47170,94340,141510,188680,235850
47171,94342,141513,188684,235855
47172,94344,141516,188688,235860
47173,94346,141519,188692,235865
47174,94348,141522,188696,235870
47175,94350,141525,188700,235875
47176,94352,141528,188704,235880
47177,94354,141531,188708,235885
47178,94356,141534,188712,235890
47179,94358,141537,188716,235895
47180,94360,141540,188720,235900
47181,94362,141543,188724,235905
47182,94364,141546,188728,235910
47183,94366,141549,188732,235915
47184,94368,141552,188736,235920
47185,94370,141555,188740,235925
47186,94372,141558,188744,235930
47187,94374,141561,188748,235935
47188,94376,141564,188752,235940
47189,94378,141567,188756,235945
47190,94380,141570,188760,235950
47191,94382,141573,188764,235955
47192,94384,141576,188768,235960
47193,94386,141579,188772,235965
47194,94388,141582,188776,235970
47195,94390,141585,188780,235975
47196,94392,141588,188784,235980
47197,94394,141591,188788,235985
47198,94396,141594,188792,235990
47199,94398,141597,188796,235995
47200,94400,141600,188800,236000
47201,94402,141603,188804,236005
47202,94404,141606,188808,236010
47203,94406,141609,188812,236015
47204,94408,141612,188816,236020
47205,94410,141615,188820,236025
47206,94412,141618,188824,236030
47207,94414,141621,188828,236035
47208,94416,141624,188832,236040
47209,94418,141627,188836,236045
47210,94420,141630,188840,236050
47211,94422,141633,188844,236055
47212,94424,141636,188848,236060
47213,94426,141639,188852,236065
47214,94428,141642,188856,236070
47215,94430,141645,188860,236075
47216,94432,141648,188864,236080
47217,94434,141651,188868,236085
47218,94436,141654,188872,236090
47219,94438,141657,188876,236095
47220,94440,141660,188880,236100
47221,94442,141663,188884,236105
47222,94444,141666,188888,236110
47223,94446,141669,188892,236115
47224,94448,141672,188896,236120
47225,94450,141675,188900,236125
47226,94452,141678,188904,236130
47227,94454,141681,188908,236135
47228,94456,141684,188912,236140
47229,94458,141687,188916,236145
47230,94460,141690,188920,236150
47231,94462,141693,188924,236155
47232,94464,141696,188928,236160
47233,94466,141699,188932,236165
47234,94468,141702,188936,236170
47235,94470,141705,188940,236175
47236,94472,141708,188944,236180
47237,94474,141711,188948,236185
47238,94476,141714,188952,236190
47239,94478,141717,188956,236195
47240,94480,141720,188960,236200
47241,94482,141723,188964,236205
47242,94484,141726,188968,236210
47243,94486,141729,188972,236215
47244,94488,141732,188976,236220
47245,94490,141735,188980,236225
47246,94492,141738,188984,236230
47247,94494,141741,188988,236235
47248,94496,141744,188992,236240
47249,94498,141747,188996,236245
47250,94500,141750,189000,236250
47251,94502,141753,189004,236255
47252,94504,141756,189008,236260
47253,94506,141759,189012,236265
47254,94508,141762,189016,236270
47255,94510,141765,189020,236275
47256,94512,141768,189024,236280
47257,94514,141771,189028,236285
47258,94516,141774,189032,236290
47259,94518,141777,189036,236295
47260,94520,141780,189040,236300
47261,94522,141783,189044,236305
47262,94524,141786,189048,236310
47263,94526,141789,189052,236315
47264,94528,141792,189056,236320
47265,94530,141795,189060,236325
47266,94532,141798,189064,236330
47267,94534,141801,189068,236335
47268,94536,141804,189072,236340
47269,94538,141807,189076,236345
47270,94540,141810,189080,236350
47271,94542,141813,189084,236355
47272,94544,141816,189088,236360
47273,94546,141819,189092,236365
47274,94548,141822,189096,236370
47275,94550,141825,189100,236375
47276,94552,141828,189104,236380
47277,94554,141831,189108,236385
47278,94556,141834,189112,236390
47279,94558,141837,189116,236395
47280,94560,141840,189120,236400
47281,94562,141843,189124,236405
47282,94564,141846,189128,236410
47283,94566,141849,189132,236415
47284,94568,141852,189136,236420
47285,94570,141855,189140,236425
47286,94572,141858,189144,236430
47287,94574,141861,189148,236435
47288,94576,141864,189152,236440
47289,94578,141867,189156,236445
47290,94580,141870,189160,236450
47291,94582,141873,189164,236455
47292,94584,141876,189168,236460
47293,94586,141879,189172,236465
47294,94588,141882,189176,236470
47295,94590,141885,189180,236475
47296,94592,141888,189184,236480
47297,94594,141891,189188,236485
47298,94596,141894,189192,236490
47299,94598,141897,189196,236495
47300,94600,141900,189200,236500
47301,94602,141903,189204,236505
47302,94604,141906,189208,236510
47303,94606,141909,189212,236515
47304,94608,141912,189216,236520
47305,94610,141915,189220,236525
47306,94612,141918,189224,236530
47307,94614,141921,189228,236535
47308,94616,141924,189232,236540
47309,94618,141927,189236,236545
47310,94620,141930,189240,236550
47311,94622,141933,189244,236555
47312,94624,141936,189248,236560
47313,94626,141939,189252,236565
47314,94628,141942,189256,236570
47315,94630,141945,189260,236575
47316,94632,141948,189264,236580
47317,94634,141951,189268,236585
47318,94636,141954,189272,236590
47319,94638,141957,189276,236595
47320,94640,141960,189280,236600
47321,94642,141963,189284,236605
47322,94644,141966,189288,236610
47323,94646,141969,189292,236615
47324,94648,141972,189296,236620
47325,94650,141975,189300,236625
47326,94652,141978,189304,236630
47327,94654,141981,189308,236635
47328,94656,141984,189312,236640
47329,94658,141987,189316,236645
47330,94660,141990,189320,236650
47331,94662,141993,189324,236655
47332,94664,141996,189328,236660
47333,94666,141999,189332,236665
47334,94668,142002,189336,236670
47335,94670,142005,189340,236675
47336,94672,142008,189344,236680
47337,94674,142011,189348,236685
47338,94676,142014,189352,236690
47339,94678,142017,189356,236695
47340,94680,142020,189360,236700
47341,94682,142023,189364,236705
47342,94684,142026,189368,236710
47343,94686,142029,189372,236715
47344,94688,142032,189376,236720
47345,94690,142035,189380,236725
47346,94692,142038,189384,236730
47347,94694,142041,189388,236735
47348,94696,142044,189392,236740
47349,94698,142047,189396,236745
47350,94700,142050,189400,236750
47351,94702,142053,189404,236755
47352,94704,142056,189408,236760
47353,94706,142059,189412,236765
47354,94708,142062,189416,236770
47355,94710,142065,189420,236775
47356,94712,142068,189424,236780
47357,94714,142071,189428,236785
47358,94716,142074,189432,236790
47359,94718,142077,189436,236795
47360,94720,142080,189440,236800
47361,94722,142083,189444,236805
47362,94724,142086,189448,236810
47363,94726,142089,189452,236815
47364,94728,142092,189456,236820
47365,94730,142095,189460,236825
47366,94732,142098,189464,236830
47367,94734,142101,189468,236835
47368,94736,142104,189472,236840
47369,94738,142107,189476,236845
47370,94740,142110,189480,236850
47371,94742,142113,189484,236855
47372,94744,142116,189488,236860
47373,94746,142119,189492,236865
47374,94748,142122,189496,236870
47375,94750,142125,189500,236875
47376,94752,142128,189504,236880
47377,94754,142131,189508,236885
47378,94756,142134,189512,236890
47379,94758,142137,189516,236895
47380,94760,142140,189520,236900
47381,94762,142143,189524,236905
47382,94764,142146,189528,236910
47383,94766,142149,189532,236915
47384,94768,142152,189536,236920
47385,94770,142155,189540,236925
47386,94772,142158,189544,236930
47387,94774,142161,189548,236935
47388,94776,142164,189552,236940
47389,94778,142167,189556,236945
47390,94780,142170,189560,236950
47391,94782,142173,189564,236955
47392,94784,142176,189568,236960
47393,94786,142179,189572,236965
47394,94788,142182,189576,236970
47395,94790,142185,189580,236975
47396,94792,142188,189584,236980
47397,94794,142191,189588,236985
47398,94796,142194,189592,236990
47399,94798,142197,189596,236995
47400,94800,142200,189600,237000
47401,94802,142203,189604,237005
47402,94804,142206,189608,237010
47403,94806,142209,189612,237015
47404,94808,142212,189616,237020
47405,94810,142215,189620,237025
47406,94812,142218,189624,237030
47407,94814,142221,189628,237035
47408,94816,142224,189632,237040
47409,94818,142227,189636,237045
47410,94820,142230,189640,237050
47411,94822,142233,189644,237055
47412,94824,142236,189648,237060
47413,94826,142239,189652,237065
47414,94828,142242,189656,237070
47415,94830,142245,189660,237075
47416,94832,142248,189664,237080
47417,94834,142251,189668,237085
47418,94836,142254,189672,237090
47419,94838,142257,189676,237095
47420,94840,142260,189680,237100
47421,94842,142263,189684,237105
47422,94844,142266,189688,237110
47423,94846,142269,189692,237115
47424,94848,142272,189696,237120
47425,94850,142275,189700,237125
47426,94852,142278,189704,237130
47427,94854,142281,189708,237135
47428,94856,142284,189712,237140
47429,94858,142287,189716,237145
47430,94860,142290,189720,237150
47431,94862,142293,189724,237155
47432,94864,142296,189728,237160
47433,94866,142299,189732,237165
47434,94868,142302,189736,237170
47435,94870,142305,189740,237175
47436,94872,142308,189744,237180
47437,94874,142311,189748,237185
47438,94876,142314,189752,237190
47439,94878,142317,189756,237195
47440,94880,142320,189760,237200
47441,94882,142323,189764,237205
47442,94884,142326,189768,237210
47443,94886,142329,189772,237215
47444,94888,142332,189776,237220
47445,94890,142335,189780,237225
47446,94892,142338,189784,237230
47447,94894,142341,189788,237235
47448,94896,142344,189792,237240
47449,94898,142347,189796,237245
47450,94900,142350,189800,237250
47451,94902,142353,189804,237255
47452,94904,142356,189808,237260
47453,94906,142359,189812,237265
47454,94908,142362,189816,237270
47455,94910,142365,189820,237275
47456,94912,142368,189824,237280
47457,94914,142371,189828,237285
47458,94916,142374,189832,237290
47459,94918,142377,189836,237295
47460,94920,142380,189840,237300
47461,94922,142383,189844,237305
47462,94924,142386,189848,237310
47463,94926,142389,189852,237315
47464,94928,142392,189856,237320
47465,94930,142395,189860,237325
47466,94932,142398,189864,237330
47467,94934,142401,189868,237335
47468,94936,142404,189872,237340
47469,94938,142407,189876,237345
47470,94940,142410,189880,237350
47471,94942,142413,189884,237355
47472,94944,142416,189888,237360
47473,94946,142419,189892,237365
47474,94948,142422,189896,237370
47475,94950,142425,189900,237375
47476,94952,142428,189904,237380
47477,94954,142431,189908,237385
47478,94956,142434,189912,237390
47479,94958,142437,189916,237395
47480,94960,142440,189920,237400
47481,94962,142443,189924,237405
47482,94964,142446,189928,237410
47483,94966,142449,189932,237415
47484,94968,142452,189936,237420
47485,94970,142455,189940,237425
47486,94972,142458,189944,237430
47487,94974,142461,189948,237435
47488,94976,142464,189952,237440
47489,94978,142467,189956,237445
47490,94980,142470,189960,237450
47491,94982,142473,189964,237455
47492,94984,142476,189968,237460
47493,94986,142479,189972,237465
47494,94988,142482,189976,237470
47495,94990,142485,189980,237475
47496,94992,142488,189984,237480
47497,94994,142491,189988,237485
47498,94996,142494,189992,237490
47499,94998,142497,189996,237495
47500,95000,142500,190000,237500
47501,95002,142503,190004,237505
47502,95004,142506,190008,237510
47503,95006,142509,190012,237515
47504,95008,142512,190016,237520
47505,95010,142515,190020,237525
47506,95012,142518,190024,237530
47507,95014,142521,190028,237535
47508,95016,142524,190032,237540
47509,95018,142527,190036,237545
47510,95020,142530,190040,237550
47511,95022,142533,190044,237555
47512,95024,142536,190048,237560
47513,95026,142539,190052,237565
47514,95028,142542,190056,237570
47515,95030,142545,190060,237575
47516,95032,142548,190064,237580
47517,95034,142551,190068,237585
47518,95036,142554,190072,237590
47519,95038,142557,190076,237595
47520,95040,142560,190080,237600
47521,95042,142563,190084,237605
47522,95044,142566,190088,237610
47523,95046,142569,190092,237615
47524,95048,142572,190096,237620
47525,95050,142575,190100,237625
47526,95052,142578,190104,237630
47527,95054,142581,190108,237635
47528,95056,142584,190112,237640
47529,95058,142587,190116,237645
47530,95060,142590,190120,237650
47531,95062,142593,190124,237655
47532,95064,142596,190128,237660
47533,95066,142599,190132,237665
47534,95068,142602,190136,237670
47535,95070,142605,190140,237675
47536,95072,142608,190144,237680
47537,95074,142611,190148,237685
47538,95076,142614,190152,237690
47539,95078,142617,190156,237695
47540,95080,142620,190160,237700
47541,95082,142623,190164,237705
47542,95084,142626,190168,237710
47543,95086,142629,190172,237715
47544,95088,142632,190176,237720
47545,95090,142635,190180,237725
47546,95092,142638,190184,237730
47547,95094,142641,190188,237735
47548,95096,142644,190192,237740
47549,95098,142647,190196,237745
47550,95100,142650,190200,237750
47551,95102,142653,190204,237755
47552,95104,142656,190208,237760
47553,95106,142659,190212,237765
47554,95108,142662,190216,237770
47555,95110,142665,190220,237775
47556,95112,142668,190224,237780
47557,95114,142671,190228,237785
47558,95116,142674,190232,237790
47559,95118,142677,190236,237795
47560,95120,142680,190240,237800
47561,95122,142683,190244,237805
47562,95124,142686,190248,237810
47563,95126,142689,190252,237815
47564,95128,142692,190256,237820
47565,95130,142695,190260,237825
47566,95132,142698,190264,237830
47567,95134,142701,190268,237835
47568,95136,142704,190272,237840
47569,95138,142707,190276,237845
47570,95140,142710,190280,237850
47571,95142,142713,190284,237855
47572,95144,142716,190288,237860
47573,95146,142719,190292,237865
47574,95148,142722,190296,237870
47575,95150,142725,190300,237875
47576,95152,142728,190304,237880
47577,95154,142731,190308,237885
47578,95156,142734,190312,237890
47579,95158,142737,190316,237895
47580,95160,142740,190320,237900
47581,95162,142743,190324,237905
47582,95164,142746,190328,237910
47583,95166,142749,190332,237915
47584,95168,142752,190336,237920
47585,95170,142755,190340,237925
47586,95172,142758,190344,237930
47587,95174,142761,190348,237935
47588,95176,142764,190352,237940
47589,95178,142767,190356,237945
47590,95180,142770,190360,237950
47591,95182,142773,190364,237955
47592,95184,142776,190368,237960
47593,95186,142779,190372,237965
47594,95188,142782,190376,237970
47595,95190,142785,190380,237975
47596,95192,142788,190384,237980
47597,95194,142791,190388,237985
47598,95196,142794,190392,237990
47599,95198,142797,190396,237995
47600,95200,142800,190400,238000
47601,95202,142803,190404,238005
47602,95204,142806,190408,238010
47603,95206,142809,190412,238015
47604,95208,142812,190416,238020
47605,95210,142815,190420,238025
47606,95212,142818,190424,238030
47607,95214,142821,190428,238035
47608,95216,142824,190432,238040
47609,95218,142827,190436,238045
47610,95220,142830,190440,238050
47611,95222,142833,190444,238055
47612,95224,142836,190448,238060
47613,95226,142839,190452,238065
47614,95228,142842,190456,238070
47615,95230,142845,190460,238075
47616,95232,142848,190464,238080
47617,95234,142851,190468,238085
47618,95236,142854,190472,238090
47619,95238,142857,190476,238095
47620,95240,142860,190480,238100
47621,95242,142863,190484,238105
47622,95244,142866,190488,238110
47623,95246,142869,190492,238115
47624,95248,142872,190496,238120
47625,95250,142875,190500,238125
47626,95252,142878,190504,238130
47627,95254,142881,190508,238135
47628,95256,142884,190512,238140
47629,95258,142887,190516,238145
47630,95260,142890,190520,238150
47631,95262,142893,190524,238155
47632,95264,142896,190528,238160
47633,95266,142899,190532,238165
47634,95268,142902,190536,238170
47635,95270,142905,190540,238175
47636,95272,142908,190544,238180
47637,95274,142911,190548,238185
47638,95276,142914,190552,238190
47639,95278,142917,190556,238195
47640,95280,142920,190560,238200
47641,95282,142923,190564,238205
47642,95284,142926,190568,238210
47643,95286,142929,190572,238215
47644,95288,142932,190576,238220
47645,95290,142935,190580,238225
47646,95292,142938,190584,238230
47647,95294,142941,190588,238235
47648,95296,142944,190592,238240
47649,95298,142947,190596,238245
47650,95300,142950,190600,238250
47651,95302,142953,190604,238255
47652,95304,142956,190608,238260
47653,95306,142959,190612,238265
47654,95308,142962,190616,238270
47655,95310,142965,190620,238275
47656,95312,142968,190624,238280
47657,95314,142971,190628,238285
47658,95316,142974,190632,238290
47659,95318,142977,190636,238295
47660,95320,142980,190640,238300
47661,95322,142983,190644,238305
47662,95324,142986,190648,238310
47663,95326,142989,190652,238315
47664,95328,142992,190656,238320
47665,95330,142995,190660,238325
47666,95332,142998,190664,238330
47667,95334,143001,190668,238335
47668,95336,143004,190672,238340
47669,95338,143007,190676,238345
47670,95340,143010,190680,238350
47671,95342,143013,190684,238355
47672,95344,143016,190688,238360
47673,95346,143019,190692,238365
47674,95348,143022,190696,238370
47675,95350,143025,190700,238375
47676,95352,143028,190704,238380
47677,95354,143031,190708,238385
47678,95356,143034,190712,238390
47679,95358,143037,190716,238395
47680,95360,143040,190720,238400
47681,95362,143043,190724,238405
47682,95364,143046,190728,238410
47683,95366,143049,190732,238415
47684,95368,143052,190736,238420
47685,95370,143055,190740,238425
47686,95372,143058,190744,238430
47687,95374,143061,190748,238435
47688,95376,143064,190752,238440
47689,95378,143067,190756,238445
47690,95380,143070,190760,238450
47691,95382,143073,190764,238455
47692,95384,143076,190768,238460
47693,95386,143079,190772,238465
47694,95388,143082,190776,238470
47695,95390,143085,190780,238475
47696,95392,143088,190784,238480
47697,95394,143091,190788,238485
47698,95396,143094,190792,238490
47699,95398,143097,190796,238495
47700,95400,143100,190800,238500
47701,95402,143103,190804,238505
47702,95404,143106,190808,238510
47703,95406,143109,190812,238515
47704,95408,143112,190816,238520
47705,95410,143115,190820,238525
47706,95412,143118,190824,238530
47707,95414,143121,190828,238535
47708,95416,143124,190832,238540
47709,95418,143127,190836,238545
47710,95420,143130,190840,238550
47711,95422,143133,190844,238555
47712,95424,143136,190848,238560
47713,95426,143139,190852,238565
47714,95428,143142,190856,238570
47715,95430,143145,190860,238575
47716,95432,143148,190864,238580
47717,95434,143151,190868,238585
47718,95436,143154,190872,238590
47719,95438,143157,190876,238595
47720,95440,143160,190880,238600
47721,95442,143163,190884,238605
47722,95444,143166,190888,238610
47723,95446,143169,190892,238615
47724,95448,143172,190896,238620
47725,95450,143175,190900,238625
47726,95452,143178,190904,238630
47727,95454,143181,190908,238635
47728,95456,143184,190912,238640
47729,95458,143187,190916,238645
47730,95460,143190,190920,238650
47731,95462,143193,190924,238655
47732,95464,143196,190928,238660
47733,95466,143199,190932,238665
47734,95468,143202,190936,238670
47735,95470,143205,190940,238675
47736,95472,143208,190944,238680
47737,95474,143211,190948,238685
47738,95476,143214,190952,238690
47739,95478,143217,190956,238695
47740,95480,143220,190960,238700
47741,95482,143223,190964,238705
47742,95484,143226,190968,238710
47743,95486,143229,190972,238715
47744,95488,143232,190976,238720
47745,95490,143235,190980,238725
47746,95492,143238,190984,238730
47747,95494,143241,190988,238735
47748,95496,143244,190992,238740
47749,95498,143247,190996,238745
47750,95500,143250,191000,238750
47751,95502,143253,191004,238755
47752,95504,143256,191008,238760
47753,95506,143259,191012,238765
47754,95508,143262,191016,238770
47755,95510,143265,191020,238775
47756,95512,143268,191024,238780
47757,95514,143271,191028,238785
47758,95516,143274,191032,238790
47759,95518,143277,191036,238795
47760,95520,143280,191040,238800
47761,95522,143283,191044,238805
47762,95524,143286,191048,238810
47763,95526,143289,191052,238815
47764,95528,143292,191056,238820
47765,95530,143295,191060,238825
47766,95532,143298,191064,238830
47767,95534,143301,191068,238835
47768,95536,143304,191072,238840
47769,95538,143307,191076,238845
47770,95540,143310,191080,238850
47771,95542,143313,191084,238855
47772,95544,143316,191088,238860
47773,95546,143319,191092,238865
47774,95548,143322,191096,238870
47775,95550,143325,191100,238875
47776,95552,143328,191104,238880
47777,95554,143331,191108,238885
47778,95556,143334,191112,238890
47779,95558,143337,191116,238895
47780,95560,143340,191120,238900
47781,95562,143343,191124,238905
47782,95564,143346,191128,238910
47783,95566,143349,191132,238915
47784,95568,143352,191136,238920
47785,95570,143355,191140,238925
47786,95572,143358,191144,238930
47787,95574,143361,191148,238935
47788,95576,143364,191152,238940
47789,95578,143367,191156,238945
47790,95580,143370,191160,238950
47791,95582,143373,191164,238955
47792,95584,143376,191168,238960
47793,95586,143379,191172,238965
47794,95588,143382,191176,238970
47795,95590,143385,191180,238975
47796,95592,143388,191184,238980
47797,95594,143391,191188,238985
47798,95596,143394,191192,238990
47799,95598,143397,191196,238995
47800,95600,143400,191200,239000
47801,95602,143403,191204,239005
47802,95604,143406,191208,239010
47803,95606,143409,191212,239015
47804,95608,143412,191216,239020
47805,95610,143415,191220,239025
47806,95612,143418,191224,239030
47807,95614,143421,191228,239035
47808,95616,143424,191232,239040
47809,95618,143427,191236,239045
47810,95620,143430,191240,239050
47811,95622,143433,191244,239055
47812,95624,143436,191248,239060
47813,95626,143439,191252,239065
47814,95628,143442,191256,239070
47815,95630,143445,191260,239075
47816,95632,143448,191264,239080
47817,95634,143451,191268,239085
47818,95636,143454,191272,239090
47819,95638,143457,191276,239095
47820,95640,143460,191280,239100
47821,95642,143463,191284,239105
47822,95644,143466,191288,239110
47823,95646,143469,191292,239115
47824,95648,143472,191296,239120
47825,95650,143475,191300,239125
47826,95652,143478,191304,239130
47827,95654,143481,191308,239135
47828,95656,143484,191312,239140
47829,95658,143487,191316,239145
47830,95660,143490,191320,239150
47831,95662,143493,191324,239155
47832,95664,143496,191328,239160
47833,95666,143499,191332,239165
47834,95668,143502,191336,239170
47835,95670,143505,191340,239175
47836,95672,143508,191344,239180
47837,95674,143511,191348,239185
47838,95676,143514,191352,239190
47839,95678,143517,191356,239195
47840,95680,143520,191360,239200
47841,95682,143523,191364,239205
47842,95684,143526,191368,239210
47843,95686,143529,191372,239215
47844,95688,143532,191376,239220
47845,95690,143535,191380,239225
47846,95692,143538,191384,239230
47847,95694,143541,191388,239235
47848,95696,143544,191392,239240
47849,95698,143547,191396,239245
47850,95700,143550,191400,239250
47851,95702,143553,191404,239255
47852,95704,143556,191408,239260
47853,95706,143559,191412,239265
47854,95708,143562,191416,239270
47855,95710,143565,191420,239275
47856,95712,143568,191424,239280
47857,95714,143571,191428,239285
47858,95716,143574,191432,239290
47859,95718,143577,191436,239295
47860,95720,143580,191440,239300
47861,95722,143583,191444,239305
47862,95724,143586,191448,239310
47863,95726,143589,191452,239315
47864,95728,143592,191456,239320
47865,95730,143595,191460,239325
47866,95732,143598,191464,239330
47867,95734,143601,191468,239335
47868,95736,143604,191472,239340
47869,95738,143607,191476,239345
47870,95740,143610,191480,239350
47871,95742,143613,191484,239355
47872,95744,143616,191488,239360
47873,95746,143619,191492,239365
47874,95748,143622,191496,239370
47875,95750,143625,191500,239375
47876,95752,143628,191504,239380
47877,95754,143631,191508,239385
47878,95756,143634,191512,239390
47879,95758,143637,191516,239395
47880,95760,143640,191520,239400
47881,95762,143643,191524,239405
47882,95764,143646,191528,239410
47883,95766,143649,191532,239415
47884,95768,143652,191536,239420
47885,95770,143655,191540,239425
47886,95772,143658,191544,239430
47887,95774,143661,191548,239435
47888,95776,143664,191552,239440
47889,95778,143667,191556,239445
47890,95780,143670,191560,239450
47891,95782,143673,191564,239455
47892,95784,143676,191568,239460
47893,95786,143679,191572,239465
47894,95788,143682,191576,239470
47895,95790,143685,191580,239475
47896,95792,143688,191584,239480
47897,95794,143691,191588,239485
47898,95796,143694,191592,239490
47899,95798,143697,191596,239495
47900,95800,143700,191600,239500
47901,95802,143703,191604,239505
47902,95804,143706,191608,239510
47903,95806,143709,191612,239515
47904,95808,143712,191616,239520
47905,95810,143715,191620,239525
47906,95812,143718,191624,239530
47907,95814,143721,191628,239535
47908,95816,143724,191632,239540
47909,95818,143727,191636,239545
47910,95820,143730,191640,239550
47911,95822,143733,191644,239555
47912,95824,143736,191648,239560
47913,95826,143739,191652,239565
47914,95828,143742,191656,239570
47915,95830,143745,191660,239575
47916,95832,143748,191664,239580
47917,95834,143751,191668,239585
47918,95836,143754,191672,239590
47919,95838,143757,191676,239595
47920,95840,143760,191680,239600
47921,95842,143763,191684,239605
47922,95844,143766,191688,239610
47923,95846,143769,191692,239615
47924,95848,143772,191696,239620
47925,95850,143775,191700,239625
47926,95852,143778,191704,239630
47927,95854,143781,191708,239635
47928,95856,143784,191712,239640
47929,95858,143787,191716,239645
47930,95860,143790,191720,239650
47931,95862,143793,191724,239655
47932,95864,143796,191728,239660
47933,95866,143799,191732,239665
47934,95868,143802,191736,239670
47935,95870,143805,191740,239675
47936,95872,143808,191744,239680
47937,95874,143811,191748,239685
47938,95876,143814,191752,239690
47939,95878,143817,191756,239695
47940,95880,143820,191760,239700
47941,95882,143823,191764,239705
47942,95884,143826,191768,239710
47943,95886,143829,191772,239715
47944,95888,143832,191776,239720
47945,95890,143835,191780,239725
47946,95892,143838,191784,239730
47947,95894,143841,191788,239735
47948,95896,143844,191792,239740
47949,95898,143847,191796,239745
47950,95900,143850,191800,239750
47951,95902,143853,191804,239755
47952,95904,143856,191808,239760
47953,95906,143859,191812,239765
47954,95908,143862,191816,239770
47955,95910,143865,191820,239775
47956,95912,143868,191824,239780
47957,95914,143871,191828,239785
47958,95916,143874,191832,239790
47959,95918,143877,191836,239795
47960,95920,143880,191840,239800
47961,95922,143883,191844,239805
47962,95924,143886,191848,239810
47963,95926,143889,191852,239815
47964,95928,143892,191856,239820
47965,95930,143895,191860,239825
47966,95932,143898,191864,239830
47967,95934,143901,191868,239835
47968,95936,143904,191872,239840
47969,95938,143907,191876,239845
47970,95940,143910,191880,239850
47971,95942,143913,191884,239855
47972,95944,143916,191888,239860
47973,95946,143919,191892,239865
47974,95948,143922,191896,239870
47975,95950,143925,191900,239875
47976,95952,143928,191904,239880
47977,95954,143931,191908,239885
47978,95956,143934,191912,239890
47979,95958,143937,191916,239895
47980,95960,143940,191920,239900
47981,95962,143943,191924,239905
47982,95964,143946,191928,239910
47983,95966,143949,191932,239915
47984,95968,143952,191936,239920
47985,95970,143955,191940,239925
47986,95972,143958,191944,239930
47987,95974,143961,191948,239935
47988,95976,143964,191952,239940
47989,95978,143967,191956,239945
47990,95980,143970,191960,239950
47991,95982,143973,191964,239955
47992,95984,143976,191968,239960
47993,95986,143979,191972,239965
47994,95988,143982,191976,239970
47995,95990,143985,191980,239975
47996,95992,143988,191984,239980
47997,95994,143991,191988,239985
47998,95996,143994,191992,239990
47999,95998,143997,191996,239995
48000,96000,144000,192000,240000
48001,96002,144003,192004,240005
48002,96004,144006,192008,240010
48003,96006,144009,192012,240015
48004,96008,144012,192016,240020
48005,96010,144015,192020,240025
48006,96012,144018,192024,240030
48007,96014,144021,192028,240035
48008,96016,144024,192032,240040
48009,96018,144027,192036,240045
48010,96020,144030,192040,240050
48011,96022,144033,192044,240055
48012,96024,144036,192048,240060
48013,96026,144039,192052,240065
48014,96028,144042,192056,240070
48015,96030,144045,192060,240075
48016,96032,144048,192064,240080
48017,96034,144051,192068,240085
48018,96036,144054,192072,240090
48019,96038,144057,192076,240095
48020,96040,144060,192080,240100
48021,96042,144063,192084,240105
48022,96044,144066,192088,240110
48023,96046,144069,192092,240115
48024,96048,144072,192096,240120
48025,96050,144075,192100,240125
48026,96052,144078,192104,240130
48027,96054,144081,192108,240135
48028,96056,144084,192112,240140
48029,96058,144087,192116,240145
48030,96060,144090,192120,240150
48031,96062,144093,192124,240155
48032,96064,144096,192128,240160
48033,96066,144099,192132,240165
48034,96068,144102,192136,240170
48035,96070,144105,192140,240175
48036,96072,144108,192144,240180
48037,96074,144111,192148,240185
48038,96076,144114,192152,240190
48039,96078,144117,192156,240195
48040,96080,144120,192160,240200
48041,96082,144123,192164,240205
48042,96084,144126,192168,240210
48043,96086,144129,192172,240215
48044,96088,144132,192176,240220
48045,96090,144135,192180,240225
48046,96092,144138,192184,240230
48047,96094,144141,192188,240235
48048,96096,144144,192192,240240
48049,96098,144147,192196,240245
48050,96100,144150,192200,240250
48051,96102,144153,192204,240255
48052,96104,144156,192208,240260
48053,96106,144159,192212,240265
48054,96108,144162,192216,240270
48055,96110,144165,192220,240275
48056,96112,144168,192224,240280
48057,96114,144171,192228,240285
48058,96116,144174,192232,240290
48059,96118,144177,192236,240295
48060,96120,144180,192240,240300
48061,96122,144183,192244,240305
48062,96124,144186,192248,240310
48063,96126,144189,192252,240315
48064,96128,144192,192256,240320
48065,96130,144195,192260,240325
48066,96132,144198,192264,240330
48067,96134,144201,192268,240335
48068,96136,144204,192272,240340
48069,96138,144207,192276,240345
48070,96140,144210,192280,240350
48071,96142,144213,192284,240355
48072,96144,144216,192288,240360
48073,96146,144219,192292,240365
48074,96148,144222,192296,240370
48075,96150,144225,192300,240375
48076,96152,144228,192304,240380
48077,96154,144231,192308,240385
48078,96156,144234,192312,240390
48079,96158,144237,192316,240395
48080,96160,144240,192320,240400
48081,96162,144243,192324,240405
48082,96164,144246,192328,240410
48083,96166,144249,192332,240415
48084,96168,144252,192336,240420
48085,96170,144255,192340,240425
48086,96172,144258,192344,240430
48087,96174,144261,192348,240435
48088,96176,144264,192352,240440
48089,96178,144267,192356,240445
48090,96180,144270,192360,240450
48091,96182,144273,192364,240455
48092,96184,144276,192368,240460
48093,96186,144279,192372,240465
48094,96188,144282,192376,240470
48095,96190,144285,192380,240475
48096,96192,144288,192384,240480
48097,96194,144291,192388,240485
48098,96196,144294,192392,240490
48099,96198,144297,192396,240495
48100,96200,144300,192400,240500
48101,96202,144303,192404,240505
48102,96204,144306,192408,240510
48103,96206,144309,192412,240515
48104,96208,144312,192416,240520
48105,96210,144315,192420,240525
48106,96212,144318,192424,240530
48107,96214,144321,192428,240535
48108,96216,144324,192432,240540
48109,96218,144327,192436,240545
48110,96220,144330,192440,240550
48111,96222,144333,192444,240555
48112,96224,144336,192448,240560
48113,96226,144339,192452,240565
48114,96228,144342,192456,240570
48115,96230,144345,192460,240575
48116,96232,144348,192464,240580
48117,96234,144351,192468,240585
48118,96236,144354,192472,240590
48119,96238,144357,192476,240595
48120,96240,144360,192480,240600
48121,96242,144363,192484,240605
48122,96244,144366,192488,240610
48123,96246,144369,192492,240615
48124,96248,144372,192496,240620
48125,96250,144375,192500,240625
48126,96252,144378,192504,240630
48127,96254,144381,192508,240635
48128,96256,144384,192512,240640
48129,96258,144387,192516,240645
48130,96260,144390,192520,240650
48131,96262,144393,192524,240655
48132,96264,144396,192528,240660
48133,96266,144399,192532,240665
48134,96268,144402,192536,240670
48135,96270,144405,192540,240675
48136,96272,144408,192544,240680
48137,96274,144411,192548,240685
48138,96276,144414,192552,240690
48139,96278,144417,192556,240695
48140,96280,144420,192560,240700
48141,96282,144423,192564,240705
48142,96284,144426,192568,240710
48143,96286,144429,192572,240715
48144,96288,144432,192576,240720
48145,96290,144435,192580,240725
48146,96292,144438,192584,240730
48147,96294,144441,192588,240735
48148,96296,144444,192592,240740
48149,96298,144447,192596,240745
48150,96300,144450,192600,240750
48151,96302,144453,192604,240755
48152,96304,144456,192608,240760
48153,96306,144459,192612,240765
48154,96308,144462,192616,240770
48155,96310,144465,192620,240775
48156,96312,144468,192624,240780
48157,96314,144471,192628,240785
48158,96316,144474,192632,240790
48159,96318,144477,192636,240795
48160,96320,144480,192640,240800
48161,96322,144483,192644,240805
48162,96324,144486,192648,240810
48163,96326,144489,192652,240815
48164,96328,144492,192656,240820
48165,96330,144495,192660,240825
48166,96332,144498,192664,240830
48167,96334,144501,192668,240835
48168,96336,144504,192672,240840
48169,96338,144507,192676,240845
48170,96340,144510,192680,240850
48171,96342,144513,192684,240855
48172,96344,144516,192688,240860
48173,96346,144519,192692,240865
48174,96348,144522,192696,240870
48175,96350,144525,192700,240875
48176,96352,144528,192704,240880
48177,96354,144531,192708,240885
48178,96356,144534,192712,240890
48179,96358,144537,192716,240895
48180,96360,144540,192720,240900
48181,96362,144543,192724,240905
48182,96364,144546,192728,240910
48183,96366,144549,192732,240915
48184,96368,144552,192736,240920
48185,96370,144555,192740,240925
48186,96372,144558,192744,240930
48187,96374,144561,192748,240935
48188,96376,144564,192752,240940
48189,96378,144567,192756,240945
48190,96380,144570,192760,240950
48191,96382,144573,192764,240955
48192,96384,144576,192768,240960
48193,96386,144579,192772,240965
48194,96388,144582,192776,240970
48195,96390,144585,192780,240975
48196,96392,144588,192784,240980
48197,96394,144591,192788,240985
48198,96396,144594,192792,240990
48199,96398,144597,192796,240995
48200,96400,144600,192800,241000
48201,96402,144603,192804,241005
48202,96404,144606,192808,241010
48203,96406,144609,192812,241015
48204,96408,144612,192816,241020
48205,96410,144615,192820,241025
48206,96412,144618,192824,241030
48207,96414,144621,192828,241035
48208,96416,144624,192832,241040
48209,96418,144627,192836,241045
48210,96420,144630,192840,241050
48211,96422,144633,192844,241055
48212,96424,144636,192848,241060
48213,96426,144639,192852,241065
48214,96428,144642,192856,241070
48215,96430,144645,192860,241075
48216,96432,144648,192864,241080
48217,96434,144651,192868,241085
48218,96436,144654,192872,241090
48219,96438,144657,192876,241095
48220,96440,144660,192880,241100
48221,96442,144663,192884,241105
48222,96444,144666,192888,241110
48223,96446,144669,192892,241115
48224,96448,144672,192896,241120
48225,96450,144675,192900,241125
48226,96452,144678,192904,241130
48227,96454,144681,192908,241135
48228,96456,144684,192912,241140
48229,96458,144687,192916,241145
48230,96460,144690,192920,241150
48231,96462,144693,192924,241155
48232,96464,144696,192928,241160
48233,96466,144699,192932,241165
48234,96468,144702,192936,241170
48235,96470,144705,192940,241175
48236,96472,144708,192944,241180
48237,96474,144711,192948,241185
48238,96476,144714,192952,241190
48239,96478,144717,192956,241195
48240,96480,144720,192960,241200
48241,96482,144723,192964,241205
48242,96484,144726,192968,241210
48243,96486,144729,192972,241215
48244,96488,144732,192976,241220
48245,96490,144735,192980,241225
48246,96492,144738,192984,241230
48247,96494,144741,192988,241235
48248,96496,144744,192992,241240
48249,96498,144747,192996,241245
48250,96500,144750,193000,241250
48251,96502,144753,193004,241255
48252,96504,144756,193008,241260
48253,96506,144759,193012,241265
48254,96508,144762,193016,241270
48255,96510,144765,193020,241275
48256,96512,144768,193024,241280
48257,96514,144771,193028,241285
48258,96516,144774,193032,241290
48259,96518,144777,193036,241295
48260,96520,144780,193040,241300
48261,96522,144783,193044,241305
48262,96524,144786,193048,241310
48263,96526,144789,193052,241315
48264,96528,144792,193056,241320
48265,96530,144795,193060,241325
48266,96532,144798,193064,241330
48267,96534,144801,193068,241335
48268,96536,144804,193072,241340
48269,96538,144807,193076,241345
48270,96540,144810,193080,241350
48271,96542,144813,193084,241355
48272,96544,144816,193088,241360
48273,96546,144819,193092,241365
48274,96548,144822,193096,241370
48275,96550,144825,193100,241375
48276,96552,144828,193104,241380
48277,96554,144831,193108,241385
48278,96556,144834,193112,241390
48279,96558,144837,193116,241395
48280,96560,144840,193120,241400
48281,96562,144843,193124,241405
48282,96564,144846,193128,241410
48283,96566,144849,193132,241415
48284,96568,144852,193136,241420
48285,96570,144855,193140,241425
48286,96572,144858,193144,241430
48287,96574,144861,193148,241435
48288,96576,144864,193152,241440
48289,96578,144867,193156,241445
48290,96580,144870,193160,241450
48291,96582,144873,193164,241455
48292,96584,144876,193168,241460
48293,96586,144879,193172,241465
48294,96588,144882,193176,241470
48295,96590,144885,193180,241475
48296,96592,144888,193184,241480
48297,96594,144891,193188,241485
48298,96596,144894,193192,241490
48299,96598,144897,193196,241495
48300,96600,144900,193200,241500
48301,96602,144903,193204,241505
48302,96604,144906,193208,241510
48303,96606,144909,193212,241515
48304,96608,144912,193216,241520
48305,96610,144915,193220,241525
48306,96612,144918,193224,241530
48307,96614,144921,193228,241535
48308,96616,144924,193232,241540
48309,96618,144927,193236,241545
48310,96620,144930,193240,241550
48311,96622,144933,193244,241555
48312,96624,144936,193248,241560
48313,96626,144939,193252,241565
48314,96628,144942,193256,241570
48315,96630,144945,193260,241575
48316,96632,144948,193264,241580
48317,96634,144951,193268,241585
48318,96636,144954,193272,241590
48319,96638,144957,193276,241595
48320,96640,144960,193280,241600
48321,96642,144963,193284,241605
48322,96644,144966,193288,241610
48323,96646,144969,193292,241615
48324,96648,144972,193296,241620
48325,96650,144975,193300,241625
48326,96652,144978,193304,241630
48327,96654,144981,193308,241635
48328,96656,144984,193312,241640
48329,96658,144987,193316,241645
48330,96660,144990,193320,241650
48331,96662,144993,193324,241655
48332,96664,144996,193328,241660
48333,96666,144999,193332,241665
48334,96668,145002,193336,241670
48335,96670,145005,193340,241675
48336,96672,145008,193344,241680
48337,96674,145011,193348,241685
48338,96676,145014,193352,241690
48339,96678,145017,193356,241695
48340,96680,145020,193360,241700
48341,96682,145023,193364,241705
48342,96684,145026,193368,241710
48343,96686,145029,193372,241715
48344,96688,145032,193376,241720
48345,96690,145035,193380,241725
48346,96692,145038,193384,241730
48347,96694,145041,193388,241735
48348,96696,145044,193392,241740
48349,96698,145047,193396,241745
48350,96700,145050,193400,241750
48351,96702,145053,193404,241755
48352,96704,145056,193408,241760
48353,96706,145059,193412,241765
48354,96708,145062,193416,241770
48355,96710,145065,193420,241775
48356,96712,145068,193424,241780
48357,96714,145071,193428,241785
48358,96716,145074,193432,241790
48359,96718,145077,193436,241795
48360,96720,145080,193440,241800
48361,96722,145083,193444,241805
48362,96724,145086,193448,241810
48363,96726,145089,193452,241815
48364,96728,145092,193456,241820
48365,96730,145095,193460,241825
48366,96732,145098,193464,241830
48367,96734,145101,193468,241835
48368,96736,145104,193472,241840
48369,96738,145107,193476,241845
48370,96740,145110,193480,241850
48371,96742,145113,193484,241855
48372,96744,145116,193488,241860
48373,96746,145119,193492,241865
48374,96748,145122,193496,241870
48375,96750,145125,193500,241875
48376,96752,145128,193504,241880
48377,96754,145131,193508,241885
48378,96756,145134,193512,241890
48379,96758,145137,193516,241895
48380,96760,145140,193520,241900
48381,96762,145143,193524,241905
48382,96764,145146,193528,241910
48383,96766,145149,193532,241915
48384,96768,145152,193536,241920
48385,96770,145155,193540,241925
48386,96772,145158,193544,241930
48387,96774,145161,193548,241935
48388,96776,145164,193552,241940
48389,96778,145167,193556,241945
48390,96780,145170,193560,241950
48391,96782,145173,193564,241955
48392,96784,145176,193568,241960
48393,96786,145179,193572,241965
48394,96788,145182,193576,241970
48395,96790,145185,193580,241975
48396,96792,145188,193584,241980
48397,96794,145191,193588,241985
48398,96796,145194,193592,241990
48399,96798,145197,193596,241995
48400,96800,145200,193600,242000
48401,96802,145203,193604,242005
48402,96804,145206,193608,242010
48403,96806,145209,193612,242015
48404,96808,145212,193616,242020
48405,96810,145215,193620,242025
48406,96812,145218,193624,242030
48407,96814,145221,193628,242035
48408,96816,145224,193632,242040
48409,96818,145227,193636,242045
48410,96820,145230,193640,242050
48411,96822,145233,193644,242055
48412,96824,145236,193648,242060
48413,96826,145239,193652,242065
48414,96828,145242,193656,242070
48415,96830,145245,193660,242075
48416,96832,145248,193664,242080
48417,96834,145251,193668,242085
48418,96836,145254,193672,242090
48419,96838,145257,193676,242095
48420,96840,145260,193680,242100
48421,96842,145263,193684,242105
48422,96844,145266,193688,242110
48423,96846,145269,193692,242115
48424,96848,145272,193696,242120
48425,96850,145275,193700,242125
48426,96852,145278,193704,242130
48427,96854,145281,193708,242135
48428,96856,145284,193712,242140
48429,96858,145287,193716,242145
48430,96860,145290,193720,242150
48431,96862,145293,193724,242155
48432,96864,145296,193728,242160
48433,96866,145299,193732,242165
48434,96868,145302,193736,242170
48435,96870,145305,193740,242175
48436,96872,145308,193744,242180
48437,96874,145311,193748,242185
48438,96876,145314,193752,242190
48439,96878,145317,193756,242195
48440,96880,145320,193760,242200
48441,96882,145323,193764,242205
48442,96884,145326,193768,242210
48443,96886,145329,193772,242215
48444,96888,145332,193776,242220
48445,96890,145335,193780,242225
48446,96892,145338,193784,242230
48447,96894,145341,193788,242235
48448,96896,145344,193792,242240
48449,96898,145347,193796,242245
48450,96900,145350,193800,242250
48451,96902,145353,193804,242255
48452,96904,145356,193808,242260
48453,96906,145359,193812,242265
48454,96908,145362,193816,242270
48455,96910,145365,193820,242275
48456,96912,145368,193824,242280
48457,96914,145371,193828,242285
48458,96916,145374,193832,242290
48459,96918,145377,193836,242295
48460,96920,145380,193840,242300
48461,96922,145383,193844,242305
48462,96924,145386,193848,242310
48463,96926,145389,193852,242315
48464,96928,145392,193856,242320
48465,96930,145395,193860,242325
48466,96932,145398,193864,242330
48467,96934,145401,193868,242335
48468,96936,145404,193872,242340
48469,96938,145407,193876,242345
48470,96940,145410,193880,242350
48471,96942,145413,193884,242355
48472,96944,145416,193888,242360
48473,96946,145419,193892,242365
48474,96948,145422,193896,242370
48475,96950,145425,193900,242375
48476,96952,145428,193904,242380
48477,96954,145431,193908,242385
48478,96956,145434,193912,242390
48479,96958,145437,193916,242395
48480,96960,145440,193920,242400
48481,96962,145443,193924,242405
48482,96964,145446,193928,242410
48483,96966,145449,193932,242415
48484,96968,145452,193936,242420
48485,96970,145455,193940,242425
48486,96972,145458,193944,242430
48487,96974,145461,193948,242435
48488,96976,145464,193952,242440
48489,96978,145467,193956,242445
48490,96980,145470,193960,242450
48491,96982,145473,193964,242455
48492,96984,145476,193968,242460
48493,96986,145479,193972,242465
48494,96988,145482,193976,242470
48495,96990,145485,193980,242475
48496,96992,145488,193984,242480
48497,96994,145491,193988,242485
48498,96996,145494,193992,242490
48499,96998,145497,193996,242495
48500,97000,145500,194000,242500
48501,97002,145503,194004,242505
48502,97004,145506,194008,242510
48503,97006,145509,194012,242515
48504,97008,145512,194016,242520
48505,97010,145515,194020,242525
48506,97012,145518,194024,242530
48507,97014,145521,194028,242535
48508,97016,145524,194032,242540
48509,97018,145527,194036,242545
48510,97020,145530,194040,242550
48511,97022,145533,194044,242555
48512,97024,145536,194048,242560
48513,97026,145539,194052,242565
48514,97028,145542,194056,242570
48515,97030,145545,194060,242575
48516,97032,145548,194064,242580
48517,97034,145551,194068,242585
48518,97036,145554,194072,242590
48519,97038,145557,194076,242595
48520,97040,145560,194080,242600
48521,97042,145563,194084,242605
48522,97044,145566,194088,242610
48523,97046,145569,194092,242615
48524,97048,145572,194096,242620
48525,97050,145575,194100,242625
48526,97052,145578,194104,242630
48527,97054,145581,194108,242635
48528,97056,145584,194112,242640
48529,97058,145587,194116,242645
48530,97060,145590,194120,242650
48531,97062,145593,194124,242655
48532,97064,145596,194128,242660
48533,97066,145599,194132,242665
48534,97068,145602,194136,242670
48535,97070,145605,194140,242675
48536,97072,145608,194144,242680
48537,97074,145611,194148,242685
48538,97076,145614,194152,242690
48539,97078,145617,194156,242695
48540,97080,145620,194160,242700
48541,97082,145623,194164,242705
48542,97084,145626,194168,242710
48543,97086,145629,194172,242715
48544,97088,145632,194176,242720
48545,97090,145635,194180,242725
48546,97092,145638,194184,242730
48547,97094,145641,194188,242735
48548,97096,145644,194192,242740
48549,97098,145647,194196,242745
48550,97100,145650,194200,242750
48551,97102,145653,194204,242755
48552,97104,145656,194208,242760
48553,97106,145659,194212,242765
48554,97108,145662,194216,242770
48555,97110,145665,194220,242775
48556,97112,145668,194224,242780
48557,97114,145671,194228,242785
48558,97116,145674,194232,242790
48559,97118,145677,194236,242795
48560,97120,145680,194240,242800
48561,97122,145683,194244,242805
48562,97124,145686,194248,242810
48563,97126,145689,194252,242815
48564,97128,145692,194256,242820
48565,97130,145695,194260,242825
48566,97132,145698,194264,242830
48567,97134,145701,194268,242835
48568,97136,145704,194272,242840
48569,97138,145707,194276,242845
48570,97140,145710,194280,242850
48571,97142,145713,194284,242855
48572,97144,145716,194288,242860
48573,97146,145719,194292,242865
48574,97148,145722,194296,242870
48575,97150,145725,194300,242875
48576,97152,145728,194304,242880
48577,97154,145731,194308,242885
48578,97156,145734,194312,242890
48579,97158,145737,194316,242895
48580,97160,145740,194320,242900
48581,97162,145743,194324,242905
48582,97164,145746,194328,242910
48583,97166,145749,194332,242915
48584,97168,145752,194336,242920
48585,97170,145755,194340,242925
48586,97172,145758,194344,242930
48587,97174,145761,194348,242935
48588,97176,145764,194352,242940
48589,97178,145767,194356,242945
48590,97180,145770,194360,242950
48591,97182,145773,194364,242955
48592,97184,145776,194368,242960
48593,97186,145779,194372,242965
48594,97188,145782,194376,242970
48595,97190,145785,194380,242975
48596,97192,145788,194384,242980
48597,97194,145791,194388,242985
48598,97196,145794,194392,242990
48599,97198,145797,194396,242995
48600,97200,145800,194400,243000
48601,97202,145803,194404,243005
48602,97204,145806,194408,243010
48603,97206,145809,194412,243015
48604,97208,145812,194416,243020
48605,97210,145815,194420,243025
48606,97212,145818,194424,243030
48607,97214,145821,194428,243035
48608,97216,145824,194432,243040
48609,97218,145827,194436,243045
48610,97220,145830,194440,243050
48611,97222,145833,194444,243055
48612,97224,145836,194448,243060
48613,97226,145839,194452,243065
48614,97228,145842,194456,243070
48615,97230,145845,194460,243075
48616,97232,145848,194464,243080
48617,97234,145851,194468,243085
48618,97236,145854,194472,243090
48619,97238,145857,194476,243095
48620,97240,145860,194480,243100
48621,97242,145863,194484,243105
48622,97244,145866,194488,243110
48623,97246,145869,194492,243115
48624,97248,145872,194496,243120
48625,97250,145875,194500,243125
48626,97252,145878,194504,243130
48627,97254,145881,194508,243135
48628,97256,145884,194512,243140
48629,97258,145887,194516,243145
48630,97260,145890,194520,243150
48631,97262,145893,194524,243155
48632,97264,145896,194528,243160
48633,97266,145899,194532,243165
48634,97268,145902,194536,243170
48635,97270,145905,194540,243175
48636,97272,145908,194544,243180
48637,97274,145911,194548,243185
48638,97276,145914,194552,243190
48639,97278,145917,194556,243195
48640,97280,145920,194560,243200
48641,97282,145923,194564,243205
48642,97284,145926,194568,243210
48643,97286,145929,194572,243215
48644,97288,145932,194576,243220
48645,97290,145935,194580,243225
48646,97292,145938,194584,243230
48647,97294,145941,194588,243235
48648,97296,145944,194592,243240
48649,97298,145947,194596,243245
48650,97300,145950,194600,243250
48651,97302,145953,194604,243255
48652,97304,145956,194608,243260
48653,97306,145959,194612,243265
48654,97308,145962,194616,243270
48655,97310,145965,194620,243275
48656,97312,145968,194624,243280
48657,97314,145971,194628,243285
48658,97316,145974,194632,243290
48659,97318,145977,194636,243295
48660,97320,145980,194640,243300
48661,97322,145983,194644,243305
48662,97324,145986,194648,243310
48663,97326,145989,194652,243315
48664,97328,145992,194656,243320
48665,97330,145995,194660,243325
48666,97332,145998,194664,243330
48667,97334,146001,194668,243335
48668,97336,146004,194672,243340
48669,97338,146007,194676,243345
48670,97340,146010,194680,243350
48671,97342,146013,194684,243355
48672,97344,146016,194688,243360
48673,97346,146019,194692,243365
48674,97348,146022,194696,243370
48675,97350,146025,194700,243375
48676,97352,146028,194704,243380
48677,97354,146031,194708,243385
48678,97356,146034,194712,243390
48679,97358,146037,194716,243395
48680,97360,146040,194720,243400
48681,97362,146043,194724,243405
48682,97364,146046,194728,243410
48683,97366,146049,194732,243415
48684,97368,146052,194736,243420
48685,97370,146055,194740,243425
48686,97372,146058,194744,243430
48687,97374,146061,194748,243435
48688,97376,146064,194752,243440
48689,97378,146067,194756,243445
48690,97380,146070,194760,243450
48691,97382,146073,194764,243455
48692,97384,146076,194768,243460
48693,97386,146079,194772,243465
48694,97388,146082,194776,243470
48695,97390,146085,194780,243475
48696,97392,146088,194784,243480
48697,97394,146091,194788,243485
48698,97396,146094,194792,243490
48699,97398,146097,194796,243495
48700,97400,146100,194800,243500
48701,97402,146103,194804,243505
48702,97404,146106,194808,243510
48703,97406,146109,194812,243515
48704,97408,146112,194816,243520
48705,97410,146115,194820,243525
48706,97412,146118,194824,243530
48707,97414,146121,194828,243535
48708,97416,146124,194832,243540
48709,97418,146127,194836,243545
48710,97420,146130,194840,243550
48711,97422,146133,194844,243555
48712,97424,146136,194848,243560
48713,97426,146139,194852,243565
48714,97428,146142,194856,243570
48715,97430,146145,194860,243575
48716,97432,146148,194864,243580
48717,97434,146151,194868,243585
48718,97436,146154,194872,243590
48719,97438,146157,194876,243595
48720,97440,146160,194880,243600
48721,97442,146163,194884,243605
48722,97444,146166,194888,243610
48723,97446,146169,194892,243615
48724,97448,146172,194896,243620
48725,97450,146175,194900,243625
48726,97452,146178,194904,243630
48727,97454,146181,194908,243635
48728,97456,146184,194912,243640
48729,97458,146187,194916,243645
48730,97460,146190,194920,243650
48731,97462,146193,194924,243655
48732,97464,146196,194928,243660
48733,97466,146199,194932,243665
48734,97468,146202,194936,243670
48735,97470,146205,194940,243675
48736,97472,146208,194944,243680
48737,97474,146211,194948,243685
48738,97476,146214,194952,243690
48739,97478,146217,194956,243695
48740,97480,146220,194960,243700
48741,97482,146223,194964,243705
48742,97484,146226,194968,243710
48743,97486,146229,194972,243715
48744,97488,146232,194976,243720
48745,97490,146235,194980,243725
48746,97492,146238,194984,243730
48747,97494,146241,194988,243735
48748,97496,146244,194992,243740
48749,97498,146247,194996,243745
48750,97500,146250,195000,243750
48751,97502,146253,195004,243755
48752,97504,146256,195008,243760
48753,97506,146259,195012,243765
48754,97508,146262,195016,243770
48755,97510,146265,195020,243775
48756,97512,146268,195024,243780
48757,97514,146271,195028,243785
48758,97516,146274,195032,243790
48759,97518,146277,195036,243795
48760,97520,146280,195040,243800
48761,97522,146283,195044,243805
48762,97524,146286,195048,243810
48763,97526,146289,195052,243815
48764,97528,146292,195056,243820
48765,97530,146295,195060,243825
48766,97532,146298,195064,243830
48767,97534,146301,195068,243835
48768,97536,146304,195072,243840
48769,97538,146307,195076,243845
48770,97540,146310,195080,243850
48771,97542,146313,195084,243855
48772,97544,146316,195088,243860
48773,97546,146319,195092,243865
48774,97548,146322,195096,243870
48775,97550,146325,195100,243875
48776,97552,146328,195104,243880
48777,97554,146331,195108,243885
48778,97556,146334,195112,243890
48779,97558,146337,195116,243895
48780,97560,146340,195120,243900
48781,97562,146343,195124,243905
48782,97564,146346,195128,243910
48783,97566,146349,195132,243915
48784,97568,146352,195136,243920
48785,97570,146355,195140,243925
48786,97572,146358,195144,243930
48787,97574,146361,195148,243935
48788,97576,146364,195152,243940
48789,97578,146367,195156,243945
48790,97580,146370,195160,243950
48791,97582,146373,195164,243955
48792,97584,146376,195168,243960
48793,97586,146379,195172,243965
48794,97588,146382,195176,243970
48795,97590,146385,195180,243975
48796,97592,146388,195184,243980
48797,97594,146391,195188,243985
48798,97596,146394,195192,243990
48799,97598,146397,195196,243995
48800,97600,146400,195200,244000
48801,97602,146403,195204,244005
48802,97604,146406,195208,244010
48803,97606,146409,195212,244015
48804,97608,146412,195216,244020
48805,97610,146415,195220,244025
48806,97612,146418,195224,244030
48807,97614,146421,195228,244035
48808,97616,146424,195232,244040
48809,97618,146427,195236,244045
48810,97620,146430,195240,244050
48811,97622,146433,195244,244055
48812,97624,146436,195248,244060
48813,97626,146439,195252,244065
48814,97628,146442,195256,244070
48815,97630,146445,195260,244075
48816,97632,146448,195264,244080
48817,97634,146451,195268,244085
48818,97636,146454,195272,244090
48819,97638,146457,195276,244095
48820,97640,146460,195280,244100
48821,97642,146463,195284,244105
48822,97644,146466,195288,244110
48823,97646,146469,195292,244115
48824,97648,146472,195296,244120
48825,97650,146475,195300,244125
48826,97652,146478,195304,244130
48827,97654,146481,195308,244135
48828,97656,146484,195312,244140
48829,97658,146487,195316,244145
48830,97660,146490,195320,244150
48831,97662,146493,195324,244155
48832,97664,146496,195328,244160
48833,97666,146499,195332,244165
48834,97668,146502,195336,244170
48835,97670,146505,195340,244175
48836,97672,146508,195344,244180
48837,97674,146511,195348,244185
48838,97676,146514,195352,244190
48839,97678,146517,195356,244195
48840,97680,146520,195360,244200
48841,97682,146523,195364,244205
48842,97684,146526,195368,244210
48843,97686,146529,195372,244215
48844,97688,146532,195376,244220
48845,97690,146535,195380,244225
48846,97692,146538,195384,244230
48847,97694,146541,195388,244235
48848,97696,146544,195392,244240
48849,97698,146547,195396,244245
48850,97700,146550,195400,244250
48851,97702,146553,195404,244255
48852,97704,146556,195408,244260
48853,97706,146559,195412,244265
48854,97708,146562,195416,244270
48855,97710,146565,195420,244275
48856,97712,146568,195424,244280
48857,97714,146571,195428,244285
48858,97716,146574,195432,244290
48859,97718,146577,195436,244295
48860,97720,146580,195440,244300
48861,97722,146583,195444,244305
48862,97724,146586,195448,244310
48863,97726,146589,195452,244315
48864,97728,146592,195456,244320
48865,97730,146595,195460,244325
48866,97732,146598,195464,244330
48867,97734,146601,195468,244335
48868,97736,146604,195472,244340
48869,97738,146607,195476,244345
48870,97740,146610,195480,244350
48871,97742,146613,195484,244355
48872,97744,146616,195488,244360
48873,97746,146619,195492,244365
48874,97748,146622,195496,244370
48875,97750,146625,195500,244375
48876,97752,146628,195504,244380
48877,97754,146631,195508,244385
48878,97756,146634,195512,244390
48879,97758,146637,195516,244395
48880,97760,146640,195520,244400
48881,97762,146643,195524,244405
48882,97764,146646,195528,244410
48883,97766,146649,195532,244415
48884,97768,146652,195536,244420
48885,97770,146655,195540,244425
48886,97772,146658,195544,244430
48887,97774,146661,195548,244435
48888,97776,146664,195552,244440
48889,97778,146667,195556,244445
48890,97780,146670,195560,244450
48891,97782,146673,195564,244455
48892,97784,146676,195568,244460
48893,97786,146679,195572,244465
48894,97788,146682,195576,244470
48895,97790,146685,195580,244475
48896,97792,146688,195584,244480
48897,97794,146691,195588,244485
48898,97796,146694,195592,244490
48899,97798,146697,195596,244495
48900,97800,146700,195600,244500
48901,97802,146703,195604,244505
48902,97804,146706,195608,244510
48903,97806,146709,195612,244515
48904,97808,146712,195616,244520
48905,97810,146715,195620,244525
48906,97812,146718,195624,244530
48907,97814,146721,195628,244535
48908,97816,146724,195632,244540
48909,97818,146727,195636,244545
48910,97820,146730,195640,244550
48911,97822,146733,195644,244555
48912,97824,146736,195648,244560
48913,97826,146739,195652,244565
48914,97828,146742,195656,244570
48915,97830,146745,195660,244575
48916,97832,146748,195664,244580
48917,97834,146751,195668,244585
48918,97836,146754,195672,244590
48919,97838,146757,195676,244595
48920,97840,146760,195680,244600
48921,97842,146763,195684,244605
48922,97844,146766,195688,244610
48923,97846,146769,195692,244615
48924,97848,146772,195696,244620
48925,97850,146775,195700,244625
48926,97852,146778,195704,244630
48927,97854,146781,195708,244635
48928,97856,146784,195712,244640
48929,97858,146787,195716,244645
48930,97860,146790,195720,244650
48931,97862,146793,195724,244655
48932,97864,146796,195728,244660
48933,97866,146799,195732,244665
48934,97868,146802,195736,244670
48935,97870,146805,195740,244675
48936,97872,146808,195744,244680
48937,97874,146811,195748,244685
48938,97876,146814,195752,244690
48939,97878,146817,195756,244695
48940,97880,146820,195760,244700
48941,97882,146823,195764,244705
48942,97884,146826,195768,244710
48943,97886,146829,195772,244715
48944,97888,146832,195776,244720
48945,97890,146835,195780,244725
48946,97892,146838,195784,244730
48947,97894,146841,195788,244735
48948,97896,146844,195792,244740
48949,97898,146847,195796,244745
48950,97900,146850,195800,244750
48951,97902,146853,195804,244755
48952,97904,146856,195808,244760
48953,97906,146859,195812,244765
48954,97908,146862,195816,244770
48955,97910,146865,195820,244775
48956,97912,146868,195824,244780
48957,97914,146871,195828,244785
48958,97916,146874,195832,244790
48959,97918,146877,195836,244795
48960,97920,146880,195840,244800
48961,97922,146883,195844,244805
48962,97924,146886,195848,244810
48963,97926,146889,195852,244815
48964,97928,146892,195856,244820
48965,97930,146895,195860,244825
48966,97932,146898,195864,244830
48967,97934,146901,195868,244835
48968,97936,146904,195872,244840
48969,97938,146907,195876,244845
48970,97940,146910,195880,244850
48971,97942,146913,195884,244855
48972,97944,146916,195888,244860
48973,97946,146919,195892,244865
48974,97948,146922,195896,244870
48975,97950,146925,195900,244875
48976,97952,146928,195904,244880
48977,97954,146931,195908,244885
48978,97956,146934,195912,244890
48979,97958,146937,195916,244895
48980,97960,146940,195920,244900
48981,97962,146943,195924,244905
48982,97964,146946,195928,244910
48983,97966,146949,195932,244915
48984,97968,146952,195936,244920
48985,97970,146955,195940,244925
48986,97972,146958,195944,244930
48987,97974,146961,195948,244935
48988,97976,146964,195952,244940
48989,97978,146967,195956,244945
48990,97980,146970,195960,244950
48991,97982,146973,195964,244955
48992,97984,146976,195968,244960
48993,97986,146979,195972,244965
48994,97988,146982,195976,244970
48995,97990,146985,195980,244975
48996,97992,146988,195984,244980
48997,97994,146991,195988,244985
48998,97996,146994,195992,244990
48999,97998,146997,195996,244995
49000,98000,147000,196000,245000
49001,98002,147003,196004,245005
49002,98004,147006,196008,245010
49003,98006,147009,196012,245015
49004,98008,147012,196016,245020
49005,98010,147015,196020,245025
49006,98012,147018,196024,245030
49007,98014,147021,196028,245035
49008,98016,147024,196032,245040
49009,98018,147027,196036,245045
49010,98020,147030,196040,245050
49011,98022,147033,196044,245055
49012,98024,147036,196048,245060
49013,98026,147039,196052,245065
49014,98028,147042,196056,245070
49015,98030,147045,196060,245075
49016,98032,147048,196064,245080
49017,98034,147051,196068,245085
49018,98036,147054,196072,245090
49019,98038,147057,196076,245095
49020,98040,147060,196080,245100
49021,98042,147063,196084,245105
49022,98044,147066,196088,245110
49023,98046,147069,196092,245115
49024,98048,147072,196096,245120
49025,98050,147075,196100,245125
49026,98052,147078,196104,245130
49027,98054,147081,196108,245135
49028,98056,147084,196112,245140
49029,98058,147087,196116,245145
49030,98060,147090,196120,245150
49031,98062,147093,196124,245155
49032,98064,147096,196128,245160
49033,98066,147099,196132,245165
49034,98068,147102,196136,245170
49035,98070,147105,196140,245175
49036,98072,147108,196144,245180
49037,98074,147111,196148,245185
49038,98076,147114,196152,245190
49039,98078,147117,196156,245195
49040,98080,147120,196160,245200
49041,98082,147123,196164,245205
49042,98084,147126,196168,245210
49043,98086,147129,196172,245215
49044,98088,147132,196176,245220
49045,98090,147135,196180,245225
49046,98092,147138,196184,245230
49047,98094,147141,196188,245235
49048,98096,147144,196192,245240
49049,98098,147147,196196,245245
49050,98100,147150,196200,245250
49051,98102,147153,196204,245255
49052,98104,147156,196208,245260
49053,98106,147159,196212,245265
49054,98108,147162,196216,245270
49055,98110,147165,196220,245275
49056,98112,147168,196224,245280
49057,98114,147171,196228,245285
49058,98116,147174,196232,245290
49059,98118,147177,196236,245295
49060,98120,147180,196240,245300
49061,98122,147183,196244,245305
49062,98124,147186,196248,245310
49063,98126,147189,196252,245315
49064,98128,147192,196256,245320
49065,98130,147195,196260,245325
49066,98132,147198,196264,245330
49067,98134,147201,196268,245335
49068,98136,147204,196272,245340
49069,98138,147207,196276,245345
49070,98140,147210,196280,245350
49071,98142,147213,196284,245355
49072,98144,147216,196288,245360
49073,98146,147219,196292,245365
49074,98148,147222,196296,245370
49075,98150,147225,196300,245375
49076,98152,147228,196304,245380
49077,98154,147231,196308,245385
49078,98156,147234,196312,245390
49079,98158,147237,196316,245395
49080,98160,147240,196320,245400
49081,98162,147243,196324,245405
49082,98164,147246,196328,245410
49083,98166,147249,196332,245415
49084,98168,147252,196336,245420
49085,98170,147255,196340,245425
49086,98172,147258,196344,245430
49087,98174,147261,196348,245435
49088,98176,147264,196352,245440
49089,98178,147267,196356,245445
49090,98180,147270,196360,245450
49091,98182,147273,196364,245455
49092,98184,147276,196368,245460
49093,98186,147279,196372,245465
49094,98188,147282,196376,245470
49095,98190,147285,196380,245475
49096,98192,147288,196384,245480
49097,98194,147291,196388,245485
49098,98196,147294,196392,245490
49099,98198,147297,196396,245495
49100,98200,147300,196400,245500
49101,98202,147303,196404,245505
49102,98204,147306,196408,245510
49103,98206,147309,196412,245515
49104,98208,147312,196416,245520
49105,98210,147315,196420,245525
49106,98212,147318,196424,245530
49107,98214,147321,196428,245535
49108,98216,147324,196432,245540
49109,98218,147327,196436,245545
49110,98220,147330,196440,245550
49111,98222,147333,196444,245555
49112,98224,147336,196448,245560
49113,98226,147339,196452,245565
49114,98228,147342,196456,245570
49115,98230,147345,196460,245575
49116,98232,147348,196464,245580
49117,98234,147351,196468,245585
49118,98236,147354,196472,245590
49119,98238,147357,196476,245595
49120,98240,147360,196480,245600
49121,98242,147363,196484,245605
49122,98244,147366,196488,245610
49123,98246,147369,196492,245615
49124,98248,147372,196496,245620
49125,98250,147375,196500,245625
49126,98252,147378,196504,245630
49127,98254,147381,196508,245635
49128,98256,147384,196512,245640
49129,98258,147387,196516,245645
49130,98260,147390,196520,245650
49131,98262,147393,196524,245655
49132,98264,147396,196528,245660
49133,98266,147399,196532,245665
49134,98268,147402,196536,245670
49135,98270,147405,196540,245675
49136,98272,147408,196544,245680
49137,98274,147411,196548,245685
49138,98276,147414,196552,245690
49139,98278,147417,196556,245695
49140,98280,147420,196560,245700
49141,98282,147423,196564,245705
49142,98284,147426,196568,245710
49143,98286,147429,196572,245715
49144,98288,147432,196576,245720
49145,98290,147435,196580,245725
49146,98292,147438,196584,245730
49147,98294,147441,196588,245735
49148,98296,147444,196592,245740
49149,98298,147447,196596,245745
49150,98300,147450,196600,245750
49151,98302,147453,196604,245755
49152,98304,147456,196608,245760
49153,98306,147459,196612,245765
49154,98308,147462,196616,245770
49155,98310,147465,196620,245775
49156,98312,147468,196624,245780
49157,98314,147471,196628,245785
49158,98316,147474,196632,245790
49159,98318,147477,196636,245795
49160,98320,147480,196640,245800
49161,98322,147483,196644,245805
49162,98324,147486,196648,245810
49163,98326,147489,196652,245815
49164,98328,147492,196656,245820
49165,98330,147495,196660,245825
49166,98332,147498,196664,245830
49167,98334,147501,196668,245835
49168,98336,147504,196672,245840
49169,98338,147507,196676,245845
49170,98340,147510,196680,245850
49171,98342,147513,196684,245855
49172,98344,147516,196688,245860
49173,98346,147519,196692,245865
49174,98348,147522,196696,245870
49175,98350,147525,196700,245875
49176,98352,147528,196704,245880
49177,98354,147531,196708,245885
49178,98356,147534,196712,245890
49179,98358,147537,196716,245895
49180,98360,147540,196720,245900
49181,98362,147543,196724,245905
49182,98364,147546,196728,245910
49183,98366,147549,196732,245915
49184,98368,147552,196736,245920
49185,98370,147555,196740,245925
49186,98372,147558,196744,245930
49187,98374,147561,196748,245935
49188,98376,147564,196752,245940
49189,98378,147567,196756,245945
49190,98380,147570,196760,245950
49191,98382,147573,196764,245955
49192,98384,147576,196768,245960
49193,98386,147579,196772,245965
49194,98388,147582,196776,245970
49195,98390,147585,196780,245975
49196,98392,147588,196784,245980
49197,98394,147591,196788,245985
49198,98396,147594,196792,245990
49199,98398,147597,196796,245995
49200,98400,147600,196800,246000
49201,98402,147603,196804,246005
49202,98404,147606,196808,246010
49203,98406,147609,196812,246015
49204,98408,147612,196816,246020
49205,98410,147615,196820,246025
49206,98412,147618,196824,246030
49207,98414,147621,196828,246035
49208,98416,147624,196832,246040
49209,98418,147627,196836,246045
49210,98420,147630,196840,246050
49211,98422,147633,196844,246055
49212,98424,147636,196848,246060
49213,98426,147639,196852,246065
49214,98428,147642,196856,246070
49215,98430,147645,196860,246075
49216,98432,147648,196864,246080
49217,98434,147651,196868,246085
49218,98436,147654,196872,246090
49219,98438,147657,196876,246095
49220,98440,147660,196880,246100
49221,98442,147663,196884,246105
49222,98444,147666,196888,246110
49223,98446,147669,196892,246115
49224,98448,147672,196896,246120
49225,98450,147675,196900,246125
49226,98452,147678,196904,246130
49227,98454,147681,196908,246135
49228,98456,147684,196912,246140
49229,98458,147687,196916,246145
49230,98460,147690,196920,246150
49231,98462,147693,196924,246155
49232,98464,147696,196928,246160
49233,98466,147699,196932,246165
49234,98468,147702,196936,246170
49235,98470,147705,196940,246175
49236,98472,147708,196944,246180
49237,98474,147711,196948,246185
49238,98476,147714,196952,246190
49239,98478,147717,196956,246195
49240,98480,147720,196960,246200
49241,98482,147723,196964,246205
49242,98484,147726,196968,246210
49243,98486,147729,196972,246215
49244,98488,147732,196976,246220
49245,98490,147735,196980,246225
49246,98492,147738,196984,246230
49247,98494,147741,196988,246235
49248,98496,147744,196992,246240
49249,98498,147747,196996,246245
49250,98500,147750,197000,246250
49251,98502,147753,197004,246255
49252,98504,147756,197008,246260
49253,98506,147759,197012,246265
49254,98508,147762,197016,246270
49255,98510,147765,197020,246275
49256,98512,147768,197024,246280
49257,98514,147771,197028,246285
49258,98516,147774,197032,246290
49259,98518,147777,197036,246295
49260,98520,147780,197040,246300
49261,98522,147783,197044,246305
49262,98524,147786,197048,246310
49263,98526,147789,197052,246315
49264,98528,147792,197056,246320
49265,98530,147795,197060,246325
49266,98532,147798,197064,246330
49267,98534,147801,197068,246335
49268,98536,147804,197072,246340
49269,98538,147807,197076,246345
49270,98540,147810,197080,246350
49271,98542,147813,197084,246355
49272,98544,147816,197088,246360
49273,98546,147819,197092,246365
49274,98548,147822,197096,246370
49275,98550,147825,197100,246375
49276,98552,147828,197104,246380
49277,98554,147831,197108,246385
49278,98556,147834,197112,246390
49279,98558,147837,197116,246395
49280,98560,147840,197120,246400
49281,98562,147843,197124,246405
49282,98564,147846,197128,246410
49283,98566,147849,197132,246415
49284,98568,147852,197136,246420
49285,98570,147855,197140,246425
49286,98572,147858,197144,246430
49287,98574,147861,197148,246435
49288,98576,147864,197152,246440
49289,98578,147867,197156,246445
49290,98580,147870,197160,246450
49291,98582,147873,197164,246455
49292,98584,147876,197168,246460
49293,98586,147879,197172,246465
49294,98588,147882,197176,246470
49295,98590,147885,197180,246475
49296,98592,147888,197184,246480
49297,98594,147891,197188,246485
49298,98596,147894,197192,246490
49299,98598,147897,197196,246495
49300,98600,147900,197200,246500
49301,98602,147903,197204,246505
49302,98604,147906,197208,246510
49303,98606,147909,197212,246515
49304,98608,147912,197216,246520
49305,98610,147915,197220,246525
49306,98612,147918,197224,246530
49307,98614,147921,197228,246535
49308,98616,147924,197232,246540
49309,98618,147927,197236,246545
49310,98620,147930,197240,246550
49311,98622,147933,197244,246555
49312,98624,147936,197248,246560
49313,98626,147939,197252,246565
49314,98628,147942,197256,246570
49315,98630,147945,197260,246575
49316,98632,147948,197264,246580
49317,98634,147951,197268,246585
49318,98636,147954,197272,246590
49319,98638,147957,197276,246595
49320,98640,147960,197280,246600
49321,98642,147963,197284,246605
49322,98644,147966,197288,246610
49323,98646,147969,197292,246615
49324,98648,147972,197296,246620
49325,98650,147975,197300,246625
49326,98652,147978,197304,246630
49327,98654,147981,197308,246635
49328,98656,147984,197312,246640
49329,98658,147987,197316,246645
49330,98660,147990,197320,246650
49331,98662,147993,197324,246655
49332,98664,147996,197328,246660
49333,98666,147999,197332,246665
49334,98668,148002,197336,246670
49335,98670,148005,197340,246675
49336,98672,148008,197344,246680
49337,98674,148011,197348,246685
49338,98676,148014,197352,246690
49339,98678,148017,197356,246695
49340,98680,148020,197360,246700
49341,98682,148023,197364,246705
49342,98684,148026,197368,246710
49343,98686,148029,197372,246715
49344,98688,148032,197376,246720
49345,98690,148035,197380,246725
49346,98692,148038,197384,246730
49347,98694,148041,197388,246735
49348,98696,148044,197392,246740
49349,98698,148047,197396,246745
49350,98700,148050,197400,246750
49351,98702,148053,197404,246755
49352,98704,148056,197408,246760
49353,98706,148059,197412,246765
49354,98708,148062,197416,246770
49355,98710,148065,197420,246775
49356,98712,148068,197424,246780
49357,98714,148071,197428,246785
49358,98716,148074,197432,246790
49359,98718,148077,197436,246795
49360,98720,148080,197440,246800
49361,98722,148083,197444,246805
49362,98724,148086,197448,246810
49363,98726,148089,197452,246815
49364,98728,148092,197456,246820
49365,98730,148095,197460,246825
49366,98732,148098,197464,246830
49367,98734,148101,197468,246835
49368,98736,148104,197472,246840
49369,98738,148107,197476,246845
49370,98740,148110,197480,246850
49371,98742,148113,197484,246855
49372,98744,148116,197488,246860
49373,98746,148119,197492,246865
49374,98748,148122,197496,246870
49375,98750,148125,197500,246875
49376,98752,148128,197504,246880
49377,98754,148131,197508,246885
49378,98756,148134,197512,246890
49379,98758,148137,197516,246895
49380,98760,148140,197520,246900
49381,98762,148143,197524,246905
49382,98764,148146,197528,246910
49383,98766,148149,197532,246915
49384,98768,148152,197536,246920
49385,98770,148155,197540,246925
49386,98772,148158,197544,246930
49387,98774,148161,197548,246935
49388,98776,148164,197552,246940
49389,98778,148167,197556,246945
49390,98780,148170,197560,246950
49391,98782,148173,197564,246955
49392,98784,148176,197568,246960
49393,98786,148179,197572,246965
49394,98788,148182,197576,246970
49395,98790,148185,197580,246975
49396,98792,148188,197584,246980
49397,98794,148191,197588,246985
49398,98796,148194,197592,246990
49399,98798,148197,197596,246995
49400,98800,148200,197600,247000
49401,98802,148203,197604,247005
49402,98804,148206,197608,247010
49403,98806,148209,197612,247015
49404,98808,148212,197616,247020
49405,98810,148215,197620,247025
49406,98812,148218,197624,247030
49407,98814,148221,197628,247035
49408,98816,148224,197632,247040
49409,98818,148227,197636,247045
49410,98820,148230,197640,247050
49411,98822,148233,197644,247055
49412,98824,148236,197648,247060
49413,98826,148239,197652,247065
49414,98828,148242,197656,247070
49415,98830,148245,197660,247075
49416,98832,148248,197664,247080
49417,98834,148251,197668,247085
49418,98836,148254,197672,247090
49419,98838,148257,197676,247095
49420,98840,148260,197680,247100
49421,98842,148263,197684,247105
49422,98844,148266,197688,247110
49423,98846,148269,197692,247115
49424,98848,148272,197696,247120
49425,98850,148275,197700,247125
49426,98852,148278,197704,247130
49427,98854,148281,197708,247135
49428,98856,148284,197712,247140
49429,98858,148287,197716,247145
49430,98860,148290,197720,247150
49431,98862,148293,197724,247155
49432,98864,148296,197728,247160
49433,98866,148299,197732,247165
49434,98868,148302,197736,247170
49435,98870,148305,197740,247175
49436,98872,148308,197744,247180
49437,98874,148311,197748,247185
49438,98876,148314,197752,247190
49439,98878,148317,197756,247195
49440,98880,148320,197760,247200
49441,98882,148323,197764,247205
49442,98884,148326,197768,247210
49443,98886,148329,197772,247215
49444,98888,148332,197776,247220
49445,98890,148335,197780,247225
49446,98892,148338,197784,247230
49447,98894,148341,197788,247235
49448,98896,148344,197792,247240
49449,98898,148347,197796,247245
49450,98900,148350,197800,247250
49451,98902,148353,197804,247255
49452,98904,148356,197808,247260
49453,98906,148359,197812,247265
49454,98908,148362,197816,247270
49455,98910,148365,197820,247275
49456,98912,148368,197824,247280
49457,98914,148371,197828,247285
49458,98916,148374,197832,247290
49459,98918,148377,197836,247295
49460,98920,148380,197840,247300
49461,98922,148383,197844,247305
49462,98924,148386,197848,247310
49463,98926,148389,197852,247315
49464,98928,148392,197856,247320
49465,98930,148395,197860,247325
49466,98932,148398,197864,247330
49467,98934,148401,197868,247335
49468,98936,148404,197872,247340
49469,98938,148407,197876,247345
49470,98940,148410,197880,247350
49471,98942,148413,197884,247355
49472,98944,148416,197888,247360
49473,98946,148419,197892,247365
49474,98948,148422,197896,247370
49475,98950,148425,197900,247375
49476,98952,148428,197904,247380
49477,98954,148431,197908,247385
49478,98956,148434,197912,247390
49479,98958,148437,197916,247395
49480,98960,148440,197920,247400
49481,98962,148443,197924,247405
49482,98964,148446,197928,247410
49483,98966,148449,197932,247415
49484,98968,148452,197936,247420
49485,98970,148455,197940,247425
49486,98972,148458,197944,247430
49487,98974,148461,197948,247435
49488,98976,148464,197952,247440
49489,98978,148467,197956,247445
49490,98980,148470,197960,247450
49491,98982,148473,197964,247455
49492,98984,148476,197968,247460
49493,98986,148479,197972,247465
49494,98988,148482,197976,247470
49495,98990,148485,197980,247475
49496,98992,148488,197984,247480
49497,98994,148491,197988,247485
49498,98996,148494,197992,247490
49499,98998,148497,197996,247495
49500,99000,148500,198000,247500
49501,99002,148503,198004,247505
49502,99004,148506,198008,247510
49503,99006,148509,198012,247515
49504,99008,148512,198016,247520
49505,99010,148515,198020,247525
49506,99012,148518,198024,247530
49507,99014,148521,198028,247535
49508,99016,148524,198032,247540
49509,99018,148527,198036,247545
49510,99020,148530,198040,247550
49511,99022,148533,198044,247555
49512,99024,148536,198048,247560
49513,99026,148539,198052,247565
49514,99028,148542,198056,247570
49515,99030,148545,198060,247575
49516,99032,148548,198064,247580
49517,99034,148551,198068,247585
49518,99036,148554,198072,247590
49519,99038,148557,198076,247595
49520,99040,148560,198080,247600
49521,99042,148563,198084,247605
49522,99044,148566,198088,247610
49523,99046,148569,198092,247615
49524,99048,148572,198096,247620
49525,99050,148575,198100,247625
49526,99052,148578,198104,247630
49527,99054,148581,198108,247635
49528,99056,148584,198112,247640
49529,99058,148587,198116,247645
49530,99060,148590,198120,247650
49531,99062,148593,198124,247655
49532,99064,148596,198128,247660
49533,99066,148599,198132,247665
49534,99068,148602,198136,247670
49535,99070,148605,198140,247675
49536,99072,148608,198144,247680
49537,99074,148611,198148,247685
49538,99076,148614,198152,247690
49539,99078,148617,198156,247695
49540,99080,148620,198160,247700
49541,99082,148623,198164,247705
49542,99084,148626,198168,247710
49543,99086,148629,198172,247715
49544,99088,148632,198176,247720
49545,99090,148635,198180,247725
49546,99092,148638,198184,247730
49547,99094,148641,198188,247735
49548,99096,148644,198192,247740
49549,99098,148647,198196,247745
49550,99100,148650,198200,247750
49551,99102,148653,198204,247755
49552,99104,148656,198208,247760
49553,99106,148659,198212,247765
49554,99108,148662,198216,247770
49555,99110,148665,198220,247775
49556,99112,148668,198224,247780
49557,99114,148671,198228,247785
49558,99116,148674,198232,247790
49559,99118,148677,198236,247795
49560,99120,148680,198240,247800
49561,99122,148683,198244,247805
49562,99124,148686,198248,247810
49563,99126,148689,198252,247815
49564,99128,148692,198256,247820
49565,99130,148695,198260,247825
49566,99132,148698,198264,247830
49567,99134,148701,198268,247835
49568,99136,148704,198272,247840
49569,99138,148707,198276,247845
49570,99140,148710,198280,247850
49571,99142,148713,198284,247855
49572,99144,148716,198288,247860
49573,99146,148719,198292,247865
49574,99148,148722,198296,247870
49575,99150,148725,198300,247875
49576,99152,148728,198304,247880
49577,99154,148731,198308,247885
49578,99156,148734,198312,247890
49579,99158,148737,198316,247895
49580,99160,148740,198320,247900
49581,99162,148743,198324,247905
49582,99164,148746,198328,247910
49583,99166,148749,198332,247915
49584,99168,148752,198336,247920
49585,99170,148755,198340,247925
49586,99172,148758,198344,247930
49587,99174,148761,198348,247935
49588,99176,148764,198352,247940
49589,99178,148767,198356,247945
49590,99180,148770,198360,247950
49591,99182,148773,198364,247955
49592,99184,148776,198368,247960
49593,99186,148779,198372,247965
49594,99188,148782,198376,247970
49595,99190,148785,198380,247975
49596,99192,148788,198384,247980
49597,99194,148791,198388,247985
49598,99196,148794,198392,247990
49599,99198,148797,198396,247995
49600,99200,148800,198400,248000
49601,99202,148803,198404,248005
49602,99204,148806,198408,248010
49603,99206,148809,198412,248015
49604,99208,148812,198416,248020
49605,99210,148815,198420,248025
49606,99212,148818,198424,248030
49607,99214,148821,198428,248035
49608,99216,148824,198432,248040
49609,99218,148827,198436,248045
49610,99220,148830,198440,248050
49611,99222,148833,198444,248055
49612,99224,148836,198448,248060
49613,99226,148839,198452,248065
49614,99228,148842,198456,248070
49615,99230,148845,198460,248075
49616,99232,148848,198464,248080
49617,99234,148851,198468,248085
49618,99236,148854,198472,248090
49619,99238,148857,198476,248095
49620,99240,148860,198480,248100
49621,99242,148863,198484,248105
49622,99244,148866,198488,248110
49623,99246,148869,198492,248115
49624,99248,148872,198496,248120
49625,99250,148875,198500,248125
49626,99252,148878,198504,248130
49627,99254,148881,198508,248135
49628,99256,148884,198512,248140
49629,99258,148887,198516,248145
49630,99260,148890,198520,248150
49631,99262,148893,198524,248155
49632,99264,148896,198528,248160
49633,99266,148899,198532,248165
49634,99268,148902,198536,248170
49635,99270,148905,198540,248175
49636,99272,148908,198544,248180
49637,99274,148911,198548,248185
49638,99276,148914,198552,248190
49639,99278,148917,198556,248195
49640,99280,148920,198560,248200
49641,99282,148923,198564,248205
49642,99284,148926,198568,248210
49643,99286,148929,198572,248215
49644,99288,148932,198576,248220
49645,99290,148935,198580,248225
49646,99292,148938,198584,248230
49647,99294,148941,198588,248235
49648,99296,148944,198592,248240
49649,99298,148947,198596,248245
49650,99300,148950,198600,248250
49651,99302,148953,198604,248255
49652,99304,148956,198608,248260
49653,99306,148959,198612,248265
49654,99308,148962,198616,248270
49655,99310,148965,198620,248275
49656,99312,148968,198624,248280
49657,99314,148971,198628,248285
49658,99316,148974,198632,248290
49659,99318,148977,198636,248295
49660,99320,148980,198640,248300
49661,99322,148983,198644,248305
49662,99324,148986,198648,248310
49663,99326,148989,198652,248315
49664,99328,148992,198656,248320
49665,99330,148995,198660,248325
49666,99332,148998,198664,248330
49667,99334,149001,198668,248335
49668,99336,149004,198672,248340
49669,99338,149007,198676,248345
49670,99340,149010,198680,248350
49671,99342,149013,198684,248355
49672,99344,149016,198688,248360
49673,99346,149019,198692,248365
49674,99348,149022,198696,248370
49675,99350,149025,198700,248375
49676,99352,149028,198704,248380
49677,99354,149031,198708,248385
49678,99356,149034,198712,248390
49679,99358,149037,198716,248395
49680,99360,149040,198720,248400
49681,99362,149043,198724,248405
49682,99364,149046,198728,248410
49683,99366,149049,198732,248415
49684,99368,149052,198736,248420
49685,99370,149055,198740,248425
49686,99372,149058,198744,248430
49687,99374,149061,198748,248435
49688,99376,149064,198752,248440
49689,99378,149067,198756,248445
49690,99380,149070,198760,248450
49691,99382,149073,198764,248455
49692,99384,149076,198768,248460
49693,99386,149079,198772,248465
49694,99388,149082,198776,248470
49695,99390,149085,198780,248475
49696,99392,149088,198784,248480
49697,99394,149091,198788,248485
49698,99396,149094,198792,248490
49699,99398,149097,198796,248495
49700,99400,149100,198800,248500
49701,99402,149103,198804,248505
49702,99404,149106,198808,248510
49703,99406,149109,198812,248515
49704,99408,149112,198816,248520
49705,99410,149115,198820,248525
49706,99412,149118,198824,248530
49707,99414,149121,198828,248535
49708,99416,149124,198832,248540
49709,99418,149127,198836,248545
49710,99420,149130,198840,248550
49711,99422,149133,198844,248555
49712,99424,149136,198848,248560
49713,99426,149139,198852,248565
49714,99428,149142,198856,248570
49715,99430,149145,198860,248575
49716,99432,149148,198864,248580
49717,99434,149151,198868,248585
49718,99436,149154,198872,248590
49719,99438,149157,198876,248595
49720,99440,149160,198880,248600
49721,99442,149163,198884,248605
49722,99444,149166,198888,248610
49723,99446,149169,198892,248615
49724,99448,149172,198896,248620
49725,99450,149175,198900,248625
49726,99452,149178,198904,248630
49727,99454,149181,198908,248635
49728,99456,149184,198912,248640
49729,99458,149187,198916,248645
49730,99460,149190,198920,248650
49731,99462,149193,198924,248655
49732,99464,149196,198928,248660
49733,99466,149199,198932,248665
49734,99468,149202,198936,248670
49735,99470,149205,198940,248675
49736,99472,149208,198944,248680
49737,99474,149211,198948,248685
49738,99476,149214,198952,248690
49739,99478,149217,198956,248695
49740,99480,149220,198960,248700
49741,99482,149223,198964,248705
49742,99484,149226,198968,248710
49743,99486,149229,198972,248715
49744,99488,149232,198976,248720
49745,99490,149235,198980,248725
49746,99492,149238,198984,248730
49747,99494,149241,198988,248735
49748,99496,149244,198992,248740
49749,99498,149247,198996,248745
49750,99500,149250,199000,248750
49751,99502,149253,199004,248755
49752,99504,149256,199008,248760
49753,99506,149259,199012,248765
49754,99508,149262,199016,248770
49755,99510,149265,199020,248775
49756,99512,149268,199024,248780
49757,99514,149271,199028,248785
49758,99516,149274,199032,248790
49759,99518,149277,199036,248795
49760,99520,149280,199040,248800
49761,99522,149283,199044,248805
49762,99524,149286,199048,248810
49763,99526,149289,199052,248815
49764,99528,149292,199056,248820
49765,99530,149295,199060,248825
49766,99532,149298,199064,248830
49767,99534,149301,199068,248835
49768,99536,149304,199072,248840
49769,99538,149307,199076,248845
49770,99540,149310,199080,248850
49771,99542,149313,199084,248855
49772,99544,149316,199088,248860
49773,99546,149319,199092,248865
49774,99548,149322,199096,248870
49775,99550,149325,199100,248875
49776,99552,149328,199104,248880
49777,99554,149331,199108,248885
49778,99556,149334,199112,248890
49779,99558,149337,199116,248895
49780,99560,149340,199120,248900
49781,99562,149343,199124,248905
49782,99564,149346,199128,248910
49783,99566,149349,199132,248915
49784,99568,149352,199136,248920
49785,99570,149355,199140,248925
49786,99572,149358,199144,248930
49787,99574,149361,199148,248935
49788,99576,149364,199152,248940
49789,99578,149367,199156,248945
49790,99580,149370,199160,248950
49791,99582,149373,199164,248955
49792,99584,149376,199168,248960
49793,99586,149379,199172,248965
49794,99588,149382,199176,248970
49795,99590,149385,199180,248975
49796,99592,149388,199184,248980
49797,99594,149391,199188,248985
49798,99596,149394,199192,248990
49799,99598,149397,199196,248995
49800,99600,149400,199200,249000
49801,99602,149403,199204,249005
49802,99604,149406,199208,249010
49803,99606,149409,199212,249015
49804,99608,149412,199216,249020
49805,99610,149415,199220,249025
49806,99612,149418,199224,249030
49807,99614,149421,199228,249035
49808,99616,149424,199232,249040
49809,99618,149427,199236,249045
49810,99620,149430,199240,249050
49811,99622,149433,199244,249055
49812,99624,149436,199248,249060
49813,99626,149439,199252,249065
49814,99628,149442,199256,249070
49815,99630,149445,199260,249075
49816,99632,149448,199264,249080
49817,99634,149451,199268,249085
49818,99636,149454,199272,249090
49819,99638,149457,199276,249095
49820,99640,149460,199280,249100
49821,99642,149463,199284,249105
49822,99644,149466,199288,249110
49823,99646,149469,199292,249115
49824,99648,149472,199296,249120
49825,99650,149475,199300,249125
49826,99652,149478,199304,249130
49827,99654,149481,199308,249135
49828,99656,149484,199312,249140
49829,99658,149487,199316,249145
49830,99660,149490,199320,249150
49831,99662,149493,199324,249155
49832,99664,149496,199328,249160
49833,99666,149499,199332,249165
49834,99668,149502,199336,249170
49835,99670,149505,199340,249175
49836,99672,149508,199344,249180
49837,99674,149511,199348,249185
49838,99676,149514,199352,249190
49839,99678,149517,199356,249195
49840,99680,149520,199360,249200
49841,99682,149523,199364,249205
49842,99684,149526,199368,249210
49843,99686,149529,199372,249215
49844,99688,149532,199376,249220
49845,99690,149535,199380,249225
49846,99692,149538,199384,249230
49847,99694,149541,199388,249235
49848,99696,149544,199392,249240
49849,99698,149547,199396,249245
49850,99700,149550,199400,249250
49851,99702,149553,199404,249255
49852,99704,149556,199408,249260
49853,99706,149559,199412,249265
49854,99708,149562,199416,249270
49855,99710,149565,199420,249275
49856,99712,149568,199424,249280
49857,99714,149571,199428,249285
49858,99716,149574,199432,249290
49859,99718,149577,199436,249295
49860,99720,149580,199440,249300
49861,99722,149583,199444,249305
49862,99724,149586,199448,249310
49863,99726,149589,199452,249315
49864,99728,149592,199456,249320
49865,99730,149595,199460,249325
49866,99732,149598,199464,249330
49867,99734,149601,199468,249335
49868,99736,149604,199472,249340
49869,99738,149607,199476,249345
49870,99740,149610,199480,249350
49871,99742,149613,199484,249355
49872,99744,149616,199488,249360
49873,99746,149619,199492,249365
49874,99748,149622,199496,249370
49875,99750,149625,199500,249375
49876,99752,149628,199504,249380
49877,99754,149631,199508,249385
49878,99756,149634,199512,249390
49879,99758,149637,199516,249395
49880,99760,149640,199520,249400
49881,99762,149643,199524,249405
49882,99764,149646,199528,249410
49883,99766,149649,199532,249415
49884,99768,149652,199536,249420
49885,99770,149655,199540,249425
49886,99772,149658,199544,249430
49887,99774,149661,199548,249435
49888,99776,149664,199552,249440
49889,99778,149667,199556,249445
49890,99780,149670,199560,249450
49891,99782,149673,199564,249455
49892,99784,149676,199568,249460
49893,99786,149679,199572,249465
49894,99788,149682,199576,249470
49895,99790,149685,199580,249475
49896,99792,149688,199584,249480
49897,99794,149691,199588,249485
49898,99796,149694,199592,249490
49899,99798,149697,199596,249495
49900,99800,149700,199600,249500
49901,99802,149703,199604,249505
49902,99804,149706,199608,249510
49903,99806,149709,199612,249515
49904,99808,149712,199616,249520
49905,99810,149715,199620,249525
49906,99812,149718,199624,249530
49907,99814,149721,199628,249535
49908,99816,149724,199632,249540
49909,99818,149727,199636,249545
49910,99820,149730,199640,249550
49911,99822,149733,199644,249555
49912,99824,149736,199648,249560
49913,99826,149739,199652,249565
49914,99828,149742,199656,249570
49915,99830,149745,199660,249575
49916,99832,149748,199664,249580
49917,99834,149751,199668,249585
49918,99836,149754,199672,249590
49919,99838,149757,199676,249595
49920,99840,149760,199680,249600
49921,99842,149763,199684,249605
49922,99844,149766,199688,249610
49923,99846,149769,199692,249615
49924,99848,149772,199696,249620
49925,99850,149775,199700,249625
49926,99852,149778,199704,249630
49927,99854,149781,199708,249635
49928,99856,149784,199712,249640
49929,99858,149787,199716,249645
49930,99860,149790,199720,249650
49931,99862,149793,199724,249655
49932,99864,149796,199728,249660
49933,99866,149799,199732,249665
49934,99868,149802,199736,249670
49935,99870,149805,199740,249675
49936,99872,149808,199744,249680
49937,99874,149811,199748,249685
49938,99876,149814,199752,249690
49939,99878,149817,199756,249695
49940,99880,149820,199760,249700
49941,99882,149823,199764,249705
49942,99884,149826,199768,249710
49943,99886,149829,199772,249715
49944,99888,149832,199776,249720
49945,99890,149835,199780,249725
49946,99892,149838,199784,249730
49947,99894,149841,199788,249735
49948,99896,149844,199792,249740
49949,99898,149847,199796,249745
49950,99900,149850,199800,249750
49951,99902,149853,199804,249755
49952,99904,149856,199808,249760
49953,99906,149859,199812,249765
49954,99908,149862,199816,249770
49955,99910,149865,199820,249775
49956,99912,149868,199824,249780
49957,99914,149871,199828,249785
49958,99916,149874,199832,249790
49959,99918,149877,199836,249795
49960,99920,149880,199840,249800
49961,99922,149883,199844,249805
49962,99924,149886,199848,249810
49963,99926,149889,199852,249815
49964,99928,149892,199856,249820
49965,99930,149895,199860,249825
49966,99932,149898,199864,249830
49967,99934,149901,199868,249835
49968,99936,149904,199872,249840
49969,99938,149907,199876,249845
49970,99940,149910,199880,249850
49971,99942,149913,199884,249855
49972,99944,149916,199888,249860
49973,99946,149919,199892,249865
49974,99948,149922,199896,249870
49975,99950,149925,199900,249875
49976,99952,149928,199904,249880
49977,99954,149931,199908,249885
49978,99956,149934,199912,249890
49979,99958,149937,199916,249895
49980,99960,149940,199920,249900
49981,99962,149943,199924,249905
49982,99964,149946,199928,249910
49983,99966,149949,199932,249915
49984,99968,149952,199936,249920
49985,99970,149955,199940,249925
49986,99972,149958,199944,249930
49987,99974,149961,199948,249935
49988,99976,149964,199952,249940
49989,99978,149967,199956,249945
49990,99980,149970,199960,249950
49991,99982,149973,199964,249955
49992,99984,149976,199968,249960
49993,99986,149979,199972,249965
49994,99988,149982,199976,249970
49995,99990,149985,199980,249975
49996,99992,149988,199984,249980
49997,99994,149991,199988,249985
49998,99996,149994,199992,249990
49999,99998,149997,199996,249995
50000,100000,150000,200000,250000
50001,100002,150003,200004,250005
50002,100004,150006,200008,250010
50003,100006,150009,200012,250015
50004,100008,150012,200016,250020
50005,100010,150015,200020,250025
50006,100012,150018,200024,250030
50007,100014,150021,200028,250035
50008,100016,150024,200032,250040
50009,100018,150027,200036,250045
50010,100020,150030,200040,250050
50011,100022,150033,200044,250055
50012,100024,150036,200048,250060
50013,100026,150039,200052,250065
50014,100028,150042,200056,250070
50015,100030,150045,200060,250075
50016,100032,150048,200064,250080
50017,100034,150051,200068,250085
50018,100036,150054,200072,250090
50019,100038,150057,200076,250095
50020,100040,150060,200080,250100
50021,100042,150063,200084,250105
50022,100044,150066,200088,250110
50023,100046,150069,200092,250115
50024,100048,150072,200096,250120
50025,100050,150075,200100,250125
50026,100052,150078,200104,250130
50027,100054,150081,200108,250135
50028,100056,150084,200112,250140
50029,100058,150087,200116,250145
50030,100060,150090,200120,250150
50031,100062,150093,200124,250155
50032,100064,150096,200128,250160
50033,100066,150099,200132,250165
50034,100068,150102,200136,250170
50035,100070,150105,200140,250175
50036,100072,150108,200144,250180
50037,100074,150111,200148,250185
50038,100076,150114,200152,250190
50039,100078,150117,200156,250195
50040,100080,150120,200160,250200
50041,100082,150123,200164,250205
50042,100084,150126,200168,250210
50043,100086,150129,200172,250215
50044,100088,150132,200176,250220
50045,100090,150135,200180,250225
50046,100092,150138,200184,250230
50047,100094,150141,200188,250235
50048,100096,150144,200192,250240
50049,100098,150147,200196,250245
50050,100100,150150,200200,250250
50051,100102,150153,200204,250255
50052,100104,150156,200208,250260
50053,100106,150159,200212,250265
50054,100108,150162,200216,250270
50055,100110,150165,200220,250275
50056,100112,150168,200224,250280
50057,100114,150171,200228,250285
50058,100116,150174,200232,250290
50059,100118,150177,200236,250295
50060,100120,150180,200240,250300
50061,100122,150183,200244,250305
50062,100124,150186,200248,250310
50063,100126,150189,200252,250315
50064,100128,150192,200256,250320
50065,100130,150195,200260,250325
50066,100132,150198,200264,250330
50067,100134,150201,200268,250335
50068,100136,150204,200272,250340
50069,100138,150207,200276,250345
50070,100140,150210,200280,250350
50071,100142,150213,200284,250355
50072,100144,150216,200288,250360
50073,100146,150219,200292,250365
50074,100148,150222,200296,250370
50075,100150,150225,200300,250375
50076,100152,150228,200304,250380
50077,100154,150231,200308,250385
50078,100156,150234,200312,250390
50079,100158,150237,200316,250395
50080,100160,150240,200320,250400
50081,100162,150243,200324,250405
50082,100164,150246,200328,250410
50083,100166,150249,200332,250415
50084,100168,150252,200336,250420
50085,100170,150255,200340,250425
50086,100172,150258,200344,250430
50087,100174,150261,200348,250435
50088,100176,150264,200352,250440
50089,100178,150267,200356,250445
50090,100180,150270,200360,250450
50091,100182,150273,200364,250455
50092,100184,150276,200368,250460
50093,100186,150279,200372,250465
50094,100188,150282,200376,250470
50095,100190,150285,200380,250475
50096,100192,150288,200384,250480
50097,100194,150291,200388,250485
50098,100196,150294,200392,250490
50099,100198,150297,200396,250495
50100,100200,150300,200400,250500
50101,100202,150303,200404,250505
50102,100204,150306,200408,250510
50103,100206,150309,200412,250515
50104,100208,150312,200416,250520
50105,100210,150315,200420,250525
50106,100212,150318,200424,250530
50107,100214,150321,200428,250535
50108,100216,150324,200432,250540
50109,100218,150327,200436,250545
50110,100220,150330,200440,250550
50111,100222,150333,200444,250555
50112,100224,150336,200448,250560
50113,100226,150339,200452,250565
50114,100228,150342,200456,250570
50115,100230,150345,200460,250575
50116,100232,150348,200464,250580
50117,100234,150351,200468,250585
50118,100236,150354,200472,250590
50119,100238,150357,200476,250595
50120,100240,150360,200480,250600
50121,100242,150363,200484,250605
50122,100244,150366,200488,250610
50123,100246,150369,200492,250615
50124,100248,150372,200496,250620
50125,100250,150375,200500,250625
50126,100252,150378,200504,250630
50127,100254,150381,200508,250635
50128,100256,150384,200512,250640
50129,100258,150387,200516,250645
50130,100260,150390,200520,250650
50131,100262,150393,200524,250655
50132,100264,150396,200528,250660
50133,100266,150399,200532,250665
50134,100268,150402,200536,250670
50135,100270,150405,200540,250675
50136,100272,150408,200544,250680
50137,100274,150411,200548,250685
50138,100276,150414,200552,250690
50139,100278,150417,200556,250695
50140,100280,150420,200560,250700
50141,100282,150423,200564,250705
50142,100284,150426,200568,250710
50143,100286,150429,200572,250715
50144,100288,150432,200576,250720
50145,100290,150435,200580,250725
50146,100292,150438,200584,250730
50147,100294,150441,200588,250735
50148,100296,150444,200592,250740
50149,100298,150447,200596,250745
50150,100300,150450,200600,250750
50151,100302,150453,200604,250755
50152,100304,150456,200608,250760
50153,100306,150459,200612,250765
50154,100308,150462,200616,250770
50155,100310,150465,200620,250775
50156,100312,150468,200624,250780
50157,100314,150471,200628,250785
50158,100316,150474,200632,250790
50159,100318,150477,200636,250795
50160,100320,150480,200640,250800
50161,100322,150483,200644,250805
50162,100324,150486,200648,250810
50163,100326,150489,200652,250815
50164,100328,150492,200656,250820
50165,100330,150495,200660,250825
50166,100332,150498,200664,250830
50167,100334,150501,200668,250835
50168,100336,150504,200672,250840
50169,100338,150507,200676,250845
50170,100340,150510,200680,250850
50171,100342,150513,200684,250855
50172,100344,150516,200688,250860
50173,100346,150519,200692,250865
50174,100348,150522,200696,250870
50175,100350,150525,200700,250875
50176,100352,150528,200704,250880
50177,100354,150531,200708,250885
50178,100356,150534,200712,250890
50179,100358,150537,200716,250895
50180,100360,150540,200720,250900
50181,100362,150543,200724,250905
50182,100364,150546,200728,250910
50183,100366,150549,200732,250915
50184,100368,150552,200736,250920
50185,100370,150555,200740,250925
50186,100372,150558,200744,250930
50187,100374,150561,200748,250935
50188,100376,150564,200752,250940
50189,100378,150567,200756,250945
50190,100380,150570,200760,250950
50191,100382,150573,200764,250955
50192,100384,150576,200768,250960
50193,100386,150579,200772,250965
50194,100388,150582,200776,250970
50195,100390,150585,200780,250975
50196,100392,150588,200784,250980
50197,100394,150591,200788,250985
50198,100396,150594,200792,250990
50199,100398,150597,200796,250995
50200,100400,150600,200800,251000
50201,100402,150603,200804,251005
50202,100404,150606,200808,251010
50203,100406,150609,200812,251015
50204,100408,150612,200816,251020
50205,100410,150615,200820,251025
50206,100412,150618,200824,251030
50207,100414,150621,200828,251035
50208,100416,150624,200832,251040
50209,100418,150627,200836,251045
50210,100420,150630,200840,251050
50211,100422,150633,200844,251055
50212,100424,150636,200848,251060
50213,100426,150639,200852,251065
50214,100428,150642,200856,251070
50215,100430,150645,200860,251075
50216,100432,150648,200864,251080
50217,100434,150651,200868,251085
50218,100436,150654,200872,251090
50219,100438,150657,200876,251095
50220,100440,150660,200880,251100
50221,100442,150663,200884,251105
50222,100444,150666,200888,251110
50223,100446,150669,200892,251115
50224,100448,150672,200896,251120
50225,100450,150675,200900,251125
50226,100452,150678,200904,251130
50227,100454,150681,200908,251135
50228,100456,150684,200912,251140
50229,100458,150687,200916,251145
50230,100460,150690,200920,251150
50231,100462,150693,200924,251155
50232,100464,150696,200928,251160
50233,100466,150699,200932,251165
50234,100468,150702,200936,251170
50235,100470,150705,200940,251175
50236,100472,150708,200944,251180
50237,100474,150711,200948,251185
50238,100476,150714,200952,251190
50239,100478,150717,200956,251195
50240,100480,150720,200960,251200
50241,100482,150723,200964,251205
50242,100484,150726,200968,251210
50243,100486,150729,200972,251215
50244,100488,150732,200976,251220
50245,100490,150735,200980,251225
50246,100492,150738,200984,251230
50247,100494,150741,200988,251235
50248,100496,150744,200992,251240
50249,100498,150747,200996,251245
50250,100500,150750,201000,251250
50251,100502,150753,201004,251255
50252,100504,150756,201008,251260
50253,100506,150759,201012,251265
50254,100508,150762,201016,251270
50255,100510,150765,201020,251275
50256,100512,150768,201024,251280
50257,100514,150771,201028,251285
50258,100516,150774,201032,251290
50259,100518,150777,201036,251295
50260,100520,150780,201040,251300
50261,100522,150783,201044,251305
50262,100524,150786,201048,251310
50263,100526,150789,201052,251315
50264,100528,150792,201056,251320
50265,100530,150795,201060,251325
50266,100532,150798,201064,251330
50267,100534,150801,201068,251335
50268,100536,150804,201072,251340
50269,100538,150807,201076,251345
50270,100540,150810,201080,251350
50271,100542,150813,201084,251355
50272,100544,150816,201088,251360
50273,100546,150819,201092,251365
50274,100548,150822,201096,251370
50275,100550,150825,201100,251375
50276,100552,150828,201104,251380
50277,100554,150831,201108,251385
50278,100556,150834,201112,251390
50279,100558,150837,201116,251395
50280,100560,150840,201120,251400
50281,100562,150843,201124,251405
50282,100564,150846,201128,251410
50283,100566,150849,201132,251415
50284,100568,150852,201136,251420
50285,100570,150855,201140,251425
50286,100572,150858,201144,251430
50287,100574,150861,201148,251435
50288,100576,150864,201152,251440
50289,100578,150867,201156,251445
50290,100580,150870,201160,251450
50291,100582,150873,201164,251455
50292,100584,150876,201168,251460
50293,100586,150879,201172,251465
50294,100588,150882,201176,251470
50295,100590,150885,201180,251475
50296,100592,150888,201184,251480
50297,100594,150891,201188,251485
50298,100596,150894,201192,251490
50299,100598,150897,201196,251495
50300,100600,150900,201200,251500
50301,100602,150903,201204,251505
50302,100604,150906,201208,251510
50303,100606,150909,201212,251515
50304,100608,150912,201216,251520
50305,100610,150915,201220,251525
50306,100612,150918,201224,251530
50307,100614,150921,201228,251535
50308,100616,150924,201232,251540
50309,100618,150927,201236,251545
50310,100620,150930,201240,251550
50311,100622,150933,201244,251555
50312,100624,150936,201248,251560
50313,100626,150939,201252,251565
50314,100628,150942,201256,251570
50315,100630,150945,201260,251575
50316,100632,150948,201264,251580
50317,100634,150951,201268,251585
50318,100636,150954,201272,251590
50319,100638,150957,201276,251595
50320,100640,150960,201280,251600
50321,100642,150963,201284,251605
50322,100644,150966,201288,251610
50323,100646,150969,201292,251615
50324,100648,150972,201296,251620
50325,100650,150975,201300,251625
50326,100652,150978,201304,251630
50327,100654,150981,201308,251635
50328,100656,150984,201312,251640
50329,100658,150987,201316,251645
50330,100660,150990,201320,251650
50331,100662,150993,201324,251655
50332,100664,150996,201328,251660
50333,100666,150999,201332,251665
50334,100668,151002,201336,251670
50335,100670,151005,201340,251675
50336,100672,151008,201344,251680
50337,100674,151011,201348,251685
50338,100676,151014,201352,251690
50339,100678,151017,201356,251695
50340,100680,151020,201360,251700
50341,100682,151023,201364,251705
50342,100684,151026,201368,251710
50343,100686,151029,201372,251715
50344,100688,151032,201376,251720
50345,100690,151035,201380,251725
50346,100692,151038,201384,251730
50347,100694,151041,201388,251735
50348,100696,151044,201392,251740
50349,100698,151047,201396,251745
50350,100700,151050,201400,251750
50351,100702,151053,201404,251755
50352,100704,151056,201408,251760
50353,100706,151059,201412,251765
50354,100708,151062,201416,251770
50355,100710,151065,201420,251775
50356,100712,151068,201424,251780
50357,100714,151071,201428,251785
50358,100716,151074,201432,251790
50359,100718,151077,201436,251795
50360,100720,151080,201440,251800
50361,100722,151083,201444,251805
50362,100724,151086,201448,251810
50363,100726,151089,201452,251815
50364,100728,151092,201456,251820
50365,100730,151095,201460,251825
50366,100732,151098,201464,251830
50367,100734,151101,201468,251835
50368,100736,151104,201472,251840
50369,100738,151107,201476,251845
50370,100740,151110,201480,251850
50371,100742,151113,201484,251855
50372,100744,151116,201488,251860
50373,100746,151119,201492,251865
50374,100748,151122,201496,251870
50375,100750,151125,201500,251875
50376,100752,151128,201504,251880
50377,100754,151131,201508,251885
50378,100756,151134,201512,251890
50379,100758,151137,201516,251895
50380,100760,151140,201520,251900
50381,100762,151143,201524,251905
50382,100764,151146,201528,251910
50383,100766,151149,201532,251915
50384,100768,151152,201536,251920
50385,100770,151155,201540,251925
50386,100772,151158,201544,251930
50387,100774,151161,201548,251935
50388,100776,151164,201552,251940
50389,100778,151167,201556,251945
50390,100780,151170,201560,251950
50391,100782,151173,201564,251955
50392,100784,151176,201568,251960
50393,100786,151179,201572,251965
50394,100788,151182,201576,251970
50395,100790,151185,201580,251975
50396,100792,151188,201584,251980
50397,100794,151191,201588,251985
50398,100796,151194,201592,251990
50399,100798,151197,201596,251995
50400,100800,151200,201600,252000
50401,100802,151203,201604,252005
50402,100804,151206,201608,252010
50403,100806,151209,201612,252015
50404,100808,151212,201616,252020
50405,100810,151215,201620,252025
50406,100812,151218,201624,252030
50407,100814,151221,201628,252035
50408,100816,151224,201632,252040
50409,100818,151227,201636,252045
50410,100820,151230,201640,252050
50411,100822,151233,201644,252055
50412,100824,151236,201648,252060
50413,100826,151239,201652,252065
50414,100828,151242,201656,252070
50415,100830,151245,201660,252075
50416,100832,151248,201664,252080
50417,100834,151251,201668,252085
50418,100836,151254,201672,252090
50419,100838,151257,201676,252095
50420,100840,151260,201680,252100
50421,100842,151263,201684,252105
50422,100844,151266,201688,252110
50423,100846,151269,201692,252115
50424,100848,151272,201696,252120
50425,100850,151275,201700,252125
50426,100852,151278,201704,252130
50427,100854,151281,201708,252135
50428,100856,151284,201712,252140
50429,100858,151287,201716,252145
50430,100860,151290,201720,252150
50431,100862,151293,201724,252155
50432,100864,151296,201728,252160
50433,100866,151299,201732,252165
50434,100868,151302,201736,252170
50435,100870,151305,201740,252175
50436,100872,151308,201744,252180
50437,100874,151311,201748,252185
50438,100876,151314,201752,252190
50439,100878,151317,201756,252195
50440,100880,151320,201760,252200
50441,100882,151323,201764,252205
50442,100884,151326,201768,252210
50443,100886,151329,201772,252215
50444,100888,151332,201776,252220
50445,100890,151335,201780,252225
50446,100892,151338,201784,252230
50447,100894,151341,201788,252235
50448,100896,151344,201792,252240
50449,100898,151347,201796,252245
50450,100900,151350,201800,252250
50451,100902,151353,201804,252255
50452,100904,151356,201808,252260
50453,100906,151359,201812,252265
50454,100908,151362,201816,252270
50455,100910,151365,201820,252275
50456,100912,151368,201824,252280
50457,100914,151371,201828,252285
50458,100916,151374,201832,252290
50459,100918,151377,201836,252295
50460,100920,151380,201840,252300
50461,100922,151383,201844,252305
50462,100924,151386,201848,252310
50463,100926,151389,201852,252315
50464,100928,151392,201856,252320
50465,100930,151395,201860,252325
50466,100932,151398,201864,252330
50467,100934,151401,201868,252335
50468,100936,151404,201872,252340
50469,100938,151407,201876,252345
50470,100940,151410,201880,252350
50471,100942,151413,201884,252355
50472,100944,151416,201888,252360
50473,100946,151419,201892,252365
50474,100948,151422,201896,252370
50475,100950,151425,201900,252375
50476,100952,151428,201904,252380
50477,100954,151431,201908,252385
50478,100956,151434,201912,252390
50479,100958,151437,201916,252395
50480,100960,151440,201920,252400
50481,100962,151443,201924,252405
50482,100964,151446,201928,252410
50483,100966,151449,201932,252415
50484,100968,151452,201936,252420
50485,100970,151455,201940,252425
50486,100972,151458,201944,252430
50487,100974,151461,201948,252435
50488,100976,151464,201952,252440
50489,100978,151467,201956,252445
50490,100980,151470,201960,252450
50491,100982,151473,201964,252455
50492,100984,151476,201968,252460
50493,100986,151479,201972,252465
50494,100988,151482,201976,252470
50495,100990,151485,201980,252475
50496,100992,151488,201984,252480
50497,100994,151491,201988,252485
50498,100996,151494,201992,252490
50499,100998,151497,201996,252495
50500,101000,151500,202000,252500
50501,101002,151503,202004,252505
50502,101004,151506,202008,252510
50503,101006,151509,202012,252515
50504,101008,151512,202016,252520
50505,101010,151515,202020,252525
50506,101012,151518,202024,252530
50507,101014,151521,202028,252535
50508,101016,151524,202032,252540
50509,101018,151527,202036,252545
50510,101020,151530,202040,252550
50511,101022,151533,202044,252555
50512,101024,151536,202048,252560
50513,101026,151539,202052,252565
50514,101028,151542,202056,252570
50515,101030,151545,202060,252575
50516,101032,151548,202064,252580
50517,101034,151551,202068,252585
50518,101036,151554,202072,252590
50519,101038,151557,202076,252595
50520,101040,151560,202080,252600
50521,101042,151563,202084,252605
50522,101044,151566,202088,252610
50523,101046,151569,202092,252615
50524,101048,151572,202096,252620
50525,101050,151575,202100,252625
50526,101052,151578,202104,252630
50527,101054,151581,202108,252635
50528,101056,151584,202112,252640
50529,101058,151587,202116,252645
50530,101060,151590,202120,252650
50531,101062,151593,202124,252655
50532,101064,151596,202128,252660
50533,101066,151599,202132,252665
50534,101068,151602,202136,252670
50535,101070,151605,202140,252675
50536,101072,151608,202144,252680
50537,101074,151611,202148,252685
50538,101076,151614,202152,252690
50539,101078,151617,202156,252695
50540,101080,151620,202160,252700
50541,101082,151623,202164,252705
50542,101084,151626,202168,252710
50543,101086,151629,202172,252715
50544,101088,151632,202176,252720
50545,101090,151635,202180,252725
50546,101092,151638,202184,252730
50547,101094,151641,202188,252735
50548,101096,151644,202192,252740
50549,101098,151647,202196,252745
50550,101100,151650,202200,252750
50551,101102,151653,202204,252755
50552,101104,151656,202208,252760
50553,101106,151659,202212,252765
50554,101108,151662,202216,252770
50555,101110,151665,202220,252775
50556,101112,151668,202224,252780
50557,101114,151671,202228,252785
50558,101116,151674,202232,252790
50559,101118,151677,202236,252795
50560,101120,151680,202240,252800
50561,101122,151683,202244,252805
50562,101124,151686,202248,252810
50563,101126,151689,202252,252815
50564,101128,151692,202256,252820
50565,101130,151695,202260,252825
50566,101132,151698,202264,252830
50567,101134,151701,202268,252835
50568,101136,151704,202272,252840
50569,101138,151707,202276,252845
50570,101140,151710,202280,252850
50571,101142,151713,202284,252855
50572,101144,151716,202288,252860
50573,101146,151719,202292,252865
50574,101148,151722,202296,252870
50575,101150,151725,202300,252875
50576,101152,151728,202304,252880
50577,101154,151731,202308,252885
50578,101156,151734,202312,252890
50579,101158,151737,202316,252895
50580,101160,151740,202320,252900
50581,101162,151743,202324,252905
50582,101164,151746,202328,252910
50583,101166,151749,202332,252915
50584,101168,151752,202336,252920
50585,101170,151755,202340,252925
50586,101172,151758,202344,252930
50587,101174,151761,202348,252935
50588,101176,151764,202352,252940
50589,101178,151767,202356,252945
50590,101180,151770,202360,252950
50591,101182,151773,202364,252955
50592,101184,151776,202368,252960
50593,101186,151779,202372,252965
50594,101188,151782,202376,252970
50595,101190,151785,202380,252975
50596,101192,151788,202384,252980
50597,101194,151791,202388,252985
50598,101196,151794,202392,252990
50599,101198,151797,202396,252995
50600,101200,151800,202400,253000
50601,101202,151803,202404,253005
50602,101204,151806,202408,253010
50603,101206,151809,202412,253015
50604,101208,151812,202416,253020
50605,101210,151815,202420,253025
50606,101212,151818,202424,253030
50607,101214,151821,202428,253035
50608,101216,151824,202432,253040
50609,101218,151827,202436,253045
50610,101220,151830,202440,253050
50611,101222,151833,202444,253055
50612,101224,151836,202448,253060
50613,101226,151839,202452,253065
50614,101228,151842,202456,253070
50615,101230,151845,202460,253075
50616,101232,151848,202464,253080
50617,101234,151851,202468,253085
50618,101236,151854,202472,253090
50619,101238,151857,202476,253095
50620,101240,151860,202480,253100
50621,101242,151863,202484,253105
50622,101244,151866,202488,253110
50623,101246,151869,202492,253115
50624,101248,151872,202496,253120
50625,101250,151875,202500,253125
50626,101252,151878,202504,253130
50627,101254,151881,202508,253135
50628,101256,151884,202512,253140
50629,101258,151887,202516,253145
50630,101260,151890,202520,253150
50631,101262,151893,202524,253155
50632,101264,151896,202528,253160
50633,101266,151899,202532,253165
50634,101268,151902,202536,253170
50635,101270,151905,202540,253175
50636,101272,151908,202544,253180
50637,101274,151911,202548,253185
50638,101276,151914,202552,253190
50639,101278,151917,202556,253195
50640,101280,151920,202560,253200
50641,101282,151923,202564,253205
50642,101284,151926,202568,253210
50643,101286,151929,202572,253215
50644,101288,151932,202576,253220
50645,101290,151935,202580,253225
50646,101292,151938,202584,253230
50647,101294,151941,202588,253235
50648,101296,151944,202592,253240
50649,101298,151947,202596,253245
50650,101300,151950,202600,253250
50651,101302,151953,202604,253255
50652,101304,151956,202608,253260
50653,101306,151959,202612,253265
50654,101308,151962,202616,253270
50655,101310,151965,202620,253275
50656,101312,151968,202624,253280
50657,101314,151971,202628,253285
50658,101316,151974,202632,253290
50659,101318,151977,202636,253295
50660,101320,151980,202640,253300
50661,101322,151983,202644,253305
50662,101324,151986,202648,253310
50663,101326,151989,202652,253315
50664,101328,151992,202656,253320
50665,101330,151995,202660,253325
50666,101332,151998,202664,253330
50667,101334,152001,202668,253335
50668,101336,152004,202672,253340
50669,101338,152007,202676,253345
50670,101340,152010,202680,253350
50671,101342,152013,202684,253355
50672,101344,152016,202688,253360
50673,101346,152019,202692,253365
50674,101348,152022,202696,253370
50675,101350,152025,202700,253375
50676,101352,152028,202704,253380
50677,101354,152031,202708,253385
50678,101356,152034,202712,253390
50679,101358,152037,202716,253395
50680,101360,152040,202720,253400
50681,101362,152043,202724,253405
50682,101364,152046,202728,253410
50683,101366,152049,202732,253415
50684,101368,152052,202736,253420
50685,101370,152055,202740,253425
50686,101372,152058,202744,253430
50687,101374,152061,202748,253435
50688,101376,152064,202752,253440
50689,101378,152067,202756,253445
50690,101380,152070,202760,253450
50691,101382,152073,202764,253455
50692,101384,152076,202768,253460
50693,101386,152079,202772,253465
50694,101388,152082,202776,253470
50695,101390,152085,202780,253475
50696,101392,152088,202784,253480
50697,101394,152091,202788,253485
50698,101396,152094,202792,253490
50699,101398,152097,202796,253495
50700,101400,152100,202800,253500
50701,101402,152103,202804,253505
50702,101404,152106,202808,253510
50703,101406,152109,202812,253515
50704,101408,152112,202816,253520
50705,101410,152115,202820,253525
50706,101412,152118,202824,253530
50707,101414,152121,202828,253535
50708,101416,152124,202832,253540
50709,101418,152127,202836,253545
50710,101420,152130,202840,253550
50711,101422,152133,202844,253555
50712,101424,152136,202848,253560
50713,101426,152139,202852,253565
50714,101428,152142,202856,253570
50715,101430,152145,202860,253575
50716,101432,152148,202864,253580
50717,101434,152151,202868,253585
50718,101436,152154,202872,253590
50719,101438,152157,202876,253595
50720,101440,152160,202880,253600
50721,101442,152163,202884,253605
50722,101444,152166,202888,253610
50723,101446,152169,202892,253615
50724,101448,152172,202896,253620
50725,101450,152175,202900,253625
50726,101452,152178,202904,253630
50727,101454,152181,202908,253635
50728,101456,152184,202912,253640
50729,101458,152187,202916,253645
50730,101460,152190,202920,253650
50731,101462,152193,202924,253655
50732,101464,152196,202928,253660
50733,101466,152199,202932,253665
50734,101468,152202,202936,253670
50735,101470,152205,202940,253675
50736,101472,152208,202944,253680
50737,101474,152211,202948,253685
50738,101476,152214,202952,253690
50739,101478,152217,202956,253695
50740,101480,152220,202960,253700
50741,101482,152223,202964,253705
50742,101484,152226,202968,253710
50743,101486,152229,202972,253715
50744,101488,152232,202976,253720
50745,101490,152235,202980,253725
50746,101492,152238,202984,253730
50747,101494,152241,202988,253735
50748,101496,152244,202992,253740
50749,101498,152247,202996,253745
50750,101500,152250,203000,253750
50751,101502,152253,203004,253755
50752,101504,152256,203008,253760
50753,101506,152259,203012,253765
50754,101508,152262,203016,253770
50755,101510,152265,203020,253775
50756,101512,152268,203024,253780
50757,101514,152271,203028,253785
50758,101516,152274,203032,253790
50759,101518,152277,203036,253795
50760,101520,152280,203040,253800
50761,101522,152283,203044,253805
50762,101524,152286,203048,253810
50763,101526,152289,203052,253815
50764,101528,152292,203056,253820
50765,101530,152295,203060,253825
50766,101532,152298,203064,253830
50767,101534,152301,203068,253835
50768,101536,152304,203072,253840
50769,101538,152307,203076,253845
50770,101540,152310,203080,253850
50771,101542,152313,203084,253855
50772,101544,152316,203088,253860
50773,101546,152319,203092,253865
50774,101548,152322,203096,253870
50775,101550,152325,203100,253875
50776,101552,152328,203104,253880
50777,101554,152331,203108,253885
50778,101556,152334,203112,253890
50779,101558,152337,203116,253895
50780,101560,152340,203120,253900
50781,101562,152343,203124,253905
50782,101564,152346,203128,253910
50783,101566,152349,203132,253915
50784,101568,152352,203136,253920
50785,101570,152355,203140,253925
50786,101572,152358,203144,253930
50787,101574,152361,203148,253935
50788,101576,152364,203152,253940
50789,101578,152367,203156,253945
50790,101580,152370,203160,253950
50791,101582,152373,203164,253955
50792,101584,152376,203168,253960
50793,101586,152379,203172,253965
50794,101588,152382,203176,253970
50795,101590,152385,203180,253975
50796,101592,152388,203184,253980
50797,101594,152391,203188,253985
50798,101596,152394,203192,253990
50799,101598,152397,203196,253995
50800,101600,152400,203200,254000
50801,101602,152403,203204,254005
50802,101604,152406,203208,254010
50803,101606,152409,203212,254015
50804,101608,152412,203216,254020
50805,101610,152415,203220,254025
50806,101612,152418,203224,254030
50807,101614,152421,203228,254035
50808,101616,152424,203232,254040
50809,101618,152427,203236,254045
50810,101620,152430,203240,254050
50811,101622,152433,203244,254055
50812,101624,152436,203248,254060
50813,101626,152439,203252,254065
50814,101628,152442,203256,254070
50815,101630,152445,203260,254075
50816,101632,152448,203264,254080
50817,101634,152451,203268,254085
50818,101636,152454,203272,254090
50819,101638,152457,203276,254095
50820,101640,152460,203280,254100
50821,101642,152463,203284,254105
50822,101644,152466,203288,254110
50823,101646,152469,203292,254115
50824,101648,152472,203296,254120
50825,101650,152475,203300,254125
50826,101652,152478,203304,254130
50827,101654,152481,203308,254135
50828,101656,152484,203312,254140
50829,101658,152487,203316,254145
50830,101660,152490,203320,254150
50831,101662,152493,203324,254155
50832,101664,152496,203328,254160
50833,101666,152499,203332,254165
50834,101668,152502,203336,254170
50835,101670,152505,203340,254175
50836,101672,152508,203344,254180
50837,101674,152511,203348,254185
50838,101676,152514,203352,254190
50839,101678,152517,203356,254195
50840,101680,152520,203360,254200
50841,101682,152523,203364,254205
50842,101684,152526,203368,254210
50843,101686,152529,203372,254215
50844,101688,152532,203376,254220
50845,101690,152535,203380,254225
50846,101692,152538,203384,254230
50847,101694,152541,203388,254235
50848,101696,152544,203392,254240
50849,101698,152547,203396,254245
50850,101700,152550,203400,254250
50851,101702,152553,203404,254255
50852,101704,152556,203408,254260
50853,101706,152559,203412,254265
50854,101708,152562,203416,254270
50855,101710,152565,203420,254275
50856,101712,152568,203424,254280
50857,101714,152571,203428,254285
50858,101716,152574,203432,254290
50859,101718,152577,203436,254295
50860,101720,152580,203440,254300
50861,101722,152583,203444,254305
50862,101724,152586,203448,254310
50863,101726,152589,203452,254315
50864,101728,152592,203456,254320
50865,101730,152595,203460,254325
50866,101732,152598,203464,254330
50867,101734,152601,203468,254335
50868,101736,152604,203472,254340
50869,101738,152607,203476,254345
50870,101740,152610,203480,254350
50871,101742,152613,203484,254355
50872,101744,152616,203488,254360
50873,101746,152619,203492,254365
50874,101748,152622,203496,254370
50875,101750,152625,203500,254375
50876,101752,152628,203504,254380
50877,101754,152631,203508,254385
50878,101756,152634,203512,254390
50879,101758,152637,203516,254395
50880,101760,152640,203520,254400
50881,101762,152643,203524,254405
50882,101764,152646,203528,254410
50883,101766,152649,203532,254415
50884,101768,152652,203536,254420
50885,101770,152655,203540,254425
50886,101772,152658,203544,254430
50887,101774,152661,203548,254435
50888,101776,152664,203552,254440
50889,101778,152667,203556,254445
50890,101780,152670,203560,254450
50891,101782,152673,203564,254455
50892,101784,152676,203568,254460
50893,101786,152679,203572,254465
50894,101788,152682,203576,254470
50895,101790,152685,203580,254475
50896,101792,152688,203584,254480
50897,101794,152691,203588,254485
50898,101796,152694,203592,254490
50899,101798,152697,203596,254495
50900,101800,152700,203600,254500
50901,101802,152703,203604,254505
50902,101804,152706,203608,254510
50903,101806,152709,203612,254515
50904,101808,152712,203616,254520
50905,101810,152715,203620,254525
50906,101812,152718,203624,254530
50907,101814,152721,203628,254535
50908,101816,152724,203632,254540
50909,101818,152727,203636,254545
50910,101820,152730,203640,254550
50911,101822,152733,203644,254555
50912,101824,152736,203648,254560
50913,101826,152739,203652,254565
50914,101828,152742,203656,254570
50915,101830,152745,203660,254575
50916,101832,152748,203664,254580
50917,101834,152751,203668,254585
50918,101836,152754,203672,254590
50919,101838,152757,203676,254595
50920,101840,152760,203680,254600
50921,101842,152763,203684,254605
50922,101844,152766,203688,254610
50923,101846,152769,203692,254615
50924,101848,152772,203696,254620
50925,101850,152775,203700,254625
50926,101852,152778,203704,254630
50927,101854,152781,203708,254635
50928,101856,152784,203712,254640
50929,101858,152787,203716,254645
50930,101860,152790,203720,254650
50931,101862,152793,203724,254655
50932,101864,152796,203728,254660
50933,101866,152799,203732,254665
50934,101868,152802,203736,254670
50935,101870,152805,203740,254675
50936,101872,152808,203744,254680
50937,101874,152811,203748,254685
50938,101876,152814,203752,254690
50939,101878,152817,203756,254695
50940,101880,152820,203760,254700
50941,101882,152823,203764,254705
50942,101884,152826,203768,254710
50943,101886,152829,203772,254715
50944,101888,152832,203776,254720
50945,101890,152835,203780,254725
50946,101892,152838,203784,254730
50947,101894,152841,203788,254735
50948,101896,152844,203792,254740
50949,101898,152847,203796,254745
50950,101900,152850,203800,254750
50951,101902,152853,203804,254755
50952,101904,152856,203808,254760
50953,101906,152859,203812,254765
50954,101908,152862,203816,254770
50955,101910,152865,203820,254775
50956,101912,152868,203824,254780
50957,101914,152871,203828,254785
50958,101916,152874,203832,254790
50959,101918,152877,203836,254795
50960,101920,152880,203840,254800
50961,101922,152883,203844,254805
50962,101924,152886,203848,254810
50963,101926,152889,203852,254815
50964,101928,152892,203856,254820
50965,101930,152895,203860,254825
50966,101932,152898,203864,254830
50967,101934,152901,203868,254835
50968,101936,152904,203872,254840
50969,101938,152907,203876,254845
50970,101940,152910,203880,254850
50971,101942,152913,203884,254855
50972,101944,152916,203888,254860
50973,101946,152919,203892,254865
50974,101948,152922,203896,254870
50975,101950,152925,203900,254875
50976,101952,152928,203904,254880
50977,101954,152931,203908,254885
50978,101956,152934,203912,254890
50979,101958,152937,203916,254895
50980,101960,152940,203920,254900
50981,101962,152943,203924,254905
50982,101964,152946,203928,254910
50983,101966,152949,203932,254915
50984,101968,152952,203936,254920
50985,101970,152955,203940,254925
50986,101972,152958,203944,254930
50987,101974,152961,203948,254935
50988,101976,152964,203952,254940
50989,101978,152967,203956,254945
50990,101980,152970,203960,254950
50991,101982,152973,203964,254955
50992,101984,152976,203968,254960
50993,101986,152979,203972,254965
50994,101988,152982,203976,254970
50995,101990,152985,203980,254975
50996,101992,152988,203984,254980
50997,101994,152991,203988,254985
50998,101996,152994,203992,254990
50999,101998,152997,203996,254995
51000,102000,153000,204000,255000
51001,102002,153003,204004,255005
51002,102004,153006,204008,255010
51003,102006,153009,204012,255015
51004,102008,153012,204016,255020
51005,102010,153015,204020,255025
51006,102012,153018,204024,255030
51007,102014,153021,204028,255035
51008,102016,153024,204032,255040
51009,102018,153027,204036,255045
51010,102020,153030,204040,255050
51011,102022,153033,204044,255055
51012,102024,153036,204048,255060
51013,102026,153039,204052,255065
51014,102028,153042,204056,255070
51015,102030,153045,204060,255075
51016,102032,153048,204064,255080
51017,102034,153051,204068,255085
51018,102036,153054,204072,255090
51019,102038,153057,204076,255095
51020,102040,153060,204080,255100
51021,102042,153063,204084,255105
51022,102044,153066,204088,255110
51023,102046,153069,204092,255115
51024,102048,153072,204096,255120
51025,102050,153075,204100,255125
51026,102052,153078,204104,255130
51027,102054,153081,204108,255135
51028,102056,153084,204112,255140
51029,102058,153087,204116,255145
51030,102060,153090,204120,255150
51031,102062,153093,204124,255155
51032,102064,153096,204128,255160
51033,102066,153099,204132,255165
51034,102068,153102,204136,255170
51035,102070,153105,204140,255175
51036,102072,153108,204144,255180
51037,102074,153111,204148,255185
51038,102076,153114,204152,255190
51039,102078,153117,204156,255195
51040,102080,153120,204160,255200
51041,102082,153123,204164,255205
51042,102084,153126,204168,255210
51043,102086,153129,204172,255215
51044,102088,153132,204176,255220
51045,102090,153135,204180,255225
51046,102092,153138,204184,255230
51047,102094,153141,204188,255235
51048,102096,153144,204192,255240
51049,102098,153147,204196,255245
51050,102100,153150,204200,255250
51051,102102,153153,204204,255255
51052,102104,153156,204208,255260
51053,102106,153159,204212,255265
51054,102108,153162,204216,255270
51055,102110,153165,204220,255275
51056,102112,153168,204224,255280
51057,102114,153171,204228,255285
51058,102116,153174,204232,255290
51059,102118,153177,204236,255295
51060,102120,153180,204240,255300
51061,102122,153183,204244,255305
51062,102124,153186,204248,255310
51063,102126,153189,204252,255315
51064,102128,153192,204256,255320
51065,102130,153195,204260,255325
51066,102132,153198,204264,255330
51067,102134,153201,204268,255335
51068,102136,153204,204272,255340
51069,102138,153207,204276,255345
51070,102140,153210,204280,255350
51071,102142,153213,204284,255355
51072,102144,153216,204288,255360
51073,102146,153219,204292,255365
51074,102148,153222,204296,255370
51075,102150,153225,204300,255375
51076,102152,153228,204304,255380
51077,102154,153231,204308,255385
51078,102156,153234,204312,255390
51079,102158,153237,204316,255395
51080,102160,153240,204320,255400
51081,102162,153243,204324,255405
51082,102164,153246,204328,255410
51083,102166,153249,204332,255415
51084,102168,153252,204336,255420
51085,102170,153255,204340,255425
51086,102172,153258,204344,255430
51087,102174,153261,204348,255435
51088,102176,153264,204352,255440
51089,102178,153267,204356,255445
51090,102180,153270,204360,255450
51091,102182,153273,204364,255455
51092,102184,153276,204368,255460
51093,102186,153279,204372,255465
51094,102188,153282,204376,255470
51095,102190,153285,204380,255475
51096,102192,153288,204384,255480
51097,102194,153291,204388,255485
51098,102196,153294,204392,255490
51099,102198,153297,204396,255495
51100,102200,153300,204400,255500
51101,102202,153303,204404,255505
51102,102204,153306,204408,255510
51103,102206,153309,204412,255515
51104,102208,153312,204416,255520
51105,102210,153315,204420,255525
51106,102212,153318,204424,255530
51107,102214,153321,204428,255535
51108,102216,153324,204432,255540
51109,102218,153327,204436,255545
51110,102220,153330,204440,255550
51111,102222,153333,204444,255555
51112,102224,153336,204448,255560
51113,102226,153339,204452,255565
51114,102228,153342,204456,255570
51115,102230,153345,204460,255575
51116,102232,153348,204464,255580
51117,102234,153351,204468,255585
51118,102236,153354,204472,255590
51119,102238,153357,204476,255595
51120,102240,153360,204480,255600
51121,102242,153363,204484,255605
51122,102244,153366,204488,255610
51123,102246,153369,204492,255615
51124,102248,153372,204496,255620
51125,102250,153375,204500,255625
51126,102252,153378,204504,255630
51127,102254,153381,204508,255635
51128,102256,153384,204512,255640
51129,102258,153387,204516,255645
51130,102260,153390,204520,255650
51131,102262,153393,204524,255655
51132,102264,153396,204528,255660
51133,102266,153399,204532,255665
51134,102268,153402,204536,255670
51135,102270,153405,204540,255675
51136,102272,153408,204544,255680
51137,102274,153411,204548,255685
51138,102276,153414,204552,255690
51139,102278,153417,204556,255695
51140,102280,153420,204560,255700
51141,102282,153423,204564,255705
51142,102284,153426,204568,255710
51143,102286,153429,204572,255715
51144,102288,153432,204576,255720
51145,102290,153435,204580,255725
51146,102292,153438,204584,255730
51147,102294,153441,204588,255735
51148,102296,153444,204592,255740
51149,102298,153447,204596,255745
51150,102300,153450,204600,255750
51151,102302,153453,204604,255755
51152,102304,153456,204608,255760
51153,102306,153459,204612,255765
51154,102308,153462,204616,255770
51155,102310,153465,204620,255775
51156,102312,153468,204624,255780
51157,102314,153471,204628,255785
51158,102316,153474,204632,255790
51159,102318,153477,204636,255795
51160,102320,153480,204640,255800
51161,102322,153483,204644,255805
51162,102324,153486,204648,255810
51163,102326,153489,204652,255815
51164,102328,153492,204656,255820
51165,102330,153495,204660,255825
51166,102332,153498,204664,255830
51167,102334,153501,204668,255835
51168,102336,153504,204672,255840
51169,102338,153507,204676,255845
51170,102340,153510,204680,255850
51171,102342,153513,204684,255855
51172,102344,153516,204688,255860
51173,102346,153519,204692,255865
51174,102348,153522,204696,255870
51175,102350,153525,204700,255875
51176,102352,153528,204704,255880
51177,102354,153531,204708,255885
51178,102356,153534,204712,255890
51179,102358,153537,204716,255895
51180,102360,153540,204720,255900
51181,102362,153543,204724,255905
51182,102364,153546,204728,255910
51183,102366,153549,204732,255915
51184,102368,153552,204736,255920
51185,102370,153555,204740,255925
51186,102372,153558,204744,255930
51187,102374,153561,204748,255935
51188,102376,153564,204752,255940
51189,102378,153567,204756,255945
51190,102380,153570,204760,255950
51191,102382,153573,204764,255955
51192,102384,153576,204768,255960
51193,102386,153579,204772,255965
51194,102388,153582,204776,255970
51195,102390,153585,204780,255975
51196,102392,153588,204784,255980
51197,102394,153591,204788,255985
51198,102396,153594,204792,255990
51199,102398,153597,204796,255995
51200,102400,153600,204800,256000
51201,102402,153603,204804,256005
51202,102404,153606,204808,256010
51203,102406,153609,204812,256015
51204,102408,153612,204816,256020
51205,102410,153615,204820,256025
51206,102412,153618,204824,256030
51207,102414,153621,204828,256035
51208,102416,153624,204832,256040
51209,102418,153627,204836,256045
51210,102420,153630,204840,256050
51211,102422,153633,204844,256055
51212,102424,153636,204848,256060
51213,102426,153639,204852,256065
51214,102428,153642,204856,256070
51215,102430,153645,204860,256075
51216,102432,153648,204864,256080
51217,102434,153651,204868,256085
51218,102436,153654,204872,256090
51219,102438,153657,204876,256095
51220,102440,153660,204880,256100
51221,102442,153663,204884,256105
51222,102444,153666,204888,256110
51223,102446,153669,204892,256115
51224,102448,153672,204896,256120
51225,102450,153675,204900,256125
51226,102452,153678,204904,256130
51227,102454,153681,204908,256135
51228,102456,153684,204912,256140
51229,102458,153687,204916,256145
51230,102460,153690,204920,256150
51231,102462,153693,204924,256155
51232,102464,153696,204928,256160
51233,102466,153699,204932,256165
51234,102468,153702,204936,256170
51235,102470,153705,204940,256175
51236,102472,153708,204944,256180
51237,102474,153711,204948,256185
51238,102476,153714,204952,256190
51239,102478,153717,204956,256195
51240,102480,153720,204960,256200
51241,102482,153723,204964,256205
51242,102484,153726,204968,256210
51243,102486,153729,204972,256215
51244,102488,153732,204976,256220
51245,102490,153735,204980,256225
51246,102492,153738,204984,256230
51247,102494,153741,204988,256235
51248,102496,153744,204992,256240
51249,102498,153747,204996,256245
51250,102500,153750,205000,256250
51251,102502,153753,205004,256255
51252,102504,153756,205008,256260
51253,102506,153759,205012,256265
51254,102508,153762,205016,256270
51255,102510,153765,205020,256275
51256,102512,153768,205024,256280
51257,102514,153771,205028,256285
51258,102516,153774,205032,256290
51259,102518,153777,205036,256295
51260,102520,153780,205040,256300
51261,102522,153783,205044,256305
51262,102524,153786,205048,256310
51263,102526,153789,205052,256315
51264,102528,153792,205056,256320
51265,102530,153795,205060,256325
51266,102532,153798,205064,256330
51267,102534,153801,205068,256335
51268,102536,153804,205072,256340
51269,102538,153807,205076,256345
51270,102540,153810,205080,256350
51271,102542,153813,205084,256355
51272,102544,153816,205088,256360
51273,102546,153819,205092,256365
51274,102548,153822,205096,256370
51275,102550,153825,205100,256375
51276,102552,153828,205104,256380
51277,102554,153831,205108,256385
51278,102556,153834,205112,256390
51279,102558,153837,205116,256395
51280,102560,153840,205120,256400
51281,102562,153843,205124,256405
51282,102564,153846,205128,256410
51283,102566,153849,205132,256415
51284,102568,153852,205136,256420
51285,102570,153855,205140,256425
51286,102572,153858,205144,256430
51287,102574,153861,205148,256435
51288,102576,153864,205152,256440
51289,102578,153867,205156,256445
51290,102580,153870,205160,256450
51291,102582,153873,205164,256455
51292,102584,153876,205168,256460
51293,102586,153879,205172,256465
51294,102588,153882,205176,256470
51295,102590,153885,205180,256475
51296,102592,153888,205184,256480
51297,102594,153891,205188,256485
51298,102596,153894,205192,256490
51299,102598,153897,205196,256495
51300,102600,153900,205200,256500
51301,102602,153903,205204,256505
51302,102604,153906,205208,256510
51303,102606,153909,205212,256515
51304,102608,153912,205216,256520
51305,102610,153915,205220,256525
51306,102612,153918,205224,256530
51307,102614,153921,205228,256535
51308,102616,153924,205232,256540
51309,102618,153927,205236,256545
51310,102620,153930,205240,256550
51311,102622,153933,205244,256555
51312,102624,153936,205248,256560
51313,102626,153939,205252,256565
51314,102628,153942,205256,256570
51315,102630,153945,205260,256575
51316,102632,153948,205264,256580
51317,102634,153951,205268,256585
51318,102636,153954,205272,256590
51319,102638,153957,205276,256595
51320,102640,153960,205280,256600
51321,102642,153963,205284,256605
51322,102644,153966,205288,256610
51323,102646,153969,205292,256615
51324,102648,153972,205296,256620
51325,102650,153975,205300,256625
51326,102652,153978,205304,256630
51327,102654,153981,205308,256635
51328,102656,153984,205312,256640
51329,102658,153987,205316,256645
51330,102660,153990,205320,256650
51331,102662,153993,205324,256655
51332,102664,153996,205328,256660
51333,102666,153999,205332,256665
51334,102668,154002,205336,256670
51335,102670,154005,205340,256675
51336,102672,154008,205344,256680
51337,102674,154011,205348,256685
51338,102676,154014,205352,256690
51339,102678,154017,205356,256695
51340,102680,154020,205360,256700
51341,102682,154023,205364,256705
51342,102684,154026,205368,256710
51343,102686,154029,205372,256715
51344,102688,154032,205376,256720
51345,102690,154035,205380,256725
51346,102692,154038,205384,256730
51347,102694,154041,205388,256735
51348,102696,154044,205392,256740
51349,102698,154047,205396,256745
51350,102700,154050,205400,256750
51351,102702,154053,205404,256755
51352,102704,154056,205408,256760
51353,102706,154059,205412,256765
51354,102708,154062,205416,256770
51355,102710,154065,205420,256775
51356,102712,154068,205424,256780
51357,102714,154071,205428,256785
51358,102716,154074,205432,256790
51359,102718,154077,205436,256795
51360,102720,154080,205440,256800
51361,102722,154083,205444,256805
51362,102724,154086,205448,256810
51363,102726,154089,205452,256815
51364,102728,154092,205456,256820
51365,102730,154095,205460,256825
51366,102732,154098,205464,256830
51367,102734,154101,205468,256835
51368,102736,154104,205472,256840
51369,102738,154107,205476,256845
51370,102740,154110,205480,256850
51371,102742,154113,205484,256855
51372,102744,154116,205488,256860
51373,102746,154119,205492,256865
51374,102748,154122,205496,256870
51375,102750,154125,205500,256875
51376,102752,154128,205504,256880
51377,102754,154131,205508,256885
51378,102756,154134,205512,256890
51379,102758,154137,205516,256895
51380,102760,154140,205520,256900
51381,102762,154143,205524,256905
51382,102764,154146,205528,256910
51383,102766,154149,205532,256915
51384,102768,154152,205536,256920
51385,102770,154155,205540,256925
51386,102772,154158,205544,256930
51387,102774,154161,205548,256935
51388,102776,154164,205552,256940
51389,102778,154167,205556,256945
51390,102780,154170,205560,256950
51391,102782,154173,205564,256955
51392,102784,154176,205568,256960
51393,102786,154179,205572,256965
51394,102788,154182,205576,256970
51395,102790,154185,205580,256975
51396,102792,154188,205584,256980
51397,102794,154191,205588,256985
51398,102796,154194,205592,256990
51399,102798,154197,205596,256995
51400,102800,154200,205600,257000
51401,102802,154203,205604,257005
51402,102804,154206,205608,257010
51403,102806,154209,205612,257015
51404,102808,154212,205616,257020
51405,102810,154215,205620,257025
51406,102812,154218,205624,257030
51407,102814,154221,205628,257035
51408,102816,154224,205632,257040
51409,102818,154227,205636,257045
51410,102820,154230,205640,257050
51411,102822,154233,205644,257055
51412,102824,154236,205648,257060
51413,102826,154239,205652,257065
51414,102828,154242,205656,257070
51415,102830,154245,205660,257075
51416,102832,154248,205664,257080
51417,102834,154251,205668,257085
51418,102836,154254,205672,257090
51419,102838,154257,205676,257095
51420,102840,154260,205680,257100
51421,102842,154263,205684,257105
51422,102844,154266,205688,257110
51423,102846,154269,205692,257115
51424,102848,154272,205696,257120
51425,102850,154275,205700,257125
51426,102852,154278,205704,257130
51427,102854,154281,205708,257135
51428,102856,154284,205712,257140
51429,102858,154287,205716,257145
51430,102860,154290,205720,257150
51431,102862,154293,205724,257155
51432,102864,154296,205728,257160
51433,102866,154299,205732,257165
51434,102868,154302,205736,257170
51435,102870,154305,205740,257175
51436,102872,154308,205744,257180
51437,102874,154311,205748,257185
51438,102876,154314,205752,257190
51439,102878,154317,205756,257195
51440,102880,154320,205760,257200
51441,102882,154323,205764,257205
51442,102884,154326,205768,257210
51443,102886,154329,205772,257215
51444,102888,154332,205776,257220
51445,102890,154335,205780,257225
51446,102892,154338,205784,257230
51447,102894,154341,205788,257235
51448,102896,154344,205792,257240
51449,102898,154347,205796,257245
51450,102900,154350,205800,257250
51451,102902,154353,205804,257255
51452,102904,154356,205808,257260
51453,102906,154359,205812,257265
51454,102908,154362,205816,257270
51455,102910,154365,205820,257275
51456,102912,154368,205824,257280
51457,102914,154371,205828,257285
51458,102916,154374,205832,257290
51459,102918,154377,205836,257295
51460,102920,154380,205840,257300
51461,102922,154383,205844,257305
51462,102924,154386,205848,257310
51463,102926,154389,205852,257315
51464,102928,154392,205856,257320
51465,102930,154395,205860,257325
51466,102932,154398,205864,257330
51467,102934,154401,205868,257335
51468,102936,154404,205872,257340
51469,102938,154407,205876,257345
51470,102940,154410,205880,257350
51471,102942,154413,205884,257355
51472,102944,154416,205888,257360
51473,102946,154419,205892,257365
51474,102948,154422,205896,257370
51475,102950,154425,205900,257375
51476,102952,154428,205904,257380
51477,102954,154431,205908,257385
51478,102956,154434,205912,257390
51479,102958,154437,205916,257395
51480,102960,154440,205920,257400
51481,102962,154443,205924,257405
51482,102964,154446,205928,257410
51483,102966,154449,205932,257415
51484,102968,154452,205936,257420
51485,102970,154455,205940,257425
51486,102972,154458,205944,257430
51487,102974,154461,205948,257435
51488,102976,154464,205952,257440
51489,102978,154467,205956,257445
51490,102980,154470,205960,257450
51491,102982,154473,205964,257455
51492,102984,154476,205968,257460
51493,102986,154479,205972,257465
51494,102988,154482,205976,257470
51495,102990,154485,205980,257475
51496,102992,154488,205984,257480
51497,102994,154491,205988,257485
51498,102996,154494,205992,257490
51499,102998,154497,205996,257495
51500,103000,154500,206000,257500
51501,103002,154503,206004,257505
51502,103004,154506,206008,257510
51503,103006,154509,206012,257515
51504,103008,154512,206016,257520
51505,103010,154515,206020,257525
51506,103012,154518,206024,257530
51507,103014,154521,206028,257535
51508,103016,154524,206032,257540
51509,103018,154527,206036,257545
51510,103020,154530,206040,257550
51511,103022,154533,206044,257555
51512,103024,154536,206048,257560
51513,103026,154539,206052,257565
51514,103028,154542,206056,257570
51515,103030,154545,206060,257575
51516,103032,154548,206064,257580
51517,103034,154551,206068,257585
51518,103036,154554,206072,257590
51519,103038,154557,206076,257595
51520,103040,154560,206080,257600
51521,103042,154563,206084,257605
51522,103044,154566,206088,257610
51523,103046,154569,206092,257615
51524,103048,154572,206096,257620
51525,103050,154575,206100,257625
51526,103052,154578,206104,257630
51527,103054,154581,206108,257635
51528,103056,154584,206112,257640
51529,103058,154587,206116,257645
51530,103060,154590,206120,257650
51531,103062,154593,206124,257655
51532,103064,154596,206128,257660
51533,103066,154599,206132,257665
51534,103068,154602,206136,257670
51535,103070,154605,206140,257675
51536,103072,154608,206144,257680
51537,103074,154611,206148,257685
51538,103076,154614,206152,257690
51539,103078,154617,206156,257695
51540,103080,154620,206160,257700
51541,103082,154623,206164,257705
51542,103084,154626,206168,257710
51543,103086,154629,206172,257715
51544,103088,154632,206176,257720
51545,103090,154635,206180,257725
51546,103092,154638,206184,257730
51547,103094,154641,206188,257735
51548,103096,154644,206192,257740
51549,103098,154647,206196,257745
51550,103100,154650,206200,257750
51551,103102,154653,206204,257755
51552,103104,154656,206208,257760
51553,103106,154659,206212,257765
51554,103108,154662,206216,257770
51555,103110,154665,206220,257775
51556,103112,154668,206224,257780
51557,103114,154671,206228,257785
51558,103116,154674,206232,257790
51559,103118,154677,206236,257795
51560,103120,154680,206240,257800
51561,103122,154683,206244,257805
51562,103124,154686,206248,257810
51563,103126,154689,206252,257815
51564,103128,154692,206256,257820
51565,103130,154695,206260,257825
51566,103132,154698,206264,257830
51567,103134,154701,206268,257835
51568,103136,154704,206272,257840
51569,103138,154707,206276,257845
51570,103140,154710,206280,257850
51571,103142,154713,206284,257855
51572,103144,154716,206288,257860
51573,103146,154719,206292,257865
51574,103148,154722,206296,257870
51575,103150,154725,206300,257875
51576,103152,154728,206304,257880
51577,103154,154731,206308,257885
51578,103156,154734,206312,257890
51579,103158,154737,206316,257895
51580,103160,154740,206320,257900
51581,103162,154743,206324,257905
51582,103164,154746,206328,257910
51583,103166,154749,206332,257915
51584,103168,154752,206336,257920
51585,103170,154755,206340,257925
51586,103172,154758,206344,257930
51587,103174,154761,206348,257935
51588,103176,154764,206352,257940
51589,103178,154767,206356,257945
51590,103180,154770,206360,257950
51591,103182,154773,206364,257955
51592,103184,154776,206368,257960
51593,103186,154779,206372,257965
51594,103188,154782,206376,257970
51595,103190,154785,206380,257975
51596,103192,154788,206384,257980
51597,103194,154791,206388,257985
51598,103196,154794,206392,257990
51599,103198,154797,206396,257995
51600,103200,154800,206400,258000
51601,103202,154803,206404,258005
51602,103204,154806,206408,258010
51603,103206,154809,206412,258015
51604,103208,154812,206416,258020
51605,103210,154815,206420,258025
51606,103212,154818,206424,258030
51607,103214,154821,206428,258035
51608,103216,154824,206432,258040
51609,103218,154827,206436,258045
51610,103220,154830,206440,258050
51611,103222,154833,206444,258055
51612,103224,154836,206448,258060
51613,103226,154839,206452,258065
51614,103228,154842,206456,258070
51615,103230,154845,206460,258075
51616,103232,154848,206464,258080
51617,103234,154851,206468,258085
51618,103236,154854,206472,258090
51619,103238,154857,206476,258095
51620,103240,154860,206480,258100
51621,103242,154863,206484,258105
51622,103244,154866,206488,258110
51623,103246,154869,206492,258115
51624,103248,154872,206496,258120
51625,103250,154875,206500,258125
51626,103252,154878,206504,258130
51627,103254,154881,206508,258135
51628,103256,154884,206512,258140
51629,103258,154887,206516,258145
51630,103260,154890,206520,258150
51631,103262,154893,206524,258155
51632,103264,154896,206528,258160
51633,103266,154899,206532,258165
51634,103268,154902,206536,258170
51635,103270,154905,206540,258175
51636,103272,154908,206544,258180
51637,103274,154911,206548,258185
51638,103276,154914,206552,258190
51639,103278,154917,206556,258195
51640,103280,154920,206560,258200
51641,103282,154923,206564,258205
51642,103284,154926,206568,258210
51643,103286,154929,206572,258215
51644,103288,154932,206576,258220
51645,103290,154935,206580,258225
51646,103292,154938,206584,258230
51647,103294,154941,206588,258235
51648,103296,154944,206592,258240
51649,103298,154947,206596,258245
51650,103300,154950,206600,258250
51651,103302,154953,206604,258255
51652,103304,154956,206608,258260
51653,103306,154959,206612,258265
51654,103308,154962,206616,258270
51655,103310,154965,206620,258275
51656,103312,154968,206624,258280
51657,103314,154971,206628,258285
51658,103316,154974,206632,258290
51659,103318,154977,206636,258295
51660,103320,154980,206640,258300
51661,103322,154983,206644,258305
51662,103324,154986,206648,258310
51663,103326,154989,206652,258315
51664,103328,154992,206656,258320
51665,103330,154995,206660,258325
51666,103332,154998,206664,258330
51667,103334,155001,206668,258335
51668,103336,155004,206672,258340
51669,103338,155007,206676,258345
51670,103340,155010,206680,258350
51671,103342,155013,206684,258355
51672,103344,155016,206688,258360
51673,103346,155019,206692,258365
51674,103348,155022,206696,258370
51675,103350,155025,206700,258375
51676,103352,155028,206704,258380
51677,103354,155031,206708,258385
51678,103356,155034,206712,258390
51679,103358,155037,206716,258395
51680,103360,155040,206720,258400
51681,103362,155043,206724,258405
51682,103364,155046,206728,258410
51683,103366,155049,206732,258415
51684,103368,155052,206736,258420
51685,103370,155055,206740,258425
51686,103372,155058,206744,258430
51687,103374,155061,206748,258435
51688,103376,155064,206752,258440
51689,103378,155067,206756,258445
51690,103380,155070,206760,258450
51691,103382,155073,206764,258455
51692,103384,155076,206768,258460
51693,103386,155079,206772,258465
51694,103388,155082,206776,258470
51695,103390,155085,206780,258475
51696,103392,155088,206784,258480
51697,103394,155091,206788,258485
51698,103396,155094,206792,258490
51699,103398,155097,206796,258495
51700,103400,155100,206800,258500
51701,103402,155103,206804,258505
51702,103404,155106,206808,258510
51703,103406,155109,206812,258515
51704,103408,155112,206816,258520
51705,103410,155115,206820,258525
51706,103412,155118,206824,258530
51707,103414,155121,206828,258535
51708,103416,155124,206832,258540
51709,103418,155127,206836,258545
51710,103420,155130,206840,258550
51711,103422,155133,206844,258555
51712,103424,155136,206848,258560
51713,103426,155139,206852,258565
51714,103428,155142,206856,258570
51715,103430,155145,206860,258575
51716,103432,155148,206864,258580
51717,103434,155151,206868,258585
51718,103436,155154,206872,258590
51719,103438,155157,206876,258595
51720,103440,155160,206880,258600
51721,103442,155163,206884,258605
51722,103444,155166,206888,258610
51723,103446,155169,206892,258615
51724,103448,155172,206896,258620
51725,103450,155175,206900,258625
51726,103452,155178,206904,258630
51727,103454,155181,206908,258635
51728,103456,155184,206912,258640
51729,103458,155187,206916,258645
51730,103460,155190,206920,258650
51731,103462,155193,206924,258655
51732,103464,155196,206928,258660
51733,103466,155199,206932,258665
51734,103468,155202,206936,258670
51735,103470,155205,206940,258675
51736,103472,155208,206944,258680
51737,103474,155211,206948,258685
51738,103476,155214,206952,258690
51739,103478,155217,206956,258695
51740,103480,155220,206960,258700
51741,103482,155223,206964,258705
51742,103484,155226,206968,258710
51743,103486,155229,206972,258715
51744,103488,155232,206976,258720
51745,103490,155235,206980,258725
51746,103492,155238,206984,258730
51747,103494,155241,206988,258735
51748,103496,155244,206992,258740
51749,103498,155247,206996,258745
51750,103500,155250,207000,258750
51751,103502,155253,207004,258755
51752,103504,155256,207008,258760
51753,103506,155259,207012,258765
51754,103508,155262,207016,258770
51755,103510,155265,207020,258775
51756,103512,155268,207024,258780
51757,103514,155271,207028,258785
51758,103516,155274,207032,258790
51759,103518,155277,207036,258795
51760,103520,155280,207040,258800
51761,103522,155283,207044,258805
51762,103524,155286,207048,258810
51763,103526,155289,207052,258815
51764,103528,155292,207056,258820
51765,103530,155295,207060,258825
51766,103532,155298,207064,258830
51767,103534,155301,207068,258835
51768,103536,155304,207072,258840
51769,103538,155307,207076,258845
51770,103540,155310,207080,258850
51771,103542,155313,207084,258855
51772,103544,155316,207088,258860
51773,103546,155319,207092,258865
51774,103548,155322,207096,258870
51775,103550,155325,207100,258875
51776,103552,155328,207104,258880
51777,103554,155331,207108,258885
51778,103556,155334,207112,258890
51779,103558,155337,207116,258895
51780,103560,155340,207120,258900
51781,103562,155343,207124,258905
51782,103564,155346,207128,258910
51783,103566,155349,207132,258915
51784,103568,155352,207136,258920
51785,103570,155355,207140,258925
51786,103572,155358,207144,258930
51787,103574,155361,207148,258935
51788,103576,155364,207152,258940
51789,103578,155367,207156,258945
51790,103580,155370,207160,258950
51791,103582,155373,207164,258955
51792,103584,155376,207168,258960
51793,103586,155379,207172,258965
51794,103588,155382,207176,258970
51795,103590,155385,207180,258975
51796,103592,155388,207184,258980
51797,103594,155391,207188,258985
51798,103596,155394,207192,258990
51799,103598,155397,207196,258995
51800,103600,155400,207200,259000
51801,103602,155403,207204,259005
51802,103604,155406,207208,259010
51803,103606,155409,207212,259015
51804,103608,155412,207216,259020
51805,103610,155415,207220,259025
51806,103612,155418,207224,259030
51807,103614,155421,207228,259035
51808,103616,155424,207232,259040
51809,103618,155427,207236,259045
51810,103620,155430,207240,259050
51811,103622,155433,207244,259055
51812,103624,155436,207248,259060
51813,103626,155439,207252,259065
51814,103628,155442,207256,259070
51815,103630,155445,207260,259075
51816,103632,155448,207264,259080
51817,103634,155451,207268,259085
51818,103636,155454,207272,259090
51819,103638,155457,207276,259095
51820,103640,155460,207280,259100
51821,103642,155463,207284,259105
51822,103644,155466,207288,259110
51823,103646,155469,207292,259115
51824,103648,155472,207296,259120
51825,103650,155475,207300,259125
51826,103652,155478,207304,259130
51827,103654,155481,207308,259135
51828,103656,155484,207312,259140
51829,103658,155487,207316,259145
51830,103660,155490,207320,259150
51831,103662,155493,207324,259155
51832,103664,155496,207328,259160
51833,103666,155499,207332,259165
51834,103668,155502,207336,259170
51835,103670,155505,207340,259175
51836,103672,155508,207344,259180
51837,103674,155511,207348,259185
51838,103676,155514,207352,259190
51839,103678,155517,207356,259195
51840,103680,155520,207360,259200
51841,103682,155523,207364,259205
51842,103684,155526,207368,259210
51843,103686,155529,207372,259215
51844,103688,155532,207376,259220
51845,103690,155535,207380,259225
51846,103692,155538,207384,259230
51847,103694,155541,207388,259235
51848,103696,155544,207392,259240
51849,103698,155547,207396,259245
51850,103700,155550,207400,259250
51851,103702,155553,207404,259255
51852,103704,155556,207408,259260
51853,103706,155559,207412,259265
51854,103708,155562,207416,259270
51855,103710,155565,207420,259275
51856,103712,155568,207424,259280
51857,103714,155571,207428,259285
51858,103716,155574,207432,259290
51859,103718,155577,207436,259295
51860,103720,155580,207440,259300
51861,103722,155583,207444,259305
51862,103724,155586,207448,259310
51863,103726,155589,207452,259315
51864,103728,155592,207456,259320
51865,103730,155595,207460,259325
51866,103732,155598,207464,259330
51867,103734,155601,207468,259335
51868,103736,155604,207472,259340
51869,103738,155607,207476,259345
51870,103740,155610,207480,259350
51871,103742,155613,207484,259355
51872,103744,155616,207488,259360
51873,103746,155619,207492,259365
51874,103748,155622,207496,259370
51875,103750,155625,207500,259375
51876,103752,155628,207504,259380
51877,103754,155631,207508,259385
51878,103756,155634,207512,259390
51879,103758,155637,207516,259395
51880,103760,155640,207520,259400
51881,103762,155643,207524,259405
51882,103764,155646,207528,259410
51883,103766,155649,207532,259415
51884,103768,155652,207536,259420
51885,103770,155655,207540,259425
51886,103772,155658,207544,259430
51887,103774,155661,207548,259435
51888,103776,155664,207552,259440
51889,103778,155667,207556,259445
51890,103780,155670,207560,259450
51891,103782,155673,207564,259455
51892,103784,155676,207568,259460
51893,103786,155679,207572,259465
51894,103788,155682,207576,259470
51895,103790,155685,207580,259475
51896,103792,155688,207584,259480
51897,103794,155691,207588,259485
51898,103796,155694,207592,259490
51899,103798,155697,207596,259495
51900,103800,155700,207600,259500
51901,103802,155703,207604,259505
51902,103804,155706,207608,259510
51903,103806,155709,207612,259515
51904,103808,155712,207616,259520
51905,103810,155715,207620,259525
51906,103812,155718,207624,259530
51907,103814,155721,207628,259535
51908,103816,155724,207632,259540
51909,103818,155727,207636,259545
51910,103820,155730,207640,259550
51911,103822,155733,207644,259555
51912,103824,155736,207648,259560
51913,103826,155739,207652,259565
51914,103828,155742,207656,259570
51915,103830,155745,207660,259575
51916,103832,155748,207664,259580
51917,103834,155751,207668,259585
51918,103836,155754,207672,259590
51919,103838,155757,207676,259595
51920,103840,155760,207680,259600
51921,103842,155763,207684,259605
51922,103844,155766,207688,259610
51923,103846,155769,207692,259615
51924,103848,155772,207696,259620
51925,103850,155775,207700,259625
51926,103852,155778,207704,259630
51927,103854,155781,207708,259635
51928,103856,155784,207712,259640
51929,103858,155787,207716,259645
51930,103860,155790,207720,259650
51931,103862,155793,207724,259655
51932,103864,155796,207728,259660
51933,103866,155799,207732,259665
51934,103868,155802,207736,259670
51935,103870,155805,207740,259675
51936,103872,155808,207744,259680
51937,103874,155811,207748,259685
51938,103876,155814,207752,259690
51939,103878,155817,207756,259695
51940,103880,155820,207760,259700
51941,103882,155823,207764,259705
51942,103884,155826,207768,259710
51943,103886,155829,207772,259715
51944,103888,155832,207776,259720
51945,103890,155835,207780,259725
51946,103892,155838,207784,259730
51947,103894,155841,207788,259735
51948,103896,155844,207792,259740
51949,103898,155847,207796,259745
51950,103900,155850,207800,259750
51951,103902,155853,207804,259755
51952,103904,155856,207808,259760
51953,103906,155859,207812,259765
51954,103908,155862,207816,259770
51955,103910,155865,207820,259775
51956,103912,155868,207824,259780
51957,103914,155871,207828,259785
51958,103916,155874,207832,259790
51959,103918,155877,207836,259795
51960,103920,155880,207840,259800
51961,103922,155883,207844,259805
51962,103924,155886,207848,259810
51963,103926,155889,207852,259815
51964,103928,155892,207856,259820
51965,103930,155895,207860,259825
51966,103932,155898,207864,259830
51967,103934,155901,207868,259835
51968,103936,155904,207872,259840
51969,103938,155907,207876,259845
51970,103940,155910,207880,259850
51971,103942,155913,207884,259855
51972,103944,155916,207888,259860
51973,103946,155919,207892,259865
51974,103948,155922,207896,259870
51975,103950,155925,207900,259875
51976,103952,155928,207904,259880
51977,103954,155931,207908,259885
51978,103956,155934,207912,259890
51979,103958,155937,207916,259895
51980,103960,155940,207920,259900
51981,103962,155943,207924,259905
51982,103964,155946,207928,259910
51983,103966,155949,207932,259915
51984,103968,155952,207936,259920
51985,103970,155955,207940,259925
51986,103972,155958,207944,259930
51987,103974,155961,207948,259935
51988,103976,155964,207952,259940
51989,103978,155967,207956,259945
51990,103980,155970,207960,259950
51991,103982,155973,207964,259955
51992,103984,155976,207968,259960
51993,103986,155979,207972,259965
51994,103988,155982,207976,259970
51995,103990,155985,207980,259975
51996,103992,155988,207984,259980
51997,103994,155991,207988,259985
51998,103996,155994,207992,259990
51999,103998,155997,207996,259995
52000,104000,156000,208000,260000
52001,104002,156003,208004,260005
52002,104004,156006,208008,260010
52003,104006,156009,208012,260015
52004,104008,156012,208016,260020
52005,104010,156015,208020,260025
52006,104012,156018,208024,260030
52007,104014,156021,208028,260035
52008,104016,156024,208032,260040
52009,104018,156027,208036,260045
52010,104020,156030,208040,260050
52011,104022,156033,208044,260055
52012,104024,156036,208048,260060
52013,104026,156039,208052,260065
52014,104028,156042,208056,260070
52015,104030,156045,208060,260075
52016,104032,156048,208064,260080
52017,104034,156051,208068,260085
52018,104036,156054,208072,260090
52019,104038,156057,208076,260095
52020,104040,156060,208080,260100
52021,104042,156063,208084,260105
52022,104044,156066,208088,260110
52023,104046,156069,208092,260115
52024,104048,156072,208096,260120
52025,104050,156075,208100,260125
52026,104052,156078,208104,260130
52027,104054,156081,208108,260135
52028,104056,156084,208112,260140
52029,104058,156087,208116,260145
52030,104060,156090,208120,260150
52031,104062,156093,208124,260155
52032,104064,156096,208128,260160
52033,104066,156099,208132,260165
52034,104068,156102,208136,260170
52035,104070,156105,208140,260175
52036,104072,156108,208144,260180
52037,104074,156111,208148,260185
52038,104076,156114,208152,260190
52039,104078,156117,208156,260195
52040,104080,156120,208160,260200
52041,104082,156123,208164,260205
52042,104084,156126,208168,260210
52043,104086,156129,208172,260215
52044,104088,156132,208176,260220
52045,104090,156135,208180,260225
52046,104092,156138,208184,260230
52047,104094,156141,208188,260235
52048,104096,156144,208192,260240
52049,104098,156147,208196,260245
52050,104100,156150,208200,260250
52051,104102,156153,208204,260255
52052,104104,156156,208208,260260
52053,104106,156159,208212,260265
52054,104108,156162,208216,260270
52055,104110,156165,208220,260275
52056,104112,156168,208224,260280
52057,104114,156171,208228,260285
52058,104116,156174,208232,260290
52059,104118,156177,208236,260295
52060,104120,156180,208240,260300
52061,104122,156183,208244,260305
52062,104124,156186,208248,260310
52063,104126,156189,208252,260315
52064,104128,156192,208256,260320
52065,104130,156195,208260,260325
52066,104132,156198,208264,260330
52067,104134,156201,208268,260335
52068,104136,156204,208272,260340
52069,104138,156207,208276,260345
52070,104140,156210,208280,260350
52071,104142,156213,208284,260355
52072,104144,156216,208288,260360
52073,104146,156219,208292,260365
52074,104148,156222,208296,260370
52075,104150,156225,208300,260375
52076,104152,156228,208304,260380
52077,104154,156231,208308,260385
52078,104156,156234,208312,260390
52079,104158,156237,208316,260395
52080,104160,156240,208320,260400
52081,104162,156243,208324,260405
52082,104164,156246,208328,260410
52083,104166,156249,208332,260415
52084,104168,156252,208336,260420
52085,104170,156255,208340,260425
52086,104172,156258,208344,260430
52087,104174,156261,208348,260435
52088,104176,156264,208352,260440
52089,104178,156267,208356,260445
52090,104180,156270,208360,260450
52091,104182,156273,208364,260455
52092,104184,156276,208368,260460
52093,104186,156279,208372,260465
52094,104188,156282,208376,260470
52095,104190,156285,208380,260475
52096,104192,156288,208384,260480
52097,104194,156291,208388,260485
52098,104196,156294,208392,260490
52099,104198,156297,208396,260495
52100,104200,156300,208400,260500
52101,104202,156303,208404,260505
52102,104204,156306,208408,260510
52103,104206,156309,208412,260515
52104,104208,156312,208416,260520
52105,104210,156315,208420,260525
52106,104212,156318,208424,260530
52107,104214,156321,208428,260535
52108,104216,156324,208432,260540
52109,104218,156327,208436,260545
52110,104220,156330,208440,260550
52111,104222,156333,208444,260555
52112,104224,156336,208448,260560
52113,104226,156339,208452,260565
52114,104228,156342,208456,260570
52115,104230,156345,208460,260575
52116,104232,156348,208464,260580
52117,104234,156351,208468,260585
52118,104236,156354,208472,260590
52119,104238,156357,208476,260595
52120,104240,156360,208480,260600
52121,104242,156363,208484,260605
52122,104244,156366,208488,260610
52123,104246,156369,208492,260615
52124,104248,156372,208496,260620
52125,104250,156375,208500,260625
52126,104252,156378,208504,260630
52127,104254,156381,208508,260635
52128,104256,156384,208512,260640
52129,104258,156387,208516,260645
52130,104260,156390,208520,260650
52131,104262,156393,208524,260655
52132,104264,156396,208528,260660
52133,104266,156399,208532,260665
52134,104268,156402,208536,260670
52135,104270,156405,208540,260675
52136,104272,156408,208544,260680
52137,104274,156411,208548,260685
52138,104276,156414,208552,260690
52139,104278,156417,208556,260695
52140,104280,156420,208560,260700
52141,104282,156423,208564,260705
52142,104284,156426,208568,260710
52143,104286,156429,208572,260715
52144,104288,156432,208576,260720
52145,104290,156435,208580,260725
52146,104292,156438,208584,260730
52147,104294,156441,208588,260735
52148,104296,156444,208592,260740
52149,104298,156447,208596,260745
52150,104300,156450,208600,260750
52151,104302,156453,208604,260755
52152,104304,156456,208608,260760
52153,104306,156459,208612,260765
52154,104308,156462,208616,260770
52155,104310,156465,208620,260775
52156,104312,156468,208624,260780
52157,104314,156471,208628,260785
52158,104316,156474,208632,260790
52159,104318,156477,208636,260795
52160,104320,156480,208640,260800
52161,104322,156483,208644,260805
52162,104324,156486,208648,260810
52163,104326,156489,208652,260815
52164,104328,156492,208656,260820
52165,104330,156495,208660,260825
52166,104332,156498,208664,260830
52167,104334,156501,208668,260835
52168,104336,156504,208672,260840
52169,104338,156507,208676,260845
52170,104340,156510,208680,260850
52171,104342,156513,208684,260855
52172,104344,156516,208688,260860
52173,104346,156519,208692,260865
52174,104348,156522,208696,260870
52175,104350,156525,208700,260875
52176,104352,156528,208704,260880
52177,104354,156531,208708,260885
52178,104356,156534,208712,260890
52179,104358,156537,208716,260895
52180,104360,156540,208720,260900
52181,104362,156543,208724,260905
52182,104364,156546,208728,260910
52183,104366,156549,208732,260915
52184,104368,156552,208736,260920
52185,104370,156555,208740,260925
52186,104372,156558,208744,260930
52187,104374,156561,208748,260935
52188,104376,156564,208752,260940
52189,104378,156567,208756,260945
52190,104380,156570,208760,260950
52191,104382,156573,208764,260955
52192,104384,156576,208768,260960
52193,104386,156579,208772,260965
52194,104388,156582,208776,260970
52195,104390,156585,208780,260975
52196,104392,156588,208784,260980
52197,104394,156591,208788,260985
52198,104396,156594,208792,260990
52199,104398,156597,208796,260995
52200,104400,156600,208800,261000
52201,104402,156603,208804,261005
52202,104404,156606,208808,261010
52203,104406,156609,208812,261015
52204,104408,156612,208816,261020
52205,104410,156615,208820,261025
52206,104412,156618,208824,261030
52207,104414,156621,208828,261035
52208,104416,156624,208832,261040
52209,104418,156627,208836,261045
52210,104420,156630,208840,261050
52211,104422,156633,208844,261055
52212,104424,156636,208848,261060
52213,104426,156639,208852,261065
52214,104428,156642,208856,261070
52215,104430,156645,208860,261075
52216,104432,156648,208864,261080
52217,104434,156651,208868,261085
52218,104436,156654,208872,261090
52219,104438,156657,208876,261095
52220,104440,156660,208880,261100
52221,104442,156663,208884,261105
52222,104444,156666,208888,261110
52223,104446,156669,208892,261115
52224,104448,156672,208896,261120
52225,104450,156675,208900,261125
52226,104452,156678,208904,261130
52227,104454,156681,208908,261135
52228,104456,156684,208912,261140
52229,104458,156687,208916,261145
52230,104460,156690,208920,261150
52231,104462,156693,208924,261155
52232,104464,156696,208928,261160
52233,104466,156699,208932,261165
52234,104468,156702,208936,261170
52235,104470,156705,208940,261175
52236,104472,156708,208944,261180
52237,104474,156711,208948,261185
52238,104476,156714,208952,261190
52239,104478,156717,208956,261195
52240,104480,156720,208960,261200
52241,104482,156723,208964,261205
52242,104484,156726,208968,261210
52243,104486,156729,208972,261215
52244,104488,156732,208976,261220
52245,104490,156735,208980,261225
52246,104492,156738,208984,261230
52247,104494,156741,208988,261235
52248,104496,156744,208992,261240
52249,104498,156747,208996,261245
52250,104500,156750,209000,261250
52251,104502,156753,209004,261255
52252,104504,156756,209008,261260
52253,104506,156759,209012,261265
52254,104508,156762,209016,261270
52255,104510,156765,209020,261275
52256,104512,156768,209024,261280
52257,104514,156771,209028,261285
52258,104516,156774,209032,261290
52259,104518,156777,209036,261295
52260,104520,156780,209040,261300
52261,104522,156783,209044,261305
52262,104524,156786,209048,261310
52263,104526,156789,209052,261315
52264,104528,156792,209056,261320
52265,104530,156795,209060,261325
52266,104532,156798,209064,261330
52267,104534,156801,209068,261335
52268,104536,156804,209072,261340
52269,104538,156807,209076,261345
52270,104540,156810,209080,261350
52271,104542,156813,209084,261355
52272,104544,156816,209088,261360
52273,104546,156819,209092,261365
52274,104548,156822,209096,261370
52275,104550,156825,209100,261375
52276,104552,156828,209104,261380
52277,104554,156831,209108,261385
52278,104556,156834,209112,261390
52279,104558,156837,209116,261395
52280,104560,156840,209120,261400
52281,104562,156843,209124,261405
52282,104564,156846,209128,261410
52283,104566,156849,209132,261415
52284,104568,156852,209136,261420
52285,104570,156855,209140,261425
52286,104572,156858,209144,261430
52287,104574,156861,209148,261435
52288,104576,156864,209152,261440
52289,104578,156867,209156,261445
52290,104580,156870,209160,261450
52291,104582,156873,209164,261455
52292,104584,156876,209168,261460
52293,104586,156879,209172,261465
52294,104588,156882,209176,261470
52295,104590,156885,209180,261475
52296,104592,156888,209184,261480
52297,104594,156891,209188,261485
52298,104596,156894,209192,261490
52299,104598,156897,209196,261495
52300,104600,156900,209200,261500
52301,104602,156903,209204,261505
52302,104604,156906,209208,261510
52303,104606,156909,209212,261515
52304,104608,156912,209216,261520
52305,104610,156915,209220,261525
52306,104612,156918,209224,261530
52307,104614,156921,209228,261535
52308,104616,156924,209232,261540
52309,104618,156927,209236,261545
52310,104620,156930,209240,261550
52311,104622,156933,209244,261555
52312,104624,156936,209248,261560
52313,104626,156939,209252,261565
52314,104628,156942,209256,261570
52315,104630,156945,209260,261575
52316,104632,156948,209264,261580
52317,104634,156951,209268,261585
52318,104636,156954,209272,261590
52319,104638,156957,209276,261595
52320,104640,156960,209280,261600
52321,104642,156963,209284,261605
52322,104644,156966,209288,261610
52323,104646,156969,209292,261615
52324,104648,156972,209296,261620
52325,104650,156975,209300,261625
52326,104652,156978,209304,261630
52327,104654,156981,209308,261635
52328,104656,156984,209312,261640
52329,104658,156987,209316,261645
52330,104660,156990,209320,261650
52331,104662,156993,209324,261655
52332,104664,156996,209328,261660
52333,104666,156999,209332,261665
52334,104668,157002,209336,261670
52335,104670,157005,209340,261675
52336,104672,157008,209344,261680
52337,104674,157011,209348,261685
52338,104676,157014,209352,261690
52339,104678,157017,209356,261695
52340,104680,157020,209360,261700
52341,104682,157023,209364,261705
52342,104684,157026,209368,261710
52343,104686,157029,209372,261715
52344,104688,157032,209376,261720
52345,104690,157035,209380,261725
52346,104692,157038,209384,261730
52347,104694,157041,209388,261735
52348,104696,157044,209392,261740
52349,104698,157047,209396,261745
52350,104700,157050,209400,261750
52351,104702,157053,209404,261755
52352,104704,157056,209408,261760
52353,104706,157059,209412,261765
52354,104708,157062,209416,261770
52355,104710,157065,209420,261775
52356,104712,157068,209424,261780
52357,104714,157071,209428,261785
52358,104716,157074,209432,261790
52359,104718,157077,209436,261795
52360,104720,157080,209440,261800
52361,104722,157083,209444,261805
52362,104724,157086,209448,261810
52363,104726,157089,209452,261815
52364,104728,157092,209456,261820
52365,104730,157095,209460,261825
52366,104732,157098,209464,261830
52367,104734,157101,209468,261835
52368,104736,157104,209472,261840
52369,104738,157107,209476,261845
52370,104740,157110,209480,261850
52371,104742,157113,209484,261855
52372,104744,157116,209488,261860
52373,104746,157119,209492,261865
52374,104748,157122,209496,261870
52375,104750,157125,209500,261875
52376,104752,157128,209504,261880
52377,104754,157131,209508,261885
52378,104756,157134,209512,261890
52379,104758,157137,209516,261895
52380,104760,157140,209520,261900
52381,104762,157143,209524,261905
52382,104764,157146,209528,261910
52383,104766,157149,209532,261915
52384,104768,157152,209536,261920
52385,104770,157155,209540,261925
52386,104772,157158,209544,261930
52387,104774,157161,209548,261935
52388,104776,157164,209552,261940
52389,104778,157167,209556,261945
52390,104780,157170,209560,261950
52391,104782,157173,209564,261955
52392,104784,157176,209568,261960
52393,104786,157179,209572,261965
52394,104788,157182,209576,261970
52395,104790,157185,209580,261975
52396,104792,157188,209584,261980
52397,104794,157191,209588,261985
52398,104796,157194,209592,261990
52399,104798,157197,209596,261995
52400,104800,157200,209600,262000
52401,104802,157203,209604,262005
52402,104804,157206,209608,262010
52403,104806,157209,209612,262015
52404,104808,157212,209616,262020
52405,104810,157215,209620,262025
52406,104812,157218,209624,262030
52407,104814,157221,209628,262035
52408,104816,157224,209632,262040
52409,104818,157227,209636,262045
52410,104820,157230,209640,262050
52411,104822,157233,209644,262055
52412,104824,157236,209648,262060
52413,104826,157239,209652,262065
52414,104828,157242,209656,262070
52415,104830,157245,209660,262075
52416,104832,157248,209664,262080
52417,104834,157251,209668,262085
52418,104836,157254,209672,262090
52419,104838,157257,209676,262095
52420,104840,157260,209680,262100
52421,104842,157263,209684,262105
52422,104844,157266,209688,262110
52423,104846,157269,209692,262115
52424,104848,157272,209696,262120
52425,104850,157275,209700,262125
52426,104852,157278,209704,262130
52427,104854,157281,209708,262135
52428,104856,157284,209712,262140
52429,104858,157287,209716,262145
52430,104860,157290,209720,262150
52431,104862,157293,209724,262155
52432,104864,157296,209728,262160
52433,104866,157299,209732,262165
52434,104868,157302,209736,262170
52435,104870,157305,209740,262175
52436,104872,157308,209744,262180
52437,104874,157311,209748,262185
52438,104876,157314,209752,262190
52439,104878,157317,209756,262195
52440,104880,157320,209760,262200
52441,104882,157323,209764,262205
52442,104884,157326,209768,262210
52443,104886,157329,209772,262215
52444,104888,157332,209776,262220
52445,104890,157335,209780,262225
52446,104892,157338,209784,262230
52447,104894,157341,209788,262235
52448,104896,157344,209792,262240
52449,104898,157347,209796,262245
52450,104900,157350,209800,262250
52451,104902,157353,209804,262255
52452,104904,157356,209808,262260
52453,104906,157359,209812,262265
52454,104908,157362,209816,262270
52455,104910,157365,209820,262275
52456,104912,157368,209824,262280
52457,104914,157371,209828,262285
52458,104916,157374,209832,262290
52459,104918,157377,209836,262295
52460,104920,157380,209840,262300
52461,104922,157383,209844,262305
52462,104924,157386,209848,262310
52463,104926,157389,209852,262315
52464,104928,157392,209856,262320
52465,104930,157395,209860,262325
52466,104932,157398,209864,262330
52467,104934,157401,209868,262335
52468,104936,157404,209872,262340
52469,104938,157407,209876,262345
52470,104940,157410,209880,262350
52471,104942,157413,209884,262355
52472,104944,157416,209888,262360
52473,104946,157419,209892,262365
52474,104948,157422,209896,262370
52475,104950,157425,209900,262375
52476,104952,157428,209904,262380
52477,104954,157431,209908,262385
52478,104956,157434,209912,262390
52479,104958,157437,209916,262395
52480,104960,157440,209920,262400
52481,104962,157443,209924,262405
52482,104964,157446,209928,262410
52483,104966,157449,209932,262415
52484,104968,157452,209936,262420
52485,104970,157455,209940,262425
52486,104972,157458,209944,262430
52487,104974,157461,209948,262435
52488,104976,157464,209952,262440
52489,104978,157467,209956,262445
52490,104980,157470,209960,262450
52491,104982,157473,209964,262455
52492,104984,157476,209968,262460
52493,104986,157479,209972,262465
52494,104988,157482,209976,262470
52495,104990,157485,209980,262475
52496,104992,157488,209984,262480
52497,104994,157491,209988,262485
52498,104996,157494,209992,262490
52499,104998,157497,209996,262495
52500,105000,157500,210000,262500
52501,105002,157503,210004,262505
52502,105004,157506,210008,262510
52503,105006,157509,210012,262515
52504,105008,157512,210016,262520
52505,105010,157515,210020,262525
52506,105012,157518,210024,262530
52507,105014,157521,210028,262535
52508,105016,157524,210032,262540
52509,105018,157527,210036,262545
52510,105020,157530,210040,262550
52511,105022,157533,210044,262555
52512,105024,157536,210048,262560
52513,105026,157539,210052,262565
52514,105028,157542,210056,262570
52515,105030,157545,210060,262575
52516,105032,157548,210064,262580
52517,105034,157551,210068,262585
52518,105036,157554,210072,262590
52519,105038,157557,210076,262595
52520,105040,157560,210080,262600
52521,105042,157563,210084,262605
52522,105044,157566,210088,262610
52523,105046,157569,210092,262615
52524,105048,157572,210096,262620
52525,105050,157575,210100,262625
52526,105052,157578,210104,262630
52527,105054,157581,210108,262635
52528,105056,157584,210112,262640
52529,105058,157587,210116,262645
52530,105060,157590,210120,262650
52531,105062,157593,210124,262655
52532,105064,157596,210128,262660
52533,105066,157599,210132,262665
52534,105068,157602,210136,262670
52535,105070,157605,210140,262675
52536,105072,157608,210144,262680
52537,105074,157611,210148,262685
52538,105076,157614,210152,262690
52539,105078,157617,210156,262695
52540,105080,157620,210160,262700
52541,105082,157623,210164,262705
52542,105084,157626,210168,262710
52543,105086,157629,210172,262715
52544,105088,157632,210176,262720
52545,105090,157635,210180,262725
52546,105092,157638,210184,262730
52547,105094,157641,210188,262735
52548,105096,157644,210192,262740
52549,105098,157647,210196,262745
52550,105100,157650,210200,262750
52551,105102,157653,210204,262755
52552,105104,157656,210208,262760
52553,105106,157659,210212,262765
52554,105108,157662,210216,262770
52555,105110,157665,210220,262775
52556,105112,157668,210224,262780
52557,105114,157671,210228,262785
52558,105116,157674,210232,262790
52559,105118,157677,210236,262795
52560,105120,157680,210240,262800
52561,105122,157683,210244,262805
52562,105124,157686,210248,262810
52563,105126,157689,210252,262815
52564,105128,157692,210256,262820
52565,105130,157695,210260,262825
52566,105132,157698,210264,262830
52567,105134,157701,210268,262835
52568,105136,157704,210272,262840
52569,105138,157707,210276,262845
52570,105140,157710,210280,262850
52571,105142,157713,210284,262855
52572,105144,157716,210288,262860
52573,105146,157719,210292,262865
52574,105148,157722,210296,262870
52575,105150,157725,210300,262875
52576,105152,157728,210304,262880
52577,105154,157731,210308,262885
52578,105156,157734,210312,262890
52579,105158,157737,210316,262895
52580,105160,157740,210320,262900
52581,105162,157743,210324,262905
52582,105164,157746,210328,262910
52583,105166,157749,210332,262915
52584,105168,157752,210336,262920
52585,105170,157755,210340,262925
52586,105172,157758,210344,262930
52587,105174,157761,210348,262935
52588,105176,157764,210352,262940
52589,105178,157767,210356,262945
52590,105180,157770,210360,262950
52591,105182,157773,210364,262955
52592,105184,157776,210368,262960
52593,105186,157779,210372,262965
52594,105188,157782,210376,262970
52595,105190,157785,210380,262975
52596,105192,157788,210384,262980
52597,105194,157791,210388,262985
52598,105196,157794,210392,262990
52599,105198,157797,210396,262995
52600,105200,157800,210400,263000
52601,105202,157803,210404,263005
52602,105204,157806,210408,263010
52603,105206,157809,210412,263015
52604,105208,157812,210416,263020
52605,105210,157815,210420,263025
52606,105212,157818,210424,263030
52607,105214,157821,210428,263035
52608,105216,157824,210432,263040
52609,105218,157827,210436,263045
52610,105220,157830,210440,263050
52611,105222,157833,210444,263055
52612,105224,157836,210448,263060
52613,105226,157839,210452,263065
52614,105228,157842,210456,263070
52615,105230,157845,210460,263075
52616,105232,157848,210464,263080
52617,105234,157851,210468,263085
52618,105236,157854,210472,263090
52619,105238,157857,210476,263095
52620,105240,157860,210480,263100
52621,105242,157863,210484,263105
52622,105244,157866,210488,263110
52623,105246,157869,210492,263115
52624,105248,157872,210496,263120
52625,105250,157875,210500,263125
52626,105252,157878,210504,263130
52627,105254,157881,210508,263135
52628,105256,157884,210512,263140
52629,105258,157887,210516,263145
52630,105260,157890,210520,263150
52631,105262,157893,210524,263155
52632,105264,157896,210528,263160
52633,105266,157899,210532,263165
52634,105268,157902,210536,263170
52635,105270,157905,210540,263175
52636,105272,157908,210544,263180
52637,105274,157911,210548,263185
52638,105276,157914,210552,263190
52639,105278,157917,210556,263195
52640,105280,157920,210560,263200
52641,105282,157923,210564,263205
52642,105284,157926,210568,263210
52643,105286,157929,210572,263215
52644,105288,157932,210576,263220
52645,105290,157935,210580,263225
52646,105292,157938,210584,263230
52647,105294,157941,210588,263235
52648,105296,157944,210592,263240
52649,105298,157947,210596,263245
52650,105300,157950,210600,263250
52651,105302,157953,210604,263255
52652,105304,157956,210608,263260
52653,105306,157959,210612,263265
52654,105308,157962,210616,263270
52655,105310,157965,210620,263275
52656,105312,157968,210624,263280
52657,105314,157971,210628,263285
52658,105316,157974,210632,263290
52659,105318,157977,210636,263295
52660,105320,157980,210640,263300
52661,105322,157983,210644,263305
52662,105324,157986,210648,263310
52663,105326,157989,210652,263315
52664,105328,157992,210656,263320
52665,105330,157995,210660,263325
52666,105332,157998,210664,263330
52667,105334,158001,210668,263335
52668,105336,158004,210672,263340
52669,105338,158007,210676,263345
52670,105340,158010,210680,263350
52671,105342,158013,210684,263355
52672,105344,158016,210688,263360
52673,105346,158019,210692,263365
52674,105348,158022,210696,263370
52675,105350,158025,210700,263375
52676,105352,158028,210704,263380
52677,105354,158031,210708,263385
52678,105356,158034,210712,263390
52679,105358,158037,210716,263395
52680,105360,158040,210720,263400
52681,105362,158043,210724,263405
52682,105364,158046,210728,263410
52683,105366,158049,210732,263415
52684,105368,158052,210736,263420
52685,105370,158055,210740,263425
52686,105372,158058,210744,263430
52687,105374,158061,210748,263435
52688,105376,158064,210752,263440
52689,105378,158067,210756,263445
52690,105380,158070,210760,263450
52691,105382,158073,210764,263455
52692,105384,158076,210768,263460
52693,105386,158079,210772,263465
52694,105388,158082,210776,263470
52695,105390,158085,210780,263475
52696,105392,158088,210784,263480
52697,105394,158091,210788,263485
52698,105396,158094,210792,263490
52699,105398,158097,210796,263495
52700,105400,158100,210800,263500
52701,105402,158103,210804,263505
52702,105404,158106,210808,263510
52703,105406,158109,210812,263515
52704,105408,158112,210816,263520
52705,105410,158115,210820,263525
52706,105412,158118,210824,263530
52707,105414,158121,210828,263535
52708,105416,158124,210832,263540
52709,105418,158127,210836,263545
52710,105420,158130,210840,263550
52711,105422,158133,210844,263555
52712,105424,158136,210848,263560
52713,105426,158139,210852,263565
52714,105428,158142,210856,263570
52715,105430,158145,210860,263575
52716,105432,158148,210864,263580
52717,105434,158151,210868,263585
52718,105436,158154,210872,263590
52719,105438,158157,210876,263595
52720,105440,158160,210880,263600
52721,105442,158163,210884,263605
52722,105444,158166,210888,263610
52723,105446,158169,210892,263615
52724,105448,158172,210896,263620
52725,105450,158175,210900,263625
52726,105452,158178,210904,263630
52727,105454,158181,210908,263635
52728,105456,158184,210912,263640
52729,105458,158187,210916,263645
52730,105460,158190,210920,263650
52731,105462,158193,210924,263655
52732,105464,158196,210928,263660
52733,105466,158199,210932,263665
52734,105468,158202,210936,263670
52735,105470,158205,210940,263675
52736,105472,158208,210944,263680
52737,105474,158211,210948,263685
52738,105476,158214,210952,263690
52739,105478,158217,210956,263695
52740,105480,158220,210960,263700
52741,105482,158223,210964,263705
52742,105484,158226,210968,263710
52743,105486,158229,210972,263715
52744,105488,158232,210976,263720
52745,105490,158235,210980,263725
52746,105492,158238,210984,263730
52747,105494,158241,210988,263735
52748,105496,158244,210992,263740
52749,105498,158247,210996,263745
52750,105500,158250,211000,263750
52751,105502,158253,211004,263755
52752,105504,158256,211008,263760
52753,105506,158259,211012,263765
52754,105508,158262,211016,263770
52755,105510,158265,211020,263775
52756,105512,158268,211024,263780
52757,105514,158271,211028,263785
52758,105516,158274,211032,263790
52759,105518,158277,211036,263795
52760,105520,158280,211040,263800
52761,105522,158283,211044,263805
52762,105524,158286,211048,263810
52763,105526,158289,211052,263815
52764,105528,158292,211056,263820
52765,105530,158295,211060,263825
52766,105532,158298,211064,263830
52767,105534,158301,211068,263835
52768,105536,158304,211072,263840
52769,105538,158307,211076,263845
52770,105540,158310,211080,263850
52771,105542,158313,211084,263855
52772,105544,158316,211088,263860
52773,105546,158319,211092,263865
52774,105548,158322,211096,263870
52775,105550,158325,211100,263875
52776,105552,158328,211104,263880
52777,105554,158331,211108,263885
52778,105556,158334,211112,263890
52779,105558,158337,211116,263895
52780,105560,158340,211120,263900
52781,105562,158343,211124,263905
52782,105564,158346,211128,263910
52783,105566,158349,211132,263915
52784,105568,158352,211136,263920
52785,105570,158355,211140,263925
52786,105572,158358,211144,263930
52787,105574,158361,211148,263935
52788,105576,158364,211152,263940
52789,105578,158367,211156,263945
52790,105580,158370,211160,263950
52791,105582,158373,211164,263955
52792,105584,158376,211168,263960
52793,105586,158379,211172,263965
52794,105588,158382,211176,263970
52795,105590,158385,211180,263975
52796,105592,158388,211184,263980
52797,105594,158391,211188,263985
52798,105596,158394,211192,263990
52799,105598,158397,211196,263995
52800,105600,158400,211200,264000
52801,105602,158403,211204,264005
52802,105604,158406,211208,264010
52803,105606,158409,211212,264015
52804,105608,158412,211216,264020
52805,105610,158415,211220,264025
52806,105612,158418,211224,264030
52807,105614,158421,211228,264035
52808,105616,158424,211232,264040
52809,105618,158427,211236,264045
52810,105620,158430,211240,264050
52811,105622,158433,211244,264055
52812,105624,158436,211248,264060
52813,105626,158439,211252,264065
52814,105628,158442,211256,264070
52815,105630,158445,211260,264075
52816,105632,158448,211264,264080
52817,105634,158451,211268,264085
52818,105636,158454,211272,264090
52819,105638,158457,211276,264095
52820,105640,158460,211280,264100
52821,105642,158463,211284,264105
52822,105644,158466,211288,264110
52823,105646,158469,211292,264115
52824,105648,158472,211296,264120
52825,105650,158475,211300,264125
52826,105652,158478,211304,264130
52827,105654,158481,211308,264135
52828,105656,158484,211312,264140
52829,105658,158487,211316,264145
52830,105660,158490,211320,264150
52831,105662,158493,211324,264155
52832,105664,158496,211328,264160
52833,105666,158499,211332,264165
52834,105668,158502,211336,264170
52835,105670,158505,211340,264175
52836,105672,158508,211344,264180
52837,105674,158511,211348,264185
52838,105676,158514,211352,264190
52839,105678,158517,211356,264195
52840,105680,158520,211360,264200
52841,105682,158523,211364,264205
52842,105684,158526,211368,264210
52843,105686,158529,211372,264215
52844,105688,158532,211376,264220
52845,105690,158535,211380,264225
52846,105692,158538,211384,264230
52847,105694,158541,211388,264235
52848,105696,158544,211392,264240
52849,105698,158547,211396,264245
52850,105700,158550,211400,264250
52851,105702,158553,211404,264255
52852,105704,158556,211408,264260
52853,105706,158559,211412,264265
52854,105708,158562,211416,264270
52855,105710,158565,211420,264275
52856,105712,158568,211424,264280
52857,105714,158571,211428,264285
52858,105716,158574,211432,264290
52859,105718,158577,211436,264295
52860,105720,158580,211440,264300
52861,105722,158583,211444,264305
52862,105724,158586,211448,264310
52863,105726,158589,211452,264315
52864,105728,158592,211456,264320
52865,105730,158595,211460,264325
52866,105732,158598,211464,264330
52867,105734,158601,211468,264335
52868,105736,158604,211472,264340
52869,105738,158607,211476,264345
52870,105740,158610,211480,264350
52871,105742,158613,211484,264355
52872,105744,158616,211488,264360
52873,105746,158619,211492,264365
52874,105748,158622,211496,264370
52875,105750,158625,211500,264375
52876,105752,158628,211504,264380
52877,105754,158631,211508,264385
52878,105756,158634,211512,264390
52879,105758,158637,211516,264395
52880,105760,158640,211520,264400
52881,105762,158643,211524,264405
52882,105764,158646,211528,264410
52883,105766,158649,211532,264415
52884,105768,158652,211536,264420
52885,105770,158655,211540,264425
52886,105772,158658,211544,264430
52887,105774,158661,211548,264435
52888,105776,158664,211552,264440
52889,105778,158667,211556,264445
52890,105780,158670,211560,264450
52891,105782,158673,211564,264455
52892,105784,158676,211568,264460
52893,105786,158679,211572,264465
52894,105788,158682,211576,264470
52895,105790,158685,211580,264475
52896,105792,158688,211584,264480
52897,105794,158691,211588,264485
52898,105796,158694,211592,264490
52899,105798,158697,211596,264495
52900,105800,158700,211600,264500
52901,105802,158703,211604,264505
52902,105804,158706,211608,264510
52903,105806,158709,211612,264515
52904,105808,158712,211616,264520
52905,105810,158715,211620,264525
52906,105812,158718,211624,264530
52907,105814,158721,211628,264535
52908,105816,158724,211632,264540
52909,105818,158727,211636,264545
52910,105820,158730,211640,264550
52911,105822,158733,211644,264555
52912,105824,158736,211648,264560
52913,105826,158739,211652,264565
52914,105828,158742,211656,264570
52915,105830,158745,211660,264575
52916,105832,158748,211664,264580
52917,105834,158751,211668,264585
52918,105836,158754,211672,264590
52919,105838,158757,211676,264595
52920,105840,158760,211680,264600
52921,105842,158763,211684,264605
52922,105844,158766,211688,264610
52923,105846,158769,211692,264615
52924,105848,158772,211696,264620
52925,105850,158775,211700,264625
52926,105852,158778,211704,264630
52927,105854,158781,211708,264635
52928,105856,158784,211712,264640
52929,105858,158787,211716,264645
52930,105860,158790,211720,264650
52931,105862,158793,211724,264655
52932,105864,158796,211728,264660
52933,105866,158799,211732,264665
52934,105868,158802,211736,264670
52935,105870,158805,211740,264675
52936,105872,158808,211744,264680
52937,105874,158811,211748,264685
52938,105876,158814,211752,264690
52939,105878,158817,211756,264695
52940,105880,158820,211760,264700
52941,105882,158823,211764,264705
52942,105884,158826,211768,264710
52943,105886,158829,211772,264715
52944,105888,158832,211776,264720
52945,105890,158835,211780,264725
52946,105892,158838,211784,264730
52947,105894,158841,211788,264735
52948,105896,158844,211792,264740
52949,105898,158847,211796,264745
52950,105900,158850,211800,264750
52951,105902,158853,211804,264755
52952,105904,158856,211808,264760
52953,105906,158859,211812,264765
52954,105908,158862,211816,264770
52955,105910,158865,211820,264775
52956,105912,158868,211824,264780
52957,105914,158871,211828,264785
52958,105916,158874,211832,264790
52959,105918,158877,211836,264795
52960,105920,158880,211840,264800
52961,105922,158883,211844,264805
52962,105924,158886,211848,264810
52963,105926,158889,211852,264815
52964,105928,158892,211856,264820
52965,105930,158895,211860,264825
52966,105932,158898,211864,264830
52967,105934,158901,211868,264835
52968,105936,158904,211872,264840
52969,105938,158907,211876,264845
52970,105940,158910,211880,264850
52971,105942,158913,211884,264855
52972,105944,158916,211888,264860
52973,105946,158919,211892,264865
52974,105948,158922,211896,264870
52975,105950,158925,211900,264875
52976,105952,158928,211904,264880
52977,105954,158931,211908,264885
52978,105956,158934,211912,264890
52979,105958,158937,211916,264895
52980,105960,158940,211920,264900
52981,105962,158943,211924,264905
52982,105964,158946,211928,264910
52983,105966,158949,211932,264915
52984,105968,158952,211936,264920
52985,105970,158955,211940,264925
52986,105972,158958,211944,264930
52987,105974,158961,211948,264935
52988,105976,158964,211952,264940
52989,105978,158967,211956,264945
52990,105980,158970,211960,264950
52991,105982,158973,211964,264955
52992,105984,158976,211968,264960
52993,105986,158979,211972,264965
52994,105988,158982,211976,264970
52995,105990,158985,211980,264975
52996,105992,158988,211984,264980
52997,105994,158991,211988,264985
52998,105996,158994,211992,264990
52999,105998,158997,211996,264995
53000,106000,159000,212000,265000
53001,106002,159003,212004,265005
53002,106004,159006,212008,265010
53003,106006,159009,212012,265015
53004,106008,159012,212016,265020
53005,106010,159015,212020,265025
53006,106012,159018,212024,265030
53007,106014,159021,212028,265035
53008,106016,159024,212032,265040
53009,106018,159027,212036,265045
53010,106020,159030,212040,265050
53011,106022,159033,212044,265055
53012,106024,159036,212048,265060
53013,106026,159039,212052,265065
53014,106028,159042,212056,265070
53015,106030,159045,212060,265075
53016,106032,159048,212064,265080
53017,106034,159051,212068,265085
53018,106036,159054,212072,265090
53019,106038,159057,212076,265095
53020,106040,159060,212080,265100
53021,106042,159063,212084,265105
53022,106044,159066,212088,265110
53023,106046,159069,212092,265115
53024,106048,159072,212096,265120
53025,106050,159075,212100,265125
53026,106052,159078,212104,265130
53027,106054,159081,212108,265135
53028,106056,159084,212112,265140
53029,106058,159087,212116,265145
53030,106060,159090,212120,265150
53031,106062,159093,212124,265155
53032,106064,159096,212128,265160
53033,106066,159099,212132,265165
53034,106068,159102,212136,265170
53035,106070,159105,212140,265175
53036,106072,159108,212144,265180
53037,106074,159111,212148,265185
53038,106076,159114,212152,265190
53039,106078,159117,212156,265195
53040,106080,159120,212160,265200
53041,106082,159123,212164,265205
53042,106084,159126,212168,265210
53043,106086,159129,212172,265215
53044,106088,159132,212176,265220
53045,106090,159135,212180,265225
53046,106092,159138,212184,265230
53047,106094,159141,212188,265235
53048,106096,159144,212192,265240
53049,106098,159147,212196,265245
53050,106100,159150,212200,265250
53051,106102,159153,212204,265255
53052,106104,159156,212208,265260
53053,106106,159159,212212,265265
53054,106108,159162,212216,265270
53055,106110,159165,212220,265275
53056,106112,159168,212224,265280
53057,106114,159171,212228,265285
53058,106116,159174,212232,265290
53059,106118,159177,212236,265295
53060,106120,159180,212240,265300
53061,106122,159183,212244,265305
53062,106124,159186,212248,265310
53063,106126,159189,212252,265315
53064,106128,159192,212256,265320
53065,106130,159195,212260,265325
53066,106132,159198,212264,265330
53067,106134,159201,212268,265335
53068,106136,159204,212272,265340
53069,106138,159207,212276,265345
53070,106140,159210,212280,265350
53071,106142,159213,212284,265355
53072,106144,159216,212288,265360
53073,106146,159219,212292,265365
53074,106148,159222,212296,265370
53075,106150,159225,212300,265375
53076,106152,159228,212304,265380
53077,106154,159231,212308,265385
53078,106156,159234,212312,265390
53079,106158,159237,212316,265395
53080,106160,159240,212320,265400
53081,106162,159243,212324,265405
53082,106164,159246,212328,265410
53083,106166,159249,212332,265415
53084,106168,159252,212336,265420
53085,106170,159255,212340,265425
53086,106172,159258,212344,265430
53087,106174,159261,212348,265435
53088,106176,159264,212352,265440
53089,106178,159267,212356,265445
53090,106180,159270,212360,265450
53091,106182,159273,212364,265455
53092,106184,159276,212368,265460
53093,106186,159279,212372,265465
53094,106188,159282,212376,265470
53095,106190,159285,212380,265475
53096,106192,159288,212384,265480
53097,106194,159291,212388,265485
53098,106196,159294,212392,265490
53099,106198,159297,212396,265495
53100,106200,159300,212400,265500
53101,106202,159303,212404,265505
53102,106204,159306,212408,265510
53103,106206,159309,212412,265515
53104,106208,159312,212416,265520
53105,106210,159315,212420,265525
53106,106212,159318,212424,265530
53107,106214,159321,212428,265535
53108,106216,159324,212432,265540
53109,106218,159327,212436,265545
53110,106220,159330,212440,265550
53111,106222,159333,212444,265555
53112,106224,159336,212448,265560
53113,106226,159339,212452,265565
53114,106228,159342,212456,265570
53115,106230,159345,212460,265575
53116,106232,159348,212464,265580
53117,106234,159351,212468,265585
53118,106236,159354,212472,265590
53119,106238,159357,212476,265595
53120,106240,159360,212480,265600
53121,106242,159363,212484,265605
53122,106244,159366,212488,265610
53123,106246,159369,212492,265615
53124,106248,159372,212496,265620
53125,106250,159375,212500,265625
53126,106252,159378,212504,265630
53127,106254,159381,212508,265635
53128,106256,159384,212512,265640
53129,106258,159387,212516,265645
53130,106260,159390,212520,265650
53131,106262,159393,212524,265655
53132,106264,159396,212528,265660
53133,106266,159399,212532,265665
53134,106268,159402,212536,265670
53135,106270,159405,212540,265675
53136,106272,159408,212544,265680
53137,106274,159411,212548,265685
53138,106276,159414,212552,265690
53139,106278,159417,212556,265695
53140,106280,159420,212560,265700
53141,106282,159423,212564,265705
53142,106284,159426,212568,265710
53143,106286,159429,212572,265715
53144,106288,159432,212576,265720
53145,106290,159435,212580,265725
53146,106292,159438,212584,265730
53147,106294,159441,212588,265735
53148,106296,159444,212592,265740
53149,106298,159447,212596,265745
53150,106300,159450,212600,265750
53151,106302,159453,212604,265755
53152,106304,159456,212608,265760
53153,106306,159459,212612,265765
53154,106308,159462,212616,265770
53155,106310,159465,212620,265775
53156,106312,159468,212624,265780
53157,106314,159471,212628,265785
53158,106316,159474,212632,265790
53159,106318,159477,212636,265795
53160,106320,159480,212640,265800
53161,106322,159483,212644,265805
53162,106324,159486,212648,265810
53163,106326,159489,212652,265815
53164,106328,159492,212656,265820
53165,106330,159495,212660,265825
53166,106332,159498,212664,265830
53167,106334,159501,212668,265835
53168,106336,159504,212672,265840
53169,106338,159507,212676,265845
53170,106340,159510,212680,265850
53171,106342,159513,212684,265855
53172,106344,159516,212688,265860
53173,106346,159519,212692,265865
53174,106348,159522,212696,265870
53175,106350,159525,212700,265875
53176,106352,159528,212704,265880
53177,106354,159531,212708,265885
53178,106356,159534,212712,265890
53179,106358,159537,212716,265895
53180,106360,159540,212720,265900
53181,106362,159543,212724,265905
53182,106364,159546,212728,265910
53183,106366,159549,212732,265915
53184,106368,159552,212736,265920
53185,106370,159555,212740,265925
53186,106372,159558,212744,265930
53187,106374,159561,212748,265935
53188,106376,159564,212752,265940
53189,106378,159567,212756,265945
53190,106380,159570,212760,265950
53191,106382,159573,212764,265955
53192,106384,159576,212768,265960
53193,106386,159579,212772,265965
53194,106388,159582,212776,265970
53195,106390,159585,212780,265975
53196,106392,159588,212784,265980
53197,106394,159591,212788,265985
53198,106396,159594,212792,265990
53199,106398,159597,212796,265995
53200,106400,159600,212800,266000
53201,106402,159603,212804,266005
53202,106404,159606,212808,266010
53203,106406,159609,212812,266015
53204,106408,159612,212816,266020
53205,106410,159615,212820,266025
53206,106412,159618,212824,266030
53207,106414,159621,212828,266035
53208,106416,159624,212832,266040
53209,106418,159627,212836,266045
53210,106420,159630,212840,266050
53211,106422,159633,212844,266055
53212,106424,159636,212848,266060
53213,106426,159639,212852,266065
53214,106428,159642,212856,266070
53215,106430,159645,212860,266075
53216,106432,159648,212864,266080
53217,106434,159651,212868,266085
53218,106436,159654,212872,266090
53219,106438,159657,212876,266095
53220,106440,159660,212880,266100
53221,106442,159663,212884,266105
53222,106444,159666,212888,266110
53223,106446,159669,212892,266115
53224,106448,159672,212896,266120
53225,106450,159675,212900,266125
53226,106452,159678,212904,266130
53227,106454,159681,212908,266135
53228,106456,159684,212912,266140
53229,106458,159687,212916,266145
53230,106460,159690,212920,266150
53231,106462,159693,212924,266155
53232,106464,159696,212928,266160
53233,106466,159699,212932,266165
53234,106468,159702,212936,266170
53235,106470,159705,212940,266175
53236,106472,159708,212944,266180
53237,106474,159711,212948,266185
53238,106476,159714,212952,266190
53239,106478,159717,212956,266195
53240,106480,159720,212960,266200
53241,106482,159723,212964,266205
53242,106484,159726,212968,266210
53243,106486,159729,212972,266215
53244,106488,159732,212976,266220
53245,106490,159735,212980,266225
53246,106492,159738,212984,266230
53247,106494,159741,212988,266235
53248,106496,159744,212992,266240
53249,106498,159747,212996,266245
53250,106500,159750,213000,266250
53251,106502,159753,213004,266255
53252,106504,159756,213008,266260
53253,106506,159759,213012,266265
53254,106508,159762,213016,266270
53255,106510,159765,213020,266275
53256,106512,159768,213024,266280
53257,106514,159771,213028,266285
53258,106516,159774,213032,266290
53259,106518,159777,213036,266295
53260,106520,159780,213040,266300
53261,106522,159783,213044,266305
53262,106524,159786,213048,266310
53263,106526,159789,213052,266315
53264,106528,159792,213056,266320
53265,106530,159795,213060,266325
53266,106532,159798,213064,266330
53267,106534,159801,213068,266335
53268,106536,159804,213072,266340
53269,106538,159807,213076,266345
53270,106540,159810,213080,266350
53271,106542,159813,213084,266355
53272,106544,159816,213088,266360
53273,106546,159819,213092,266365
53274,106548,159822,213096,266370
53275,106550,159825,213100,266375
53276,106552,159828,213104,266380
53277,106554,159831,213108,266385
53278,106556,159834,213112,266390
53279,106558,159837,213116,266395
53280,106560,159840,213120,266400
53281,106562,159843,213124,266405
53282,106564,159846,213128,266410
53283,106566,159849,213132,266415
53284,106568,159852,213136,266420
53285,106570,159855,213140,266425
53286,106572,159858,213144,266430
53287,106574,159861,213148,266435
53288,106576,159864,213152,266440
53289,106578,159867,213156,266445
53290,106580,159870,213160,266450
53291,106582,159873,213164,266455
53292,106584,159876,213168,266460
53293,106586,159879,213172,266465
53294,106588,159882,213176,266470
53295,106590,159885,213180,266475
53296,106592,159888,213184,266480
53297,106594,159891,213188,266485
53298,106596,159894,213192,266490
53299,106598,159897,213196,266495
53300,106600,159900,213200,266500
53301,106602,159903,213204,266505
53302,106604,159906,213208,266510
53303,106606,159909,213212,266515
53304,106608,159912,213216,266520
53305,106610,159915,213220,266525
53306,106612,159918,213224,266530
53307,106614,159921,213228,266535
53308,106616,159924,213232,266540
53309,106618,159927,213236,266545
53310,106620,159930,213240,266550
53311,106622,159933,213244,266555
53312,106624,159936,213248,266560
53313,106626,159939,213252,266565
53314,106628,159942,213256,266570
53315,106630,159945,213260,266575
53316,106632,159948,213264,266580
53317,106634,159951,213268,266585
53318,106636,159954,213272,266590
53319,106638,159957,213276,266595
53320,106640,159960,213280,266600
53321,106642,159963,213284,266605
53322,106644,159966,213288,266610
53323,106646,159969,213292,266615
53324,106648,159972,213296,266620
53325,106650,159975,213300,266625
53326,106652,159978,213304,266630
53327,106654,159981,213308,266635
53328,106656,159984,213312,266640
53329,106658,159987,213316,266645
53330,106660,159990,213320,266650
53331,106662,159993,213324,266655
53332,106664,159996,213328,266660
53333,106666,159999,213332,266665
53334,106668,160002,213336,266670
53335,106670,160005,213340,266675
53336,106672,160008,213344,266680
53337,106674,160011,213348,266685
53338,106676,160014,213352,266690
53339,106678,160017,213356,266695
53340,106680,160020,213360,266700
53341,106682,160023,213364,266705
53342,106684,160026,213368,266710
53343,106686,160029,213372,266715
53344,106688,160032,213376,266720
53345,106690,160035,213380,266725
53346,106692,160038,213384,266730
53347,106694,160041,213388,266735
53348,106696,160044,213392,266740
53349,106698,160047,213396,266745
53350,106700,160050,213400,266750
53351,106702,160053,213404,266755
53352,106704,160056,213408,266760
53353,106706,160059,213412,266765
53354,106708,160062,213416,266770
53355,106710,160065,213420,266775
53356,106712,160068,213424,266780
53357,106714,160071,213428,266785
53358,106716,160074,213432,266790
53359,106718,160077,213436,266795
53360,106720,160080,213440,266800
53361,106722,160083,213444,266805
53362,106724,160086,213448,266810
53363,106726,160089,213452,266815
53364,106728,160092,213456,266820
53365,106730,160095,213460,266825
53366,106732,160098,213464,266830
53367,106734,160101,213468,266835
53368,106736,160104,213472,266840
53369,106738,160107,213476,266845
53370,106740,160110,213480,266850
53371,106742,160113,213484,266855
53372,106744,160116,213488,266860
53373,106746,160119,213492,266865
53374,106748,160122,213496,266870
53375,106750,160125,213500,266875
53376,106752,160128,213504,266880
53377,106754,160131,213508,266885
53378,106756,160134,213512,266890
53379,106758,160137,213516,266895
53380,106760,160140,213520,266900
53381,106762,160143,213524,266905
53382,106764,160146,213528,266910
53383,106766,160149,213532,266915
53384,106768,160152,213536,266920
53385,106770,160155,213540,266925
53386,106772,160158,213544,266930
53387,106774,160161,213548,266935
53388,106776,160164,213552,266940
53389,106778,160167,213556,266945
53390,106780,160170,213560,266950
53391,106782,160173,213564,266955
53392,106784,160176,213568,266960
53393,106786,160179,213572,266965
53394,106788,160182,213576,266970
53395,106790,160185,213580,266975
53396,106792,160188,213584,266980
53397,106794,160191,213588,266985
53398,106796,160194,213592,266990
53399,106798,160197,213596,266995
53400,106800,160200,213600,267000
53401,106802,160203,213604,267005
53402,106804,160206,213608,267010
53403,106806,160209,213612,267015
53404,106808,160212,213616,267020
53405,106810,160215,213620,267025
53406,106812,160218,213624,267030
53407,106814,160221,213628,267035
53408,106816,160224,213632,267040
53409,106818,160227,213636,267045
53410,106820,160230,213640,267050
53411,106822,160233,213644,267055
53412,106824,160236,213648,267060
53413,106826,160239,213652,267065
53414,106828,160242,213656,267070
53415,106830,160245,213660,267075
53416,106832,160248,213664,267080
53417,106834,160251,213668,267085
53418,106836,160254,213672,267090
53419,106838,160257,213676,267095
53420,106840,160260,213680,267100
53421,106842,160263,213684,267105
53422,106844,160266,213688,267110
53423,106846,160269,213692,267115
53424,106848,160272,213696,267120
53425,106850,160275,213700,267125
53426,106852,160278,213704,267130
53427,106854,160281,213708,267135
53428,106856,160284,213712,267140
53429,106858,160287,213716,267145
53430,106860,160290,213720,267150
53431,106862,160293,213724,267155
53432,106864,160296,213728,267160
53433,106866,160299,213732,267165
53434,106868,160302,213736,267170
53435,106870,160305,213740,267175
53436,106872,160308,213744,267180
53437,106874,160311,213748,267185
53438,106876,160314,213752,267190
53439,106878,160317,213756,267195
53440,106880,160320,213760,267200
53441,106882,160323,213764,267205
53442,106884,160326,213768,267210
53443,106886,160329,213772,267215
53444,106888,160332,213776,267220
53445,106890,160335,213780,267225
53446,106892,160338,213784,267230
53447,106894,160341,213788,267235
53448,106896,160344,213792,267240
53449,106898,160347,213796,267245
53450,106900,160350,213800,267250
53451,106902,160353,213804,267255
53452,106904,160356,213808,267260
53453,106906,160359,213812,267265
53454,106908,160362,213816,267270
53455,106910,160365,213820,267275
53456,106912,160368,213824,267280
53457,106914,160371,213828,267285
53458,106916,160374,213832,267290
53459,106918,160377,213836,267295
53460,106920,160380,213840,267300
53461,106922,160383,213844,267305
53462,106924,160386,213848,267310
53463,106926,160389,213852,267315
53464,106928,160392,213856,267320
53465,106930,160395,213860,267325
53466,106932,160398,213864,267330
53467,106934,160401,213868,267335
53468,106936,160404,213872,267340
53469,106938,160407,213876,267345
53470,106940,160410,213880,267350
53471,106942,160413,213884,267355
53472,106944,160416,213888,267360
53473,106946,160419,213892,267365
53474,106948,160422,213896,267370
53475,106950,160425,213900,267375
53476,106952,160428,213904,267380
53477,106954,160431,213908,267385
53478,106956,160434,213912,267390
53479,106958,160437,213916,267395
53480,106960,160440,213920,267400
53481,106962,160443,213924,267405
53482,106964,160446,213928,267410
53483,106966,160449,213932,267415
53484,106968,160452,213936,267420
53485,106970,160455,213940,267425
53486,106972,160458,213944,267430
53487,106974,160461,213948,267435
53488,106976,160464,213952,267440
53489,106978,160467,213956,267445
53490,106980,160470,213960,267450
53491,106982,160473,213964,267455
53492,106984,160476,213968,267460
53493,106986,160479,213972,267465
53494,106988,160482,213976,267470
53495,106990,160485,213980,267475
53496,106992,160488,213984,267480
53497,106994,160491,213988,267485
53498,106996,160494,213992,267490
53499,106998,160497,213996,267495
53500,107000,160500,214000,267500
53501,107002,160503,214004,267505
53502,107004,160506,214008,267510
53503,107006,160509,214012,267515
53504,107008,160512,214016,267520
53505,107010,160515,214020,267525
53506,107012,160518,214024,267530
53507,107014,160521,214028,267535
53508,107016,160524,214032,267540
53509,107018,160527,214036,267545
53510,107020,160530,214040,267550
53511,107022,160533,214044,267555
53512,107024,160536,214048,267560
53513,107026,160539,214052,267565
53514,107028,160542,214056,267570
53515,107030,160545,214060,267575
53516,107032,160548,214064,267580
53517,107034,160551,214068,267585
53518,107036,160554,214072,267590
53519,107038,160557,214076,267595
53520,107040,160560,214080,267600
53521,107042,160563,214084,267605
53522,107044,160566,214088,267610
53523,107046,160569,214092,267615
53524,107048,160572,214096,267620
53525,107050,160575,214100,267625
53526,107052,160578,214104,267630
53527,107054,160581,214108,267635
53528,107056,160584,214112,267640
53529,107058,160587,214116,267645
53530,107060,160590,214120,267650
53531,107062,160593,214124,267655
53532,107064,160596,214128,267660
53533,107066,160599,214132,267665
53534,107068,160602,214136,267670
53535,107070,160605,214140,267675
53536,107072,160608,214144,267680
53537,107074,160611,214148,267685
53538,107076,160614,214152,267690
53539,107078,160617,214156,267695
53540,107080,160620,214160,267700
53541,107082,160623,214164,267705
53542,107084,160626,214168,267710
53543,107086,160629,214172,267715
53544,107088,160632,214176,267720
53545,107090,160635,214180,267725
53546,107092,160638,214184,267730
53547,107094,160641,214188,267735
53548,107096,160644,214192,267740
53549,107098,160647,214196,267745
53550,107100,160650,214200,267750
53551,107102,160653,214204,267755
53552,107104,160656,214208,267760
53553,107106,160659,214212,267765
53554,107108,160662,214216,267770
53555,107110,160665,214220,267775
53556,107112,160668,214224,267780
53557,107114,160671,214228,267785
53558,107116,160674,214232,267790
53559,107118,160677,214236,267795
53560,107120,160680,214240,267800
53561,107122,160683,214244,267805
53562,107124,160686,214248,267810
53563,107126,160689,214252,267815
53564,107128,160692,214256,267820
53565,107130,160695,214260,267825
53566,107132,160698,214264,267830
53567,107134,160701,214268,267835
53568,107136,160704,214272,267840
53569,107138,160707,214276,267845
53570,107140,160710,214280,267850
53571,107142,160713,214284,267855
53572,107144,160716,214288,267860
53573,107146,160719,214292,267865
53574,107148,160722,214296,267870
53575,107150,160725,214300,267875
53576,107152,160728,214304,267880
53577,107154,160731,214308,267885
53578,107156,160734,214312,267890
53579,107158,160737,214316,267895
53580,107160,160740,214320,267900
53581,107162,160743,214324,267905
53582,107164,160746,214328,267910
53583,107166,160749,214332,267915
53584,107168,160752,214336,267920
53585,107170,160755,214340,267925
53586,107172,160758,214344,267930
53587,107174,160761,214348,267935
53588,107176,160764,214352,267940
53589,107178,160767,214356,267945
53590,107180,160770,214360,267950
53591,107182,160773,214364,267955
53592,107184,160776,214368,267960
53593,107186,160779,214372,267965
53594,107188,160782,214376,267970
53595,107190,160785,214380,267975
53596,107192,160788,214384,267980
53597,107194,160791,214388,267985
53598,107196,160794,214392,267990
53599,107198,160797,214396,267995
53600,107200,160800,214400,268000
53601,107202,160803,214404,268005
53602,107204,160806,214408,268010
53603,107206,160809,214412,268015
53604,107208,160812,214416,268020
53605,107210,160815,214420,268025
53606,107212,160818,214424,268030
53607,107214,160821,214428,268035
53608,107216,160824,214432,268040
53609,107218,160827,214436,268045
53610,107220,160830,214440,268050
53611,107222,160833,214444,268055
53612,107224,160836,214448,268060
53613,107226,160839,214452,268065
53614,107228,160842,214456,268070
53615,107230,160845,214460,268075
53616,107232,160848,214464,268080
53617,107234,160851,214468,268085
53618,107236,160854,214472,268090
53619,107238,160857,214476,268095
53620,107240,160860,214480,268100
53621,107242,160863,214484,268105
53622,107244,160866,214488,268110
53623,107246,160869,214492,268115
53624,107248,160872,214496,268120
53625,107250,160875,214500,268125
53626,107252,160878,214504,268130
53627,107254,160881,214508,268135
53628,107256,160884,214512,268140
53629,107258,160887,214516,268145
53630,107260,160890,214520,268150
53631,107262,160893,214524,268155
53632,107264,160896,214528,268160
53633,107266,160899,214532,268165
53634,107268,160902,214536,268170
53635,107270,160905,214540,268175
53636,107272,160908,214544,268180
53637,107274,160911,214548,268185
53638,107276,160914,214552,268190
53639,107278,160917,214556,268195
53640,107280,160920,214560,268200
53641,107282,160923,214564,268205
53642,107284,160926,214568,268210
53643,107286,160929,214572,268215
53644,107288,160932,214576,268220
53645,107290,160935,214580,268225
53646,107292,160938,214584,268230
53647,107294,160941,214588,268235
53648,107296,160944,214592,268240
53649,107298,160947,214596,268245
53650,107300,160950,214600,268250
53651,107302,160953,214604,268255
53652,107304,160956,214608,268260
53653,107306,160959,214612,268265
53654,107308,160962,214616,268270
53655,107310,160965,214620,268275
53656,107312,160968,214624,268280
53657,107314,160971,214628,268285
53658,107316,160974,214632,268290
53659,107318,160977,214636,268295
53660,107320,160980,214640,268300
53661,107322,160983,214644,268305
53662,107324,160986,214648,268310
53663,107326,160989,214652,268315
53664,107328,160992,214656,268320
53665,107330,160995,214660,268325
53666,107332,160998,214664,268330
53667,107334,161001,214668,268335
53668,107336,161004,214672,268340
53669,107338,161007,214676,268345
53670,107340,161010,214680,268350
53671,107342,161013,214684,268355
53672,107344,161016,214688,268360
53673,107346,161019,214692,268365
53674,107348,161022,214696,268370
53675,107350,161025,214700,268375
53676,107352,161028,214704,268380
53677,107354,161031,214708,268385
53678,107356,161034,214712,268390
53679,107358,161037,214716,268395
53680,107360,161040,214720,268400
53681,107362,161043,214724,268405
53682,107364,161046,214728,268410
53683,107366,161049,214732,268415
53684,107368,161052,214736,268420
53685,107370,161055,214740,268425
53686,107372,161058,214744,268430
53687,107374,161061,214748,268435
53688,107376,161064,214752,268440
53689,107378,161067,214756,268445
53690,107380,161070,214760,268450
53691,107382,161073,214764,268455
53692,107384,161076,214768,268460
53693,107386,161079,214772,268465
53694,107388,161082,214776,268470
53695,107390,161085,214780,268475
53696,107392,161088,214784,268480
53697,107394,161091,214788,268485
53698,107396,161094,214792,268490
53699,107398,161097,214796,268495
53700,107400,161100,214800,268500
53701,107402,161103,214804,268505
53702,107404,161106,214808,268510
53703,107406,161109,214812,268515
53704,107408,161112,214816,268520
53705,107410,161115,214820,268525
53706,107412,161118,214824,268530
53707,107414,161121,214828,268535
53708,107416,161124,214832,268540
53709,107418,161127,214836,268545
53710,107420,161130,214840,268550
53711,107422,161133,214844,268555
53712,107424,161136,214848,268560
53713,107426,161139,214852,268565
53714,107428,161142,214856,268570
53715,107430,161145,214860,268575
53716,107432,161148,214864,268580
53717,107434,161151,214868,268585
53718,107436,161154,214872,268590
53719,107438,161157,214876,268595
53720,107440,161160,214880,268600
53721,107442,161163,214884,268605
53722,107444,161166,214888,268610
53723,107446,161169,214892,268615
53724,107448,161172,214896,268620
53725,107450,161175,214900,268625
53726,107452,161178,214904,268630
53727,107454,161181,214908,268635
53728,107456,161184,214912,268640
53729,107458,161187,214916,268645
53730,107460,161190,214920,268650
53731,107462,161193,214924,268655
53732,107464,161196,214928,268660
53733,107466,161199,214932,268665
53734,107468,161202,214936,268670
53735,107470,161205,214940,268675
53736,107472,161208,214944,268680
53737,107474,161211,214948,268685
53738,107476,161214,214952,268690
53739,107478,161217,214956,268695
53740,107480,161220,214960,268700
53741,107482,161223,214964,268705
53742,107484,161226,214968,268710
53743,107486,161229,214972,268715
53744,107488,161232,214976,268720
53745,107490,161235,214980,268725
53746,107492,161238,214984,268730
53747,107494,161241,214988,268735
53748,107496,161244,214992,268740
53749,107498,161247,214996,268745
53750,107500,161250,215000,268750
53751,107502,161253,215004,268755
53752,107504,161256,215008,268760
53753,107506,161259,215012,268765
53754,107508,161262,215016,268770
53755,107510,161265,215020,268775
53756,107512,161268,215024,268780
53757,107514,161271,215028,268785
53758,107516,161274,215032,268790
53759,107518,161277,215036,268795
53760,107520,161280,215040,268800
53761,107522,161283,215044,268805
53762,107524,161286,215048,268810
53763,107526,161289,215052,268815
53764,107528,161292,215056,268820
53765,107530,161295,215060,268825
53766,107532,161298,215064,268830
53767,107534,161301,215068,268835
53768,107536,161304,215072,268840
53769,107538,161307,215076,268845
53770,107540,161310,215080,268850
53771,107542,161313,215084,268855
53772,107544,161316,215088,268860
53773,107546,161319,215092,268865
53774,107548,161322,215096,268870
53775,107550,161325,215100,268875
53776,107552,161328,215104,268880
53777,107554,161331,215108,268885
53778,107556,161334,215112,268890
53779,107558,161337,215116,268895
53780,107560,161340,215120,268900
53781,107562,161343,215124,268905
53782,107564,161346,215128,268910
53783,107566,161349,215132,268915
53784,107568,161352,215136,268920
53785,107570,161355,215140,268925
53786,107572,161358,215144,268930
53787,107574,161361,215148,268935
53788,107576,161364,215152,268940
53789,107578,161367,215156,268945
53790,107580,161370,215160,268950
53791,107582,161373,215164,268955
53792,107584,161376,215168,268960
53793,107586,161379,215172,268965
53794,107588,161382,215176,268970
53795,107590,161385,215180,268975
53796,107592,161388,215184,268980
53797,107594,161391,215188,268985
53798,107596,161394,215192,268990
53799,107598,161397,215196,268995
53800,107600,161400,215200,269000
53801,107602,161403,215204,269005
53802,107604,161406,215208,269010
53803,107606,161409,215212,269015
53804,107608,161412,215216,269020
53805,107610,161415,215220,269025
53806,107612,161418,215224,269030
53807,107614,161421,215228,269035
53808,107616,161424,215232,269040
53809,107618,161427,215236,269045
53810,107620,161430,215240,269050
53811,107622,161433,215244,269055
53812,107624,161436,215248,269060
53813,107626,161439,215252,269065
53814,107628,161442,215256,269070
53815,107630,161445,215260,269075
53816,107632,161448,215264,269080
53817,107634,161451,215268,269085
53818,107636,161454,215272,269090
53819,107638,161457,215276,269095
53820,107640,161460,215280,269100
53821,107642,161463,215284,269105
53822,107644,161466,215288,269110
53823,107646,161469,215292,269115
53824,107648,161472,215296,269120
53825,107650,161475,215300,269125
53826,107652,161478,215304,269130
53827,107654,161481,215308,269135
53828,107656,161484,215312,269140
53829,107658,161487,215316,269145
53830,107660,161490,215320,269150
53831,107662,161493,215324,269155
53832,107664,161496,215328,269160
53833,107666,161499,215332,269165
53834,107668,161502,215336,269170
53835,107670,161505,215340,269175
53836,107672,161508,215344,269180
53837,107674,161511,215348,269185
53838,107676,161514,215352,269190
53839,107678,161517,215356,269195
53840,107680,161520,215360,269200
53841,107682,161523,215364,269205
53842,107684,161526,215368,269210
53843,107686,161529,215372,269215
53844,107688,161532,215376,269220
53845,107690,161535,215380,269225
53846,107692,161538,215384,269230
53847,107694,161541,215388,269235
53848,107696,161544,215392,269240
53849,107698,161547,215396,269245
53850,107700,161550,215400,269250
53851,107702,161553,215404,269255
53852,107704,161556,215408,269260
53853,107706,161559,215412,269265
53854,107708,161562,215416,269270
53855,107710,161565,215420,269275
53856,107712,161568,215424,269280
53857,107714,161571,215428,269285
53858,107716,161574,215432,269290
53859,107718,161577,215436,269295
53860,107720,161580,215440,269300
53861,107722,161583,215444,269305
53862,107724,161586,215448,269310
53863,107726,161589,215452,269315
53864,107728,161592,215456,269320
53865,107730,161595,215460,269325
53866,107732,161598,215464,269330
53867,107734,161601,215468,269335
53868,107736,161604,215472,269340
53869,107738,161607,215476,269345
53870,107740,161610,215480,269350
53871,107742,161613,215484,269355
53872,107744,161616,215488,269360
53873,107746,161619,215492,269365
53874,107748,161622,215496,269370
53875,107750,161625,215500,269375
53876,107752,161628,215504,269380
53877,107754,161631,215508,269385
53878,107756,161634,215512,269390
53879,107758,161637,215516,269395
53880,107760,161640,215520,269400
53881,107762,161643,215524,269405
53882,107764,161646,215528,269410
53883,107766,161649,215532,269415
53884,107768,161652,215536,269420
53885,107770,161655,215540,269425
53886,107772,161658,215544,269430
53887,107774,161661,215548,269435
53888,107776,161664,215552,269440
53889,107778,161667,215556,269445
53890,107780,161670,215560,269450
53891,107782,161673,215564,269455
53892,107784,161676,215568,269460
53893,107786,161679,215572,269465
53894,107788,161682,215576,269470
53895,107790,161685,215580,269475
53896,107792,161688,215584,269480
53897,107794,161691,215588,269485
53898,107796,161694,215592,269490
53899,107798,161697,215596,269495
53900,107800,161700,215600,269500
53901,107802,161703,215604,269505
53902,107804,161706,215608,269510
53903,107806,161709,215612,269515
53904,107808,161712,215616,269520
53905,107810,161715,215620,269525
53906,107812,161718,215624,269530
53907,107814,161721,215628,269535
53908,107816,161724,215632,269540
53909,107818,161727,215636,269545
53910,107820,161730,215640,269550
53911,107822,161733,215644,269555
53912,107824,161736,215648,269560
53913,107826,161739,215652,269565
53914,107828,161742,215656,269570
53915,107830,161745,215660,269575
53916,107832,161748,215664,269580
53917,107834,161751,215668,269585
53918,107836,161754,215672,269590
53919,107838,161757,215676,269595
53920,107840,161760,215680,269600
53921,107842,161763,215684,269605
53922,107844,161766,215688,269610
53923,107846,161769,215692,269615
53924,107848,161772,215696,269620
53925,107850,161775,215700,269625
53926,107852,161778,215704,269630
53927,107854,161781,215708,269635
53928,107856,161784,215712,269640
53929,107858,161787,215716,269645
53930,107860,161790,215720,269650
53931,107862,161793,215724,269655
53932,107864,161796,215728,269660
53933,107866,161799,215732,269665
53934,107868,161802,215736,269670
53935,107870,161805,215740,269675
53936,107872,161808,215744,269680
53937,107874,161811,215748,269685
53938,107876,161814,215752,269690
53939,107878,161817,215756,269695
53940,107880,161820,215760,269700
53941,107882,161823,215764,269705
53942,107884,161826,215768,269710
53943,107886,161829,215772,269715
53944,107888,161832,215776,269720
53945,107890,161835,215780,269725
53946,107892,161838,215784,269730
53947,107894,161841,215788,269735
53948,107896,161844,215792,269740
53949,107898,161847,215796,269745
53950,107900,161850,215800,269750
53951,107902,161853,215804,269755
53952,107904,161856,215808,269760
53953,107906,161859,215812,269765
53954,107908,161862,215816,269770
53955,107910,161865,215820,269775
53956,107912,161868,215824,269780
53957,107914,161871,215828,269785
53958,107916,161874,215832,269790
53959,107918,161877,215836,269795
53960,107920,161880,215840,269800
53961,107922,161883,215844,269805
53962,107924,161886,215848,269810
53963,107926,161889,215852,269815
53964,107928,161892,215856,269820
53965,107930,161895,215860,269825
53966,107932,161898,215864,269830
53967,107934,161901,215868,269835
53968,107936,161904,215872,269840
53969,107938,161907,215876,269845
53970,107940,161910,215880,269850
53971,107942,161913,215884,269855
53972,107944,161916,215888,269860
53973,107946,161919,215892,269865
53974,107948,161922,215896,269870
53975,107950,161925,215900,269875
53976,107952,161928,215904,269880
53977,107954,161931,215908,269885
53978,107956,161934,215912,269890
53979,107958,161937,215916,269895
53980,107960,161940,215920,269900
53981,107962,161943,215924,269905
53982,107964,161946,215928,269910
53983,107966,161949,215932,269915
53984,107968,161952,215936,269920
53985,107970,161955,215940,269925
53986,107972,161958,215944,269930
53987,107974,161961,215948,269935
53988,107976,161964,215952,269940
53989,107978,161967,215956,269945
53990,107980,161970,215960,269950
53991,107982,161973,215964,269955
53992,107984,161976,215968,269960
53993,107986,161979,215972,269965
53994,107988,161982,215976,269970
53995,107990,161985,215980,269975
53996,107992,161988,215984,269980
53997,107994,161991,215988,269985
53998,107996,161994,215992,269990
53999,107998,161997,215996,269995
54000,108000,162000,216000,270000
54001,108002,162003,216004,270005
54002,108004,162006,216008,270010
54003,108006,162009,216012,270015
54004,108008,162012,216016,270020
54005,108010,162015,216020,270025
54006,108012,162018,216024,270030
54007,108014,162021,216028,270035
54008,108016,162024,216032,270040
54009,108018,162027,216036,270045
54010,108020,162030,216040,270050
54011,108022,162033,216044,270055
54012,108024,162036,216048,270060
54013,108026,162039,216052,270065
54014,108028,162042,216056,270070
54015,108030,162045,216060,270075
54016,108032,162048,216064,270080
54017,108034,162051,216068,270085
54018,108036,162054,216072,270090
54019,108038,162057,216076,270095
54020,108040,162060,216080,270100
54021,108042,162063,216084,270105
54022,108044,162066,216088,270110
54023,108046,162069,216092,270115
54024,108048,162072,216096,270120
54025,108050,162075,216100,270125
54026,108052,162078,216104,270130
54027,108054,162081,216108,270135
54028,108056,162084,216112,270140
54029,108058,162087,216116,270145
54030,108060,162090,216120,270150
54031,108062,162093,216124,270155
54032,108064,162096,216128,270160
54033,108066,162099,216132,270165
54034,108068,162102,216136,270170
54035,108070,162105,216140,270175
54036,108072,162108,216144,270180
54037,108074,162111,216148,270185
54038,108076,162114,216152,270190
54039,108078,162117,216156,270195
54040,108080,162120,216160,270200
54041,108082,162123,216164,270205
54042,108084,162126,216168,270210
54043,108086,162129,216172,270215
54044,108088,162132,216176,270220
54045,108090,162135,216180,270225
54046,108092,162138,216184,270230
54047,108094,162141,216188,270235
54048,108096,162144,216192,270240
54049,108098,162147,216196,270245
54050,108100,162150,216200,270250
54051,108102,162153,216204,270255
54052,108104,162156,216208,270260
54053,108106,162159,216212,270265
54054,108108,162162,216216,270270
54055,108110,162165,216220,270275
54056,108112,162168,216224,270280
54057,108114,162171,216228,270285
54058,108116,162174,216232,270290
54059,108118,162177,216236,270295
54060,108120,162180,216240,270300
54061,108122,162183,216244,270305
54062,108124,162186,216248,270310
54063,108126,162189,216252,270315
54064,108128,162192,216256,270320
54065,108130,162195,216260,270325
54066,108132,162198,216264,270330
54067,108134,162201,216268,270335
54068,108136,162204,216272,270340
54069,108138,162207,216276,270345
54070,108140,162210,216280,270350
54071,108142,162213,216284,270355
54072,108144,162216,216288,270360
54073,108146,162219,216292,270365
54074,108148,162222,216296,270370
54075,108150,162225,216300,270375
54076,108152,162228,216304,270380
54077,108154,162231,216308,270385
54078,108156,162234,216312,270390
54079,108158,162237,216316,270395
54080,108160,162240,216320,270400
54081,108162,162243,216324,270405
54082,108164,162246,216328,270410
54083,108166,162249,216332,270415
54084,108168,162252,216336,270420
54085,108170,162255,216340,270425
54086,108172,162258,216344,270430
54087,108174,162261,216348,270435
54088,108176,162264,216352,270440
54089,108178,162267,216356,270445
54090,108180,162270,216360,270450
54091,108182,162273,216364,270455
54092,108184,162276,216368,270460
54093,108186,162279,216372,270465
54094,108188,162282,216376,270470
54095,108190,162285,216380,270475
54096,108192,162288,216384,270480
54097,108194,162291,216388,270485
54098,108196,162294,216392,270490
54099,108198,162297,216396,270495
54100,108200,162300,216400,270500
54101,108202,162303,216404,270505
54102,108204,162306,216408,270510
54103,108206,162309,216412,270515
54104,108208,162312,216416,270520
54105,108210,162315,216420,270525
54106,108212,162318,216424,270530
54107,108214,162321,216428,270535
54108,108216,162324,216432,270540
54109,108218,162327,216436,270545
54110,108220,162330,216440,270550
54111,108222,162333,216444,270555
54112,108224,162336,216448,270560
54113,108226,162339,216452,270565
54114,108228,162342,216456,270570
54115,108230,162345,216460,270575
54116,108232,162348,216464,270580
54117,108234,162351,216468,270585
54118,108236,162354,216472,270590
54119,108238,162357,216476,270595
54120,108240,162360,216480,270600
54121,108242,162363,216484,270605
54122,108244,162366,216488,270610
54123,108246,162369,216492,270615
54124,108248,162372,216496,270620
54125,108250,162375,216500,270625
54126,108252,162378,216504,270630
54127,108254,162381,216508,270635
54128,108256,162384,216512,270640
54129,108258,162387,216516,270645
54130,108260,162390,216520,270650
54131,108262,162393,216524,270655
54132,108264,162396,216528,270660
54133,108266,162399,216532,270665
54134,108268,162402,216536,270670
54135,108270,162405,216540,270675
54136,108272,162408,216544,270680
54137,108274,162411,216548,270685
54138,108276,162414,216552,270690
54139,108278,162417,216556,270695
54140,108280,162420,216560,270700
54141,108282,162423,216564,270705
54142,108284,162426,216568,270710
54143,108286,162429,216572,270715
54144,108288,162432,216576,270720
54145,108290,162435,216580,270725
54146,108292,162438,216584,270730
54147,108294,162441,216588,270735
54148,108296,162444,216592,270740
54149,108298,162447,216596,270745
54150,108300,162450,216600,270750
54151,108302,162453,216604,270755
54152,108304,162456,216608,270760
54153,108306,162459,216612,270765
54154,108308,162462,216616,270770
54155,108310,162465,216620,270775
54156,108312,162468,216624,270780
54157,108314,162471,216628,270785
54158,108316,162474,216632,270790
54159,108318,162477,216636,270795
54160,108320,162480,216640,270800
54161,108322,162483,216644,270805
54162,108324,162486,216648,270810
54163,108326,162489,216652,270815
54164,108328,162492,216656,270820
54165,108330,162495,216660,270825
54166,108332,162498,216664,270830
54167,108334,162501,216668,270835
54168,108336,162504,216672,270840
54169,108338,162507,216676,270845
54170,108340,162510,216680,270850
54171,108342,162513,216684,270855
54172,108344,162516,216688,270860
54173,108346,162519,216692,270865
54174,108348,162522,216696,270870
54175,108350,162525,216700,270875
54176,108352,162528,216704,270880
54177,108354,162531,216708,270885
54178,108356,162534,216712,270890
54179,108358,162537,216716,270895
54180,108360,162540,216720,270900
54181,108362,162543,216724,270905
54182,108364,162546,216728,270910
54183,108366,162549,216732,270915
54184,108368,162552,216736,270920
54185,108370,162555,216740,270925
54186,108372,162558,216744,270930
54187,108374,162561,216748,270935
54188,108376,162564,216752,270940
54189,108378,162567,216756,270945
54190,108380,162570,216760,270950
54191,108382,162573,216764,270955
54192,108384,162576,216768,270960
54193,108386,162579,216772,270965
54194,108388,162582,216776,270970
54195,108390,162585,216780,270975
54196,108392,162588,216784,270980
54197,108394,162591,216788,270985
54198,108396,162594,216792,270990
54199,108398,162597,216796,270995
54200,108400,162600,216800,271000
54201,108402,162603,216804,271005
54202,108404,162606,216808,271010
54203,108406,162609,216812,271015
54204,108408,162612,216816,271020
54205,108410,162615,216820,271025
54206,108412,162618,216824,271030
54207,108414,162621,216828,271035
54208,108416,162624,216832,271040
54209,108418,162627,216836,271045
54210,108420,162630,216840,271050
54211,108422,162633,216844,271055
54212,108424,162636,216848,271060
54213,108426,162639,216852,271065
54214,108428,162642,216856,271070
54215,108430,162645,216860,271075
54216,108432,162648,216864,271080
54217,108434,162651,216868,271085
54218,108436,162654,216872,271090
54219,108438,162657,216876,271095
54220,108440,162660,216880,271100
54221,108442,162663,216884,271105
54222,108444,162666,216888,271110
54223,108446,162669,216892,271115
54224,108448,162672,216896,271120
54225,108450,162675,216900,271125
54226,108452,162678,216904,271130
54227,108454,162681,216908,271135
54228,108456,162684,216912,271140
54229,108458,162687,216916,271145
54230,108460,162690,216920,271150
54231,108462,162693,216924,271155
54232,108464,162696,216928,271160
54233,108466,162699,216932,271165
54234,108468,162702,216936,271170
54235,108470,162705,216940,271175
54236,108472,162708,216944,271180
54237,108474,162711,216948,271185
54238,108476,162714,216952,271190
54239,108478,162717,216956,271195
54240,108480,162720,216960,271200
54241,108482,162723,216964,271205
54242,108484,162726,216968,271210
54243,108486,162729,216972,271215
54244,108488,162732,216976,271220
54245,108490,162735,216980,271225
54246,108492,162738,216984,271230
54247,108494,162741,216988,271235
54248,108496,162744,216992,271240
54249,108498,162747,216996,271245
54250,108500,162750,217000,271250
54251,108502,162753,217004,271255
54252,108504,162756,217008,271260
54253,108506,162759,217012,271265
54254,108508,162762,217016,271270
54255,108510,162765,217020,271275
54256,108512,162768,217024,271280
54257,108514,162771,217028,271285
54258,108516,162774,217032,271290
54259,108518,162777,217036,271295
54260,108520,162780,217040,271300
54261,108522,162783,217044,271305
54262,108524,162786,217048,271310
54263,108526,162789,217052,271315
54264,108528,162792,217056,271320
54265,108530,162795,217060,271325
54266,108532,162798,217064,271330
54267,108534,162801,217068,271335
54268,108536,162804,217072,271340
54269,108538,162807,217076,271345
54270,108540,162810,217080,271350
54271,108542,162813,217084,271355
54272,108544,162816,217088,271360
54273,108546,162819,217092,271365
54274,108548,162822,217096,271370
54275,108550,162825,217100,271375
54276,108552,162828,217104,271380
54277,108554,162831,217108,271385
54278,108556,162834,217112,271390
54279,108558,162837,217116,271395
54280,108560,162840,217120,271400
54281,108562,162843,217124,271405
54282,108564,162846,217128,271410
54283,108566,162849,217132,271415
54284,108568,162852,217136,271420
54285,108570,162855,217140,271425
54286,108572,162858,217144,271430
54287,108574,162861,217148,271435
54288,108576,162864,217152,271440
54289,108578,162867,217156,271445
54290,108580,162870,217160,271450
54291,108582,162873,217164,271455
54292,108584,162876,217168,271460
54293,108586,162879,217172,271465
54294,108588,162882,217176,271470
54295,108590,162885,217180,271475
54296,108592,162888,217184,271480
54297,108594,162891,217188,271485
54298,108596,162894,217192,271490
54299,108598,162897,217196,271495
54300,108600,162900,217200,271500
54301,108602,162903,217204,271505
54302,108604,162906,217208,271510
54303,108606,162909,217212,271515
54304,108608,162912,217216,271520
54305,108610,162915,217220,271525
54306,108612,162918,217224,271530
54307,108614,162921,217228,271535
54308,108616,162924,217232,271540
54309,108618,162927,217236,271545
54310,108620,162930,217240,271550
54311,108622,162933,217244,271555
54312,108624,162936,217248,271560
54313,108626,162939,217252,271565
54314,108628,162942,217256,271570
54315,108630,162945,217260,271575
54316,108632,162948,217264,271580
54317,108634,162951,217268,271585
54318,108636,162954,217272,271590
54319,108638,162957,217276,271595
54320,108640,162960,217280,271600
54321,108642,162963,217284,271605
54322,108644,162966,217288,271610
54323,108646,162969,217292,271615
54324,108648,162972,217296,271620
54325,108650,162975,217300,271625
54326,108652,162978,217304,271630
54327,108654,162981,217308,271635
54328,108656,162984,217312,271640
54329,108658,162987,217316,271645
54330,108660,162990,217320,271650
54331,108662,162993,217324,271655
54332,108664,162996,217328,271660
54333,108666,162999,217332,271665
54334,108668,163002,217336,271670
54335,108670,163005,217340,271675
54336,108672,163008,217344,271680
54337,108674,163011,217348,271685
54338,108676,163014,217352,271690
54339,108678,163017,217356,271695
54340,108680,163020,217360,271700
54341,108682,163023,217364,271705
54342,108684,163026,217368,271710
54343,108686,163029,217372,271715
54344,108688,163032,217376,271720
54345,108690,163035,217380,271725
54346,108692,163038,217384,271730
54347,108694,163041,217388,271735
54348,108696,163044,217392,271740
54349,108698,163047,217396,271745
54350,108700,163050,217400,271750
54351,108702,163053,217404,271755
54352,108704,163056,217408,271760
54353,108706,163059,217412,271765
54354,108708,163062,217416,271770
54355,108710,163065,217420,271775
54356,108712,163068,217424,271780
54357,108714,163071,217428,271785
54358,108716,163074,217432,271790
54359,108718,163077,217436,271795
54360,108720,163080,217440,271800
54361,108722,163083,217444,271805
54362,108724,163086,217448,271810
54363,108726,163089,217452,271815
54364,108728,163092,217456,271820
54365,108730,163095,217460,271825
54366,108732,163098,217464,271830
54367,108734,163101,217468,271835
54368,108736,163104,217472,271840
54369,108738,163107,217476,271845
54370,108740,163110,217480,271850
54371,108742,163113,217484,271855
54372,108744,163116,217488,271860
54373,108746,163119,217492,271865
54374,108748,163122,217496,271870
54375,108750,163125,217500,271875
54376,108752,163128,217504,271880
54377,108754,163131,217508,271885
54378,108756,163134,217512,271890
54379,108758,163137,217516,271895
54380,108760,163140,217520,271900
54381,108762,163143,217524,271905
54382,108764,163146,217528,271910
54383,108766,163149,217532,271915
54384,108768,163152,217536,271920
54385,108770,163155,217540,271925
54386,108772,163158,217544,271930
54387,108774,163161,217548,271935
54388,108776,163164,217552,271940
54389,108778,163167,217556,271945
54390,108780,163170,217560,271950
54391,108782,163173,217564,271955
54392,108784,163176,217568,271960
54393,108786,163179,217572,271965
54394,108788,163182,217576,271970
54395,108790,163185,217580,271975
54396,108792,163188,217584,271980
54397,108794,163191,217588,271985
54398,108796,163194,217592,271990
54399,108798,163197,217596,271995
54400,108800,163200,217600,272000
54401,108802,163203,217604,272005
54402,108804,163206,217608,272010
54403,108806,163209,217612,272015
54404,108808,163212,217616,272020
54405,108810,163215,217620,272025
54406,108812,163218,217624,272030
54407,108814,163221,217628,272035
54408,108816,163224,217632,272040
54409,108818,163227,217636,272045
54410,108820,163230,217640,272050
54411,108822,163233,217644,272055
54412,108824,163236,217648,272060
54413,108826,163239,217652,272065
54414,108828,163242,217656,272070
54415,108830,163245,217660,272075
54416,108832,163248,217664,272080
54417,108834,163251,217668,272085
54418,108836,163254,217672,272090
54419,108838,163257,217676,272095
54420,108840,163260,217680,272100
54421,108842,163263,217684,272105
54422,108844,163266,217688,272110
54423,108846,163269,217692,272115
54424,108848,163272,217696,272120
54425,108850,163275,217700,272125
54426,108852,163278,217704,272130
54427,108854,163281,217708,272135
54428,108856,163284,217712,272140
54429,108858,163287,217716,272145
54430,108860,163290,217720,272150
54431,108862,163293,217724,272155
54432,108864,163296,217728,272160
54433,108866,163299,217732,272165
54434,108868,163302,217736,272170
54435,108870,163305,217740,272175
54436,108872,163308,217744,272180
54437,108874,163311,217748,272185
54438,108876,163314,217752,272190
54439,108878,163317,217756,272195
54440,108880,163320,217760,272200
54441,108882,163323,217764,272205
54442,108884,163326,217768,272210
54443,108886,163329,217772,272215
54444,108888,163332,217776,272220
54445,108890,163335,217780,272225
54446,108892,163338,217784,272230
54447,108894,163341,217788,272235
54448,108896,163344,217792,272240
54449,108898,163347,217796,272245
54450,108900,163350,217800,272250
54451,108902,163353,217804,272255
54452,108904,163356,217808,272260
54453,108906,163359,217812,272265
54454,108908,163362,217816,272270
54455,108910,163365,217820,272275
54456,108912,163368,217824,272280
54457,108914,163371,217828,272285
54458,108916,163374,217832,272290
54459,108918,163377,217836,272295
54460,108920,163380,217840,272300
54461,108922,163383,217844,272305
54462,108924,163386,217848,272310
54463,108926,163389,217852,272315
54464,108928,163392,217856,272320
54465,108930,163395,217860,272325
54466,108932,163398,217864,272330
54467,108934,163401,217868,272335
54468,108936,163404,217872,272340
54469,108938,163407,217876,272345
54470,108940,163410,217880,272350
54471,108942,163413,217884,272355
54472,108944,163416,217888,272360
54473,108946,163419,217892,272365
54474,108948,163422,217896,272370
54475,108950,163425,217900,272375
54476,108952,163428,217904,272380
54477,108954,163431,217908,272385
54478,108956,163434,217912,272390
54479,108958,163437,217916,272395
54480,108960,163440,217920,272400
54481,108962,163443,217924,272405
54482,108964,163446,217928,272410
54483,108966,163449,217932,272415
54484,108968,163452,217936,272420
54485,108970,163455,217940,272425
54486,108972,163458,217944,272430
54487,108974,163461,217948,272435
54488,108976,163464,217952,272440
54489,108978,163467,217956,272445
54490,108980,163470,217960,272450
54491,108982,163473,217964,272455
54492,108984,163476,217968,272460
54493,108986,163479,217972,272465
54494,108988,163482,217976,272470
54495,108990,163485,217980,272475
54496,108992,163488,217984,272480
54497,108994,163491,217988,272485
54498,108996,163494,217992,272490
54499,108998,163497,217996,272495
54500,109000,163500,218000,272500
54501,109002,163503,218004,272505
54502,109004,163506,218008,272510
54503,109006,163509,218012,272515
54504,109008,163512,218016,272520
54505,109010,163515,218020,272525
54506,109012,163518,218024,272530
54507,109014,163521,218028,272535
54508,109016,163524,218032,272540
54509,109018,163527,218036,272545
54510,109020,163530,218040,272550
54511,109022,163533,218044,272555
54512,109024,163536,218048,272560
54513,109026,163539,218052,272565
54514,109028,163542,218056,272570
54515,109030,163545,218060,272575
54516,109032,163548,218064,272580
54517,109034,163551,218068,272585
54518,109036,163554,218072,272590
54519,109038,163557,218076,272595
54520,109040,163560,218080,272600
54521,109042,163563,218084,272605
54522,109044,163566,218088,272610
54523,109046,163569,218092,272615
54524,109048,163572,218096,272620
54525,109050,163575,218100,272625
54526,109052,163578,218104,272630
54527,109054,163581,218108,272635
54528,109056,163584,218112,272640
54529,109058,163587,218116,272645
54530,109060,163590,218120,272650
54531,109062,163593,218124,272655
54532,109064,163596,218128,272660
54533,109066,163599,218132,272665
54534,109068,163602,218136,272670
54535,109070,163605,218140,272675
54536,109072,163608,218144,272680
54537,109074,163611,218148,272685
54538,109076,163614,218152,272690
54539,109078,163617,218156,272695
54540,109080,163620,218160,272700
54541,109082,163623,218164,272705
54542,109084,163626,218168,272710
54543,109086,163629,218172,272715
54544,109088,163632,218176,272720
54545,109090,163635,218180,272725
54546,109092,163638,218184,272730
54547,109094,163641,218188,272735
54548,109096,163644,218192,272740
54549,109098,163647,218196,272745
54550,109100,163650,218200,272750
54551,109102,163653,218204,272755
54552,109104,163656,218208,272760
54553,109106,163659,218212,272765
54554,109108,163662,218216,272770
54555,109110,163665,218220,272775
54556,109112,163668,218224,272780
54557,109114,163671,218228,272785
54558,109116,163674,218232,272790
54559,109118,163677,218236,272795
54560,109120,163680,218240,272800
54561,109122,163683,218244,272805
54562,109124,163686,218248,272810
54563,109126,163689,218252,272815
54564,109128,163692,218256,272820
54565,109130,163695,218260,272825
54566,109132,163698,218264,272830
54567,109134,163701,218268,272835
54568,109136,163704,218272,272840
54569,109138,163707,218276,272845
54570,109140,163710,218280,272850
54571,109142,163713,218284,272855
54572,109144,163716,218288,272860
54573,109146,163719,218292,272865
54574,109148,163722,218296,272870
54575,109150,163725,218300,272875
54576,109152,163728,218304,272880
54577,109154,163731,218308,272885
54578,109156,163734,218312,272890
54579,109158,163737,218316,272895
54580,109160,163740,218320,272900
54581,109162,163743,218324,272905
54582,109164,163746,218328,272910
54583,109166,163749,218332,272915
54584,109168,163752,218336,272920
54585,109170,163755,218340,272925
54586,109172,163758,218344,272930
54587,109174,163761,218348,272935
54588,109176,163764,218352,272940
54589,109178,163767,218356,272945
54590,109180,163770,218360,272950
54591,109182,163773,218364,272955
54592,109184,163776,218368,272960
54593,109186,163779,218372,272965
54594,109188,163782,218376,272970
54595,109190,163785,218380,272975
54596,109192,163788,218384,272980
54597,109194,163791,218388,272985
54598,109196,163794,218392,272990
54599,109198,163797,218396,272995
54600,109200,163800,218400,273000
54601,109202,163803,218404,273005
54602,109204,163806,218408,273010
54603,109206,163809,218412,273015
54604,109208,163812,218416,273020
54605,109210,163815,218420,273025
54606,109212,163818,218424,273030
54607,109214,163821,218428,273035
54608,109216,163824,218432,273040
54609,109218,163827,218436,273045
54610,109220,163830,218440,273050
54611,109222,163833,218444,273055
54612,109224,163836,218448,273060
54613,109226,163839,218452,273065
54614,109228,163842,218456,273070
54615,109230,163845,218460,273075
54616,109232,163848,218464,273080
54617,109234,163851,218468,273085
54618,109236,163854,218472,273090
54619,109238,163857,218476,273095
54620,109240,163860,218480,273100
54621,109242,163863,218484,273105
54622,109244,163866,218488,273110
54623,109246,163869,218492,273115
54624,109248,163872,218496,273120
54625,109250,163875,218500,273125
54626,109252,163878,218504,273130
54627,109254,163881,218508,273135
54628,109256,163884,218512,273140
54629,109258,163887,218516,273145
54630,109260,163890,218520,273150
54631,109262,163893,218524,273155
54632,109264,163896,218528,273160
54633,109266,163899,218532,273165
54634,109268,163902,218536,273170
54635,109270,163905,218540,273175
54636,109272,163908,218544,273180
54637,109274,163911,218548,273185
54638,109276,163914,218552,273190
54639,109278,163917,218556,273195
54640,109280,163920,218560,273200
54641,109282,163923,218564,273205
54642,109284,163926,218568,273210
54643,109286,163929,218572,273215
54644,109288,163932,218576,273220
54645,109290,163935,218580,273225
54646,109292,163938,218584,273230
54647,109294,163941,218588,273235
54648,109296,163944,218592,273240
54649,109298,163947,218596,273245
54650,109300,163950,218600,273250
54651,109302,163953,218604,273255
54652,109304,163956,218608,273260
54653,109306,163959,218612,273265
54654,109308,163962,218616,273270
54655,109310,163965,218620,273275
54656,109312,163968,218624,273280
54657,109314,163971,218628,273285
54658,109316,163974,218632,273290
54659,109318,163977,218636,273295
54660,109320,163980,218640,273300
54661,109322,163983,218644,273305
54662,109324,163986,218648,273310
54663,109326,163989,218652,273315
54664,109328,163992,218656,273320
54665,109330,163995,218660,273325
54666,109332,163998,218664,273330
54667,109334,164001,218668,273335
54668,109336,164004,218672,273340
54669,109338,164007,218676,273345
54670,109340,164010,218680,273350
54671,109342,164013,218684,273355
54672,109344,164016,218688,273360
54673,109346,164019,218692,273365
54674,109348,164022,218696,273370
54675,109350,164025,218700,273375
54676,109352,164028,218704,273380
54677,109354,164031,218708,273385
54678,109356,164034,218712,273390
54679,109358,164037,218716,273395
54680,109360,164040,218720,273400
54681,109362,164043,218724,273405
54682,109364,164046,218728,273410
54683,109366,164049,218732,273415
54684,109368,164052,218736,273420
54685,109370,164055,218740,273425
54686,109372,164058,218744,273430
54687,109374,164061,218748,273435
54688,109376,164064,218752,273440
54689,109378,164067,218756,273445
54690,109380,164070,218760,273450
54691,109382,164073,218764,273455
54692,109384,164076,218768,273460
54693,109386,164079,218772,273465
54694,109388,164082,218776,273470
54695,109390,164085,218780,273475
54696,109392,164088,218784,273480
54697,109394,164091,218788,273485
54698,109396,164094,218792,273490
54699,109398,164097,218796,273495
54700,109400,164100,218800,273500
54701,109402,164103,218804,273505
54702,109404,164106,218808,273510
54703,109406,164109,218812,273515
54704,109408,164112,218816,273520
54705,109410,164115,218820,273525
54706,109412,164118,218824,273530
54707,109414,164121,218828,273535
54708,109416,164124,218832,273540
54709,109418,164127,218836,273545
54710,109420,164130,218840,273550
54711,109422,164133,218844,273555
54712,109424,164136,218848,273560
54713,109426,164139,218852,273565
54714,109428,164142,218856,273570
54715,109430,164145,218860,273575
54716,109432,164148,218864,273580
54717,109434,164151,218868,273585
54718,109436,164154,218872,273590
54719,109438,164157,218876,273595
54720,109440,164160,218880,273600
54721,109442,164163,218884,273605
54722,109444,164166,218888,273610
54723,109446,164169,218892,273615
54724,109448,164172,218896,273620
54725,109450,164175,218900,273625
54726,109452,164178,218904,273630
54727,109454,164181,218908,273635
54728,109456,164184,218912,273640
54729,109458,164187,218916,273645
54730,109460,164190,218920,273650
54731,109462,164193,218924,273655
54732,109464,164196,218928,273660
54733,109466,164199,218932,273665
54734,109468,164202,218936,273670
54735,109470,164205,218940,273675
54736,109472,164208,218944,273680
54737,109474,164211,218948,273685
54738,109476,164214,218952,273690
54739,109478,164217,218956,273695
54740,109480,164220,218960,273700
54741,109482,164223,218964,273705
54742,109484,164226,218968,273710
54743,109486,164229,218972,273715
54744,109488,164232,218976,273720
54745,109490,164235,218980,273725
54746,109492,164238,218984,273730
54747,109494,164241,218988,273735
54748,109496,164244,218992,273740
54749,109498,164247,218996,273745
54750,109500,164250,219000,273750
54751,109502,164253,219004,273755
54752,109504,164256,219008,273760
54753,109506,164259,219012,273765
54754,109508,164262,219016,273770
54755,109510,164265,219020,273775
54756,109512,164268,219024,273780
54757,109514,164271,219028,273785
54758,109516,164274,219032,273790
54759,109518,164277,219036,273795
54760,109520,164280,219040,273800
54761,109522,164283,219044,273805
54762,109524,164286,219048,273810
54763,109526,164289,219052,273815
54764,109528,164292,219056,273820
54765,109530,164295,219060,273825
54766,109532,164298,219064,273830
54767,109534,164301,219068,273835
54768,109536,164304,219072,273840
54769,109538,164307,219076,273845
54770,109540,164310,219080,273850
54771,109542,164313,219084,273855
54772,109544,164316,219088,273860
54773,109546,164319,219092,273865
54774,109548,164322,219096,273870
54775,109550,164325,219100,273875
54776,109552,164328,219104,273880
54777,109554,164331,219108,273885
54778,109556,164334,219112,273890
54779,109558,164337,219116,273895
54780,109560,164340,219120,273900
54781,109562,164343,219124,273905
54782,109564,164346,219128,273910
54783,109566,164349,219132,273915
54784,109568,164352,219136,273920
54785,109570,164355,219140,273925
54786,109572,164358,219144,273930
54787,109574,164361,219148,273935
54788,109576,164364,219152,273940
54789,109578,164367,219156,273945
54790,109580,164370,219160,273950
54791,109582,164373,219164,273955
54792,109584,164376,219168,273960
54793,109586,164379,219172,273965
54794,109588,164382,219176,273970
54795,109590,164385,219180,273975
54796,109592,164388,219184,273980
54797,109594,164391,219188,273985
54798,109596,164394,219192,273990
54799,109598,164397,219196,273995
54800,109600,164400,219200,274000
54801,109602,164403,219204,274005
54802,109604,164406,219208,274010
54803,109606,164409,219212,274015
54804,109608,164412,219216,274020
54805,109610,164415,219220,274025
54806,109612,164418,219224,274030
54807,109614,164421,219228,274035
54808,109616,164424,219232,274040
54809,109618,164427,219236,274045
54810,109620,164430,219240,274050
54811,109622,164433,219244,274055
54812,109624,164436,219248,274060
54813,109626,164439,219252,274065
54814,109628,164442,219256,274070
54815,109630,164445,219260,274075
54816,109632,164448,219264,274080
54817,109634,164451,219268,274085
54818,109636,164454,219272,274090
54819,109638,164457,219276,274095
54820,109640,164460,219280,274100
54821,109642,164463,219284,274105
54822,109644,164466,219288,274110
54823,109646,164469,219292,274115
54824,109648,164472,219296,274120
54825,109650,164475,219300,274125
54826,109652,164478,219304,274130
54827,109654,164481,219308,274135
54828,109656,164484,219312,274140
54829,109658,164487,219316,274145
54830,109660,164490,219320,274150
54831,109662,164493,219324,274155
54832,109664,164496,219328,274160
54833,109666,164499,219332,274165
54834,109668,164502,219336,274170
54835,109670,164505,219340,274175
54836,109672,164508,219344,274180
54837,109674,164511,219348,274185
54838,109676,164514,219352,274190
54839,109678,164517,219356,274195
54840,109680,164520,219360,274200
54841,109682,164523,219364,274205
54842,109684,164526,219368,274210
54843,109686,164529,219372,274215
54844,109688,164532,219376,274220
54845,109690,164535,219380,274225
54846,109692,164538,219384,274230
54847,109694,164541,219388,274235
54848,109696,164544,219392,274240
54849,109698,164547,219396,274245
54850,109700,164550,219400,274250
54851,109702,164553,219404,274255
54852,109704,164556,219408,274260
54853,109706,164559,219412,274265
54854,109708,164562,219416,274270
54855,109710,164565,219420,274275
54856,109712,164568,219424,274280
54857,109714,164571,219428,274285
54858,109716,164574,219432,274290
54859,109718,164577,219436,274295
54860,109720,164580,219440,274300
54861,109722,164583,219444,274305
54862,109724,164586,219448,274310
54863,109726,164589,219452,274315
54864,109728,164592,219456,274320
54865,109730,164595,219460,274325
54866,109732,164598,219464,274330
54867,109734,164601,219468,274335
54868,109736,164604,219472,274340
54869,109738,164607,219476,274345
54870,109740,164610,219480,274350
54871,109742,164613,219484,274355
54872,109744,164616,219488,274360
54873,109746,164619,219492,274365
54874,109748,164622,219496,274370
54875,109750,164625,219500,274375
54876,109752,164628,219504,274380
54877,109754,164631,219508,274385
54878,109756,164634,219512,274390
54879,109758,164637,219516,274395
54880,109760,164640,219520,274400
54881,109762,164643,219524,274405
54882,109764,164646,219528,274410
54883,109766,164649,219532,274415
54884,109768,164652,219536,274420
54885,109770,164655,219540,274425
54886,109772,164658,219544,274430
54887,109774,164661,219548,274435
54888,109776,164664,219552,274440
54889,109778,164667,219556,274445
54890,109780,164670,219560,274450
54891,109782,164673,219564,274455
54892,109784,164676,219568,274460
54893,109786,164679,219572,274465
54894,109788,164682,219576,274470
54895,109790,164685,219580,274475
54896,109792,164688,219584,274480
54897,109794,164691,219588,274485
54898,109796,164694,219592,274490
54899,109798,164697,219596,274495
54900,109800,164700,219600,274500
54901,109802,164703,219604,274505
54902,109804,164706,219608,274510
54903,109806,164709,219612,274515
54904,109808,164712,219616,274520
54905,109810,164715,219620,274525
54906,109812,164718,219624,274530
54907,109814,164721,219628,274535
54908,109816,164724,219632,274540
54909,109818,164727,219636,274545
54910,109820,164730,219640,274550
54911,109822,164733,219644,274555
54912,109824,164736,219648,274560
54913,109826,164739,219652,274565
54914,109828,164742,219656,274570
54915,109830,164745,219660,274575
54916,109832,164748,219664,274580
54917,109834,164751,219668,274585
54918,109836,164754,219672,274590
54919,109838,164757,219676,274595
54920,109840,164760,219680,274600
54921,109842,164763,219684,274605
54922,109844,164766,219688,274610
54923,109846,164769,219692,274615
54924,109848,164772,219696,274620
54925,109850,164775,219700,274625
54926,109852,164778,219704,274630
54927,109854,164781,219708,274635
54928,109856,164784,219712,274640
54929,109858,164787,219716,274645
54930,109860,164790,219720,274650
54931,109862,164793,219724,274655
54932,109864,164796,219728,274660
54933,109866,164799,219732,274665
54934,109868,164802,219736,274670
54935,109870,164805,219740,274675
54936,109872,164808,219744,274680
54937,109874,164811,219748,274685
54938,109876,164814,219752,274690
54939,109878,164817,219756,274695
54940,109880,164820,219760,274700
54941,109882,164823,219764,274705
54942,109884,164826,219768,274710
54943,109886,164829,219772,274715
54944,109888,164832,219776,274720
54945,109890,164835,219780,274725
54946,109892,164838,219784,274730
54947,109894,164841,219788,274735
54948,109896,164844,219792,274740
54949,109898,164847,219796,274745
54950,109900,164850,219800,274750
54951,109902,164853,219804,274755
54952,109904,164856,219808,274760
54953,109906,164859,219812,274765
54954,109908,164862,219816,274770
54955,109910,164865,219820,274775
54956,109912,164868,219824,274780
54957,109914,164871,219828,274785
54958,109916,164874,219832,274790
54959,109918,164877,219836,274795
54960,109920,164880,219840,274800
54961,109922,164883,219844,274805
54962,109924,164886,219848,274810
54963,109926,164889,219852,274815
54964,109928,164892,219856,274820
54965,109930,164895,219860,274825
54966,109932,164898,219864,274830
54967,109934,164901,219868,274835
54968,109936,164904,219872,274840
54969,109938,164907,219876,274845
54970,109940,164910,219880,274850
54971,109942,164913,219884,274855
54972,109944,164916,219888,274860
54973,109946,164919,219892,274865
54974,109948,164922,219896,274870
54975,109950,164925,219900,274875
54976,109952,164928,219904,274880
54977,109954,164931,219908,274885
54978,109956,164934,219912,274890
54979,109958,164937,219916,274895
54980,109960,164940,219920,274900
54981,109962,164943,219924,274905
54982,109964,164946,219928,274910
54983,109966,164949,219932,274915
54984,109968,164952,219936,274920
54985,109970,164955,219940,274925
54986,109972,164958,219944,274930
54987,109974,164961,219948,274935
54988,109976,164964,219952,274940
54989,109978,164967,219956,274945
54990,109980,164970,219960,274950
54991,109982,164973,219964,274955
54992,109984,164976,219968,274960
54993,109986,164979,219972,274965
54994,109988,164982,219976,274970
54995,109990,164985,219980,274975
54996,109992,164988,219984,274980
54997,109994,164991,219988,274985
54998,109996,164994,219992,274990
54999,109998,164997,219996,274995
55000,110000,165000,220000,275000
55001,110002,165003,220004,275005
55002,110004,165006,220008,275010
55003,110006,165009,220012,275015
55004,110008,165012,220016,275020
55005,110010,165015,220020,275025
55006,110012,165018,220024,275030
55007,110014,165021,220028,275035
55008,110016,165024,220032,275040
55009,110018,165027,220036,275045
55010,110020,165030,220040,275050
55011,110022,165033,220044,275055
55012,110024,165036,220048,275060
55013,110026,165039,220052,275065
55014,110028,165042,220056,275070
55015,110030,165045,220060,275075
55016,110032,165048,220064,275080
55017,110034,165051,220068,275085
55018,110036,165054,220072,275090
55019,110038,165057,220076,275095
55020,110040,165060,220080,275100
55021,110042,165063,220084,275105
55022,110044,165066,220088,275110
55023,110046,165069,220092,275115
55024,110048,165072,220096,275120
55025,110050,165075,220100,275125
55026,110052,165078,220104,275130
55027,110054,165081,220108,275135
55028,110056,165084,220112,275140
55029,110058,165087,220116,275145
55030,110060,165090,220120,275150
55031,110062,165093,220124,275155
55032,110064,165096,220128,275160
55033,110066,165099,220132,275165
55034,110068,165102,220136,275170
55035,110070,165105,220140,275175
55036,110072,165108,220144,275180
55037,110074,165111,220148,275185
55038,110076,165114,220152,275190
55039,110078,165117,220156,275195
55040,110080,165120,220160,275200
55041,110082,165123,220164,275205
55042,110084,165126,220168,275210
55043,110086,165129,220172,275215
55044,110088,165132,220176,275220
55045,110090,165135,220180,275225
55046,110092,165138,220184,275230
55047,110094,165141,220188,275235
55048,110096,165144,220192,275240
55049,110098,165147,220196,275245
55050,110100,165150,220200,275250
55051,110102,165153,220204,275255
55052,110104,165156,220208,275260
55053,110106,165159,220212,275265
55054,110108,165162,220216,275270
55055,110110,165165,220220,275275
55056,110112,165168,220224,275280
55057,110114,165171,220228,275285
55058,110116,165174,220232,275290
55059,110118,165177,220236,275295
55060,110120,165180,220240,275300
55061,110122,165183,220244,275305
55062,110124,165186,220248,275310
55063,110126,165189,220252,275315
55064,110128,165192,220256,275320
55065,110130,165195,220260,275325
55066,110132,165198,220264,275330
55067,110134,165201,220268,275335
55068,110136,165204,220272,275340
55069,110138,165207,220276,275345
55070,110140,165210,220280,275350
55071,110142,165213,220284,275355
55072,110144,165216,220288,275360
55073,110146,165219,220292,275365
55074,110148,165222,220296,275370
55075,110150,165225,220300,275375
55076,110152,165228,220304,275380
55077,110154,165231,220308,275385
55078,110156,165234,220312,275390
55079,110158,165237,220316,275395
55080,110160,165240,220320,275400
55081,110162,165243,220324,275405
55082,110164,165246,220328,275410
55083,110166,165249,220332,275415
55084,110168,165252,220336,275420
55085,110170,165255,220340,275425
55086,110172,165258,220344,275430
55087,110174,165261,220348,275435
55088,110176,165264,220352,275440
55089,110178,165267,220356,275445
55090,110180,165270,220360,275450
55091,110182,165273,220364,275455
55092,110184,165276,220368,275460
55093,110186,165279,220372,275465
55094,110188,165282,220376,275470
55095,110190,165285,220380,275475
55096,110192,165288,220384,275480
55097,110194,165291,220388,275485
55098,110196,165294,220392,275490
55099,110198,165297,220396,275495
55100,110200,165300,220400,275500
55101,110202,165303,220404,275505
55102,110204,165306,220408,275510
55103,110206,165309,220412,275515
55104,110208,165312,220416,275520
55105,110210,165315,220420,275525
55106,110212,165318,220424,275530
55107,110214,165321,220428,275535
55108,110216,165324,220432,275540
55109,110218,165327,220436,275545
55110,110220,165330,220440,275550
55111,110222,165333,220444,275555
55112,110224,165336,220448,275560
55113,110226,165339,220452,275565
55114,110228,165342,220456,275570
55115,110230,165345,220460,275575
55116,110232,165348,220464,275580
55117,110234,165351,220468,275585
55118,110236,165354,220472,275590
55119,110238,165357,220476,275595
55120,110240,165360,220480,275600
55121,110242,165363,220484,275605
55122,110244,165366,220488,275610
55123,110246,165369,220492,275615
55124,110248,165372,220496,275620
55125,110250,165375,220500,275625
55126,110252,165378,220504,275630
55127,110254,165381,220508,275635
55128,110256,165384,220512,275640
55129,110258,165387,220516,275645
55130,110260,165390,220520,275650
55131,110262,165393,220524,275655
55132,110264,165396,220528,275660
55133,110266,165399,220532,275665
55134,110268,165402,220536,275670
55135,110270,165405,220540,275675
55136,110272,165408,220544,275680
55137,110274,165411,220548,275685
55138,110276,165414,220552,275690
55139,110278,165417,220556,275695
55140,110280,165420,220560,275700
55141,110282,165423,220564,275705
55142,110284,165426,220568,275710
55143,110286,165429,220572,275715
55144,110288,165432,220576,275720
55145,110290,165435,220580,275725
55146,110292,165438,220584,275730
55147,110294,165441,220588,275735
55148,110296,165444,220592,275740
55149,110298,165447,220596,275745
55150,110300,165450,220600,275750
55151,110302,165453,220604,275755
55152,110304,165456,220608,275760
55153,110306,165459,220612,275765
55154,110308,165462,220616,275770
55155,110310,165465,220620,275775
55156,110312,165468,220624,275780
55157,110314,165471,220628,275785
55158,110316,165474,220632,275790
55159,110318,165477,220636,275795
55160,110320,165480,220640,275800
55161,110322,165483,220644,275805
55162,110324,165486,220648,275810
55163,110326,165489,220652,275815
55164,110328,165492,220656,275820
55165,110330,165495,220660,275825
55166,110332,165498,220664,275830
55167,110334,165501,220668,275835
55168,110336,165504,220672,275840
55169,110338,165507,220676,275845
55170,110340,165510,220680,275850
55171,110342,165513,220684,275855
55172,110344,165516,220688,275860
55173,110346,165519,220692,275865
55174,110348,165522,220696,275870
55175,110350,165525,220700,275875
55176,110352,165528,220704,275880
55177,110354,165531,220708,275885
55178,110356,165534,220712,275890
55179,110358,165537,220716,275895
55180,110360,165540,220720,275900
55181,110362,165543,220724,275905
55182,110364,165546,220728,275910
55183,110366,165549,220732,275915
55184,110368,165552,220736,275920
55185,110370,165555,220740,275925
55186,110372,165558,220744,275930
55187,110374,165561,220748,275935
55188,110376,165564,220752,275940
55189,110378,165567,220756,275945
55190,110380,165570,220760,275950
55191,110382,165573,220764,275955
55192,110384,165576,220768,275960
55193,110386,165579,220772,275965
55194,110388,165582,220776,275970
55195,110390,165585,220780,275975
55196,110392,165588,220784,275980
55197,110394,165591,220788,275985
55198,110396,165594,220792,275990
55199,110398,165597,220796,275995
55200,110400,165600,220800,276000
55201,110402,165603,220804,276005
55202,110404,165606,220808,276010
55203,110406,165609,220812,276015
55204,110408,165612,220816,276020
55205,110410,165615,220820,276025
55206,110412,165618,220824,276030
55207,110414,165621,220828,276035
55208,110416,165624,220832,276040
55209,110418,165627,220836,276045
55210,110420,165630,220840,276050
55211,110422,165633,220844,276055
55212,110424,165636,220848,276060
55213,110426,165639,220852,276065
55214,110428,165642,220856,276070
55215,110430,165645,220860,276075
55216,110432,165648,220864,276080
55217,110434,165651,220868,276085
55218,110436,165654,220872,276090
55219,110438,165657,220876,276095
55220,110440,165660,220880,276100
55221,110442,165663,220884,276105
55222,110444,165666,220888,276110
55223,110446,165669,220892,276115
55224,110448,165672,220896,276120
55225,110450,165675,220900,276125
55226,110452,165678,220904,276130
55227,110454,165681,220908,276135
55228,110456,165684,220912,276140
55229,110458,165687,220916,276145
55230,110460,165690,220920,276150
55231,110462,165693,220924,276155
55232,110464,165696,220928,276160
55233,110466,165699,220932,276165
55234,110468,165702,220936,276170
55235,110470,165705,220940,276175
55236,110472,165708,220944,276180
55237,110474,165711,220948,276185
55238,110476,165714,220952,276190
55239,110478,165717,220956,276195
55240,110480,165720,220960,276200
55241,110482,165723,220964,276205
55242,110484,165726,220968,276210
55243,110486,165729,220972,276215
55244,110488,165732,220976,276220
55245,110490,165735,220980,276225
55246,110492,165738,220984,276230
55247,110494,165741,220988,276235
55248,110496,165744,220992,276240
55249,110498,165747,220996,276245
55250,110500,165750,221000,276250
55251,110502,165753,221004,276255
55252,110504,165756,221008,276260
55253,110506,165759,221012,276265
55254,110508,165762,221016,276270
55255,110510,165765,221020,276275
55256,110512,165768,221024,276280
55257,110514,165771,221028,276285
55258,110516,165774,221032,276290
55259,110518,165777,221036,276295
55260,110520,165780,221040,276300
55261,110522,165783,221044,276305
55262,110524,165786,221048,276310
55263,110526,165789,221052,276315
55264,110528,165792,221056,276320
55265,110530,165795,221060,276325
55266,110532,165798,221064,276330
55267,110534,165801,221068,276335
55268,110536,165804,221072,276340
55269,110538,165807,221076,276345
55270,110540,165810,221080,276350
55271,110542,165813,221084,276355
55272,110544,165816,221088,276360
55273,110546,165819,221092,276365
55274,110548,165822,221096,276370
55275,110550,165825,221100,276375
55276,110552,165828,221104,276380
55277,110554,165831,221108,276385
55278,110556,165834,221112,276390
55279,110558,165837,221116,276395
55280,110560,165840,221120,276400
55281,110562,165843,221124,276405
55282,110564,165846,221128,276410
55283,110566,165849,221132,276415
55284,110568,165852,221136,276420
55285,110570,165855,221140,276425
55286,110572,165858,221144,276430
55287,110574,165861,221148,276435
55288,110576,165864,221152,276440
55289,110578,165867,221156,276445
55290,110580,165870,221160,276450
55291,110582,165873,221164,276455
55292,110584,165876,221168,276460
55293,110586,165879,221172,276465
55294,110588,165882,221176,276470
55295,110590,165885,221180,276475
55296,110592,165888,221184,276480
55297,110594,165891,221188,276485
55298,110596,165894,221192,276490
55299,110598,165897,221196,276495
55300,110600,165900,221200,276500
55301,110602,165903,221204,276505
55302,110604,165906,221208,276510
55303,110606,165909,221212,276515
55304,110608,165912,221216,276520
55305,110610,165915,221220,276525
55306,110612,165918,221224,276530
55307,110614,165921,221228,276535
55308,110616,165924,221232,276540
55309,110618,165927,221236,276545
55310,110620,165930,221240,276550
55311,110622,165933,221244,276555
55312,110624,165936,221248,276560
55313,110626,165939,221252,276565
55314,110628,165942,221256,276570
55315,110630,165945,221260,276575
55316,110632,165948,221264,276580
55317,110634,165951,221268,276585
55318,110636,165954,221272,276590
55319,110638,165957,221276,276595
55320,110640,165960,221280,276600
55321,110642,165963,221284,276605
55322,110644,165966,221288,276610
55323,110646,165969,221292,276615
55324,110648,165972,221296,276620
55325,110650,165975,221300,276625
55326,110652,165978,221304,276630
55327,110654,165981,221308,276635
55328,110656,165984,221312,276640
55329,110658,165987,221316,276645
55330,110660,165990,221320,276650
55331,110662,165993,221324,276655
55332,110664,165996,221328,276660
55333,110666,165999,221332,276665
55334,110668,166002,221336,276670
55335,110670,166005,221340,276675
55336,110672,166008,221344,276680
55337,110674,166011,221348,276685
55338,110676,166014,221352,276690
55339,110678,166017,221356,276695
55340,110680,166020,221360,276700
55341,110682,166023,221364,276705
55342,110684,166026,221368,276710
55343,110686,166029,221372,276715
55344,110688,166032,221376,276720
55345,110690,166035,221380,276725
55346,110692,166038,221384,276730
55347,110694,166041,221388,276735
55348,110696,166044,221392,276740
55349,110698,166047,221396,276745
55350,110700,166050,221400,276750
55351,110702,166053,221404,276755
55352,110704,166056,221408,276760
55353,110706,166059,221412,276765
55354,110708,166062,221416,276770
55355,110710,166065,221420,276775
55356,110712,166068,221424,276780
55357,110714,166071,221428,276785
55358,110716,166074,221432,276790
55359,110718,166077,221436,276795
55360,110720,166080,221440,276800
55361,110722,166083,221444,276805
55362,110724,166086,221448,276810
55363,110726,166089,221452,276815
55364,110728,166092,221456,276820
55365,110730,166095,221460,276825
55366,110732,166098,221464,276830
55367,110734,166101,221468,276835
55368,110736,166104,221472,276840
55369,110738,166107,221476,276845
55370,110740,166110,221480,276850
55371,110742,166113,221484,276855
55372,110744,166116,221488,276860
55373,110746,166119,221492,276865
55374,110748,166122,221496,276870
55375,110750,166125,221500,276875
55376,110752,166128,221504,276880
55377,110754,166131,221508,276885
55378,110756,166134,221512,276890
55379,110758,166137,221516,276895
55380,110760,166140,221520,276900
55381,110762,166143,221524,276905
55382,110764,166146,221528,276910
55383,110766,166149,221532,276915
55384,110768,166152,221536,276920
55385,110770,166155,221540,276925
55386,110772,166158,221544,276930
55387,110774,166161,221548,276935
55388,110776,166164,221552,276940
55389,110778,166167,221556,276945
55390,110780,166170,221560,276950
55391,110782,166173,221564,276955
55392,110784,166176,221568,276960
55393,110786,166179,221572,276965
55394,110788,166182,221576,276970
55395,110790,166185,221580,276975
55396,110792,166188,221584,276980
55397,110794,166191,221588,276985
55398,110796,166194,221592,276990
55399,110798,166197,221596,276995
55400,110800,166200,221600,277000
55401,110802,166203,221604,277005
55402,110804,166206,221608,277010
55403,110806,166209,221612,277015
55404,110808,166212,221616,277020
55405,110810,166215,221620,277025
55406,110812,166218,221624,277030
55407,110814,166221,221628,277035
55408,110816,166224,221632,277040
55409,110818,166227,221636,277045
55410,110820,166230,221640,277050
55411,110822,166233,221644,277055
55412,110824,166236,221648,277060
55413,110826,166239,221652,277065
55414,110828,166242,221656,277070
55415,110830,166245,221660,277075
55416,110832,166248,221664,277080
55417,110834,166251,221668,277085
55418,110836,166254,221672,277090
55419,110838,166257,221676,277095
55420,110840,166260,221680,277100
55421,110842,166263,221684,277105
55422,110844,166266,221688,277110
55423,110846,166269,221692,277115
55424,110848,166272,221696,277120
55425,110850,166275,221700,277125
55426,110852,166278,221704,277130
55427,110854,166281,221708,277135
55428,110856,166284,221712,277140
55429,110858,166287,221716,277145
55430,110860,166290,221720,277150
55431,110862,166293,221724,277155
55432,110864,166296,221728,277160
55433,110866,166299,221732,277165
55434,110868,166302,221736,277170
55435,110870,166305,221740,277175
55436,110872,166308,221744,277180
55437,110874,166311,221748,277185
55438,110876,166314,221752,277190
55439,110878,166317,221756,277195
55440,110880,166320,221760,277200
55441,110882,166323,221764,277205
55442,110884,166326,221768,277210
55443,110886,166329,221772,277215
55444,110888,166332,221776,277220
55445,110890,166335,221780,277225
55446,110892,166338,221784,277230
55447,110894,166341,221788,277235
55448,110896,166344,221792,277240
55449,110898,166347,221796,277245
55450,110900,166350,221800,277250
55451,110902,166353,221804,277255
55452,110904,166356,221808,277260
55453,110906,166359,221812,277265
55454,110908,166362,221816,277270
55455,110910,166365,221820,277275
55456,110912,166368,221824,277280
55457,110914,166371,221828,277285
55458,110916,166374,221832,277290
55459,110918,166377,221836,277295
55460,110920,166380,221840,277300
55461,110922,166383,221844,277305
55462,110924,166386,221848,277310
55463,110926,166389,221852,277315
55464,110928,166392,221856,277320
55465,110930,166395,221860,277325
55466,110932,166398,221864,277330
55467,110934,166401,221868,277335
55468,110936,166404,221872,277340
55469,110938,166407,221876,277345
55470,110940,166410,221880,277350
55471,110942,166413,221884,277355
55472,110944,166416,221888,277360
55473,110946,166419,221892,277365
55474,110948,166422,221896,277370
55475,110950,166425,221900,277375
55476,110952,166428,221904,277380
55477,110954,166431,221908,277385
55478,110956,166434,221912,277390
55479,110958,166437,221916,277395
55480,110960,166440,221920,277400
55481,110962,166443,221924,277405
55482,110964,166446,221928,277410
55483,110966,166449,221932,277415
55484,110968,166452,221936,277420
55485,110970,166455,221940,277425
55486,110972,166458,221944,277430
55487,110974,166461,221948,277435
55488,110976,166464,221952,277440
55489,110978,166467,221956,277445
55490,110980,166470,221960,277450
55491,110982,166473,221964,277455
55492,110984,166476,221968,277460
55493,110986,166479,221972,277465
55494,110988,166482,221976,277470
55495,110990,166485,221980,277475
55496,110992,166488,221984,277480
55497,110994,166491,221988,277485
55498,110996,166494,221992,277490
55499,110998,166497,221996,277495
55500,111000,166500,222000,277500
55501,111002,166503,222004,277505
55502,111004,166506,222008,277510
55503,111006,166509,222012,277515
55504,111008,166512,222016,277520
55505,111010,166515,222020,277525
55506,111012,166518,222024,277530
55507,111014,166521,222028,277535
55508,111016,166524,222032,277540
55509,111018,166527,222036,277545
55510,111020,166530,222040,277550
55511,111022,166533,222044,277555
55512,111024,166536,222048,277560
55513,111026,166539,222052,277565
55514,111028,166542,222056,277570
55515,111030,166545,222060,277575
55516,111032,166548,222064,277580
55517,111034,166551,222068,277585
55518,111036,166554,222072,277590
55519,111038,166557,222076,277595
55520,111040,166560,222080,277600
55521,111042,166563,222084,277605
55522,111044,166566,222088,277610
55523,111046,166569,222092,277615
55524,111048,166572,222096,277620
55525,111050,166575,222100,277625
55526,111052,166578,222104,277630
55527,111054,166581,222108,277635
55528,111056,166584,222112,277640
55529,111058,166587,222116,277645
55530,111060,166590,222120,277650
55531,111062,166593,222124,277655
55532,111064,166596,222128,277660
55533,111066,166599,222132,277665
55534,111068,166602,222136,277670
55535,111070,166605,222140,277675
55536,111072,166608,222144,277680
55537,111074,166611,222148,277685
55538,111076,166614,222152,277690
55539,111078,166617,222156,277695
55540,111080,166620,222160,277700
55541,111082,166623,222164,277705
55542,111084,166626,222168,277710
55543,111086,166629,222172,277715
55544,111088,166632,222176,277720
55545,111090,166635,222180,277725
55546,111092,166638,222184,277730
55547,111094,166641,222188,277735
55548,111096,166644,222192,277740
55549,111098,166647,222196,277745
55550,111100,166650,222200,277750
55551,111102,166653,222204,277755
55552,111104,166656,222208,277760
55553,111106,166659,222212,277765
55554,111108,166662,222216,277770
55555,111110,166665,222220,277775
55556,111112,166668,222224,277780
55557,111114,166671,222228,277785
55558,111116,166674,222232,277790
55559,111118,166677,222236,277795
55560,111120,166680,222240,277800
55561,111122,166683,222244,277805
55562,111124,166686,222248,277810
55563,111126,166689,222252,277815
55564,111128,166692,222256,277820
55565,111130,166695,222260,277825
55566,111132,166698,222264,277830
55567,111134,166701,222268,277835
55568,111136,166704,222272,277840
55569,111138,166707,222276,277845
55570,111140,166710,222280,277850
55571,111142,166713,222284,277855
55572,111144,166716,222288,277860
55573,111146,166719,222292,277865
55574,111148,166722,222296,277870
55575,111150,166725,222300,277875
55576,111152,166728,222304,277880
55577,111154,166731,222308,277885
55578,111156,166734,222312,277890
55579,111158,166737,222316,277895
55580,111160,166740,222320,277900
55581,111162,166743,222324,277905
55582,111164,166746,222328,277910
55583,111166,166749,222332,277915
55584,111168,166752,222336,277920
55585,111170,166755,222340,277925
55586,111172,166758,222344,277930
55587,111174,166761,222348,277935
55588,111176,166764,222352,277940
55589,111178,166767,222356,277945
55590,111180,166770,222360,277950
55591,111182,166773,222364,277955
55592,111184,166776,222368,277960
55593,111186,166779,222372,277965
55594,111188,166782,222376,277970
55595,111190,166785,222380,277975
55596,111192,166788,222384,277980
55597,111194,166791,222388,277985
55598,111196,166794,222392,277990
55599,111198,166797,222396,277995
55600,111200,166800,222400,278000
55601,111202,166803,222404,278005
55602,111204,166806,222408,278010
55603,111206,166809,222412,278015
55604,111208,166812,222416,278020
55605,111210,166815,222420,278025
55606,111212,166818,222424,278030
55607,111214,166821,222428,278035
55608,111216,166824,222432,278040
55609,111218,166827,222436,278045
55610,111220,166830,222440,278050
55611,111222,166833,222444,278055
55612,111224,166836,222448,278060
55613,111226,166839,222452,278065
55614,111228,166842,222456,278070
55615,111230,166845,222460,278075
55616,111232,166848,222464,278080
55617,111234,166851,222468,278085
55618,111236,166854,222472,278090
55619,111238,166857,222476,278095
55620,111240,166860,222480,278100
55621,111242,166863,222484,278105
55622,111244,166866,222488,278110
55623,111246,166869,222492,278115
55624,111248,166872,222496,278120
55625,111250,166875,222500,278125
55626,111252,166878,222504,278130
55627,111254,166881,222508,278135
55628,111256,166884,222512,278140
55629,111258,166887,222516,278145
55630,111260,166890,222520,278150
55631,111262,166893,222524,278155
55632,111264,166896,222528,278160
55633,111266,166899,222532,278165
55634,111268,166902,222536,278170
55635,111270,166905,222540,278175
55636,111272,166908,222544,278180
55637,111274,166911,222548,278185
55638,111276,166914,222552,278190
55639,111278,166917,222556,278195
55640,111280,166920,222560,278200
55641,111282,166923,222564,278205
55642,111284,166926,222568,278210
55643,111286,166929,222572,278215
55644,111288,166932,222576,278220
55645,111290,166935,222580,278225
55646,111292,166938,222584,278230
55647,111294,166941,222588,278235
55648,111296,166944,222592,278240
55649,111298,166947,222596,278245
55650,111300,166950,222600,278250
55651,111302,166953,222604,278255
55652,111304,166956,222608,278260
55653,111306,166959,222612,278265
55654,111308,166962,222616,278270
55655,111310,166965,222620,278275
55656,111312,166968,222624,278280
55657,111314,166971,222628,278285
55658,111316,166974,222632,278290
55659,111318,166977,222636,278295
55660,111320,166980,222640,278300
55661,111322,166983,222644,278305
55662,111324,166986,222648,278310
55663,111326,166989,222652,278315
55664,111328,166992,222656,278320
55665,111330,166995,222660,278325
55666,111332,166998,222664,278330
55667,111334,167001,222668,278335
55668,111336,167004,222672,278340
55669,111338,167007,222676,278345
55670,111340,167010,222680,278350
55671,111342,167013,222684,278355
55672,111344,167016,222688,278360
55673,111346,167019,222692,278365
55674,111348,167022,222696,278370
55675,111350,167025,222700,278375
55676,111352,167028,222704,278380
55677,111354,167031,222708,278385
55678,111356,167034,222712,278390
55679,111358,167037,222716,278395
55680,111360,167040,222720,278400
55681,111362,167043,222724,278405
55682,111364,167046,222728,278410
55683,111366,167049,222732,278415
55684,111368,167052,222736,278420
55685,111370,167055,222740,278425
55686,111372,167058,222744,278430
55687,111374,167061,222748,278435
55688,111376,167064,222752,278440
55689,111378,167067,222756,278445
55690,111380,167070,222760,278450
55691,111382,167073,222764,278455
55692,111384,167076,222768,278460
55693,111386,167079,222772,278465
55694,111388,167082,222776,278470
55695,111390,167085,222780,278475
55696,111392,167088,222784,278480
55697,111394,167091,222788,278485
55698,111396,167094,222792,278490
55699,111398,167097,222796,278495
55700,111400,167100,222800,278500
55701,111402,167103,222804,278505
55702,111404,167106,222808,278510
55703,111406,167109,222812,278515
55704,111408,167112,222816,278520
55705,111410,167115,222820,278525
55706,111412,167118,222824,278530
55707,111414,167121,222828,278535
55708,111416,167124,222832,278540
55709,111418,167127,222836,278545
55710,111420,167130,222840,278550
55711,111422,167133,222844,278555
55712,111424,167136,222848,278560
55713,111426,167139,222852,278565
55714,111428,167142,222856,278570
55715,111430,167145,222860,278575
55716,111432,167148,222864,278580
55717,111434,167151,222868,278585
55718,111436,167154,222872,278590
55719,111438,167157,222876,278595
55720,111440,167160,222880,278600
55721,111442,167163,222884,278605
55722,111444,167166,222888,278610
55723,111446,167169,222892,278615
55724,111448,167172,222896,278620
55725,111450,167175,222900,278625
55726,111452,167178,222904,278630
55727,111454,167181,222908,278635
55728,111456,167184,222912,278640
55729,111458,167187,222916,278645
55730,111460,167190,222920,278650
55731,111462,167193,222924,278655
55732,111464,167196,222928,278660
55733,111466,167199,222932,278665
55734,111468,167202,222936,278670
55735,111470,167205,222940,278675
55736,111472,167208,222944,278680
55737,111474,167211,222948,278685
55738,111476,167214,222952,278690
55739,111478,167217,222956,278695
55740,111480,167220,222960,278700
55741,111482,167223,222964,278705
55742,111484,167226,222968,278710
55743,111486,167229,222972,278715
55744,111488,167232,222976,278720
55745,111490,167235,222980,278725
55746,111492,167238,222984,278730
55747,111494,167241,222988,278735
55748,111496,167244,222992,278740
55749,111498,167247,222996,278745
55750,111500,167250,223000,278750
55751,111502,167253,223004,278755
55752,111504,167256,223008,278760
55753,111506,167259,223012,278765
55754,111508,167262,223016,278770
55755,111510,167265,223020,278775
55756,111512,167268,223024,278780
55757,111514,167271,223028,278785
55758,111516,167274,223032,278790
55759,111518,167277,223036,278795
55760,111520,167280,223040,278800
55761,111522,167283,223044,278805
55762,111524,167286,223048,278810
55763,111526,167289,223052,278815
55764,111528,167292,223056,278820
55765,111530,167295,223060,278825
55766,111532,167298,223064,278830
55767,111534,167301,223068,278835
55768,111536,167304,223072,278840
55769,111538,167307,223076,278845
55770,111540,167310,223080,278850
55771,111542,167313,223084,278855
55772,111544,167316,223088,278860
55773,111546,167319,223092,278865
55774,111548,167322,223096,278870
55775,111550,167325,223100,278875
55776,111552,167328,223104,278880
55777,111554,167331,223108,278885
55778,111556,167334,223112,278890
55779,111558,167337,223116,278895
55780,111560,167340,223120,278900
55781,111562,167343,223124,278905
55782,111564,167346,223128,278910
55783,111566,167349,223132,278915
55784,111568,167352,223136,278920
55785,111570,167355,223140,278925
55786,111572,167358,223144,278930
55787,111574,167361,223148,278935
55788,111576,167364,223152,278940
55789,111578,167367,223156,278945
55790,111580,167370,223160,278950
55791,111582,167373,223164,278955
55792,111584,167376,223168,278960
55793,111586,167379,223172,278965
55794,111588,167382,223176,278970
55795,111590,167385,223180,278975
55796,111592,167388,223184,278980
55797,111594,167391,223188,278985
55798,111596,167394,223192,278990
55799,111598,167397,223196,278995
55800,111600,167400,223200,279000
55801,111602,167403,223204,279005
55802,111604,167406,223208,279010
55803,111606,167409,223212,279015
55804,111608,167412,223216,279020
55805,111610,167415,223220,279025
55806,111612,167418,223224,279030
55807,111614,167421,223228,279035
55808,111616,167424,223232,279040
55809,111618,167427,223236,279045
55810,111620,167430,223240,279050
55811,111622,167433,223244,279055
55812,111624,167436,223248,279060
55813,111626,167439,223252,279065
55814,111628,167442,223256,279070
55815,111630,167445,223260,279075
55816,111632,167448,223264,279080
55817,111634,167451,223268,279085
55818,111636,167454,223272,279090
55819,111638,167457,223276,279095
55820,111640,167460,223280,279100
55821,111642,167463,223284,279105
55822,111644,167466,223288,279110
55823,111646,167469,223292,279115
55824,111648,167472,223296,279120
55825,111650,167475,223300,279125
55826,111652,167478,223304,279130
55827,111654,167481,223308,279135
55828,111656,167484,223312,279140
55829,111658,167487,223316,279145
55830,111660,167490,223320,279150
55831,111662,167493,223324,279155
55832,111664,167496,223328,279160
55833,111666,167499,223332,279165
55834,111668,167502,223336,279170
55835,111670,167505,223340,279175
55836,111672,167508,223344,279180
55837,111674,167511,223348,279185
55838,111676,167514,223352,279190
55839,111678,167517,223356,279195
55840,111680,167520,223360,279200
55841,111682,167523,223364,279205
55842,111684,167526,223368,279210
55843,111686,167529,223372,279215
55844,111688,167532,223376,279220
55845,111690,167535,223380,279225
55846,111692,167538,223384,279230
55847,111694,167541,223388,279235
55848,111696,167544,223392,279240
55849,111698,167547,223396,279245
55850,111700,167550,223400,279250
55851,111702,167553,223404,279255
55852,111704,167556,223408,279260
55853,111706,167559,223412,279265
55854,111708,167562,223416,279270
55855,111710,167565,223420,279275
55856,111712,167568,223424,279280
55857,111714,167571,223428,279285
55858,111716,167574,223432,279290
55859,111718,167577,223436,279295
55860,111720,167580,223440,279300
55861,111722,167583,223444,279305
55862,111724,167586,223448,279310
55863,111726,167589,223452,279315
55864,111728,167592,223456,279320
55865,111730,167595,223460,279325
55866,111732,167598,223464,279330
55867,111734,167601,223468,279335
55868,111736,167604,223472,279340
55869,111738,167607,223476,279345
55870,111740,167610,223480,279350
55871,111742,167613,223484,279355
55872,111744,167616,223488,279360
55873,111746,167619,223492,279365
55874,111748,167622,223496,279370
55875,111750,167625,223500,279375
55876,111752,167628,223504,279380
55877,111754,167631,223508,279385
55878,111756,167634,223512,279390
55879,111758,167637,223516,279395
55880,111760,167640,223520,279400
55881,111762,167643,223524,279405
55882,111764,167646,223528,279410
55883,111766,167649,223532,279415
55884,111768,167652,223536,279420
55885,111770,167655,223540,279425
55886,111772,167658,223544,279430
55887,111774,167661,223548,279435
55888,111776,167664,223552,279440
55889,111778,167667,223556,279445
55890,111780,167670,223560,279450
55891,111782,167673,223564,279455
55892,111784,167676,223568,279460
55893,111786,167679,223572,279465
55894,111788,167682,223576,279470
55895,111790,167685,223580,279475
55896,111792,167688,223584,279480
55897,111794,167691,223588,279485
55898,111796,167694,223592,279490
55899,111798,167697,223596,279495
55900,111800,167700,223600,279500
55901,111802,167703,223604,279505
55902,111804,167706,223608,279510
55903,111806,167709,223612,279515
55904,111808,167712,223616,279520
55905,111810,167715,223620,279525
55906,111812,167718,223624,279530
55907,111814,167721,223628,279535
55908,111816,167724,223632,279540
55909,111818,167727,223636,279545
55910,111820,167730,223640,279550
55911,111822,167733,223644,279555
55912,111824,167736,223648,279560
55913,111826,167739,223652,279565
55914,111828,167742,223656,279570
55915,111830,167745,223660,279575
55916,111832,167748,223664,279580
55917,111834,167751,223668,279585
55918,111836,167754,223672,279590
55919,111838,167757,223676,279595
55920,111840,167760,223680,279600
55921,111842,167763,223684,279605
55922,111844,167766,223688,279610
55923,111846,167769,223692,279615
55924,111848,167772,223696,279620
55925,111850,167775,223700,279625
55926,111852,167778,223704,279630
55927,111854,167781,223708,279635
55928,111856,167784,223712,279640
55929,111858,167787,223716,279645
55930,111860,167790,223720,279650
55931,111862,167793,223724,279655
55932,111864,167796,223728,279660
55933,111866,167799,223732,279665
55934,111868,167802,223736,279670
55935,111870,167805,223740,279675
55936,111872,167808,223744,279680
55937,111874,167811,223748,279685
55938,111876,167814,223752,279690
55939,111878,167817,223756,279695
55940,111880,167820,223760,279700
55941,111882,167823,223764,279705
55942,111884,167826,223768,279710
55943,111886,167829,223772,279715
55944,111888,167832,223776,279720
55945,111890,167835,223780,279725
55946,111892,167838,223784,279730
55947,111894,167841,223788,279735
55948,111896,167844,223792,279740
55949,111898,167847,223796,279745
55950,111900,167850,223800,279750
55951,111902,167853,223804,279755
55952,111904,167856,223808,279760
55953,111906,167859,223812,279765
55954,111908,167862,223816,279770
55955,111910,167865,223820,279775
55956,111912,167868,223824,279780
55957,111914,167871,223828,279785
55958,111916,167874,223832,279790
55959,111918,167877,223836,279795
55960,111920,167880,223840,279800
55961,111922,167883,223844,279805
55962,111924,167886,223848,279810
55963,111926,167889,223852,279815
55964,111928,167892,223856,279820
55965,111930,167895,223860,279825
55966,111932,167898,223864,279830
55967,111934,167901,223868,279835
55968,111936,167904,223872,279840
55969,111938,167907,223876,279845
55970,111940,167910,223880,279850
55971,111942,167913,223884,279855
55972,111944,167916,223888,279860
55973,111946,167919,223892,279865
55974,111948,167922,223896,279870
55975,111950,167925,223900,279875
55976,111952,167928,223904,279880
55977,111954,167931,223908,279885
55978,111956,167934,223912,279890
55979,111958,167937,223916,279895
55980,111960,167940,223920,279900
55981,111962,167943,223924,279905
55982,111964,167946,223928,279910
55983,111966,167949,223932,279915
55984,111968,167952,223936,279920
55985,111970,167955,223940,279925
55986,111972,167958,223944,279930
55987,111974,167961,223948,279935
55988,111976,167964,223952,279940
55989,111978,167967,223956,279945
55990,111980,167970,223960,279950
55991,111982,167973,223964,279955
55992,111984,167976,223968,279960
55993,111986,167979,223972,279965
55994,111988,167982,223976,279970
55995,111990,167985,223980,279975
55996,111992,167988,223984,279980
55997,111994,167991,223988,279985
55998,111996,167994,223992,279990
55999,111998,167997,223996,279995
56000,112000,168000,224000,280000
56001,112002,168003,224004,280005
56002,112004,168006,224008,280010
56003,112006,168009,224012,280015
56004,112008,168012,224016,280020
56005,112010,168015,224020,280025
56006,112012,168018,224024,280030
56007,112014,168021,224028,280035
56008,112016,168024,224032,280040
56009,112018,168027,224036,280045
56010,112020,168030,224040,280050
56011,112022,168033,224044,280055
56012,112024,168036,224048,280060
56013,112026,168039,224052,280065
56014,112028,168042,224056,280070
56015,112030,168045,224060,280075
56016,112032,168048,224064,280080
56017,112034,168051,224068,280085
56018,112036,168054,224072,280090
56019,112038,168057,224076,280095
56020,112040,168060,224080,280100
56021,112042,168063,224084,280105
56022,112044,168066,224088,280110
56023,112046,168069,224092,280115
56024,112048,168072,224096,280120
56025,112050,168075,224100,280125
56026,112052,168078,224104,280130
56027,112054,168081,224108,280135
56028,112056,168084,224112,280140
56029,112058,168087,224116,280145
56030,112060,168090,224120,280150
56031,112062,168093,224124,280155
56032,112064,168096,224128,280160
56033,112066,168099,224132,280165
56034,112068,168102,224136,280170
56035,112070,168105,224140,280175
56036,112072,168108,224144,280180
56037,112074,168111,224148,280185
56038,112076,168114,224152,280190
56039,112078,168117,224156,280195
56040,112080,168120,224160,280200
56041,112082,168123,224164,280205
56042,112084,168126,224168,280210
56043,112086,168129,224172,280215
56044,112088,168132,224176,280220
56045,112090,168135,224180,280225
56046,112092,168138,224184,280230
56047,112094,168141,224188,280235
56048,112096,168144,224192,280240
56049,112098,168147,224196,280245
56050,112100,168150,224200,280250
56051,112102,168153,224204,280255
56052,112104,168156,224208,280260
56053,112106,168159,224212,280265
56054,112108,168162,224216,280270
56055,112110,168165,224220,280275
56056,112112,168168,224224,280280
56057,112114,168171,224228,280285
56058,112116,168174,224232,280290
56059,112118,168177,224236,280295
56060,112120,168180,224240,280300
56061,112122,168183,224244,280305
56062,112124,168186,224248,280310
56063,112126,168189,224252,280315
56064,112128,168192,224256,280320
56065,112130,168195,224260,280325
56066,112132,168198,224264,280330
56067,112134,168201,224268,280335
56068,112136,168204,224272,280340
56069,112138,168207,224276,280345
56070,112140,168210,224280,280350
56071,112142,168213,224284,280355
56072,112144,168216,224288,280360
56073,112146,168219,224292,280365
56074,112148,168222,224296,280370
56075,112150,168225,224300,280375
56076,112152,168228,224304,280380
56077,112154,168231,224308,280385
56078,112156,168234,224312,280390
56079,112158,168237,224316,280395
56080,112160,168240,224320,280400
56081,112162,168243,224324,280405
56082,112164,168246,224328,280410
56083,112166,168249,224332,280415
56084,112168,168252,224336,280420
56085,112170,168255,224340,280425
56086,112172,168258,224344,280430
56087,112174,168261,224348,280435
56088,112176,168264,224352,280440
56089,112178,168267,224356,280445
56090,112180,168270,224360,280450
56091,112182,168273,224364,280455
56092,112184,168276,224368,280460
56093,112186,168279,224372,280465
56094,112188,168282,224376,280470
56095,112190,168285,224380,280475
56096,112192,168288,224384,280480
56097,112194,168291,224388,280485
56098,112196,168294,224392,280490
56099,112198,168297,224396,280495
56100,112200,168300,224400,280500
56101,112202,168303,224404,280505
56102,112204,168306,224408,280510
56103,112206,168309,224412,280515
56104,112208,168312,224416,280520
56105,112210,168315,224420,280525
56106,112212,168318,224424,280530
56107,112214,168321,224428,280535
56108,112216,168324,224432,280540
56109,112218,168327,224436,280545
56110,112220,168330,224440,280550
56111,112222,168333,224444,280555
56112,112224,168336,224448,280560
56113,112226,168339,224452,280565
56114,112228,168342,224456,280570
56115,112230,168345,224460,280575
56116,112232,168348,224464,280580
56117,112234,168351,224468,280585
56118,112236,168354,224472,280590
56119,112238,168357,224476,280595
56120,112240,168360,224480,280600
56121,112242,168363,224484,280605
56122,112244,168366,224488,280610
56123,112246,168369,224492,280615
56124,112248,168372,224496,280620
56125,112250,168375,224500,280625
56126,112252,168378,224504,280630
56127,112254,168381,224508,280635
56128,112256,168384,224512,280640
56129,112258,168387,224516,280645
56130,112260,168390,224520,280650
56131,112262,168393,224524,280655
56132,112264,168396,224528,280660
56133,112266,168399,224532,280665
56134,112268,168402,224536,280670
56135,112270,168405,224540,280675
56136,112272,168408,224544,280680
56137,112274,168411,224548,280685
56138,112276,168414,224552,280690
56139,112278,168417,224556,280695
56140,112280,168420,224560,280700
56141,112282,168423,224564,280705
56142,112284,168426,224568,280710
56143,112286,168429,224572,280715
56144,112288,168432,224576,280720
56145,112290,168435,224580,280725
56146,112292,168438,224584,280730
56147,112294,168441,224588,280735
56148,112296,168444,224592,280740
56149,112298,168447,224596,280745
56150,112300,168450,224600,280750
56151,112302,168453,224604,280755
56152,112304,168456,224608,280760
56153,112306,168459,224612,280765
56154,112308,168462,224616,280770
56155,112310,168465,224620,280775
56156,112312,168468,224624,280780
56157,112314,168471,224628,280785
56158,112316,168474,224632,280790
56159,112318,168477,224636,280795
56160,112320,168480,224640,280800
56161,112322,168483,224644,280805
56162,112324,168486,224648,280810
56163,112326,168489,224652,280815
56164,112328,168492,224656,280820
56165,112330,168495,224660,280825
56166,112332,168498,224664,280830
56167,112334,168501,224668,280835
56168,112336,168504,224672,280840
56169,112338,168507,224676,280845
56170,112340,168510,224680,280850
56171,112342,168513,224684,280855
56172,112344,168516,224688,280860
56173,112346,168519,224692,280865
56174,112348,168522,224696,280870
56175,112350,168525,224700,280875
56176,112352,168528,224704,280880
56177,112354,168531,224708,280885
56178,112356,168534,224712,280890
56179,112358,168537,224716,280895
56180,112360,168540,224720,280900
56181,112362,168543,224724,280905
56182,112364,168546,224728,280910
56183,112366,168549,224732,280915
56184,112368,168552,224736,280920
56185,112370,168555,224740,280925
56186,112372,168558,224744,280930
56187,112374,168561,224748,280935
56188,112376,168564,224752,280940
56189,112378,168567,224756,280945
56190,112380,168570,224760,280950
56191,112382,168573,224764,280955
56192,112384,168576,224768,280960
56193,112386,168579,224772,280965
56194,112388,168582,224776,280970
56195,112390,168585,224780,280975
56196,112392,168588,224784,280980
56197,112394,168591,224788,280985
56198,112396,168594,224792,280990
56199,112398,168597,224796,280995
56200,112400,168600,224800,281000
56201,112402,168603,224804,281005
56202,112404,168606,224808,281010
56203,112406,168609,224812,281015
56204,112408,168612,224816,281020
56205,112410,168615,224820,281025
56206,112412,168618,224824,281030
56207,112414,168621,224828,281035
56208,112416,168624,224832,281040
56209,112418,168627,224836,281045
56210,112420,168630,224840,281050
56211,112422,168633,224844,281055
56212,112424,168636,224848,281060
56213,112426,168639,224852,281065
56214,112428,168642,224856,281070
56215,112430,168645,224860,281075
56216,112432,168648,224864,281080
56217,112434,168651,224868,281085
56218,112436,168654,224872,281090
56219,112438,168657,224876,281095
56220,112440,168660,224880,281100
56221,112442,168663,224884,281105
56222,112444,168666,224888,281110
56223,112446,168669,224892,281115
56224,112448,168672,224896,281120
56225,112450,168675,224900,281125
56226,112452,168678,224904,281130
56227,112454,168681,224908,281135
56228,112456,168684,224912,281140
56229,112458,168687,224916,281145
56230,112460,168690,224920,281150
56231,112462,168693,224924,281155
56232,112464,168696,224928,281160
56233,112466,168699,224932,281165
56234,112468,168702,224936,281170
56235,112470,168705,224940,281175
56236,112472,168708,224944,281180
56237,112474,168711,224948,281185
56238,112476,168714,224952,281190
56239,112478,168717,224956,281195
56240,112480,168720,224960,281200
56241,112482,168723,224964,281205
56242,112484,168726,224968,281210
56243,112486,168729,224972,281215
56244,112488,168732,224976,281220
56245,112490,168735,224980,281225
56246,112492,168738,224984,281230
56247,112494,168741,224988,281235
56248,112496,168744,224992,281240
56249,112498,168747,224996,281245
56250,112500,168750,225000,281250
56251,112502,168753,225004,281255
56252,112504,168756,225008,281260
56253,112506,168759,225012,281265
56254,112508,168762,225016,281270
56255,112510,168765,225020,281275
56256,112512,168768,225024,281280
56257,112514,168771,225028,281285
56258,112516,168774,225032,281290
56259,112518,168777,225036,281295
56260,112520,168780,225040,281300
56261,112522,168783,225044,281305
56262,112524,168786,225048,281310
56263,112526,168789,225052,281315
56264,112528,168792,225056,281320
56265,112530,168795,225060,281325
56266,112532,168798,225064,281330
56267,112534,168801,225068,281335
56268,112536,168804,225072,281340
56269,112538,168807,225076,281345
56270,112540,168810,225080,281350
56271,112542,168813,225084,281355
56272,112544,168816,225088,281360
56273,112546,168819,225092,281365
56274,112548,168822,225096,281370
56275,112550,168825,225100,281375
56276,112552,168828,225104,281380
56277,112554,168831,225108,281385
56278,112556,168834,225112,281390
56279,112558,168837,225116,281395
56280,112560,168840,225120,281400
56281,112562,168843,225124,281405
56282,112564,168846,225128,281410
56283,112566,168849,225132,281415
56284,112568,168852,225136,281420
56285,112570,168855,225140,281425
56286,112572,168858,225144,281430
56287,112574,168861,225148,281435
56288,112576,168864,225152,281440
56289,112578,168867,225156,281445
56290,112580,168870,225160,281450
56291,112582,168873,225164,281455
56292,112584,168876,225168,281460
56293,112586,168879,225172,281465
56294,112588,168882,225176,281470
56295,112590,168885,225180,281475
56296,112592,168888,225184,281480
56297,112594,168891,225188,281485
56298,112596,168894,225192,281490
56299,112598,168897,225196,281495
56300,112600,168900,225200,281500
56301,112602,168903,225204,281505
56302,112604,168906,225208,281510
56303,112606,168909,225212,281515
56304,112608,168912,225216,281520
56305,112610,168915,225220,281525
56306,112612,168918,225224,281530
56307,112614,168921,225228,281535
56308,112616,168924,225232,281540
56309,112618,168927,225236,281545
56310,112620,168930,225240,281550
56311,112622,168933,225244,281555
56312,112624,168936,225248,281560
56313,112626,168939,225252,281565
56314,112628,168942,225256,281570
56315,112630,168945,225260,281575
56316,112632,168948,225264,281580
56317,112634,168951,225268,281585
56318,112636,168954,225272,281590
56319,112638,168957,225276,281595
56320,112640,168960,225280,281600
56321,112642,168963,225284,281605
56322,112644,168966,225288,281610
56323,112646,168969,225292,281615
56324,112648,168972,225296,281620
56325,112650,168975,225300,281625
56326,112652,168978,225304,281630
56327,112654,168981,225308,281635
56328,112656,168984,225312,281640
56329,112658,168987,225316,281645
56330,112660,168990,225320,281650
56331,112662,168993,225324,281655
56332,112664,168996,225328,281660
56333,112666,168999,225332,281665
56334,112668,169002,225336,281670
56335,112670,169005,225340,281675
56336,112672,169008,225344,281680
56337,112674,169011,225348,281685
56338,112676,169014,225352,281690
56339,112678,169017,225356,281695
56340,112680,169020,225360,281700
56341,112682,169023,225364,281705
56342,112684,169026,225368,281710
56343,112686,169029,225372,281715
56344,112688,169032,225376,281720
56345,112690,169035,225380,281725
56346,112692,169038,225384,281730
56347,112694,169041,225388,281735
56348,112696,169044,225392,281740
56349,112698,169047,225396,281745
56350,112700,169050,225400,281750
56351,112702,169053,225404,281755
56352,112704,169056,225408,281760
56353,112706,169059,225412,281765
56354,112708,169062,225416,281770
56355,112710,169065,225420,281775
56356,112712,169068,225424,281780
56357,112714,169071,225428,281785
56358,112716,169074,225432,281790
56359,112718,169077,225436,281795
56360,112720,169080,225440,281800
56361,112722,169083,225444,281805
56362,112724,169086,225448,281810
56363,112726,169089,225452,281815
56364,112728,169092,225456,281820
56365,112730,169095,225460,281825
56366,112732,169098,225464,281830
56367,112734,169101,225468,281835
56368,112736,169104,225472,281840
56369,112738,169107,225476,281845
56370,112740,169110,225480,281850
56371,112742,169113,225484,281855
56372,112744,169116,225488,281860
56373,112746,169119,225492,281865
56374,112748,169122,225496,281870
56375,112750,169125,225500,281875
56376,112752,169128,225504,281880
56377,112754,169131,225508,281885
56378,112756,169134,225512,281890
56379,112758,169137,225516,281895
56380,112760,169140,225520,281900
56381,112762,169143,225524,281905
56382,112764,169146,225528,281910
56383,112766,169149,225532,281915
56384,112768,169152,225536,281920
56385,112770,169155,225540,281925
56386,112772,169158,225544,281930
56387,112774,169161,225548,281935
56388,112776,169164,225552,281940
56389,112778,169167,225556,281945
56390,112780,169170,225560,281950
56391,112782,169173,225564,281955
56392,112784,169176,225568,281960
56393,112786,169179,225572,281965
56394,112788,169182,225576,281970
56395,112790,169185,225580,281975
56396,112792,169188,225584,281980
56397,112794,169191,225588,281985
56398,112796,169194,225592,281990
56399,112798,169197,225596,281995
56400,112800,169200,225600,282000
56401,112802,169203,225604,282005
56402,112804,169206,225608,282010
56403,112806,169209,225612,282015
56404,112808,169212,225616,282020
56405,112810,169215,225620,282025
56406,112812,169218,225624,282030
56407,112814,169221,225628,282035
56408,112816,169224,225632,282040
56409,112818,169227,225636,282045
56410,112820,169230,225640,282050
56411,112822,169233,225644,282055
56412,112824,169236,225648,282060
56413,112826,169239,225652,282065
56414,112828,169242,225656,282070
56415,112830,169245,225660,282075
56416,112832,169248,225664,282080
56417,112834,169251,225668,282085
56418,112836,169254,225672,282090
56419,112838,169257,225676,282095
56420,112840,169260,225680,282100
56421,112842,169263,225684,282105
56422,112844,169266,225688,282110
56423,112846,169269,225692,282115
56424,112848,169272,225696,282120
56425,112850,169275,225700,282125
56426,112852,169278,225704,282130
56427,112854,169281,225708,282135
56428,112856,169284,225712,282140
56429,112858,169287,225716,282145
56430,112860,169290,225720,282150
56431,112862,169293,225724,282155
56432,112864,169296,225728,282160
56433,112866,169299,225732,282165
56434,112868,169302,225736,282170
56435,112870,169305,225740,282175
56436,112872,169308,225744,282180
56437,112874,169311,225748,282185
56438,112876,169314,225752,282190
56439,112878,169317,225756,282195
56440,112880,169320,225760,282200
56441,112882,169323,225764,282205
56442,112884,169326,225768,282210
56443,112886,169329,225772,282215
56444,112888,169332,225776,282220
56445,112890,169335,225780,282225
56446,112892,169338,225784,282230
56447,112894,169341,225788,282235
56448,112896,169344,225792,282240
56449,112898,169347,225796,282245
56450,112900,169350,225800,282250
56451,112902,169353,225804,282255
56452,112904,169356,225808,282260
56453,112906,169359,225812,282265
56454,112908,169362,225816,282270
56455,112910,169365,225820,282275
56456,112912,169368,225824,282280
56457,112914,169371,225828,282285
56458,112916,169374,225832,282290
56459,112918,169377,225836,282295
56460,112920,169380,225840,282300
56461,112922,169383,225844,282305
56462,112924,169386,225848,282310
56463,112926,169389,225852,282315
56464,112928,169392,225856,282320
56465,112930,169395,225860,282325
56466,112932,169398,225864,282330
56467,112934,169401,225868,282335
56468,112936,169404,225872,282340
56469,112938,169407,225876,282345
56470,112940,169410,225880,282350
56471,112942,169413,225884,282355
56472,112944,169416,225888,282360
56473,112946,169419,225892,282365
56474,112948,169422,225896,282370
56475,112950,169425,225900,282375
56476,112952,169428,225904,282380
56477,112954,169431,225908,282385
56478,112956,169434,225912,282390
56479,112958,169437,225916,282395
56480,112960,169440,225920,282400
56481,112962,169443,225924,282405
56482,112964,169446,225928,282410
56483,112966,169449,225932,282415
56484,112968,169452,225936,282420
56485,112970,169455,225940,282425
56486,112972,169458,225944,282430
56487,112974,169461,225948,282435
56488,112976,169464,225952,282440
56489,112978,169467,225956,282445
56490,112980,169470,225960,282450
56491,112982,169473,225964,282455
56492,112984,169476,225968,282460
56493,112986,169479,225972,282465
56494,112988,169482,225976,282470
56495,112990,169485,225980,282475
56496,112992,169488,225984,282480
56497,112994,169491,225988,282485
56498,112996,169494,225992,282490
56499,112998,169497,225996,282495
56500,113000,169500,226000,282500
56501,113002,169503,226004,282505
56502,113004,169506,226008,282510
56503,113006,169509,226012,282515
56504,113008,169512,226016,282520
56505,113010,169515,226020,282525
56506,113012,169518,226024,282530
56507,113014,169521,226028,282535
56508,113016,169524,226032,282540
56509,113018,169527,226036,282545
56510,113020,169530,226040,282550
56511,113022,169533,226044,282555
56512,113024,169536,226048,282560
56513,113026,169539,226052,282565
56514,113028,169542,226056,282570
56515,113030,169545,226060,282575
56516,113032,169548,226064,282580
56517,113034,169551,226068,282585
56518,113036,169554,226072,282590
56519,113038,169557,226076,282595
56520,113040,169560,226080,282600
56521,113042,169563,226084,282605
56522,113044,169566,226088,282610
56523,113046,169569,226092,282615
56524,113048,169572,226096,282620
56525,113050,169575,226100,282625
56526,113052,169578,226104,282630
56527,113054,169581,226108,282635
56528,113056,169584,226112,282640
56529,113058,169587,226116,282645
56530,113060,169590,226120,282650
56531,113062,169593,226124,282655
56532,113064,169596,226128,282660
56533,113066,169599,226132,282665
56534,113068,169602,226136,282670
56535,113070,169605,226140,282675
56536,113072,169608,226144,282680
56537,113074,169611,226148,282685
56538,113076,169614,226152,282690
56539,113078,169617,226156,282695
56540,113080,169620,226160,282700
56541,113082,169623,226164,282705
56542,113084,169626,226168,282710
56543,113086,169629,226172,282715
56544,113088,169632,226176,282720
56545,113090,169635,226180,282725
56546,113092,169638,226184,282730
56547,113094,169641,226188,282735
56548,113096,169644,226192,282740
56549,113098,169647,226196,282745
56550,113100,169650,226200,282750
56551,113102,169653,226204,282755
56552,113104,169656,226208,282760
56553,113106,169659,226212,282765
56554,113108,169662,226216,282770
56555,113110,169665,226220,282775
56556,113112,169668,226224,282780
56557,113114,169671,226228,282785
56558,113116,169674,226232,282790
56559,113118,169677,226236,282795
56560,113120,169680,226240,282800
56561,113122,169683,226244,282805
56562,113124,169686,226248,282810
56563,113126,169689,226252,282815
56564,113128,169692,226256,282820
56565,113130,169695,226260,282825
56566,113132,169698,226264,282830
56567,113134,169701,226268,282835
56568,113136,169704,226272,282840
56569,113138,169707,226276,282845
56570,113140,169710,226280,282850
56571,113142,169713,226284,282855
56572,113144,169716,226288,282860
56573,113146,169719,226292,282865
56574,113148,169722,226296,282870
56575,113150,169725,226300,282875
56576,113152,169728,226304,282880
56577,113154,169731,226308,282885
56578,113156,169734,226312,282890
56579,113158,169737,226316,282895
56580,113160,169740,226320,282900
56581,113162,169743,226324,282905
56582,113164,169746,226328,282910
56583,113166,169749,226332,282915
56584,113168,169752,226336,282920
56585,113170,169755,226340,282925
56586,113172,169758,226344,282930
56587,113174,169761,226348,282935
56588,113176,169764,226352,282940
56589,113178,169767,226356,282945
56590,113180,169770,226360,282950
56591,113182,169773,226364,282955
56592,113184,169776,226368,282960
56593,113186,169779,226372,282965
56594,113188,169782,226376,282970
56595,113190,169785,226380,282975
56596,113192,169788,226384,282980
56597,113194,169791,226388,282985
56598,113196,169794,226392,282990
56599,113198,169797,226396,282995
56600,113200,169800,226400,283000
56601,113202,169803,226404,283005
56602,113204,169806,226408,283010
56603,113206,169809,226412,283015
56604,113208,169812,226416,283020
56605,113210,169815,226420,283025
56606,113212,169818,226424,283030
56607,113214,169821,226428,283035
56608,113216,169824,226432,283040
56609,113218,169827,226436,283045
56610,113220,169830,226440,283050
56611,113222,169833,226444,283055
56612,113224,169836,226448,283060
56613,113226,169839,226452,283065
56614,113228,169842,226456,283070
56615,113230,169845,226460,283075
56616,113232,169848,226464,283080
56617,113234,169851,226468,283085
56618,113236,169854,226472,283090
56619,113238,169857,226476,283095
56620,113240,169860,226480,283100
56621,113242,169863,226484,283105
56622,113244,169866,226488,283110
56623,113246,169869,226492,283115
56624,113248,169872,226496,283120
56625,113250,169875,226500,283125
56626,113252,169878,226504,283130
56627,113254,169881,226508,283135
56628,113256,169884,226512,283140
56629,113258,169887,226516,283145
56630,113260,169890,226520,283150
56631,113262,169893,226524,283155
56632,113264,169896,226528,283160
56633,113266,169899,226532,283165
56634,113268,169902,226536,283170
56635,113270,169905,226540,283175
56636,113272,169908,226544,283180
56637,113274,169911,226548,283185
56638,113276,169914,226552,283190
56639,113278,169917,226556,283195
56640,113280,169920,226560,283200
56641,113282,169923,226564,283205
56642,113284,169926,226568,283210
56643,113286,169929,226572,283215
56644,113288,169932,226576,283220
56645,113290,169935,226580,283225
56646,113292,169938,226584,283230
56647,113294,169941,226588,283235
56648,113296,169944,226592,283240
56649,113298,169947,226596,283245
56650,113300,169950,226600,283250
56651,113302,169953,226604,283255
56652,113304,169956,226608,283260
56653,113306,169959,226612,283265
56654,113308,169962,226616,283270
56655,113310,169965,226620,283275
56656,113312,169968,226624,283280
56657,113314,169971,226628,283285
56658,113316,169974,226632,283290
56659,113318,169977,226636,283295
56660,113320,169980,226640,283300
56661,113322,169983,226644,283305
56662,113324,169986,226648,283310
56663,113326,169989,226652,283315
56664,113328,169992,226656,283320
56665,113330,169995,226660,283325
56666,113332,169998,226664,283330
56667,113334,170001,226668,283335
56668,113336,170004,226672,283340
56669,113338,170007,226676,283345
56670,113340,170010,226680,283350
56671,113342,170013,226684,283355
56672,113344,170016,226688,283360
56673,113346,170019,226692,283365
56674,113348,170022,226696,283370
56675,113350,170025,226700,283375
56676,113352,170028,226704,283380
56677,113354,170031,226708,283385
56678,113356,170034,226712,283390
56679,113358,170037,226716,283395
56680,113360,170040,226720,283400
56681,113362,170043,226724,283405
56682,113364,170046,226728,283410
56683,113366,170049,226732,283415
56684,113368,170052,226736,283420
56685,113370,170055,226740,283425
56686,113372,170058,226744,283430
56687,113374,170061,226748,283435
56688,113376,170064,226752,283440
56689,113378,170067,226756,283445
56690,113380,170070,226760,283450
56691,113382,170073,226764,283455
56692,113384,170076,226768,283460
56693,113386,170079,226772,283465
56694,113388,170082,226776,283470
56695,113390,170085,226780,283475
56696,113392,170088,226784,283480
56697,113394,170091,226788,283485
56698,113396,170094,226792,283490
56699,113398,170097,226796,283495
56700,113400,170100,226800,283500
56701,113402,170103,226804,283505
56702,113404,170106,226808,283510
56703,113406,170109,226812,283515
56704,113408,170112,226816,283520
56705,113410,170115,226820,283525
56706,113412,170118,226824,283530
56707,113414,170121,226828,283535
56708,113416,170124,226832,283540
56709,113418,170127,226836,283545
56710,113420,170130,226840,283550
56711,113422,170133,226844,283555
56712,113424,170136,226848,283560
56713,113426,170139,226852,283565
56714,113428,170142,226856,283570
56715,113430,170145,226860,283575
56716,113432,170148,226864,283580
56717,113434,170151,226868,283585
56718,113436,170154,226872,283590
56719,113438,170157,226876,283595
56720,113440,170160,226880,283600
56721,113442,170163,226884,283605
56722,113444,170166,226888,283610
56723,113446,170169,226892,283615
56724,113448,170172,226896,283620
56725,113450,170175,226900,283625
56726,113452,170178,226904,283630
56727,113454,170181,226908,283635
56728,113456,170184,226912,283640
56729,113458,170187,226916,283645
56730,113460,170190,226920,283650
56731,113462,170193,226924,283655
56732,113464,170196,226928,283660
56733,113466,170199,226932,283665
56734,113468,170202,226936,283670
56735,113470,170205,226940,283675
56736,113472,170208,226944,283680
56737,113474,170211,226948,283685
56738,113476,170214,226952,283690
56739,113478,170217,226956,283695
56740,113480,170220,226960,283700
56741,113482,170223,226964,283705
56742,113484,170226,226968,283710
56743,113486,170229,226972,283715
56744,113488,170232,226976,283720
56745,113490,170235,226980,283725
56746,113492,170238,226984,283730
56747,113494,170241,226988,283735
56748,113496,170244,226992,283740
56749,113498,170247,226996,283745
56750,113500,170250,227000,283750
56751,113502,170253,227004,283755
56752,113504,170256,227008,283760
56753,113506,170259,227012,283765
56754,113508,170262,227016,283770
56755,113510,170265,227020,283775
56756,113512,170268,227024,283780
56757,113514,170271,227028,283785
56758,113516,170274,227032,283790
56759,113518,170277,227036,283795
56760,113520,170280,227040,283800
56761,113522,170283,227044,283805
56762,113524,170286,227048,283810
56763,113526,170289,227052,283815
56764,113528,170292,227056,283820
56765,113530,170295,227060,283825
56766,113532,170298,227064,283830
56767,113534,170301,227068,283835
56768,113536,170304,227072,283840
56769,113538,170307,227076,283845
56770,113540,170310,227080,283850
56771,113542,170313,227084,283855
56772,113544,170316,227088,283860
56773,113546,170319,227092,283865
56774,113548,170322,227096,283870
56775,113550,170325,227100,283875
56776,113552,170328,227104,283880
56777,113554,170331,227108,283885
56778,113556,170334,227112,283890
56779,113558,170337,227116,283895
56780,113560,170340,227120,283900
56781,113562,170343,227124,283905
56782,113564,170346,227128,283910
56783,113566,170349,227132,283915
56784,113568,170352,227136,283920
56785,113570,170355,227140,283925
56786,113572,170358,227144,283930
56787,113574,170361,227148,283935
56788,113576,170364,227152,283940
56789,113578,170367,227156,283945
56790,113580,170370,227160,283950
56791,113582,170373,227164,283955
56792,113584,170376,227168,283960
56793,113586,170379,227172,283965
56794,113588,170382,227176,283970
56795,113590,170385,227180,283975
56796,113592,170388,227184,283980
56797,113594,170391,227188,283985
56798,113596,170394,227192,283990
56799,113598,170397,227196,283995
56800,113600,170400,227200,284000
56801,113602,170403,227204,284005
56802,113604,170406,227208,284010
56803,113606,170409,227212,284015
56804,113608,170412,227216,284020
56805,113610,170415,227220,284025
56806,113612,170418,227224,284030
56807,113614,170421,227228,284035
56808,113616,170424,227232,284040
56809,113618,170427,227236,284045
56810,113620,170430,227240,284050
56811,113622,170433,227244,284055
56812,113624,170436,227248,284060
56813,113626,170439,227252,284065
56814,113628,170442,227256,284070
56815,113630,170445,227260,284075
56816,113632,170448,227264,284080
56817,113634,170451,227268,284085
56818,113636,170454,227272,284090
56819,113638,170457,227276,284095
56820,113640,170460,227280,284100
56821,113642,170463,227284,284105
56822,113644,170466,227288,284110
56823,113646,170469,227292,284115
56824,113648,170472,227296,284120
56825,113650,170475,227300,284125
56826,113652,170478,227304,284130
56827,113654,170481,227308,284135
56828,113656,170484,227312,284140
56829,113658,170487,227316,284145
56830,113660,170490,227320,284150
56831,113662,170493,227324,284155
56832,113664,170496,227328,284160
56833,113666,170499,227332,284165
56834,113668,170502,227336,284170
56835,113670,170505,227340,284175
56836,113672,170508,227344,284180
56837,113674,170511,227348,284185
56838,113676,170514,227352,284190
56839,113678,170517,227356,284195
56840,113680,170520,227360,284200
56841,113682,170523,227364,284205
56842,113684,170526,227368,284210
56843,113686,170529,227372,284215
56844,113688,170532,227376,284220
56845,113690,170535,227380,284225
56846,113692,170538,227384,284230
56847,113694,170541,227388,284235
56848,113696,170544,227392,284240
56849,113698,170547,227396,284245
56850,113700,170550,227400,284250
56851,113702,170553,227404,284255
56852,113704,170556,227408,284260
56853,113706,170559,227412,284265
56854,113708,170562,227416,284270
56855,113710,170565,227420,284275
56856,113712,170568,227424,284280
56857,113714,170571,227428,284285
56858,113716,170574,227432,284290
56859,113718,170577,227436,284295
56860,113720,170580,227440,284300
56861,113722,170583,227444,284305
56862,113724,170586,227448,284310
56863,113726,170589,227452,284315
56864,113728,170592,227456,284320
56865,113730,170595,227460,284325
56866,113732,170598,227464,284330
56867,113734,170601,227468,284335
56868,113736,170604,227472,284340
56869,113738,170607,227476,284345
56870,113740,170610,227480,284350
56871,113742,170613,227484,284355
56872,113744,170616,227488,284360
56873,113746,170619,227492,284365
56874,113748,170622,227496,284370
56875,113750,170625,227500,284375
56876,113752,170628,227504,284380
56877,113754,170631,227508,284385
56878,113756,170634,227512,284390
56879,113758,170637,227516,284395
56880,113760,170640,227520,284400
56881,113762,170643,227524,284405
56882,113764,170646,227528,284410
56883,113766,170649,227532,284415
56884,113768,170652,227536,284420
56885,113770,170655,227540,284425
56886,113772,170658,227544,284430
56887,113774,170661,227548,284435
56888,113776,170664,227552,284440
56889,113778,170667,227556,284445
56890,113780,170670,227560,284450
56891,113782,170673,227564,284455
56892,113784,170676,227568,284460
56893,113786,170679,227572,284465
56894,113788,170682,227576,284470
56895,113790,170685,227580,284475
56896,113792,170688,227584,284480
56897,113794,170691,227588,284485
56898,113796,170694,227592,284490
56899,113798,170697,227596,284495
56900,113800,170700,227600,284500
56901,113802,170703,227604,284505
56902,113804,170706,227608,284510
56903,113806,170709,227612,284515
56904,113808,170712,227616,284520
56905,113810,170715,227620,284525
56906,113812,170718,227624,284530
56907,113814,170721,227628,284535
56908,113816,170724,227632,284540
56909,113818,170727,227636,284545
56910,113820,170730,227640,284550
56911,113822,170733,227644,284555
56912,113824,170736,227648,284560
56913,113826,170739,227652,284565
56914,113828,170742,227656,284570
56915,113830,170745,227660,284575
56916,113832,170748,227664,284580
56917,113834,170751,227668,284585
56918,113836,170754,227672,284590
56919,113838,170757,227676,284595
56920,113840,170760,227680,284600
56921,113842,170763,227684,284605
56922,113844,170766,227688,284610
56923,113846,170769,227692,284615
56924,113848,170772,227696,284620
56925,113850,170775,227700,284625
56926,113852,170778,227704,284630
56927,113854,170781,227708,284635
56928,113856,170784,227712,284640
56929,113858,170787,227716,284645
56930,113860,170790,227720,284650
56931,113862,170793,227724,284655
56932,113864,170796,227728,284660
56933,113866,170799,227732,284665
56934,113868,170802,227736,284670
56935,113870,170805,227740,284675
56936,113872,170808,227744,284680
56937,113874,170811,227748,284685
56938,113876,170814,227752,284690
56939,113878,170817,227756,284695
56940,113880,170820,227760,284700
56941,113882,170823,227764,284705
56942,113884,170826,227768,284710
56943,113886,170829,227772,284715
56944,113888,170832,227776,284720
56945,113890,170835,227780,284725
56946,113892,170838,227784,284730
56947,113894,170841,227788,284735
56948,113896,170844,227792,284740
56949,113898,170847,227796,284745
56950,113900,170850,227800,284750
56951,113902,170853,227804,284755
56952,113904,170856,227808,284760
56953,113906,170859,227812,284765
56954,113908,170862,227816,284770
56955,113910,170865,227820,284775
56956,113912,170868,227824,284780
56957,113914,170871,227828,284785
56958,113916,170874,227832,284790
56959,113918,170877,227836,284795
56960,113920,170880,227840,284800
56961,113922,170883,227844,284805
56962,113924,170886,227848,284810
56963,113926,170889,227852,284815
56964,113928,170892,227856,284820
56965,113930,170895,227860,284825
56966,113932,170898,227864,284830
56967,113934,170901,227868,284835
56968,113936,170904,227872,284840
56969,113938,170907,227876,284845
56970,113940,170910,227880,284850
56971,113942,170913,227884,284855
56972,113944,170916,227888,284860
56973,113946,170919,227892,284865
56974,113948,170922,227896,284870
56975,113950,170925,227900,284875
56976,113952,170928,227904,284880
56977,113954,170931,227908,284885
56978,113956,170934,227912,284890
56979,113958,170937,227916,284895
56980,113960,170940,227920,284900
56981,113962,170943,227924,284905
56982,113964,170946,227928,284910
56983,113966,170949,227932,284915
56984,113968,170952,227936,284920
56985,113970,170955,227940,284925
56986,113972,170958,227944,284930
56987,113974,170961,227948,284935
56988,113976,170964,227952,284940
56989,113978,170967,227956,284945
56990,113980,170970,227960,284950
56991,113982,170973,227964,284955
56992,113984,170976,227968,284960
56993,113986,170979,227972,284965
56994,113988,170982,227976,284970
56995,113990,170985,227980,284975
56996,113992,170988,227984,284980
56997,113994,170991,227988,284985
56998,113996,170994,227992,284990
56999,113998,170997,227996,284995
57000,114000,171000,228000,285000
57001,114002,171003,228004,285005
57002,114004,171006,228008,285010
57003,114006,171009,228012,285015
57004,114008,171012,228016,285020
57005,114010,171015,228020,285025
57006,114012,171018,228024,285030
57007,114014,171021,228028,285035
57008,114016,171024,228032,285040
57009,114018,171027,228036,285045
57010,114020,171030,228040,285050
57011,114022,171033,228044,285055
57012,114024,171036,228048,285060
57013,114026,171039,228052,285065
57014,114028,171042,228056,285070
57015,114030,171045,228060,285075
57016,114032,171048,228064,285080
57017,114034,171051,228068,285085
57018,114036,171054,228072,285090
57019,114038,171057,228076,285095
57020,114040,171060,228080,285100
57021,114042,171063,228084,285105
57022,114044,171066,228088,285110
57023,114046,171069,228092,285115
57024,114048,171072,228096,285120
57025,114050,171075,228100,285125
57026,114052,171078,228104,285130
57027,114054,171081,228108,285135
57028,114056,171084,228112,285140
57029,114058,171087,228116,285145
57030,114060,171090,228120,285150
57031,114062,171093,228124,285155
57032,114064,171096,228128,285160
57033,114066,171099,228132,285165
57034,114068,171102,228136,285170
57035,114070,171105,228140,285175
57036,114072,171108,228144,285180
57037,114074,171111,228148,285185
57038,114076,171114,228152,285190
57039,114078,171117,228156,285195
57040,114080,171120,228160,285200
57041,114082,171123,228164,285205
57042,114084,171126,228168,285210
57043,114086,171129,228172,285215
57044,114088,171132,228176,285220
57045,114090,171135,228180,285225
57046,114092,171138,228184,285230
57047,114094,171141,228188,285235
57048,114096,171144,228192,285240
57049,114098,171147,228196,285245
57050,114100,171150,228200,285250
57051,114102,171153,228204,285255
57052,114104,171156,228208,285260
57053,114106,171159,228212,285265
57054,114108,171162,228216,285270
57055,114110,171165,228220,285275
57056,114112,171168,228224,285280
57057,114114,171171,228228,285285
57058,114116,171174,228232,285290
57059,114118,171177,228236,285295
57060,114120,171180,228240,285300
57061,114122,171183,228244,285305
57062,114124,171186,228248,285310
57063,114126,171189,228252,285315
57064,114128,171192,228256,285320
57065,114130,171195,228260,285325
57066,114132,171198,228264,285330
57067,114134,171201,228268,285335
57068,114136,171204,228272,285340
57069,114138,171207,228276,285345
57070,114140,171210,228280,285350
57071,114142,171213,228284,285355
57072,114144,171216,228288,285360
57073,114146,171219,228292,285365
57074,114148,171222,228296,285370
57075,114150,171225,228300,285375
57076,114152,171228,228304,285380
57077,114154,171231,228308,285385
57078,114156,171234,228312,285390
57079,114158,171237,228316,285395
57080,114160,171240,228320,285400
57081,114162,171243,228324,285405
57082,114164,171246,228328,285410
57083,114166,171249,228332,285415
57084,114168,171252,228336,285420
57085,114170,171255,228340,285425
57086,114172,171258,228344,285430
57087,114174,171261,228348,285435
57088,114176,171264,228352,285440
57089,114178,171267,228356,285445
57090,114180,171270,228360,285450
57091,114182,171273,228364,285455
57092,114184,171276,228368,285460
57093,114186,171279,228372,285465
57094,114188,171282,228376,285470
57095,114190,171285,228380,285475
57096,114192,171288,228384,285480
57097,114194,171291,228388,285485
57098,114196,171294,228392,285490
57099,114198,171297,228396,285495
57100,114200,171300,228400,285500
57101,114202,171303,228404,285505
57102,114204,171306,228408,285510
57103,114206,171309,228412,285515
57104,114208,171312,228416,285520
57105,114210,171315,228420,285525
57106,114212,171318,228424,285530
57107,114214,171321,228428,285535
57108,114216,171324,228432,285540
57109,114218,171327,228436,285545
57110,114220,171330,228440,285550
57111,114222,171333,228444,285555
57112,114224,171336,228448,285560
57113,114226,171339,228452,285565
57114,114228,171342,228456,285570
57115,114230,171345,228460,285575
57116,114232,171348,228464,285580
57117,114234,171351,228468,285585
57118,114236,171354,228472,285590
57119,114238,171357,228476,285595
57120,114240,171360,228480,285600
57121,114242,171363,228484,285605
57122,114244,171366,228488,285610
57123,114246,171369,228492,285615
57124,114248,171372,228496,285620
57125,114250,171375,228500,285625
57126,114252,171378,228504,285630
57127,114254,171381,228508,285635
57128,114256,171384,228512,285640
57129,114258,171387,228516,285645
57130,114260,171390,228520,285650
57131,114262,171393,228524,285655
57132,114264,171396,228528,285660
57133,114266,171399,228532,285665
57134,114268,171402,228536,285670
57135,114270,171405,228540,285675
57136,114272,171408,228544,285680
57137,114274,171411,228548,285685
57138,114276,171414,228552,285690
57139,114278,171417,228556,285695
57140,114280,171420,228560,285700
57141,114282,171423,228564,285705
57142,114284,171426,228568,285710
57143,114286,171429,228572,285715
57144,114288,171432,228576,285720
57145,114290,171435,228580,285725
57146,114292,171438,228584,285730
57147,114294,171441,228588,285735
57148,114296,171444,228592,285740
57149,114298,171447,228596,285745
57150,114300,171450,228600,285750
57151,114302,171453,228604,285755
57152,114304,171456,228608,285760
57153,114306,171459,228612,285765
57154,114308,171462,228616,285770
57155,114310,171465,228620,285775
57156,114312,171468,228624,285780
57157,114314,171471,228628,285785
57158,114316,171474,228632,285790
57159,114318,171477,228636,285795
57160,114320,171480,228640,285800
57161,114322,171483,228644,285805
57162,114324,171486,228648,285810
57163,114326,171489,228652,285815
57164,114328,171492,228656,285820
57165,114330,171495,228660,285825
57166,114332,171498,228664,285830
57167,114334,171501,228668,285835
57168,114336,171504,228672,285840
57169,114338,171507,228676,285845
57170,114340,171510,228680,285850
57171,114342,171513,228684,285855
57172,114344,171516,228688,285860
57173,114346,171519,228692,285865
57174,114348,171522,228696,285870
57175,114350,171525,228700,285875
57176,114352,171528,228704,285880
57177,114354,171531,228708,285885
57178,114356,171534,228712,285890
57179,114358,171537,228716,285895
57180,114360,171540,228720,285900
57181,114362,171543,228724,285905
57182,114364,171546,228728,285910
57183,114366,171549,228732,285915
57184,114368,171552,228736,285920
57185,114370,171555,228740,285925
57186,114372,171558,228744,285930
57187,114374,171561,228748,285935
57188,114376,171564,228752,285940
57189,114378,171567,228756,285945
57190,114380,171570,228760,285950
57191,114382,171573,228764,285955
57192,114384,171576,228768,285960
57193,114386,171579,228772,285965
57194,114388,171582,228776,285970
57195,114390,171585,228780,285975
57196,114392,171588,228784,285980
57197,114394,171591,228788,285985
57198,114396,171594,228792,285990
57199,114398,171597,228796,285995
57200,114400,171600,228800,286000
57201,114402,171603,228804,286005
57202,114404,171606,228808,286010
57203,114406,171609,228812,286015
57204,114408,171612,228816,286020
57205,114410,171615,228820,286025
57206,114412,171618,228824,286030
57207,114414,171621,228828,286035
57208,114416,171624,228832,286040
57209,114418,171627,228836,286045
57210,114420,171630,228840,286050
57211,114422,171633,228844,286055
57212,114424,171636,228848,286060
57213,114426,171639,228852,286065
57214,114428,171642,228856,286070
57215,114430,171645,228860,286075
57216,114432,171648,228864,286080
57217,114434,171651,228868,286085
57218,114436,171654,228872,286090
57219,114438,171657,228876,286095
57220,114440,171660,228880,286100
57221,114442,171663,228884,286105
57222,114444,171666,228888,286110
57223,114446,171669,228892,286115
57224,114448,171672,228896,286120
57225,114450,171675,228900,286125
57226,114452,171678,228904,286130
57227,114454,171681,228908,286135
57228,114456,171684,228912,286140
57229,114458,171687,228916,286145
57230,114460,171690,228920,286150
57231,114462,171693,228924,286155
57232,114464,171696,228928,286160
57233,114466,171699,228932,286165
57234,114468,171702,228936,286170
57235,114470,171705,228940,286175
57236,114472,171708,228944,286180
57237,114474,171711,228948,286185
57238,114476,171714,228952,286190
57239,114478,171717,228956,286195
57240,114480,171720,228960,286200
57241,114482,171723,228964,286205
57242,114484,171726,228968,286210
57243,114486,171729,228972,286215
57244,114488,171732,228976,286220
57245,114490,171735,228980,286225
57246,114492,171738,228984,286230
57247,114494,171741,228988,286235
57248,114496,171744,228992,286240
57249,114498,171747,228996,286245
57250,114500,171750,229000,286250
57251,114502,171753,229004,286255
57252,114504,171756,229008,286260
57253,114506,171759,229012,286265
57254,114508,171762,229016,286270
57255,114510,171765,229020,286275
57256,114512,171768,229024,286280
57257,114514,171771,229028,286285
57258,114516,171774,229032,286290
57259,114518,171777,229036,286295
57260,114520,171780,229040,286300
57261,114522,171783,229044,286305
57262,114524,171786,229048,286310
57263,114526,171789,229052,286315
57264,114528,171792,229056,286320
57265,114530,171795,229060,286325
57266,114532,171798,229064,286330
57267,114534,171801,229068,286335
57268,114536,171804,229072,286340
57269,114538,171807,229076,286345
57270,114540,171810,229080,286350
57271,114542,171813,229084,286355
57272,114544,171816,229088,286360
57273,114546,171819,229092,286365
57274,114548,171822,229096,286370
57275,114550,171825,229100,286375
57276,114552,171828,229104,286380
57277,114554,171831,229108,286385
57278,114556,171834,229112,286390
57279,114558,171837,229116,286395
57280,114560,171840,229120,286400
57281,114562,171843,229124,286405
57282,114564,171846,229128,286410
57283,114566,171849,229132,286415
57284,114568,171852,229136,286420
57285,114570,171855,229140,286425
57286,114572,171858,229144,286430
57287,114574,171861,229148,286435
57288,114576,171864,229152,286440
57289,114578,171867,229156,286445
57290,114580,171870,229160,286450
57291,114582,171873,229164,286455
57292,114584,171876,229168,286460
57293,114586,171879,229172,286465
57294,114588,171882,229176,286470
57295,114590,171885,229180,286475
57296,114592,171888,229184,286480
57297,114594,171891,229188,286485
57298,114596,171894,229192,286490
57299,114598,171897,229196,286495
57300,114600,171900,229200,286500
57301,114602,171903,229204,286505
57302,114604,171906,229208,286510
57303,114606,171909,229212,286515
57304,114608,171912,229216,286520
57305,114610,171915,229220,286525
57306,114612,171918,229224,286530
57307,114614,171921,229228,286535
57308,114616,171924,229232,286540
57309,114618,171927,229236,286545
57310,114620,171930,229240,286550
57311,114622,171933,229244,286555
57312,114624,171936,229248,286560
57313,114626,171939,229252,286565
57314,114628,171942,229256,286570
57315,114630,171945,229260,286575
57316,114632,171948,229264,286580
57317,114634,171951,229268,286585
57318,114636,171954,229272,286590
57319,114638,171957,229276,286595
57320,114640,171960,229280,286600
57321,114642,171963,229284,286605
57322,114644,171966,229288,286610
57323,114646,171969,229292,286615
57324,114648,171972,229296,286620
57325,114650,171975,229300,286625
57326,114652,171978,229304,286630
57327,114654,171981,229308,286635
57328,114656,171984,229312,286640
57329,114658,171987,229316,286645
57330,114660,171990,229320,286650
57331,114662,171993,229324,286655
57332,114664,171996,229328,286660
57333,114666,171999,229332,286665
57334,114668,172002,229336,286670
57335,114670,172005,229340,286675
57336,114672,172008,229344,286680
57337,114674,172011,229348,286685
57338,114676,172014,229352,286690
57339,114678,172017,229356,286695
57340,114680,172020,229360,286700
57341,114682,172023,229364,286705
57342,114684,172026,229368,286710
57343,114686,172029,229372,286715
57344,114688,172032,229376,286720
57345,114690,172035,229380,286725
57346,114692,172038,229384,286730
57347,114694,172041,229388,286735
57348,114696,172044,229392,286740
57349,114698,172047,229396,286745
57350,114700,172050,229400,286750
57351,114702,172053,229404,286755
57352,114704,172056,229408,286760
57353,114706,172059,229412,286765
57354,114708,172062,229416,286770
57355,114710,172065,229420,286775
57356,114712,172068,229424,286780
57357,114714,172071,229428,286785
57358,114716,172074,229432,286790
57359,114718,172077,229436,286795
57360,114720,172080,229440,286800
57361,114722,172083,229444,286805
57362,114724,172086,229448,286810
57363,114726,172089,229452,286815
57364,114728,172092,229456,286820
57365,114730,172095,229460,286825
57366,114732,172098,229464,286830
57367,114734,172101,229468,286835
57368,114736,172104,229472,286840
57369,114738,172107,229476,286845
57370,114740,172110,229480,286850
57371,114742,172113,229484,286855
57372,114744,172116,229488,286860
57373,114746,172119,229492,286865
57374,114748,172122,229496,286870
57375,114750,172125,229500,286875
57376,114752,172128,229504,286880
57377,114754,172131,229508,286885
57378,114756,172134,229512,286890
57379,114758,172137,229516,286895
57380,114760,172140,229520,286900
57381,114762,172143,229524,286905
57382,114764,172146,229528,286910
57383,114766,172149,229532,286915
57384,114768,172152,229536,286920
57385,114770,172155,229540,286925
57386,114772,172158,229544,286930
57387,114774,172161,229548,286935
57388,114776,172164,229552,286940
57389,114778,172167,229556,286945
57390,114780,172170,229560,286950
57391,114782,172173,229564,286955
57392,114784,172176,229568,286960
57393,114786,172179,229572,286965
57394,114788,172182,229576,286970
57395,114790,172185,229580,286975
57396,114792,172188,229584,286980
57397,114794,172191,229588,286985
57398,114796,172194,229592,286990
57399,114798,172197,229596,286995
57400,114800,172200,229600,287000
57401,114802,172203,229604,287005
57402,114804,172206,229608,287010
57403,114806,172209,229612,287015
57404,114808,172212,229616,287020
57405,114810,172215,229620,287025
57406,114812,172218,229624,287030
57407,114814,172221,229628,287035
57408,114816,172224,229632,287040
57409,114818,172227,229636,287045
57410,114820,172230,229640,287050
57411,114822,172233,229644,287055
57412,114824,172236,229648,287060
57413,114826,172239,229652,287065
57414,114828,172242,229656,287070
57415,114830,172245,229660,287075
57416,114832,172248,229664,287080
57417,114834,172251,229668,287085
57418,114836,172254,229672,287090
57419,114838,172257,229676,287095
57420,114840,172260,229680,287100
57421,114842,172263,229684,287105
57422,114844,172266,229688,287110
57423,114846,172269,229692,287115
57424,114848,172272,229696,287120
57425,114850,172275,229700,287125
57426,114852,172278,229704,287130
57427,114854,172281,229708,287135
57428,114856,172284,229712,287140
57429,114858,172287,229716,287145
57430,114860,172290,229720,287150
57431,114862,172293,229724,287155
57432,114864,172296,229728,287160
57433,114866,172299,229732,287165
57434,114868,172302,229736,287170
57435,114870,172305,229740,287175
57436,114872,172308,229744,287180
57437,114874,172311,229748,287185
57438,114876,172314,229752,287190
57439,114878,172317,229756,287195
57440,114880,172320,229760,287200
57441,114882,172323,229764,287205
57442,114884,172326,229768,287210
57443,114886,172329,229772,287215
57444,114888,172332,229776,287220
57445,114890,172335,229780,287225
57446,114892,172338,229784,287230
57447,114894,172341,229788,287235
57448,114896,172344,229792,287240
57449,114898,172347,229796,287245
57450,114900,172350,229800,287250
57451,114902,172353,229804,287255
57452,114904,172356,229808,287260
57453,114906,172359,229812,287265
57454,114908,172362,229816,287270
57455,114910,172365,229820,287275
57456,114912,172368,229824,287280
57457,114914,172371,229828,287285
57458,114916,172374,229832,287290
57459,114918,172377,229836,287295
57460,114920,172380,229840,287300
57461,114922,172383,229844,287305
57462,114924,172386,229848,287310
57463,114926,172389,229852,287315
57464,114928,172392,229856,287320
57465,114930,172395,229860,287325
57466,114932,172398,229864,287330
57467,114934,172401,229868,287335
57468,114936,172404,229872,287340
57469,114938,172407,229876,287345
57470,114940,172410,229880,287350
57471,114942,172413,229884,287355
57472,114944,172416,229888,287360
57473,114946,172419,229892,287365
57474,114948,172422,229896,287370
57475,114950,172425,229900,287375
57476,114952,172428,229904,287380
57477,114954,172431,229908,287385
57478,114956,172434,229912,287390
57479,114958,172437,229916,287395
57480,114960,172440,229920,287400
57481,114962,172443,229924,287405
57482,114964,172446,229928,287410
57483,114966,172449,229932,287415
57484,114968,172452,229936,287420
57485,114970,172455,229940,287425
57486,114972,172458,229944,287430
57487,114974,172461,229948,287435
57488,114976,172464,229952,287440
57489,114978,172467,229956,287445
57490,114980,172470,229960,287450
57491,114982,172473,229964,287455
57492,114984,172476,229968,287460
57493,114986,172479,229972,287465
57494,114988,172482,229976,287470
57495,114990,172485,229980,287475
57496,114992,172488,229984,287480
57497,114994,172491,229988,287485
57498,114996,172494,229992,287490
57499,114998,172497,229996,287495
57500,115000,172500,230000,287500
57501,115002,172503,230004,287505
57502,115004,172506,230008,287510
57503,115006,172509,230012,287515
57504,115008,172512,230016,287520
57505,115010,172515,230020,287525
57506,115012,172518,230024,287530
57507,115014,172521,230028,287535
57508,115016,172524,230032,287540
57509,115018,172527,230036,287545
57510,115020,172530,230040,287550
57511,115022,172533,230044,287555
57512,115024,172536,230048,287560
57513,115026,172539,230052,287565
57514,115028,172542,230056,287570
57515,115030,172545,230060,287575
57516,115032,172548,230064,287580
57517,115034,172551,230068,287585
57518,115036,172554,230072,287590
57519,115038,172557,230076,287595
57520,115040,172560,230080,287600
57521,115042,172563,230084,287605
57522,115044,172566,230088,287610
57523,115046,172569,230092,287615
57524,115048,172572,230096,287620
57525,115050,172575,230100,287625
57526,115052,172578,230104,287630
57527,115054,172581,230108,287635
57528,115056,172584,230112,287640
57529,115058,172587,230116,287645
57530,115060,172590,230120,287650
57531,115062,172593,230124,287655
57532,115064,172596,230128,287660
57533,115066,172599,230132,287665
57534,115068,172602,230136,287670
57535,115070,172605,230140,287675
57536,115072,172608,230144,287680
57537,115074,172611,230148,287685
57538,115076,172614,230152,287690
57539,115078,172617,230156,287695
57540,115080,172620,230160,287700
57541,115082,172623,230164,287705
57542,115084,172626,230168,287710
57543,115086,172629,230172,287715
57544,115088,172632,230176,287720
57545,115090,172635,230180,287725
57546,115092,172638,230184,287730
57547,115094,172641,230188,287735
57548,115096,172644,230192,287740
57549,115098,172647,230196,287745
57550,115100,172650,230200,287750
57551,115102,172653,230204,287755
57552,115104,172656,230208,287760
57553,115106,172659,230212,287765
57554,115108,172662,230216,287770
57555,115110,172665,230220,287775
57556,115112,172668,230224,287780
57557,115114,172671,230228,287785
57558,115116,172674,230232,287790
57559,115118,172677,230236,287795
57560,115120,172680,230240,287800
57561,115122,172683,230244,287805
57562,115124,172686,230248,287810
57563,115126,172689,230252,287815
57564,115128,172692,230256,287820
57565,115130,172695,230260,287825
57566,115132,172698,230264,287830
57567,115134,172701,230268,287835
57568,115136,172704,230272,287840
57569,115138,172707,230276,287845
57570,115140,172710,230280,287850
57571,115142,172713,230284,287855
57572,115144,172716,230288,287860
57573,115146,172719,230292,287865
57574,115148,172722,230296,287870
57575,115150,172725,230300,287875
57576,115152,172728,230304,287880
57577,115154,172731,230308,287885
57578,115156,172734,230312,287890
57579,115158,172737,230316,287895
57580,115160,172740,230320,287900
57581,115162,172743,230324,287905
57582,115164,172746,230328,287910
57583,115166,172749,230332,287915
57584,115168,172752,230336,287920
57585,115170,172755,230340,287925
57586,115172,172758,230344,287930
57587,115174,172761,230348,287935
57588,115176,172764,230352,287940
57589,115178,172767,230356,287945
57590,115180,172770,230360,287950
57591,115182,172773,230364,287955
57592,115184,172776,230368,287960
57593,115186,172779,230372,287965
57594,115188,172782,230376,287970
57595,115190,172785,230380,287975
57596,115192,172788,230384,287980
57597,115194,172791,230388,287985
57598,115196,172794,230392,287990
57599,115198,172797,230396,287995
57600,115200,172800,230400,288000
57601,115202,172803,230404,288005
57602,115204,172806,230408,288010
57603,115206,172809,230412,288015
57604,115208,172812,230416,288020
57605,115210,172815,230420,288025
57606,115212,172818,230424,288030
57607,115214,172821,230428,288035
57608,115216,172824,230432,288040
57609,115218,172827,230436,288045
57610,115220,172830,230440,288050
57611,115222,172833,230444,288055
57612,115224,172836,230448,288060
57613,115226,172839,230452,288065
57614,115228,172842,230456,288070
57615,115230,172845,230460,288075
57616,115232,172848,230464,288080
57617,115234,172851,230468,288085
57618,115236,172854,230472,288090
57619,115238,172857,230476,288095
57620,115240,172860,230480,288100
57621,115242,172863,230484,288105
57622,115244,172866,230488,288110
57623,115246,172869,230492,288115
57624,115248,172872,230496,288120
57625,115250,172875,230500,288125
57626,115252,172878,230504,288130
57627,115254,172881,230508,288135
57628,115256,172884,230512,288140
57629,115258,172887,230516,288145
57630,115260,172890,230520,288150
57631,115262,172893,230524,288155
57632,115264,172896,230528,288160
57633,115266,172899,230532,288165
57634,115268,172902,230536,288170
57635,115270,172905,230540,288175
57636,115272,172908,230544,288180
57637,115274,172911,230548,288185
57638,115276,172914,230552,288190
57639,115278,172917,230556,288195
57640,115280,172920,230560,288200
57641,115282,172923,230564,288205
57642,115284,172926,230568,288210
57643,115286,172929,230572,288215
57644,115288,172932,230576,288220
57645,115290,172935,230580,288225
57646,115292,172938,230584,288230
57647,115294,172941,230588,288235
57648,115296,172944,230592,288240
57649,115298,172947,230596,288245
57650,115300,172950,230600,288250
57651,115302,172953,230604,288255
57652,115304,172956,230608,288260
57653,115306,172959,230612,288265
57654,115308,172962,230616,288270
57655,115310,172965,230620,288275
57656,115312,172968,230624,288280
57657,115314,172971,230628,288285
57658,115316,172974,230632,288290
57659,115318,172977,230636,288295
57660,115320,172980,230640,288300
57661,115322,172983,230644,288305
57662,115324,172986,230648,288310
57663,115326,172989,230652,288315
57664,115328,172992,230656,288320
57665,115330,172995,230660,288325
57666,115332,172998,230664,288330
57667,115334,173001,230668,288335
57668,115336,173004,230672,288340
57669,115338,173007,230676,288345
57670,115340,173010,230680,288350
57671,115342,173013,230684,288355
57672,115344,173016,230688,288360
57673,115346,173019,230692,288365
57674,115348,173022,230696,288370
57675,115350,173025,230700,288375
57676,115352,173028,230704,288380
57677,115354,173031,230708,288385
57678,115356,173034,230712,288390
57679,115358,173037,230716,288395
57680,115360,173040,230720,288400
57681,115362,173043,230724,288405
57682,115364,173046,230728,288410
57683,115366,173049,230732,288415
57684,115368,173052,230736,288420
57685,115370,173055,230740,288425
57686,115372,173058,230744,288430
57687,115374,173061,230748,288435
57688,115376,173064,230752,288440
57689,115378,173067,230756,288445
57690,115380,173070,230760,288450
57691,115382,173073,230764,288455
57692,115384,173076,230768,288460
57693,115386,173079,230772,288465
57694,115388,173082,230776,288470
57695,115390,173085,230780,288475
57696,115392,173088,230784,288480
57697,115394,173091,230788,288485
57698,115396,173094,230792,288490
57699,115398,173097,230796,288495
57700,115400,173100,230800,288500
57701,115402,173103,230804,288505
57702,115404,173106,230808,288510
57703,115406,173109,230812,288515
57704,115408,173112,230816,288520
57705,115410,173115,230820,288525
57706,115412,173118,230824,288530
57707,115414,173121,230828,288535
57708,115416,173124,230832,288540
57709,115418,173127,230836,288545
57710,115420,173130,230840,288550
57711,115422,173133,230844,288555
57712,115424,173136,230848,288560
57713,115426,173139,230852,288565
57714,115428,173142,230856,288570
57715,115430,173145,230860,288575
57716,115432,173148,230864,288580
57717,115434,173151,230868,288585
57718,115436,173154,230872,288590
57719,115438,173157,230876,288595
57720,115440,173160,230880,288600
57721,115442,173163,230884,288605
57722,115444,173166,230888,288610
57723,115446,173169,230892,288615
57724,115448,173172,230896,288620
57725,115450,173175,230900,288625
57726,115452,173178,230904,288630
57727,115454,173181,230908,288635
57728,115456,173184,230912,288640
57729,115458,173187,230916,288645
57730,115460,173190,230920,288650
57731,115462,173193,230924,288655
57732,115464,173196,230928,288660
57733,115466,173199,230932,288665
57734,115468,173202,230936,288670
57735,115470,173205,230940,288675
57736,115472,173208,230944,288680
57737,115474,173211,230948,288685
57738,115476,173214,230952,288690
57739,115478,173217,230956,288695
57740,115480,173220,230960,288700
57741,115482,173223,230964,288705
57742,115484,173226,230968,288710
57743,115486,173229,230972,288715
57744,115488,173232,230976,288720
57745,115490,173235,230980,288725
57746,115492,173238,230984,288730
57747,115494,173241,230988,288735
57748,115496,173244,230992,288740
57749,115498,173247,230996,288745
57750,115500,173250,231000,288750
57751,115502,173253,231004,288755
57752,115504,173256,231008,288760
57753,115506,173259,231012,288765
57754,115508,173262,231016,288770
57755,115510,173265,231020,288775
57756,115512,173268,231024,288780
57757,115514,173271,231028,288785
57758,115516,173274,231032,288790
57759,115518,173277,231036,288795
57760,115520,173280,231040,288800
57761,115522,173283,231044,288805
57762,115524,173286,231048,288810
57763,115526,173289,231052,288815
57764,115528,173292,231056,288820
57765,115530,173295,231060,288825
57766,115532,173298,231064,288830
57767,115534,173301,231068,288835
57768,115536,173304,231072,288840
57769,115538,173307,231076,288845
57770,115540,173310,231080,288850
57771,115542,173313,231084,288855
57772,115544,173316,231088,288860
57773,115546,173319,231092,288865
57774,115548,173322,231096,288870
57775,115550,173325,231100,288875
57776,115552,173328,231104,288880
57777,115554,173331,231108,288885
57778,115556,173334,231112,288890
57779,115558,173337,231116,288895
57780,115560,173340,231120,288900
57781,115562,173343,231124,288905
57782,115564,173346,231128,288910
57783,115566,173349,231132,288915
57784,115568,173352,231136,288920
57785,115570,173355,231140,288925
57786,115572,173358,231144,288930
57787,115574,173361,231148,288935
57788,115576,173364,231152,288940
57789,115578,173367,231156,288945
57790,115580,173370,231160,288950
57791,115582,173373,231164,288955
57792,115584,173376,231168,288960
57793,115586,173379,231172,288965
57794,115588,173382,231176,288970
57795,115590,173385,231180,288975
57796,115592,173388,231184,288980
57797,115594,173391,231188,288985
57798,115596,173394,231192,288990
57799,115598,173397,231196,288995
57800,115600,173400,231200,289000
57801,115602,173403,231204,289005
57802,115604,173406,231208,289010
57803,115606,173409,231212,289015
57804,115608,173412,231216,289020
57805,115610,173415,231220,289025
57806,115612,173418,231224,289030
57807,115614,173421,231228,289035
57808,115616,173424,231232,289040
57809,115618,173427,231236,289045
57810,115620,173430,231240,289050
57811,115622,173433,231244,289055
57812,115624,173436,231248,289060
57813,115626,173439,231252,289065
57814,115628,173442,231256,289070
57815,115630,173445,231260,289075
57816,115632,173448,231264,289080
57817,115634,173451,231268,289085
57818,115636,173454,231272,289090
57819,115638,173457,231276,289095
57820,115640,173460,231280,289100
57821,115642,173463,231284,289105
57822,115644,173466,231288,289110
57823,115646,173469,231292,289115
57824,115648,173472,231296,289120
57825,115650,173475,231300,289125
57826,115652,173478,231304,289130
57827,115654,173481,231308,289135
57828,115656,173484,231312,289140
57829,115658,173487,231316,289145
57830,115660,173490,231320,289150
57831,115662,173493,231324,289155
57832,115664,173496,231328,289160
57833,115666,173499,231332,289165
57834,115668,173502,231336,289170
57835,115670,173505,231340,289175
57836,115672,173508,231344,289180
57837,115674,173511,231348,289185
57838,115676,173514,231352,289190
57839,115678,173517,231356,289195
57840,115680,173520,231360,289200
57841,115682,173523,231364,289205
57842,115684,173526,231368,289210
57843,115686,173529,231372,289215
57844,115688,173532,231376,289220
57845,115690,173535,231380,289225
57846,115692,173538,231384,289230
57847,115694,173541,231388,289235
57848,115696,173544,231392,289240
57849,115698,173547,231396,289245
57850,115700,173550,231400,289250
57851,115702,173553,231404,289255
57852,115704,173556,231408,289260
57853,115706,173559,231412,289265
57854,115708,173562,231416,289270
57855,115710,173565,231420,289275
57856,115712,173568,231424,289280
57857,115714,173571,231428,289285
57858,115716,173574,231432,289290
57859,115718,173577,231436,289295
57860,115720,173580,231440,289300
57861,115722,173583,231444,289305
57862,115724,173586,231448,289310
57863,115726,173589,231452,289315
57864,115728,173592,231456,289320
57865,115730,173595,231460,289325
57866,115732,173598,231464,289330
57867,115734,173601,231468,289335
57868,115736,173604,231472,289340
57869,115738,173607,231476,289345
57870,115740,173610,231480,289350
57871,115742,173613,231484,289355
57872,115744,173616,231488,289360
57873,115746,173619,231492,289365
57874,115748,173622,231496,289370
57875,115750,173625,231500,289375
57876,115752,173628,231504,289380
57877,115754,173631,231508,289385
57878,115756,173634,231512,289390
57879,115758,173637,231516,289395
57880,115760,173640,231520,289400
57881,115762,173643,231524,289405
57882,115764,173646,231528,289410
57883,115766,173649,231532,289415
57884,115768,173652,231536,289420
57885,115770,173655,231540,289425
57886,115772,173658,231544,289430
57887,115774,173661,231548,289435
57888,115776,173664,231552,289440
57889,115778,173667,231556,289445
57890,115780,173670,231560,289450
57891,115782,173673,231564,289455
57892,115784,173676,231568,289460
57893,115786,173679,231572,289465
57894,115788,173682,231576,289470
57895,115790,173685,231580,289475
57896,115792,173688,231584,289480
57897,115794,173691,231588,289485
57898,115796,173694,231592,289490
57899,115798,173697,231596,289495
57900,115800,173700,231600,289500
57901,115802,173703,231604,289505
57902,115804,173706,231608,289510
57903,115806,173709,231612,289515
57904,115808,173712,231616,289520
57905,115810,173715,231620,289525
57906,115812,173718,231624,289530
57907,115814,173721,231628,289535
57908,115816,173724,231632,289540
57909,115818,173727,231636,289545
57910,115820,173730,231640,289550
57911,115822,173733,231644,289555
57912,115824,173736,231648,289560
57913,115826,173739,231652,289565
57914,115828,173742,231656,289570
57915,115830,173745,231660,289575
57916,115832,173748,231664,289580
57917,115834,173751,231668,289585
57918,115836,173754,231672,289590
57919,115838,173757,231676,289595
57920,115840,173760,231680,289600
57921,115842,173763,231684,289605
57922,115844,173766,231688,289610
57923,115846,173769,231692,289615
57924,115848,173772,231696,289620
57925,115850,173775,231700,289625
57926,115852,173778,231704,289630
57927,115854,173781,231708,289635
57928,115856,173784,231712,289640
57929,115858,173787,231716,289645
57930,115860,173790,231720,289650
57931,115862,173793,231724,289655
57932,115864,173796,231728,289660
57933,115866,173799,231732,289665
57934,115868,173802,231736,289670
57935,115870,173805,231740,289675
57936,115872,173808,231744,289680
57937,115874,173811,231748,289685
57938,115876,173814,231752,289690
57939,115878,173817,231756,289695
57940,115880,173820,231760,289700
57941,115882,173823,231764,289705
57942,115884,173826,231768,289710
57943,115886,173829,231772,289715
57944,115888,173832,231776,289720
57945,115890,173835,231780,289725
57946,115892,173838,231784,289730
57947,115894,173841,231788,289735
57948,115896,173844,231792,289740
57949,115898,173847,231796,289745
57950,115900,173850,231800,289750
57951,115902,173853,231804,289755
57952,115904,173856,231808,289760
57953,115906,173859,231812,289765
57954,115908,173862,231816,289770
57955,115910,173865,231820,289775
57956,115912,173868,231824,289780
57957,115914,173871,231828,289785
57958,115916,173874,231832,289790
57959,115918,173877,231836,289795
57960,115920,173880,231840,289800
57961,115922,173883,231844,289805
57962,115924,173886,231848,289810
57963,115926,173889,231852,289815
57964,115928,173892,231856,289820
57965,115930,173895,231860,289825
57966,115932,173898,231864,289830
57967,115934,173901,231868,289835
57968,115936,173904,231872,289840
57969,115938,173907,231876,289845
57970,115940,173910,231880,289850
57971,115942,173913,231884,289855
57972,115944,173916,231888,289860
57973,115946,173919,231892,289865
57974,115948,173922,231896,289870
57975,115950,173925,231900,289875
57976,115952,173928,231904,289880
57977,115954,173931,231908,289885
57978,115956,173934,231912,289890
57979,115958,173937,231916,289895
57980,115960,173940,231920,289900
57981,115962,173943,231924,289905
57982,115964,173946,231928,289910
57983,115966,173949,231932,289915
57984,115968,173952,231936,289920
57985,115970,173955,231940,289925
57986,115972,173958,231944,289930
57987,115974,173961,231948,289935
57988,115976,173964,231952,289940
57989,115978,173967,231956,289945
57990,115980,173970,231960,289950
57991,115982,173973,231964,289955
57992,115984,173976,231968,289960
57993,115986,173979,231972,289965
57994,115988,173982,231976,289970
57995,115990,173985,231980,289975
57996,115992,173988,231984,289980
57997,115994,173991,231988,289985
57998,115996,173994,231992,289990
57999,115998,173997,231996,289995
58000,116000,174000,232000,290000
58001,116002,174003,232004,290005
58002,116004,174006,232008,290010
58003,116006,174009,232012,290015
58004,116008,174012,232016,290020
58005,116010,174015,232020,290025
58006,116012,174018,232024,290030
58007,116014,174021,232028,290035
58008,116016,174024,232032,290040
58009,116018,174027,232036,290045
58010,116020,174030,232040,290050
58011,116022,174033,232044,290055
58012,116024,174036,232048,290060
58013,116026,174039,232052,290065
58014,116028,174042,232056,290070
58015,116030,174045,232060,290075
58016,116032,174048,232064,290080
58017,116034,174051,232068,290085
58018,116036,174054,232072,290090
58019,116038,174057,232076,290095
58020,116040,174060,232080,290100
58021,116042,174063,232084,290105
58022,116044,174066,232088,290110
58023,116046,174069,232092,290115
58024,116048,174072,232096,290120
58025,116050,174075,232100,290125
58026,116052,174078,232104,290130
58027,116054,174081,232108,290135
58028,116056,174084,232112,290140
58029,116058,174087,232116,290145
58030,116060,174090,232120,290150
58031,116062,174093,232124,290155
58032,116064,174096,232128,290160
58033,116066,174099,232132,290165
58034,116068,174102,232136,290170
58035,116070,174105,232140,290175
58036,116072,174108,232144,290180
58037,116074,174111,232148,290185
58038,116076,174114,232152,290190
58039,116078,174117,232156,290195
58040,116080,174120,232160,290200
58041,116082,174123,232164,290205
58042,116084,174126,232168,290210
58043,116086,174129,232172,290215
58044,116088,174132,232176,290220
58045,116090,174135,232180,290225
58046,116092,174138,232184,290230
58047,116094,174141,232188,290235
58048,116096,174144,232192,290240
58049,116098,174147,232196,290245
58050,116100,174150,232200,290250
58051,116102,174153,232204,290255
58052,116104,174156,232208,290260
58053,116106,174159,232212,290265
58054,116108,174162,232216,290270
58055,116110,174165,232220,290275
58056,116112,174168,232224,290280
58057,116114,174171,232228,290285
58058,116116,174174,232232,290290
58059,116118,174177,232236,290295
58060,116120,174180,232240,290300
58061,116122,174183,232244,290305
58062,116124,174186,232248,290310
58063,116126,174189,232252,290315
58064,116128,174192,232256,290320
58065,116130,174195,232260,290325
58066,116132,174198,232264,290330
58067,116134,174201,232268,290335
58068,116136,174204,232272,290340
58069,116138,174207,232276,290345
58070,116140,174210,232280,290350
58071,116142,174213,232284,290355
58072,116144,174216,232288,290360
58073,116146,174219,232292,290365
58074,116148,174222,232296,290370
58075,116150,174225,232300,290375
58076,116152,174228,232304,290380
58077,116154,174231,232308,290385
58078,116156,174234,232312,290390
58079,116158,174237,232316,290395
58080,116160,174240,232320,290400
58081,116162,174243,232324,290405
58082,116164,174246,232328,290410
58083,116166,174249,232332,290415
58084,116168,174252,232336,290420
58085,116170,174255,232340,290425
58086,116172,174258,232344,290430
58087,116174,174261,232348,290435
58088,116176,174264,232352,290440
58089,116178,174267,232356,290445
58090,116180,174270,232360,290450
58091,116182,174273,232364,290455
58092,116184,174276,232368,290460
58093,116186,174279,232372,290465
58094,116188,174282,232376,290470
58095,116190,174285,232380,290475
58096,116192,174288,232384,290480
58097,116194,174291,232388,290485
58098,116196,174294,232392,290490
58099,116198,174297,232396,290495
58100,116200,174300,232400,290500
58101,116202,174303,232404,290505
58102,116204,174306,232408,290510
58103,116206,174309,232412,290515
58104,116208,174312,232416,290520
58105,116210,174315,232420,290525
58106,116212,174318,232424,290530
58107,116214,174321,232428,290535
58108,116216,174324,232432,290540
58109,116218,174327,232436,290545
58110,116220,174330,232440,290550
58111,116222,174333,232444,290555
58112,116224,174336,232448,290560
58113,116226,174339,232452,290565
58114,116228,174342,232456,290570
58115,116230,174345,232460,290575
58116,116232,174348,232464,290580
58117,116234,174351,232468,290585
58118,116236,174354,232472,290590
58119,116238,174357,232476,290595
58120,116240,174360,232480,290600
58121,116242,174363,232484,290605
58122,116244,174366,232488,290610
58123,116246,174369,232492,290615
58124,116248,174372,232496,290620
58125,116250,174375,232500,290625
58126,116252,174378,232504,290630
58127,116254,174381,232508,290635
58128,116256,174384,232512,290640
58129,116258,174387,232516,290645
58130,116260,174390,232520,290650
58131,116262,174393,232524,290655
58132,116264,174396,232528,290660
58133,116266,174399,232532,290665
58134,116268,174402,232536,290670
58135,116270,174405,232540,290675
58136,116272,174408,232544,290680
58137,116274,174411,232548,290685
58138,116276,174414,232552,290690
58139,116278,174417,232556,290695
58140,116280,174420,232560,290700
58141,116282,174423,232564,290705
58142,116284,174426,232568,290710
58143,116286,174429,232572,290715
58144,116288,174432,232576,290720
58145,116290,174435,232580,290725
58146,116292,174438,232584,290730
58147,116294,174441,232588,290735
58148,116296,174444,232592,290740
58149,116298,174447,232596,290745
58150,116300,174450,232600,290750
58151,116302,174453,232604,290755
58152,116304,174456,232608,290760
58153,116306,174459,232612,290765
58154,116308,174462,232616,290770
58155,116310,174465,232620,290775
58156,116312,174468,232624,290780
58157,116314,174471,232628,290785
58158,116316,174474,232632,290790
58159,116318,174477,232636,290795
58160,116320,174480,232640,290800
58161,116322,174483,232644,290805
58162,116324,174486,232648,290810
58163,116326,174489,232652,290815
58164,116328,174492,232656,290820
58165,116330,174495,232660,290825
58166,116332,174498,232664,290830
58167,116334,174501,232668,290835
58168,116336,174504,232672,290840
58169,116338,174507,232676,290845
58170,116340,174510,232680,290850
58171,116342,174513,232684,290855
58172,116344,174516,232688,290860
58173,116346,174519,232692,290865
58174,116348,174522,232696,290870
58175,116350,174525,232700,290875
58176,116352,174528,232704,290880
58177,116354,174531,232708,290885
58178,116356,174534,232712,290890
58179,116358,174537,232716,290895
58180,116360,174540,232720,290900
58181,116362,174543,232724,290905
58182,116364,174546,232728,290910
58183,116366,174549,232732,290915
58184,116368,174552,232736,290920
58185,116370,174555,232740,290925
58186,116372,174558,232744,290930
58187,116374,174561,232748,290935
58188,116376,174564,232752,290940
58189,116378,174567,232756,290945
58190,116380,174570,232760,290950
58191,116382,174573,232764,290955
58192,116384,174576,232768,290960
58193,116386,174579,232772,290965
58194,116388,174582,232776,290970
58195,116390,174585,232780,290975
58196,116392,174588,232784,290980
58197,116394,174591,232788,290985
58198,116396,174594,232792,290990
58199,116398,174597,232796,290995
58200,116400,174600,232800,291000
58201,116402,174603,232804,291005
58202,116404,174606,232808,291010
58203,116406,174609,232812,291015
58204,116408,174612,232816,291020
58205,116410,174615,232820,291025
58206,116412,174618,232824,291030
58207,116414,174621,232828,291035
58208,116416,174624,232832,291040
58209,116418,174627,232836,291045
58210,116420,174630,232840,291050
58211,116422,174633,232844,291055
58212,116424,174636,232848,291060
58213,116426,174639,232852,291065
58214,116428,174642,232856,291070
58215,116430,174645,232860,291075
58216,116432,174648,232864,291080
58217,116434,174651,232868,291085
58218,116436,174654,232872,291090
58219,116438,174657,232876,291095
58220,116440,174660,232880,291100
58221,116442,174663,232884,291105
58222,116444,174666,232888,291110
58223,116446,174669,232892,291115
58224,116448,174672,232896,291120
58225,116450,174675,232900,291125
58226,116452,174678,232904,291130
58227,116454,174681,232908,291135
58228,116456,174684,232912,291140
58229,116458,174687,232916,291145
58230,116460,174690,232920,291150
58231,116462,174693,232924,291155
58232,116464,174696,232928,291160
58233,116466,174699,232932,291165
58234,116468,174702,232936,291170
58235,116470,174705,232940,291175
58236,116472,174708,232944,291180
58237,116474,174711,232948,291185
58238,116476,174714,232952,291190
58239,116478,174717,232956,291195
58240,116480,174720,232960,291200
58241,116482,174723,232964,291205
58242,116484,174726,232968,291210
58243,116486,174729,232972,291215
58244,116488,174732,232976,291220
58245,116490,174735,232980,291225
58246,116492,174738,232984,291230
58247,116494,174741,232988,291235
58248,116496,174744,232992,291240
58249,116498,174747,232996,291245
58250,116500,174750,233000,291250
58251,116502,174753,233004,291255
58252,116504,174756,233008,291260
58253,116506,174759,233012,291265
58254,116508,174762,233016,291270
58255,116510,174765,233020,291275
58256,116512,174768,233024,291280
58257,116514,174771,233028,291285
58258,116516,174774,233032,291290
58259,116518,174777,233036,291295
58260,116520,174780,233040,291300
58261,116522,174783,233044,291305
58262,116524,174786,233048,291310
58263,116526,174789,233052,291315
58264,116528,174792,233056,291320
58265,116530,174795,233060,291325
58266,116532,174798,233064,291330
58267,116534,174801,233068,291335
58268,116536,174804,233072,291340
58269,116538,174807,233076,291345
58270,116540,174810,233080,291350
58271,116542,174813,233084,291355
58272,116544,174816,233088,291360
58273,116546,174819,233092,291365
58274,116548,174822,233096,291370
58275,116550,174825,233100,291375
58276,116552,174828,233104,291380
58277,116554,174831,233108,291385
58278,116556,174834,233112,291390
58279,116558,174837,233116,291395
58280,116560,174840,233120,291400
58281,116562,174843,233124,291405
58282,116564,174846,233128,291410
58283,116566,174849,233132,291415
58284,116568,174852,233136,291420
58285,116570,174855,233140,291425
58286,116572,174858,233144,291430
58287,116574,174861,233148,291435
58288,116576,174864,233152,291440
58289,116578,174867,233156,291445
58290,116580,174870,233160,291450
58291,116582,174873,233164,291455
58292,116584,174876,233168,291460
58293,116586,174879,233172,291465
58294,116588,174882,233176,291470
58295,116590,174885,233180,291475
58296,116592,174888,233184,291480
58297,116594,174891,233188,291485
58298,116596,174894,233192,291490
58299,116598,174897,233196,291495
58300,116600,174900,233200,291500
58301,116602,174903,233204,291505
58302,116604,174906,233208,291510
58303,116606,174909,233212,291515
58304,116608,174912,233216,291520
58305,116610,174915,233220,291525
58306,116612,174918,233224,291530
58307,116614,174921,233228,291535
58308,116616,174924,233232,291540
58309,116618,174927,233236,291545
58310,116620,174930,233240,291550
58311,116622,174933,233244,291555
58312,116624,174936,233248,291560
58313,116626,174939,233252,291565
58314,116628,174942,233256,291570
58315,116630,174945,233260,291575
58316,116632,174948,233264,291580
58317,116634,174951,233268,291585
58318,116636,174954,233272,291590
58319,116638,174957,233276,291595
58320,116640,174960,233280,291600
58321,116642,174963,233284,291605
58322,116644,174966,233288,291610
58323,116646,174969,233292,291615
58324,116648,174972,233296,291620
58325,116650,174975,233300,291625
58326,116652,174978,233304,291630
58327,116654,174981,233308,291635
58328,116656,174984,233312,291640
58329,116658,174987,233316,291645
58330,116660,174990,233320,291650
58331,116662,174993,233324,291655
58332,116664,174996,233328,291660
58333,116666,174999,233332,291665
58334,116668,175002,233336,291670
58335,116670,175005,233340,291675
58336,116672,175008,233344,291680
58337,116674,175011,233348,291685
58338,116676,175014,233352,291690
58339,116678,175017,233356,291695
58340,116680,175020,233360,291700
58341,116682,175023,233364,291705
58342,116684,175026,233368,291710
58343,116686,175029,233372,291715
58344,116688,175032,233376,291720
58345,116690,175035,233380,291725
58346,116692,175038,233384,291730
58347,116694,175041,233388,291735
58348,116696,175044,233392,291740
58349,116698,175047,233396,291745
58350,116700,175050,233400,291750
58351,116702,175053,233404,291755
58352,116704,175056,233408,291760
58353,116706,175059,233412,291765
58354,116708,175062,233416,291770
58355,116710,175065,233420,291775
58356,116712,175068,233424,291780
58357,116714,175071,233428,291785
58358,116716,175074,233432,291790
58359,116718,175077,233436,291795
58360,116720,175080,233440,291800
58361,116722,175083,233444,291805
58362,116724,175086,233448,291810
58363,116726,175089,233452,291815
58364,116728,175092,233456,291820
58365,116730,175095,233460,291825
58366,116732,175098,233464,291830
58367,116734,175101,233468,291835
58368,116736,175104,233472,291840
58369,116738,175107,233476,291845
58370,116740,175110,233480,291850
58371,116742,175113,233484,291855
58372,116744,175116,233488,291860
58373,116746,175119,233492,291865
58374,116748,175122,233496,291870
58375,116750,175125,233500,291875
58376,116752,175128,233504,291880
58377,116754,175131,233508,291885
58378,116756,175134,233512,291890
58379,116758,175137,233516,291895
58380,116760,175140,233520,291900
58381,116762,175143,233524,291905
58382,116764,175146,233528,291910
58383,116766,175149,233532,291915
58384,116768,175152,233536,291920
58385,116770,175155,233540,291925
58386,116772,175158,233544,291930
58387,116774,175161,233548,291935
58388,116776,175164,233552,291940
58389,116778,175167,233556,291945
58390,116780,175170,233560,291950
58391,116782,175173,233564,291955
58392,116784,175176,233568,291960
58393,116786,175179,233572,291965
58394,116788,175182,233576,291970
58395,116790,175185,233580,291975
58396,116792,175188,233584,291980
58397,116794,175191,233588,291985
58398,116796,175194,233592,291990
58399,116798,175197,233596,291995
58400,116800,175200,233600,292000
58401,116802,175203,233604,292005
58402,116804,175206,233608,292010
58403,116806,175209,233612,292015
58404,116808,175212,233616,292020
58405,116810,175215,233620,292025
58406,116812,175218,233624,292030
58407,116814,175221,233628,292035
58408,116816,175224,233632,292040
58409,116818,175227,233636,292045
58410,116820,175230,233640,292050
58411,116822,175233,233644,292055
58412,116824,175236,233648,292060
58413,116826,175239,233652,292065
58414,116828,175242,233656,292070
58415,116830,175245,233660,292075
58416,116832,175248,233664,292080
58417,116834,175251,233668,292085
58418,116836,175254,233672,292090
58419,116838,175257,233676,292095
58420,116840,175260,233680,292100
58421,116842,175263,233684,292105
58422,116844,175266,233688,292110
58423,116846,175269,233692,292115
58424,116848,175272,233696,292120
58425,116850,175275,233700,292125
58426,116852,175278,233704,292130
58427,116854,175281,233708,292135
58428,116856,175284,233712,292140
58429,116858,175287,233716,292145
58430,116860,175290,233720,292150
58431,116862,175293,233724,292155
58432,116864,175296,233728,292160
58433,116866,175299,233732,292165
58434,116868,175302,233736,292170
58435,116870,175305,233740,292175
58436,116872,175308,233744,292180
58437,116874,175311,233748,292185
58438,116876,175314,233752,292190
58439,116878,175317,233756,292195
58440,116880,175320,233760,292200
58441,116882,175323,233764,292205
58442,116884,175326,233768,292210
58443,116886,175329,233772,292215
58444,116888,175332,233776,292220
58445,116890,175335,233780,292225
58446,116892,175338,233784,292230
58447,116894,175341,233788,292235
58448,116896,175344,233792,292240
58449,116898,175347,233796,292245
58450,116900,175350,233800,292250
58451,116902,175353,233804,292255
58452,116904,175356,233808,292260
58453,116906,175359,233812,292265
58454,116908,175362,233816,292270
58455,116910,175365,233820,292275
58456,116912,175368,233824,292280
58457,116914,175371,233828,292285
58458,116916,175374,233832,292290
58459,116918,175377,233836,292295
58460,116920,175380,233840,292300
58461,116922,175383,233844,292305
58462,116924,175386,233848,292310
58463,116926,175389,233852,292315
58464,116928,175392,233856,292320
58465,116930,175395,233860,292325
58466,116932,175398,233864,292330
58467,116934,175401,233868,292335
58468,116936,175404,233872,292340
58469,116938,175407,233876,292345
58470,116940,175410,233880,292350
58471,116942,175413,233884,292355
58472,116944,175416,233888,292360
58473,116946,175419,233892,292365
58474,116948,175422,233896,292370
58475,116950,175425,233900,292375
58476,116952,175428,233904,292380
58477,116954,175431,233908,292385
58478,116956,175434,233912,292390
58479,116958,175437,233916,292395
58480,116960,175440,233920,292400
58481,116962,175443,233924,292405
58482,116964,175446,233928,292410
58483,116966,175449,233932,292415
58484,116968,175452,233936,292420
58485,116970,175455,233940,292425
58486,116972,175458,233944,292430
58487,116974,175461,233948,292435
58488,116976,175464,233952,292440
58489,116978,175467,233956,292445
58490,116980,175470,233960,292450
58491,116982,175473,233964,292455
58492,116984,175476,233968,292460
58493,116986,175479,233972,292465
58494,116988,175482,233976,292470
58495,116990,175485,233980,292475
58496,116992,175488,233984,292480
58497,116994,175491,233988,292485
58498,116996,175494,233992,292490
58499,116998,175497,233996,292495
58500,117000,175500,234000,292500
58501,117002,175503,234004,292505
58502,117004,175506,234008,292510
58503,117006,175509,234012,292515
58504,117008,175512,234016,292520
58505,117010,175515,234020,292525
58506,117012,175518,234024,292530
58507,117014,175521,234028,292535
58508,117016,175524,234032,292540
58509,117018,175527,234036,292545
58510,117020,175530,234040,292550
58511,117022,175533,234044,292555
58512,117024,175536,234048,292560
58513,117026,175539,234052,292565
58514,117028,175542,234056,292570
58515,117030,175545,234060,292575
58516,117032,175548,234064,292580
58517,117034,175551,234068,292585
58518,117036,175554,234072,292590
58519,117038,175557,234076,292595
58520,117040,175560,234080,292600
58521,117042,175563,234084,292605
58522,117044,175566,234088,292610
58523,117046,175569,234092,292615
58524,117048,175572,234096,292620
58525,117050,175575,234100,292625
58526,117052,175578,234104,292630
58527,117054,175581,234108,292635
58528,117056,175584,234112,292640
58529,117058,175587,234116,292645
58530,117060,175590,234120,292650
58531,117062,175593,234124,292655
58532,117064,175596,234128,292660
58533,117066,175599,234132,292665
58534,117068,175602,234136,292670
58535,117070,175605,234140,292675
58536,117072,175608,234144,292680
58537,117074,175611,234148,292685
58538,117076,175614,234152,292690
58539,117078,175617,234156,292695
58540,117080,175620,234160,292700
58541,117082,175623,234164,292705
58542,117084,175626,234168,292710
58543,117086,175629,234172,292715
58544,117088,175632,234176,292720
58545,117090,175635,234180,292725
58546,117092,175638,234184,292730
58547,117094,175641,234188,292735
58548,117096,175644,234192,292740
58549,117098,175647,234196,292745
58550,117100,175650,234200,292750
58551,117102,175653,234204,292755
58552,117104,175656,234208,292760
58553,117106,175659,234212,292765
58554,117108,175662,234216,292770
58555,117110,175665,234220,292775
58556,117112,175668,234224,292780
58557,117114,175671,234228,292785
58558,117116,175674,234232,292790
58559,117118,175677,234236,292795
58560,117120,175680,234240,292800
58561,117122,175683,234244,292805
58562,117124,175686,234248,292810
58563,117126,175689,234252,292815
58564,117128,175692,234256,292820
58565,117130,175695,234260,292825
58566,117132,175698,234264,292830
58567,117134,175701,234268,292835
58568,117136,175704,234272,292840
58569,117138,175707,234276,292845
58570,117140,175710,234280,292850
58571,117142,175713,234284,292855
58572,117144,175716,234288,292860
58573,117146,175719,234292,292865
58574,117148,175722,234296,292870
58575,117150,175725,234300,292875
58576,117152,175728,234304,292880
58577,117154,175731,234308,292885
58578,117156,175734,234312,292890
58579,117158,175737,234316,292895
58580,117160,175740,234320,292900
58581,117162,175743,234324,292905
58582,117164,175746,234328,292910
58583,117166,175749,234332,292915
58584,117168,175752,234336,292920
58585,117170,175755,234340,292925
58586,117172,175758,234344,292930
58587,117174,175761,234348,292935
58588,117176,175764,234352,292940
58589,117178,175767,234356,292945
58590,117180,175770,234360,292950
58591,117182,175773,234364,292955
58592,117184,175776,234368,292960
58593,117186,175779,234372,292965
58594,117188,175782,234376,292970
58595,117190,175785,234380,292975
58596,117192,175788,234384,292980
58597,117194,175791,234388,292985
58598,117196,175794,234392,292990
58599,117198,175797,234396,292995
58600,117200,175800,234400,293000
58601,117202,175803,234404,293005
58602,117204,175806,234408,293010
58603,117206,175809,234412,293015
58604,117208,175812,234416,293020
58605,117210,175815,234420,293025
58606,117212,175818,234424,293030
58607,117214,175821,234428,293035
58608,117216,175824,234432,293040
58609,117218,175827,234436,293045
58610,117220,175830,234440,293050
58611,117222,175833,234444,293055
58612,117224,175836,234448,293060
58613,117226,175839,234452,293065
58614,117228,175842,234456,293070
58615,117230,175845,234460,293075
58616,117232,175848,234464,293080
58617,117234,175851,234468,293085
58618,117236,175854,234472,293090
58619,117238,175857,234476,293095
58620,117240,175860,234480,293100
58621,117242,175863,234484,293105
58622,117244,175866,234488,293110
58623,117246,175869,234492,293115
58624,117248,175872,234496,293120
58625,117250,175875,234500,293125
58626,117252,175878,234504,293130
58627,117254,175881,234508,293135
58628,117256,175884,234512,293140
58629,117258,175887,234516,293145
58630,117260,175890,234520,293150
58631,117262,175893,234524,293155
58632,117264,175896,234528,293160
58633,117266,175899,234532,293165
58634,117268,175902,234536,293170
58635,117270,175905,234540,293175
58636,117272,175908,234544,293180
58637,117274,175911,234548,293185
58638,117276,175914,234552,293190
58639,117278,175917,234556,293195
58640,117280,175920,234560,293200
58641,117282,175923,234564,293205
58642,117284,175926,234568,293210
58643,117286,175929,234572,293215
58644,117288,175932,234576,293220
58645,117290,175935,234580,293225
58646,117292,175938,234584,293230
58647,117294,175941,234588,293235
58648,117296,175944,234592,293240
58649,117298,175947,234596,293245
58650,117300,175950,234600,293250
58651,117302,175953,234604,293255
58652,117304,175956,234608,293260
58653,117306,175959,234612,293265
58654,117308,175962,234616,293270
58655,117310,175965,234620,293275
58656,117312,175968,234624,293280
58657,117314,175971,234628,293285
58658,117316,175974,234632,293290
58659,117318,175977,234636,293295
58660,117320,175980,234640,293300
58661,117322,175983,234644,293305
58662,117324,175986,234648,293310
58663,117326,175989,234652,293315
58664,117328,175992,234656,293320
58665,117330,175995,234660,293325
58666,117332,175998,234664,293330
58667,117334,176001,234668,293335
58668,117336,176004,234672,293340
58669,117338,176007,234676,293345
58670,117340,176010,234680,293350
58671,117342,176013,234684,293355
58672,117344,176016,234688,293360
58673,117346,176019,234692,293365
58674,117348,176022,234696,293370
58675,117350,176025,234700,293375
58676,117352,176028,234704,293380
58677,117354,176031,234708,293385
58678,117356,176034,234712,293390
58679,117358,176037,234716,293395
58680,117360,176040,234720,293400
58681,117362,176043,234724,293405
58682,117364,176046,234728,293410
58683,117366,176049,234732,293415
58684,117368,176052,234736,293420
58685,117370,176055,234740,293425
58686,117372,176058,234744,293430
58687,117374,176061,234748,293435
58688,117376,176064,234752,293440
58689,117378,176067,234756,293445
58690,117380,176070,234760,293450
58691,117382,176073,234764,293455
58692,117384,176076,234768,293460
58693,117386,176079,234772,293465
58694,117388,176082,234776,293470
58695,117390,176085,234780,293475
58696,117392,176088,234784,293480
58697,117394,176091,234788,293485
58698,117396,176094,234792,293490
58699,117398,176097,234796,293495
58700,117400,176100,234800,293500
58701,117402,176103,234804,293505
58702,117404,176106,234808,293510
58703,117406,176109,234812,293515
58704,117408,176112,234816,293520
58705,117410,176115,234820,293525
58706,117412,176118,234824,293530
58707,117414,176121,234828,293535
58708,117416,176124,234832,293540
58709,117418,176127,234836,293545
58710,117420,176130,234840,293550
58711,117422,176133,234844,293555
58712,117424,176136,234848,293560
58713,117426,176139,234852,293565
58714,117428,176142,234856,293570
58715,117430,176145,234860,293575
58716,117432,176148,234864,293580
58717,117434,176151,234868,293585
58718,117436,176154,234872,293590
58719,117438,176157,234876,293595
58720,117440,176160,234880,293600
58721,117442,176163,234884,293605
58722,117444,176166,234888,293610
58723,117446,176169,234892,293615
58724,117448,176172,234896,293620
58725,117450,176175,234900,293625
58726,117452,176178,234904,293630
58727,117454,176181,234908,293635
58728,117456,176184,234912,293640
58729,117458,176187,234916,293645
58730,117460,176190,234920,293650
58731,117462,176193,234924,293655
58732,117464,176196,234928,293660
58733,117466,176199,234932,293665
58734,117468,176202,234936,293670
58735,117470,176205,234940,293675
58736,117472,176208,234944,293680
58737,117474,176211,234948,293685
58738,117476,176214,234952,293690
58739,117478,176217,234956,293695
58740,117480,176220,234960,293700
58741,117482,176223,234964,293705
58742,117484,176226,234968,293710
58743,117486,176229,234972,293715
58744,117488,176232,234976,293720
58745,117490,176235,234980,293725
58746,117492,176238,234984,293730
58747,117494,176241,234988,293735
58748,117496,176244,234992,293740
58749,117498,176247,234996,293745
58750,117500,176250,235000,293750
58751,117502,176253,235004,293755
58752,117504,176256,235008,293760
58753,117506,176259,235012,293765
58754,117508,176262,235016,293770
58755,117510,176265,235020,293775
58756,117512,176268,235024,293780
58757,117514,176271,235028,293785
58758,117516,176274,235032,293790
58759,117518,176277,235036,293795
58760,117520,176280,235040,293800
58761,117522,176283,235044,293805
58762,117524,176286,235048,293810
58763,117526,176289,235052,293815
58764,117528,176292,235056,293820
58765,117530,176295,235060,293825
58766,117532,176298,235064,293830
58767,117534,176301,235068,293835
58768,117536,176304,235072,293840
58769,117538,176307,235076,293845
58770,117540,176310,235080,293850
58771,117542,176313,235084,293855
58772,117544,176316,235088,293860
58773,117546,176319,235092,293865
58774,117548,176322,235096,293870
58775,117550,176325,235100,293875
58776,117552,176328,235104,293880
58777,117554,176331,235108,293885
58778,117556,176334,235112,293890
58779,117558,176337,235116,293895
58780,117560,176340,235120,293900
58781,117562,176343,235124,293905
58782,117564,176346,235128,293910
58783,117566,176349,235132,293915
58784,117568,176352,235136,293920
58785,117570,176355,235140,293925
58786,117572,176358,235144,293930
58787,117574,176361,235148,293935
58788,117576,176364,235152,293940
58789,117578,176367,235156,293945
58790,117580,176370,235160,293950
58791,117582,176373,235164,293955
58792,117584,176376,235168,293960
58793,117586,176379,235172,293965
58794,117588,176382,235176,293970
58795,117590,176385,235180,293975
58796,117592,176388,235184,293980
58797,117594,176391,235188,293985
58798,117596,176394,235192,293990
58799,117598,176397,235196,293995
58800,117600,176400,235200,294000
58801,117602,176403,235204,294005
58802,117604,176406,235208,294010
58803,117606,176409,235212,294015
58804,117608,176412,235216,294020
58805,117610,176415,235220,294025
58806,117612,176418,235224,294030
58807,117614,176421,235228,294035
58808,117616,176424,235232,294040
58809,117618,176427,235236,294045
58810,117620,176430,235240,294050
58811,117622,176433,235244,294055
58812,117624,176436,235248,294060
58813,117626,176439,235252,294065
58814,117628,176442,235256,294070
58815,117630,176445,235260,294075
58816,117632,176448,235264,294080
58817,117634,176451,235268,294085
58818,117636,176454,235272,294090
58819,117638,176457,235276,294095
58820,117640,176460,235280,294100
58821,117642,176463,235284,294105
58822,117644,176466,235288,294110
58823,117646,176469,235292,294115
58824,117648,176472,235296,294120
58825,117650,176475,235300,294125
58826,117652,176478,235304,294130
58827,117654,176481,235308,294135
58828,117656,176484,235312,294140
58829,117658,176487,235316,294145
58830,117660,176490,235320,294150
58831,117662,176493,235324,294155
58832,117664,176496,235328,294160
58833,117666,176499,235332,294165
58834,117668,176502,235336,294170
58835,117670,176505,235340,294175
58836,117672,176508,235344,294180
58837,117674,176511,235348,294185
58838,117676,176514,235352,294190
58839,117678,176517,235356,294195
58840,117680,176520,235360,294200
58841,117682,176523,235364,294205
58842,117684,176526,235368,294210
58843,117686,176529,235372,294215
58844,117688,176532,235376,294220
58845,117690,176535,235380,294225
58846,117692,176538,235384,294230
58847,117694,176541,235388,294235
58848,117696,176544,235392,294240
58849,117698,176547,235396,294245
58850,117700,176550,235400,294250
58851,117702,176553,235404,294255
58852,117704,176556,235408,294260
58853,117706,176559,235412,294265
58854,117708,176562,235416,294270
58855,117710,176565,235420,294275
58856,117712,176568,235424,294280
58857,117714,176571,235428,294285
58858,117716,176574,235432,294290
58859,117718,176577,235436,294295
58860,117720,176580,235440,294300
58861,117722,176583,235444,294305
58862,117724,176586,235448,294310
58863,117726,176589,235452,294315
58864,117728,176592,235456,294320
58865,117730,176595,235460,294325
58866,117732,176598,235464,294330
58867,117734,176601,235468,294335
58868,117736,176604,235472,294340
58869,117738,176607,235476,294345
58870,117740,176610,235480,294350
58871,117742,176613,235484,294355
58872,117744,176616,235488,294360
58873,117746,176619,235492,294365
58874,117748,176622,235496,294370
58875,117750,176625,235500,294375
58876,117752,176628,235504,294380
58877,117754,176631,235508,294385
58878,117756,176634,235512,294390
58879,117758,176637,235516,294395
58880,117760,176640,235520,294400
58881,117762,176643,235524,294405
58882,117764,176646,235528,294410
58883,117766,176649,235532,294415
58884,117768,176652,235536,294420
58885,117770,176655,235540,294425
58886,117772,176658,235544,294430
58887,117774,176661,235548,294435
58888,117776,176664,235552,294440
58889,117778,176667,235556,294445
58890,117780,176670,235560,294450
58891,117782,176673,235564,294455
58892,117784,176676,235568,294460
58893,117786,176679,235572,294465
58894,117788,176682,235576,294470
58895,117790,176685,235580,294475
58896,117792,176688,235584,294480
58897,117794,176691,235588,294485
58898,117796,176694,235592,294490
58899,117798,176697,235596,294495
58900,117800,176700,235600,294500
58901,117802,176703,235604,294505
58902,117804,176706,235608,294510
58903,117806,176709,235612,294515
58904,117808,176712,235616,294520
58905,117810,176715,235620,294525
58906,117812,176718,235624,294530
58907,117814,176721,235628,294535
58908,117816,176724,235632,294540
58909,117818,176727,235636,294545
58910,117820,176730,235640,294550
58911,117822,176733,235644,294555
58912,117824,176736,235648,294560
58913,117826,176739,235652,294565
58914,117828,176742,235656,294570
58915,117830,176745,235660,294575
58916,117832,176748,235664,294580
58917,117834,176751,235668,294585
58918,117836,176754,235672,294590
58919,117838,176757,235676,294595
58920,117840,176760,235680,294600
58921,117842,176763,235684,294605
58922,117844,176766,235688,294610
58923,117846,176769,235692,294615
58924,117848,176772,235696,294620
58925,117850,176775,235700,294625
58926,117852,176778,235704,294630
58927,117854,176781,235708,294635
58928,117856,176784,235712,294640
58929,117858,176787,235716,294645
58930,117860,176790,235720,294650
58931,117862,176793,235724,294655
58932,117864,176796,235728,294660
58933,117866,176799,235732,294665
58934,117868,176802,235736,294670
58935,117870,176805,235740,294675
58936,117872,176808,235744,294680
58937,117874,176811,235748,294685
58938,117876,176814,235752,294690
58939,117878,176817,235756,294695
58940,117880,176820,235760,294700
58941,117882,176823,235764,294705
58942,117884,176826,235768,294710
58943,117886,176829,235772,294715
58944,117888,176832,235776,294720
58945,117890,176835,235780,294725
58946,117892,176838,235784,294730
58947,117894,176841,235788,294735
58948,117896,176844,235792,294740
58949,117898,176847,235796,294745
58950,117900,176850,235800,294750
58951,117902,176853,235804,294755
58952,117904,176856,235808,294760
58953,117906,176859,235812,294765
58954,117908,176862,235816,294770
58955,117910,176865,235820,294775
58956,117912,176868,235824,294780
58957,117914,176871,235828,294785
58958,117916,176874,235832,294790
58959,117918,176877,235836,294795
58960,117920,176880,235840,294800
58961,117922,176883,235844,294805
58962,117924,176886,235848,294810
58963,117926,176889,235852,294815
58964,117928,176892,235856,294820
58965,117930,176895,235860,294825
58966,117932,176898,235864,294830
58967,117934,176901,235868,294835
58968,117936,176904,235872,294840
58969,117938,176907,235876,294845
58970,117940,176910,235880,294850
58971,117942,176913,235884,294855
58972,117944,176916,235888,294860
58973,117946,176919,235892,294865
58974,117948,176922,235896,294870
58975,117950,176925,235900,294875
58976,117952,176928,235904,294880
58977,117954,176931,235908,294885
58978,117956,176934,235912,294890
58979,117958,176937,235916,294895
58980,117960,176940,235920,294900
58981,117962,176943,235924,294905
58982,117964,176946,235928,294910
58983,117966,176949,235932,294915
58984,117968,176952,235936,294920
58985,117970,176955,235940,294925
58986,117972,176958,235944,294930
58987,117974,176961,235948,294935
58988,117976,176964,235952,294940
58989,117978,176967,235956,294945
58990,117980,176970,235960,294950
58991,117982,176973,235964,294955
58992,117984,176976,235968,294960
58993,117986,176979,235972,294965
58994,117988,176982,235976,294970
58995,117990,176985,235980,294975
58996,117992,176988,235984,294980
58997,117994,176991,235988,294985
58998,117996,176994,235992,294990
58999,117998,176997,235996,294995
59000,118000,177000,236000,295000
59001,118002,177003,236004,295005
59002,118004,177006,236008,295010
59003,118006,177009,236012,295015
59004,118008,177012,236016,295020
59005,118010,177015,236020,295025
59006,118012,177018,236024,295030
59007,118014,177021,236028,295035
59008,118016,177024,236032,295040
59009,118018,177027,236036,295045
59010,118020,177030,236040,295050
59011,118022,177033,236044,295055
59012,118024,177036,236048,295060
59013,118026,177039,236052,295065
59014,118028,177042,236056,295070
59015,118030,177045,236060,295075
59016,118032,177048,236064,295080
59017,118034,177051,236068,295085
59018,118036,177054,236072,295090
59019,118038,177057,236076,295095
59020,118040,177060,236080,295100
59021,118042,177063,236084,295105
59022,118044,177066,236088,295110
59023,118046,177069,236092,295115
59024,118048,177072,236096,295120
59025,118050,177075,236100,295125
59026,118052,177078,236104,295130
59027,118054,177081,236108,295135
59028,118056,177084,236112,295140
59029,118058,177087,236116,295145
59030,118060,177090,236120,295150
59031,118062,177093,236124,295155
59032,118064,177096,236128,295160
59033,118066,177099,236132,295165
59034,118068,177102,236136,295170
59035,118070,177105,236140,295175
59036,118072,177108,236144,295180
59037,118074,177111,236148,295185
59038,118076,177114,236152,295190
59039,118078,177117,236156,295195
59040,118080,177120,236160,295200
59041,118082,177123,236164,295205
59042,118084,177126,236168,295210
59043,118086,177129,236172,295215
59044,118088,177132,236176,295220
59045,118090,177135,236180,295225
59046,118092,177138,236184,295230
59047,118094,177141,236188,295235
59048,118096,177144,236192,295240
59049,118098,177147,236196,295245
59050,118100,177150,236200,295250
59051,118102,177153,236204,295255
59052,118104,177156,236208,295260
59053,118106,177159,236212,295265
59054,118108,177162,236216,295270
59055,118110,177165,236220,295275
59056,118112,177168,236224,295280
59057,118114,177171,236228,295285
59058,118116,177174,236232,295290
59059,118118,177177,236236,295295
59060,118120,177180,236240,295300
59061,118122,177183,236244,295305
59062,118124,177186,236248,295310
59063,118126,177189,236252,295315
59064,118128,177192,236256,295320
59065,118130,177195,236260,295325
59066,118132,177198,236264,295330
59067,118134,177201,236268,295335
59068,118136,177204,236272,295340
59069,118138,177207,236276,295345
59070,118140,177210,236280,295350
59071,118142,177213,236284,295355
59072,118144,177216,236288,295360
59073,118146,177219,236292,295365
59074,118148,177222,236296,295370
59075,118150,177225,236300,295375
59076,118152,177228,236304,295380
59077,118154,177231,236308,295385
59078,118156,177234,236312,295390
59079,118158,177237,236316,295395
59080,118160,177240,236320,295400
59081,118162,177243,236324,295405
59082,118164,177246,236328,295410
59083,118166,177249,236332,295415
59084,118168,177252,236336,295420
59085,118170,177255,236340,295425
59086,118172,177258,236344,295430
59087,118174,177261,236348,295435
59088,118176,177264,236352,295440
59089,118178,177267,236356,295445
59090,118180,177270,236360,295450
59091,118182,177273,236364,295455
59092,118184,177276,236368,295460
59093,118186,177279,236372,295465
59094,118188,177282,236376,295470
59095,118190,177285,236380,295475
59096,118192,177288,236384,295480
59097,118194,177291,236388,295485
59098,118196,177294,236392,295490
59099,118198,177297,236396,295495
59100,118200,177300,236400,295500
59101,118202,177303,236404,295505
59102,118204,177306,236408,295510
59103,118206,177309,236412,295515
59104,118208,177312,236416,295520
59105,118210,177315,236420,295525
59106,118212,177318,236424,295530
59107,118214,177321,236428,295535
59108,118216,177324,236432,295540
59109,118218,177327,236436,295545
59110,118220,177330,236440,295550
59111,118222,177333,236444,295555
59112,118224,177336,236448,295560
59113,118226,177339,236452,295565
59114,118228,177342,236456,295570
59115,118230,177345,236460,295575
59116,118232,177348,236464,295580
59117,118234,177351,236468,295585
59118,118236,177354,236472,295590
59119,118238,177357,236476,295595
59120,118240,177360,236480,295600
59121,118242,177363,236484,295605
59122,118244,177366,236488,295610
59123,118246,177369,236492,295615
59124,118248,177372,236496,295620
59125,118250,177375,236500,295625
59126,118252,177378,236504,295630
59127,118254,177381,236508,295635
59128,118256,177384,236512,295640
59129,118258,177387,236516,295645
59130,118260,177390,236520,295650
59131,118262,177393,236524,295655
59132,118264,177396,236528,295660
59133,118266,177399,236532,295665
59134,118268,177402,236536,295670
59135,118270,177405,236540,295675
59136,118272,177408,236544,295680
59137,118274,177411,236548,295685
59138,118276,177414,236552,295690
59139,118278,177417,236556,295695
59140,118280,177420,236560,295700
59141,118282,177423,236564,295705
59142,118284,177426,236568,295710
59143,118286,177429,236572,295715
59144,118288,177432,236576,295720
59145,118290,177435,236580,295725
59146,118292,177438,236584,295730
59147,118294,177441,236588,295735
59148,118296,177444,236592,295740
59149,118298,177447,236596,295745
59150,118300,177450,236600,295750
59151,118302,177453,236604,295755
59152,118304,177456,236608,295760
59153,118306,177459,236612,295765
59154,118308,177462,236616,295770
59155,118310,177465,236620,295775
59156,118312,177468,236624,295780
59157,118314,177471,236628,295785
59158,118316,177474,236632,295790
59159,118318,177477,236636,295795
59160,118320,177480,236640,295800
59161,118322,177483,236644,295805
59162,118324,177486,236648,295810
59163,118326,177489,236652,295815
59164,118328,177492,236656,295820
59165,118330,177495,236660,295825
59166,118332,177498,236664,295830
59167,118334,177501,236668,295835
59168,118336,177504,236672,295840
59169,118338,177507,236676,295845
59170,118340,177510,236680,295850
59171,118342,177513,236684,295855
59172,118344,177516,236688,295860
59173,118346,177519,236692,295865
59174,118348,177522,236696,295870
59175,118350,177525,236700,295875
59176,118352,177528,236704,295880
59177,118354,177531,236708,295885
59178,118356,177534,236712,295890
59179,118358,177537,236716,295895
59180,118360,177540,236720,295900
59181,118362,177543,236724,295905
59182,118364,177546,236728,295910
59183,118366,177549,236732,295915
59184,118368,177552,236736,295920
59185,118370,177555,236740,295925
59186,118372,177558,236744,295930
59187,118374,177561,236748,295935
59188,118376,177564,236752,295940
59189,118378,177567,236756,295945
59190,118380,177570,236760,295950
59191,118382,177573,236764,295955
59192,118384,177576,236768,295960
59193,118386,177579,236772,295965
59194,118388,177582,236776,295970
59195,118390,177585,236780,295975
59196,118392,177588,236784,295980
59197,118394,177591,236788,295985
59198,118396,177594,236792,295990
59199,118398,177597,236796,295995
59200,118400,177600,236800,296000
59201,118402,177603,236804,296005
59202,118404,177606,236808,296010
59203,118406,177609,236812,296015
59204,118408,177612,236816,296020
59205,118410,177615,236820,296025
59206,118412,177618,236824,296030
59207,118414,177621,236828,296035
59208,118416,177624,236832,296040
59209,118418,177627,236836,296045
59210,118420,177630,236840,296050
59211,118422,177633,236844,296055
59212,118424,177636,236848,296060
59213,118426,177639,236852,296065
59214,118428,177642,236856,296070
59215,118430,177645,236860,296075
59216,118432,177648,236864,296080
59217,118434,177651,236868,296085
59218,118436,177654,236872,296090
59219,118438,177657,236876,296095
59220,118440,177660,236880,296100
59221,118442,177663,236884,296105
59222,118444,177666,236888,296110
59223,118446,177669,236892,296115
59224,118448,177672,236896,296120
59225,118450,177675,236900,296125
59226,118452,177678,236904,296130
59227,118454,177681,236908,296135
59228,118456,177684,236912,296140
59229,118458,177687,236916,296145
59230,118460,177690,236920,296150
59231,118462,177693,236924,296155
59232,118464,177696,236928,296160
59233,118466,177699,236932,296165
59234,118468,177702,236936,296170
59235,118470,177705,236940,296175
59236,118472,177708,236944,296180
59237,118474,177711,236948,296185
59238,118476,177714,236952,296190
59239,118478,177717,236956,296195
59240,118480,177720,236960,296200
59241,118482,177723,236964,296205
59242,118484,177726,236968,296210
59243,118486,177729,236972,296215
59244,118488,177732,236976,296220
59245,118490,177735,236980,296225
59246,118492,177738,236984,296230
59247,118494,177741,236988,296235
59248,118496,177744,236992,296240
59249,118498,177747,236996,296245
59250,118500,177750,237000,296250
59251,118502,177753,237004,296255
59252,118504,177756,237008,296260
59253,118506,177759,237012,296265
59254,118508,177762,237016,296270
59255,118510,177765,237020,296275
59256,118512,177768,237024,296280
59257,118514,177771,237028,296285
59258,118516,177774,237032,296290
59259,118518,177777,237036,296295
59260,118520,177780,237040,296300
59261,118522,177783,237044,296305
59262,118524,177786,237048,296310
59263,118526,177789,237052,296315
59264,118528,177792,237056,296320
59265,118530,177795,237060,296325
59266,118532,177798,237064,296330
59267,118534,177801,237068,296335
59268,118536,177804,237072,296340
59269,118538,177807,237076,296345
59270,118540,177810,237080,296350
59271,118542,177813,237084,296355
59272,118544,177816,237088,296360
59273,118546,177819,237092,296365
59274,118548,177822,237096,296370
59275,118550,177825,237100,296375
59276,118552,177828,237104,296380
59277,118554,177831,237108,296385
59278,118556,177834,237112,296390
59279,118558,177837,237116,296395
59280,118560,177840,237120,296400
59281,118562,177843,237124,296405
59282,118564,177846,237128,296410
59283,118566,177849,237132,296415
59284,118568,177852,237136,296420
59285,118570,177855,237140,296425
59286,118572,177858,237144,296430
59287,118574,177861,237148,296435
59288,118576,177864,237152,296440
59289,118578,177867,237156,296445
59290,118580,177870,237160,296450
59291,118582,177873,237164,296455
59292,118584,177876,237168,296460
59293,118586,177879,237172,296465
59294,118588,177882,237176,296470
59295,118590,177885,237180,296475
59296,118592,177888,237184,296480
59297,118594,177891,237188,296485
59298,118596,177894,237192,296490
59299,118598,177897,237196,296495
59300,118600,177900,237200,296500
59301,118602,177903,237204,296505
59302,118604,177906,237208,296510
59303,118606,177909,237212,296515
59304,118608,177912,237216,296520
59305,118610,177915,237220,296525
59306,118612,177918,237224,296530
59307,118614,177921,237228,296535
59308,118616,177924,237232,296540
59309,118618,177927,237236,296545
59310,118620,177930,237240,296550
59311,118622,177933,237244,296555
59312,118624,177936,237248,296560
59313,118626,177939,237252,296565
59314,118628,177942,237256,296570
59315,118630,177945,237260,296575
59316,118632,177948,237264,296580
59317,118634,177951,237268,296585
59318,118636,177954,237272,296590
59319,118638,177957,237276,296595
59320,118640,177960,237280,296600
59321,118642,177963,237284,296605
59322,118644,177966,237288,296610
59323,118646,177969,237292,296615
59324,118648,177972,237296,296620
59325,118650,177975,237300,296625
59326,118652,177978,237304,296630
59327,118654,177981,237308,296635
59328,118656,177984,237312,296640
59329,118658,177987,237316,296645
59330,118660,177990,237320,296650
59331,118662,177993,237324,296655
59332,118664,177996,237328,296660
59333,118666,177999,237332,296665
59334,118668,178002,237336,296670
59335,118670,178005,237340,296675
59336,118672,178008,237344,296680
59337,118674,178011,237348,296685
59338,118676,178014,237352,296690
59339,118678,178017,237356,296695
59340,118680,178020,237360,296700
59341,118682,178023,237364,296705
59342,118684,178026,237368,296710
59343,118686,178029,237372,296715
59344,118688,178032,237376,296720
59345,118690,178035,237380,296725
59346,118692,178038,237384,296730
59347,118694,178041,237388,296735
59348,118696,178044,237392,296740
59349,118698,178047,237396,296745
59350,118700,178050,237400,296750
59351,118702,178053,237404,296755
59352,118704,178056,237408,296760
59353,118706,178059,237412,296765
59354,118708,178062,237416,296770
59355,118710,178065,237420,296775
59356,118712,178068,237424,296780
59357,118714,178071,237428,296785
59358,118716,178074,237432,296790
59359,118718,178077,237436,296795
59360,118720,178080,237440,296800
59361,118722,178083,237444,296805
59362,118724,178086,237448,296810
59363,118726,178089,237452,296815
59364,118728,178092,237456,296820
59365,118730,178095,237460,296825
59366,118732,178098,237464,296830
59367,118734,178101,237468,296835
59368,118736,178104,237472,296840
59369,118738,178107,237476,296845
59370,118740,178110,237480,296850
59371,118742,178113,237484,296855
59372,118744,178116,237488,296860
59373,118746,178119,237492,296865
59374,118748,178122,237496,296870
59375,118750,178125,237500,296875
59376,118752,178128,237504,296880
59377,118754,178131,237508,296885
59378,118756,178134,237512,296890
59379,118758,178137,237516,296895
59380,118760,178140,237520,296900
59381,118762,178143,237524,296905
59382,118764,178146,237528,296910
59383,118766,178149,237532,296915
59384,118768,178152,237536,296920
59385,118770,178155,237540,296925
59386,118772,178158,237544,296930
59387,118774,178161,237548,296935
59388,118776,178164,237552,296940
59389,118778,178167,237556,296945
59390,118780,178170,237560,296950
59391,118782,178173,237564,296955
59392,118784,178176,237568,296960
59393,118786,178179,237572,296965
59394,118788,178182,237576,296970
59395,118790,178185,237580,296975
59396,118792,178188,237584,296980
59397,118794,178191,237588,296985
59398,118796,178194,237592,296990
59399,118798,178197,237596,296995
59400,118800,178200,237600,297000
59401,118802,178203,237604,297005
59402,118804,178206,237608,297010
59403,118806,178209,237612,297015
59404,118808,178212,237616,297020
59405,118810,178215,237620,297025
59406,118812,178218,237624,297030
59407,118814,178221,237628,297035
59408,118816,178224,237632,297040
59409,118818,178227,237636,297045
59410,118820,178230,237640,297050
59411,118822,178233,237644,297055
59412,118824,178236,237648,297060
59413,118826,178239,237652,297065
59414,118828,178242,237656,297070
59415,118830,178245,237660,297075
59416,118832,178248,237664,297080
59417,118834,178251,237668,297085
59418,118836,178254,237672,297090
59419,118838,178257,237676,297095
59420,118840,178260,237680,297100
59421,118842,178263,237684,297105
59422,118844,178266,237688,297110
59423,118846,178269,237692,297115
59424,118848,178272,237696,297120
59425,118850,178275,237700,297125
59426,118852,178278,237704,297130
59427,118854,178281,237708,297135
59428,118856,178284,237712,297140
59429,118858,178287,237716,297145
59430,118860,178290,237720,297150
59431,118862,178293,237724,297155
59432,118864,178296,237728,297160
59433,118866,178299,237732,297165
59434,118868,178302,237736,297170
59435,118870,178305,237740,297175
59436,118872,178308,237744,297180
59437,118874,178311,237748,297185
59438,118876,178314,237752,297190
59439,118878,178317,237756,297195
59440,118880,178320,237760,297200
59441,118882,178323,237764,297205
59442,118884,178326,237768,297210
59443,118886,178329,237772,297215
59444,118888,178332,237776,297220
59445,118890,178335,237780,297225
59446,118892,178338,237784,297230
59447,118894,178341,237788,297235
59448,118896,178344,237792,297240
59449,118898,178347,237796,297245
59450,118900,178350,237800,297250
59451,118902,178353,237804,297255
59452,118904,178356,237808,297260
59453,118906,178359,237812,297265
59454,118908,178362,237816,297270
59455,118910,178365,237820,297275
59456,118912,178368,237824,297280
59457,118914,178371,237828,297285
59458,118916,178374,237832,297290
59459,118918,178377,237836,297295
59460,118920,178380,237840,297300
59461,118922,178383,237844,297305
59462,118924,178386,237848,297310
59463,118926,178389,237852,297315
59464,118928,178392,237856,297320
59465,118930,178395,237860,297325
59466,118932,178398,237864,297330
59467,118934,178401,237868,297335
59468,118936,178404,237872,297340
59469,118938,178407,237876,297345
59470,118940,178410,237880,297350
59471,118942,178413,237884,297355
59472,118944,178416,237888,297360
59473,118946,178419,237892,297365
59474,118948,178422,237896,297370
59475,118950,178425,237900,297375
59476,118952,178428,237904,297380
59477,118954,178431,237908,297385
59478,118956,178434,237912,297390
59479,118958,178437,237916,297395
59480,118960,178440,237920,297400
59481,118962,178443,237924,297405
59482,118964,178446,237928,297410
59483,118966,178449,237932,297415
59484,118968,178452,237936,297420
59485,118970,178455,237940,297425
59486,118972,178458,237944,297430
59487,118974,178461,237948,297435
59488,118976,178464,237952,297440
59489,118978,178467,237956,297445
59490,118980,178470,237960,297450
59491,118982,178473,237964,297455
59492,118984,178476,237968,297460
59493,118986,178479,237972,297465
59494,118988,178482,237976,297470
59495,118990,178485,237980,297475
59496,118992,178488,237984,297480
59497,118994,178491,237988,297485
59498,118996,178494,237992,297490
59499,118998,178497,237996,297495
59500,119000,178500,238000,297500
59501,119002,178503,238004,297505
59502,119004,178506,238008,297510
59503,119006,178509,238012,297515
59504,119008,178512,238016,297520
59505,119010,178515,238020,297525
59506,119012,178518,238024,297530
59507,119014,178521,238028,297535
59508,119016,178524,238032,297540
59509,119018,178527,238036,297545
59510,119020,178530,238040,297550
59511,119022,178533,238044,297555
59512,119024,178536,238048,297560
59513,119026,178539,238052,297565
59514,119028,178542,238056,297570
59515,119030,178545,238060,297575
59516,119032,178548,238064,297580
59517,119034,178551,238068,297585
59518,119036,178554,238072,297590
59519,119038,178557,238076,297595
59520,119040,178560,238080,297600
59521,119042,178563,238084,297605
59522,119044,178566,238088,297610
59523,119046,178569,238092,297615
59524,119048,178572,238096,297620
59525,119050,178575,238100,297625
59526,119052,178578,238104,297630
59527,119054,178581,238108,297635
59528,119056,178584,238112,297640
59529,119058,178587,238116,297645
59530,119060,178590,238120,297650
59531,119062,178593,238124,297655
59532,119064,178596,238128,297660
59533,119066,178599,238132,297665
59534,119068,178602,238136,297670
59535,119070,178605,238140,297675
59536,119072,178608,238144,297680
59537,119074,178611,238148,297685
59538,119076,178614,238152,297690
59539,119078,178617,238156,297695
59540,119080,178620,238160,297700
59541,119082,178623,238164,297705
59542,119084,178626,238168,297710
59543,119086,178629,238172,297715
59544,119088,178632,238176,297720
59545,119090,178635,238180,297725
59546,119092,178638,238184,297730
59547,119094,178641,238188,297735
59548,119096,178644,238192,297740
59549,119098,178647,238196,297745
59550,119100,178650,238200,297750
59551,119102,178653,238204,297755
59552,119104,178656,238208,297760
59553,119106,178659,238212,297765
59554,119108,178662,238216,297770
59555,119110,178665,238220,297775
59556,119112,178668,238224,297780
59557,119114,178671,238228,297785
59558,119116,178674,238232,297790
59559,119118,178677,238236,297795
59560,119120,178680,238240,297800
59561,119122,178683,238244,297805
59562,119124,178686,238248,297810
59563,119126,178689,238252,297815
59564,119128,178692,238256,297820
59565,119130,178695,238260,297825
59566,119132,178698,238264,297830
59567,119134,178701,238268,297835
59568,119136,178704,238272,297840
59569,119138,178707,238276,297845
59570,119140,178710,238280,297850
59571,119142,178713,238284,297855
59572,119144,178716,238288,297860
59573,119146,178719,238292,297865
59574,119148,178722,238296,297870
59575,119150,178725,238300,297875
59576,119152,178728,238304,297880
59577,119154,178731,238308,297885
59578,119156,178734,238312,297890
59579,119158,178737,238316,297895
59580,119160,178740,238320,297900
59581,119162,178743,238324,297905
59582,119164,178746,238328,297910
59583,119166,178749,238332,297915
59584,119168,178752,238336,297920
59585,119170,178755,238340,297925
59586,119172,178758,238344,297930
59587,119174,178761,238348,297935
59588,119176,178764,238352,297940
59589,119178,178767,238356,297945
59590,119180,178770,238360,297950
59591,119182,178773,238364,297955
59592,119184,178776,238368,297960
59593,119186,178779,238372,297965
59594,119188,178782,238376,297970
59595,119190,178785,238380,297975
59596,119192,178788,238384,297980
59597,119194,178791,238388,297985
59598,119196,178794,238392,297990
59599,119198,178797,238396,297995
59600,119200,178800,238400,298000
59601,119202,178803,238404,298005
59602,119204,178806,238408,298010
59603,119206,178809,238412,298015
59604,119208,178812,238416,298020
59605,119210,178815,238420,298025
59606,119212,178818,238424,298030
59607,119214,178821,238428,298035
59608,119216,178824,238432,298040
59609,119218,178827,238436,298045
59610,119220,178830,238440,298050
59611,119222,178833,238444,298055
59612,119224,178836,238448,298060
59613,119226,178839,238452,298065
59614,119228,178842,238456,298070
59615,119230,178845,238460,298075
59616,119232,178848,238464,298080
59617,119234,178851,238468,298085
59618,119236,178854,238472,298090
59619,119238,178857,238476,298095
59620,119240,178860,238480,298100
59621,119242,178863,238484,298105
59622,119244,178866,238488,298110
59623,119246,178869,238492,298115
59624,119248,178872,238496,298120
59625,119250,178875,238500,298125
59626,119252,178878,238504,298130
59627,119254,178881,238508,298135
59628,119256,178884,238512,298140
59629,119258,178887,238516,298145
59630,119260,178890,238520,298150
59631,119262,178893,238524,298155
59632,119264,178896,238528,298160
59633,119266,178899,238532,298165
59634,119268,178902,238536,298170
59635,119270,178905,238540,298175
59636,119272,178908,238544,298180
59637,119274,178911,238548,298185
59638,119276,178914,238552,298190
59639,119278,178917,238556,298195
59640,119280,178920,238560,298200
59641,119282,178923,238564,298205
59642,119284,178926,238568,298210
59643,119286,178929,238572,298215
59644,119288,178932,238576,298220
59645,119290,178935,238580,298225
59646,119292,178938,238584,298230
59647,119294,178941,238588,298235
59648,119296,178944,238592,298240
59649,119298,178947,238596,298245
59650,119300,178950,238600,298250
59651,119302,178953,238604,298255
59652,119304,178956,238608,298260
59653,119306,178959,238612,298265
59654,119308,178962,238616,298270
59655,119310,178965,238620,298275
59656,119312,178968,238624,298280
59657,119314,178971,238628,298285
59658,119316,178974,238632,298290
59659,119318,178977,238636,298295
59660,119320,178980,238640,298300
59661,119322,178983,238644,298305
59662,119324,178986,238648,298310
59663,119326,178989,238652,298315
59664,119328,178992,238656,298320
59665,119330,178995,238660,298325
59666,119332,178998,238664,298330
59667,119334,179001,238668,298335
59668,119336,179004,238672,298340
59669,119338,179007,238676,298345
59670,119340,179010,238680,298350
59671,119342,179013,238684,298355
59672,119344,179016,238688,298360
59673,119346,179019,238692,298365
59674,119348,179022,238696,298370
59675,119350,179025,238700,298375
59676,119352,179028,238704,298380
59677,119354,179031,238708,298385
59678,119356,179034,238712,298390
59679,119358,179037,238716,298395
59680,119360,179040,238720,298400
59681,119362,179043,238724,298405
59682,119364,179046,238728,298410
59683,119366,179049,238732,298415
59684,119368,179052,238736,298420
59685,119370,179055,238740,298425
59686,119372,179058,238744,298430
59687,119374,179061,238748,298435
59688,119376,179064,238752,298440
59689,119378,179067,238756,298445
59690,119380,179070,238760,298450
59691,119382,179073,238764,298455
59692,119384,179076,238768,298460
59693,119386,179079,238772,298465
59694,119388,179082,238776,298470
59695,119390,179085,238780,298475
59696,119392,179088,238784,298480
59697,119394,179091,238788,298485
59698,119396,179094,238792,298490
59699,119398,179097,238796,298495
59700,119400,179100,238800,298500
59701,119402,179103,238804,298505
59702,119404,179106,238808,298510
59703,119406,179109,238812,298515
59704,119408,179112,238816,298520
59705,119410,179115,238820,298525
59706,119412,179118,238824,298530
59707,119414,179121,238828,298535
59708,119416,179124,238832,298540
59709,119418,179127,238836,298545
59710,119420,179130,238840,298550
59711,119422,179133,238844,298555
59712,119424,179136,238848,298560
59713,119426,179139,238852,298565
59714,119428,179142,238856,298570
59715,119430,179145,238860,298575
59716,119432,179148,238864,298580
59717,119434,179151,238868,298585
59718,119436,179154,238872,298590
59719,119438,179157,238876,298595
59720,119440,179160,238880,298600
59721,119442,179163,238884,298605
59722,119444,179166,238888,298610
59723,119446,179169,238892,298615
59724,119448,179172,238896,298620
59725,119450,179175,238900,298625
59726,119452,179178,238904,298630
59727,119454,179181,238908,298635
59728,119456,179184,238912,298640
59729,119458,179187,238916,298645
59730,119460,179190,238920,298650
59731,119462,179193,238924,298655
59732,119464,179196,238928,298660
59733,119466,179199,238932,298665
59734,119468,179202,238936,298670
59735,119470,179205,238940,298675
59736,119472,179208,238944,298680
59737,119474,179211,238948,298685
59738,119476,179214,238952,298690
59739,119478,179217,238956,298695
59740,119480,179220,238960,298700
59741,119482,179223,238964,298705
59742,119484,179226,238968,298710
59743,119486,179229,238972,298715
59744,119488,179232,238976,298720
59745,119490,179235,238980,298725
59746,119492,179238,238984,298730
59747,119494,179241,238988,298735
59748,119496,179244,238992,298740
59749,119498,179247,238996,298745
59750,119500,179250,239000,298750
59751,119502,179253,239004,298755
59752,119504,179256,239008,298760
59753,119506,179259,239012,298765
59754,119508,179262,239016,298770
59755,119510,179265,239020,298775
59756,119512,179268,239024,298780
59757,119514,179271,239028,298785
59758,119516,179274,239032,298790
59759,119518,179277,239036,298795
59760,119520,179280,239040,298800
59761,119522,179283,239044,298805
59762,119524,179286,239048,298810
59763,119526,179289,239052,298815
59764,119528,179292,239056,298820
59765,119530,179295,239060,298825
59766,119532,179298,239064,298830
59767,119534,179301,239068,298835
59768,119536,179304,239072,298840
59769,119538,179307,239076,298845
59770,119540,179310,239080,298850
59771,119542,179313,239084,298855
59772,119544,179316,239088,298860
59773,119546,179319,239092,298865
59774,119548,179322,239096,298870
59775,119550,179325,239100,298875
59776,119552,179328,239104,298880
59777,119554,179331,239108,298885
59778,119556,179334,239112,298890
59779,119558,179337,239116,298895
59780,119560,179340,239120,298900
59781,119562,179343,239124,298905
59782,119564,179346,239128,298910
59783,119566,179349,239132,298915
59784,119568,179352,239136,298920
59785,119570,179355,239140,298925
59786,119572,179358,239144,298930
59787,119574,179361,239148,298935
59788,119576,179364,239152,298940
59789,119578,179367,239156,298945
59790,119580,179370,239160,298950
59791,119582,179373,239164,298955
59792,119584,179376,239168,298960
59793,119586,179379,239172,298965
59794,119588,179382,239176,298970
59795,119590,179385,239180,298975
59796,119592,179388,239184,298980
59797,119594,179391,239188,298985
59798,119596,179394,239192,298990
59799,119598,179397,239196,298995
59800,119600,179400,239200,299000
59801,119602,179403,239204,299005
59802,119604,179406,239208,299010
59803,119606,179409,239212,299015
59804,119608,179412,239216,299020
59805,119610,179415,239220,299025
59806,119612,179418,239224,299030
59807,119614,179421,239228,299035
59808,119616,179424,239232,299040
59809,119618,179427,239236,299045
59810,119620,179430,239240,299050
59811,119622,179433,239244,299055
59812,119624,179436,239248,299060
59813,119626,179439,239252,299065
59814,119628,179442,239256,299070
59815,119630,179445,239260,299075
59816,119632,179448,239264,299080
59817,119634,179451,239268,299085
59818,119636,179454,239272,299090
59819,119638,179457,239276,299095
59820,119640,179460,239280,299100
59821,119642,179463,239284,299105
59822,119644,179466,239288,299110
59823,119646,179469,239292,299115
59824,119648,179472,239296,299120
59825,119650,179475,239300,299125
59826,119652,179478,239304,299130
59827,119654,179481,239308,299135
59828,119656,179484,239312,299140
59829,119658,179487,239316,299145
59830,119660,179490,239320,299150
59831,119662,179493,239324,299155
59832,119664,179496,239328,299160
59833,119666,179499,239332,299165
59834,119668,179502,239336,299170
59835,119670,179505,239340,299175
59836,119672,179508,239344,299180
59837,119674,179511,239348,299185
59838,119676,179514,239352,299190
59839,119678,179517,239356,299195
59840,119680,179520,239360,299200
59841,119682,179523,239364,299205
59842,119684,179526,239368,299210
59843,119686,179529,239372,299215
59844,119688,179532,239376,299220
59845,119690,179535,239380,299225
59846,119692,179538,239384,299230
59847,119694,179541,239388,299235
59848,119696,179544,239392,299240
59849,119698,179547,239396,299245
59850,119700,179550,239400,299250
59851,119702,179553,239404,299255
59852,119704,179556,239408,299260
59853,119706,179559,239412,299265
59854,119708,179562,239416,299270
59855,119710,179565,239420,299275
59856,119712,179568,239424,299280
59857,119714,179571,239428,299285
59858,119716,179574,239432,299290
59859,119718,179577,239436,299295
59860,119720,179580,239440,299300
59861,119722,179583,239444,299305
59862,119724,179586,239448,299310
59863,119726,179589,239452,299315
59864,119728,179592,239456,299320
59865,119730,179595,239460,299325
59866,119732,179598,239464,299330
59867,119734,179601,239468,299335
59868,119736,179604,239472,299340
59869,119738,179607,239476,299345
59870,119740,179610,239480,299350
59871,119742,179613,239484,299355
59872,119744,179616,239488,299360
59873,119746,179619,239492,299365
59874,119748,179622,239496,299370
59875,119750,179625,239500,299375
59876,119752,179628,239504,299380
59877,119754,179631,239508,299385
59878,119756,179634,239512,299390
59879,119758,179637,239516,299395
59880,119760,179640,239520,299400
59881,119762,179643,239524,299405
59882,119764,179646,239528,299410
59883,119766,179649,239532,299415
59884,119768,179652,239536,299420
59885,119770,179655,239540,299425
59886,119772,179658,239544,299430
59887,119774,179661,239548,299435
59888,119776,179664,239552,299440
59889,119778,179667,239556,299445
59890,119780,179670,239560,299450
59891,119782,179673,239564,299455
59892,119784,179676,239568,299460
59893,119786,179679,239572,299465
59894,119788,179682,239576,299470
59895,119790,179685,239580,299475
59896,119792,179688,239584,299480
59897,119794,179691,239588,299485
59898,119796,179694,239592,299490
59899,119798,179697,239596,299495
59900,119800,179700,239600,299500
59901,119802,179703,239604,299505
59902,119804,179706,239608,299510
59903,119806,179709,239612,299515
59904,119808,179712,239616,299520
59905,119810,179715,239620,299525
59906,119812,179718,239624,299530
59907,119814,179721,239628,299535
59908,119816,179724,239632,299540
59909,119818,179727,239636,299545
59910,119820,179730,239640,299550
59911,119822,179733,239644,299555
59912,119824,179736,239648,299560
59913,119826,179739,239652,299565
59914,119828,179742,239656,299570
59915,119830,179745,239660,299575
59916,119832,179748,239664,299580
59917,119834,179751,239668,299585
59918,119836,179754,239672,299590
59919,119838,179757,239676,299595
59920,119840,179760,239680,299600
59921,119842,179763,239684,299605
59922,119844,179766,239688,299610
59923,119846,179769,239692,299615
59924,119848,179772,239696,299620
59925,119850,179775,239700,299625
59926,119852,179778,239704,299630
59927,119854,179781,239708,299635
59928,119856,179784,239712,299640
59929,119858,179787,239716,299645
59930,119860,179790,239720,299650
59931,119862,179793,239724,299655
59932,119864,179796,239728,299660
59933,119866,179799,239732,299665
59934,119868,179802,239736,299670
59935,119870,179805,239740,299675
59936,119872,179808,239744,299680
59937,119874,179811,239748,299685
59938,119876,179814,239752,299690
59939,119878,179817,239756,299695
59940,119880,179820,239760,299700
59941,119882,179823,239764,299705
59942,119884,179826,239768,299710
59943,119886,179829,239772,299715
59944,119888,179832,239776,299720
59945,119890,179835,239780,299725
59946,119892,179838,239784,299730
59947,119894,179841,239788,299735
59948,119896,179844,239792,299740
59949,119898,179847,239796,299745
59950,119900,179850,239800,299750
59951,119902,179853,239804,299755
59952,119904,179856,239808,299760
59953,119906,179859,239812,299765
59954,119908,179862,239816,299770
59955,119910,179865,239820,299775
59956,119912,179868,239824,299780
59957,119914,179871,239828,299785
59958,119916,179874,239832,299790
59959,119918,179877,239836,299795
59960,119920,179880,239840,299800
59961,119922,179883,239844,299805
59962,119924,179886,239848,299810
59963,119926,179889,239852,299815
59964,119928,179892,239856,299820
59965,119930,179895,239860,299825
59966,119932,179898,239864,299830
59967,119934,179901,239868,299835
59968,119936,179904,239872,299840
59969,119938,179907,239876,299845
59970,119940,179910,239880,299850
59971,119942,179913,239884,299855
59972,119944,179916,239888,299860
59973,119946,179919,239892,299865
59974,119948,179922,239896,299870
59975,119950,179925,239900,299875
59976,119952,179928,239904,299880
59977,119954,179931,239908,299885
59978,119956,179934,239912,299890
59979,119958,179937,239916,299895
59980,119960,179940,239920,299900
59981,119962,179943,239924,299905
59982,119964,179946,239928,299910
59983,119966,179949,239932,299915
59984,119968,179952,239936,299920
59985,119970,179955,239940,299925
59986,119972,179958,239944,299930
59987,119974,179961,239948,299935
59988,119976,179964,239952,299940
59989,119978,179967,239956,299945
59990,119980,179970,239960,299950
59991,119982,179973,239964,299955
59992,119984,179976,239968,299960
59993,119986,179979,239972,299965
59994,119988,179982,239976,299970
59995,119990,179985,239980,299975
59996,119992,179988,239984,299980
59997,119994,179991,239988,299985
59998,119996,179994,239992,299990
59999,119998,179997,239996,299995
60000,120000,180000,240000,300000
60001,120002,180003,240004,300005
60002,120004,180006,240008,300010
60003,120006,180009,240012,300015
60004,120008,180012,240016,300020
60005,120010,180015,240020,300025
60006,120012,180018,240024,300030
60007,120014,180021,240028,300035
60008,120016,180024,240032,300040
60009,120018,180027,240036,300045
60010,120020,180030,240040,300050
60011,120022,180033,240044,300055
60012,120024,180036,240048,300060
60013,120026,180039,240052,300065
60014,120028,180042,240056,300070
60015,120030,180045,240060,300075
60016,120032,180048,240064,300080
60017,120034,180051,240068,300085
60018,120036,180054,240072,300090
60019,120038,180057,240076,300095
60020,120040,180060,240080,300100
60021,120042,180063,240084,300105
60022,120044,180066,240088,300110
60023,120046,180069,240092,300115
60024,120048,180072,240096,300120
60025,120050,180075,240100,300125
60026,120052,180078,240104,300130
60027,120054,180081,240108,300135
60028,120056,180084,240112,300140
60029,120058,180087,240116,300145
60030,120060,180090,240120,300150
60031,120062,180093,240124,300155
60032,120064,180096,240128,300160
60033,120066,180099,240132,300165
60034,120068,180102,240136,300170
60035,120070,180105,240140,300175
60036,120072,180108,240144,300180
60037,120074,180111,240148,300185
60038,120076,180114,240152,300190
60039,120078,180117,240156,300195
60040,120080,180120,240160,300200
60041,120082,180123,240164,300205
60042,120084,180126,240168,300210
60043,120086,180129,240172,300215
60044,120088,180132,240176,300220
60045,120090,180135,240180,300225
60046,120092,180138,240184,300230
60047,120094,180141,240188,300235
60048,120096,180144,240192,300240
60049,120098,180147,240196,300245
60050,120100,180150,240200,300250
60051,120102,180153,240204,300255
60052,120104,180156,240208,300260
60053,120106,180159,240212,300265
60054,120108,180162,240216,300270
60055,120110,180165,240220,300275
60056,120112,180168,240224,300280
60057,120114,180171,240228,300285
60058,120116,180174,240232,300290
60059,120118,180177,240236,300295
60060,120120,180180,240240,300300
60061,120122,180183,240244,300305
60062,120124,180186,240248,300310
60063,120126,180189,240252,300315
60064,120128,180192,240256,300320
60065,120130,180195,240260,300325
60066,120132,180198,240264,300330
60067,120134,180201,240268,300335
60068,120136,180204,240272,300340
60069,120138,180207,240276,300345
60070,120140,180210,240280,300350
60071,120142,180213,240284,300355
60072,120144,180216,240288,300360
60073,120146,180219,240292,300365
60074,120148,180222,240296,300370
60075,120150,180225,240300,300375
60076,120152,180228,240304,300380
60077,120154,180231,240308,300385
60078,120156,180234,240312,300390
60079,120158,180237,240316,300395
60080,120160,180240,240320,300400
60081,120162,180243,240324,300405
60082,120164,180246,240328,300410
60083,120166,180249,240332,300415
60084,120168,180252,240336,300420
60085,120170,180255,240340,300425
60086,120172,180258,240344,300430
60087,120174,180261,240348,300435
60088,120176,180264,240352,300440
60089,120178,180267,240356,300445
60090,120180,180270,240360,300450
60091,120182,180273,240364,300455
60092,120184,180276,240368,300460
60093,120186,180279,240372,300465
60094,120188,180282,240376,300470
60095,120190,180285,240380,300475
60096,120192,180288,240384,300480
60097,120194,180291,240388,300485
60098,120196,180294,240392,300490
60099,120198,180297,240396,300495
60100,120200,180300,240400,300500
60101,120202,180303,240404,300505
60102,120204,180306,240408,300510
60103,120206,180309,240412,300515
60104,120208,180312,240416,300520
60105,120210,180315,240420,300525
60106,120212,180318,240424,300530
60107,120214,180321,240428,300535
60108,120216,180324,240432,300540
60109,120218,180327,240436,300545
60110,120220,180330,240440,300550
60111,120222,180333,240444,300555
60112,120224,180336,240448,300560
60113,120226,180339,240452,300565
60114,120228,180342,240456,300570
60115,120230,180345,240460,300575
60116,120232,180348,240464,300580
60117,120234,180351,240468,300585
60118,120236,180354,240472,300590
60119,120238,180357,240476,300595
60120,120240,180360,240480,300600
60121,120242,180363,240484,300605
60122,120244,180366,240488,300610
60123,120246,180369,240492,300615
60124,120248,180372,240496,300620
60125,120250,180375,240500,300625
60126,120252,180378,240504,300630
60127,120254,180381,240508,300635
60128,120256,180384,240512,300640
60129,120258,180387,240516,300645
60130,120260,180390,240520,300650
60131,120262,180393,240524,300655
60132,120264,180396,240528,300660
60133,120266,180399,240532,300665
60134,120268,180402,240536,300670
60135,120270,180405,240540,300675
60136,120272,180408,240544,300680
60137,120274,180411,240548,300685
60138,120276,180414,240552,300690
60139,120278,180417,240556,300695
60140,120280,180420,240560,300700
60141,120282,180423,240564,300705
60142,120284,180426,240568,300710
60143,120286,180429,240572,300715
60144,120288,180432,240576,300720
60145,120290,180435,240580,300725
60146,120292,180438,240584,300730
60147,120294,180441,240588,300735
60148,120296,180444,240592,300740
60149,120298,180447,240596,300745
60150,120300,180450,240600,300750
60151,120302,180453,240604,300755
60152,120304,180456,240608,300760
60153,120306,180459,240612,300765
60154,120308,180462,240616,300770
60155,120310,180465,240620,300775
60156,120312,180468,240624,300780
60157,120314,180471,240628,300785
60158,120316,180474,240632,300790
60159,120318,180477,240636,300795
60160,120320,180480,240640,300800
60161,120322,180483,240644,300805
60162,120324,180486,240648,300810
60163,120326,180489,240652,300815
60164,120328,180492,240656,300820
60165,120330,180495,240660,300825
60166,120332,180498,240664,300830
60167,120334,180501,240668,300835
60168,120336,180504,240672,300840
60169,120338,180507,240676,300845
60170,120340,180510,240680,300850
60171,120342,180513,240684,300855
60172,120344,180516,240688,300860
60173,120346,180519,240692,300865
60174,120348,180522,240696,300870
60175,120350,180525,240700,300875
60176,120352,180528,240704,300880
60177,120354,180531,240708,300885
60178,120356,180534,240712,300890
60179,120358,180537,240716,300895
60180,120360,180540,240720,300900
60181,120362,180543,240724,300905
60182,120364,180546,240728,300910
60183,120366,180549,240732,300915
60184,120368,180552,240736,300920
60185,120370,180555,240740,300925
60186,120372,180558,240744,300930
60187,120374,180561,240748,300935
60188,120376,180564,240752,300940
60189,120378,180567,240756,300945
60190,120380,180570,240760,300950
60191,120382,180573,240764,300955
60192,120384,180576,240768,300960
60193,120386,180579,240772,300965
60194,120388,180582,240776,300970
60195,120390,180585,240780,300975
60196,120392,180588,240784,300980
60197,120394,180591,240788,300985
60198,120396,180594,240792,300990
60199,120398,180597,240796,300995
60200,120400,180600,240800,301000
60201,120402,180603,240804,301005
60202,120404,180606,240808,301010
60203,120406,180609,240812,301015
60204,120408,180612,240816,301020
60205,120410,180615,240820,301025
60206,120412,180618,240824,301030
60207,120414,180621,240828,301035
60208,120416,180624,240832,301040
60209,120418,180627,240836,301045
60210,120420,180630,240840,301050
60211,120422,180633,240844,301055
60212,120424,180636,240848,301060
60213,120426,180639,240852,301065
60214,120428,180642,240856,301070
60215,120430,180645,240860,301075
60216,120432,180648,240864,301080
60217,120434,180651,240868,301085
60218,120436,180654,240872,301090
60219,120438,180657,240876,301095
60220,120440,180660,240880,301100
60221,120442,180663,240884,301105
60222,120444,180666,240888,301110
60223,120446,180669,240892,301115
60224,120448,180672,240896,301120
60225,120450,180675,240900,301125
60226,120452,180678,240904,301130
60227,120454,180681,240908,301135
60228,120456,180684,240912,301140
60229,120458,180687,240916,301145
60230,120460,180690,240920,301150
60231,120462,180693,240924,301155
60232,120464,180696,240928,301160
60233,120466,180699,240932,301165
60234,120468,180702,240936,301170
60235,120470,180705,240940,301175
60236,120472,180708,240944,301180
60237,120474,180711,240948,301185
60238,120476,180714,240952,301190
60239,120478,180717,240956,301195
60240,120480,180720,240960,301200
60241,120482,180723,240964,301205
60242,120484,180726,240968,301210
60243,120486,180729,240972,301215
60244,120488,180732,240976,301220
60245,120490,180735,240980,301225
60246,120492,180738,240984,301230
60247,120494,180741,240988,301235
60248,120496,180744,240992,301240
60249,120498,180747,240996,301245
60250,120500,180750,241000,301250
60251,120502,180753,241004,301255
60252,120504,180756,241008,301260
60253,120506,180759,241012,301265
60254,120508,180762,241016,301270
60255,120510,180765,241020,301275
60256,120512,180768,241024,301280
60257,120514,180771,241028,301285
60258,120516,180774,241032,301290
60259,120518,180777,241036,301295
60260,120520,180780,241040,301300
60261,120522,180783,241044,301305
60262,120524,180786,241048,301310
60263,120526,180789,241052,301315
60264,120528,180792,241056,301320
60265,120530,180795,241060,301325
60266,120532,180798,241064,301330
60267,120534,180801,241068,301335
60268,120536,180804,241072,301340
60269,120538,180807,241076,301345
60270,120540,180810,241080,301350
60271,120542,180813,241084,301355
60272,120544,180816,241088,301360
60273,120546,180819,241092,301365
60274,120548,180822,241096,301370
60275,120550,180825,241100,301375
60276,120552,180828,241104,301380
60277,120554,180831,241108,301385
60278,120556,180834,241112,301390
60279,120558,180837,241116,301395
60280,120560,180840,241120,301400
60281,120562,180843,241124,301405
60282,120564,180846,241128,301410
60283,120566,180849,241132,301415
60284,120568,180852,241136,301420
60285,120570,180855,241140,301425
60286,120572,180858,241144,301430
60287,120574,180861,241148,301435
60288,120576,180864,241152,301440
60289,120578,180867,241156,301445
60290,120580,180870,241160,301450
60291,120582,180873,241164,301455
60292,120584,180876,241168,301460
60293,120586,180879,241172,301465
60294,120588,180882,241176,301470
60295,120590,180885,241180,301475
60296,120592,180888,241184,301480
60297,120594,180891,241188,301485
60298,120596,180894,241192,301490
60299,120598,180897,241196,301495
60300,120600,180900,241200,301500
60301,120602,180903,241204,301505
60302,120604,180906,241208,301510
60303,120606,180909,241212,301515
60304,120608,180912,241216,301520
60305,120610,180915,241220,301525
60306,120612,180918,241224,301530
60307,120614,180921,241228,301535
60308,120616,180924,241232,301540
60309,120618,180927,241236,301545
60310,120620,180930,241240,301550
60311,120622,180933,241244,301555
60312,120624,180936,241248,301560
60313,120626,180939,241252,301565
60314,120628,180942,241256,301570
60315,120630,180945,241260,301575
60316,120632,180948,241264,301580
60317,120634,180951,241268,301585
60318,120636,180954,241272,301590
60319,120638,180957,241276,301595
60320,120640,180960,241280,301600
60321,120642,180963,241284,301605
60322,120644,180966,241288,301610
60323,120646,180969,241292,301615
60324,120648,180972,241296,301620
60325,120650,180975,241300,301625
60326,120652,180978,241304,301630
60327,120654,180981,241308,301635
60328,120656,180984,241312,301640
60329,120658,180987,241316,301645
60330,120660,180990,241320,301650
60331,120662,180993,241324,301655
60332,120664,180996,241328,301660
60333,120666,180999,241332,301665
60334,120668,181002,241336,301670
60335,120670,181005,241340,301675
60336,120672,181008,241344,301680
60337,120674,181011,241348,301685
60338,120676,181014,241352,301690
60339,120678,181017,241356,301695
60340,120680,181020,241360,301700
60341,120682,181023,241364,301705
60342,120684,181026,241368,301710
60343,120686,181029,241372,301715
60344,120688,181032,241376,301720
60345,120690,181035,241380,301725
60346,120692,181038,241384,301730
60347,120694,181041,241388,301735
60348,120696,181044,241392,301740
60349,120698,181047,241396,301745
60350,120700,181050,241400,301750
60351,120702,181053,241404,301755
60352,120704,181056,241408,301760
60353,120706,181059,241412,301765
60354,120708,181062,241416,301770
60355,120710,181065,241420,301775
60356,120712,181068,241424,301780
60357,120714,181071,241428,301785
60358,120716,181074,241432,301790
60359,120718,181077,241436,301795
60360,120720,181080,241440,301800
60361,120722,181083,241444,301805
60362,120724,181086,241448,301810
60363,120726,181089,241452,301815
60364,120728,181092,241456,301820
60365,120730,181095,241460,301825
60366,120732,181098,241464,301830
60367,120734,181101,241468,301835
60368,120736,181104,241472,301840
60369,120738,181107,241476,301845
60370,120740,181110,241480,301850
60371,120742,181113,241484,301855
60372,120744,181116,241488,301860
60373,120746,181119,241492,301865
60374,120748,181122,241496,301870
60375,120750,181125,241500,301875
60376,120752,181128,241504,301880
60377,120754,181131,241508,301885
60378,120756,181134,241512,301890
60379,120758,181137,241516,301895
60380,120760,181140,241520,301900
60381,120762,181143,241524,301905
60382,120764,181146,241528,301910
60383,120766,181149,241532,301915
60384,120768,181152,241536,301920
60385,120770,181155,241540,301925
60386,120772,181158,241544,301930
60387,120774,181161,241548,301935
60388,120776,181164,241552,301940
60389,120778,181167,241556,301945
60390,120780,181170,241560,301950
60391,120782,181173,241564,301955
60392,120784,181176,241568,301960
60393,120786,181179,241572,301965
60394,120788,181182,241576,301970
60395,120790,181185,241580,301975
60396,120792,181188,241584,301980
60397,120794,181191,241588,301985
60398,120796,181194,241592,301990
60399,120798,181197,241596,301995
60400,120800,181200,241600,302000
60401,120802,181203,241604,302005
60402,120804,181206,241608,302010
60403,120806,181209,241612,302015
60404,120808,181212,241616,302020
60405,120810,181215,241620,302025
60406,120812,181218,241624,302030
60407,120814,181221,241628,302035
60408,120816,181224,241632,302040
60409,120818,181227,241636,302045
60410,120820,181230,241640,302050
60411,120822,181233,241644,302055
60412,120824,181236,241648,302060
60413,120826,181239,241652,302065
60414,120828,181242,241656,302070
60415,120830,181245,241660,302075
60416,120832,181248,241664,302080
60417,120834,181251,241668,302085
60418,120836,181254,241672,302090
60419,120838,181257,241676,302095
60420,120840,181260,241680,302100
60421,120842,181263,241684,302105
60422,120844,181266,241688,302110
60423,120846,181269,241692,302115
60424,120848,181272,241696,302120
60425,120850,181275,241700,302125
60426,120852,181278,241704,302130
60427,120854,181281,241708,302135
60428,120856,181284,241712,302140
60429,120858,181287,241716,302145
60430,120860,181290,241720,302150
60431,120862,181293,241724,302155
60432,120864,181296,241728,302160
60433,120866,181299,241732,302165
60434,120868,181302,241736,302170
60435,120870,181305,241740,302175
60436,120872,181308,241744,302180
60437,120874,181311,241748,302185
60438,120876,181314,241752,302190
60439,120878,181317,241756,302195
60440,120880,181320,241760,302200
60441,120882,181323,241764,302205
60442,120884,181326,241768,302210
60443,120886,181329,241772,302215
60444,120888,181332,241776,302220
60445,120890,181335,241780,302225
60446,120892,181338,241784,302230
60447,120894,181341,241788,302235
60448,120896,181344,241792,302240
60449,120898,181347,241796,302245
60450,120900,181350,241800,302250
60451,120902,181353,241804,302255
60452,120904,181356,241808,302260
60453,120906,181359,241812,302265
60454,120908,181362,241816,302270
60455,120910,181365,241820,302275
60456,120912,181368,241824,302280
60457,120914,181371,241828,302285
60458,120916,181374,241832,302290
60459,120918,181377,241836,302295
60460,120920,181380,241840,302300
60461,120922,181383,241844,302305
60462,120924,181386,241848,302310
60463,120926,181389,241852,302315
60464,120928,181392,241856,302320
60465,120930,181395,241860,302325
60466,120932,181398,241864,302330
60467,120934,181401,241868,302335
60468,120936,181404,241872,302340
60469,120938,181407,241876,302345
60470,120940,181410,241880,302350
60471,120942,181413,241884,302355
60472,120944,181416,241888,302360
60473,120946,181419,241892,302365
60474,120948,181422,241896,302370
60475,120950,181425,241900,302375
60476,120952,181428,241904,302380
60477,120954,181431,241908,302385
60478,120956,181434,241912,302390
60479,120958,181437,241916,302395
60480,120960,181440,241920,302400
60481,120962,181443,241924,302405
60482,120964,181446,241928,302410
60483,120966,181449,241932,302415
60484,120968,181452,241936,302420
60485,120970,181455,241940,302425
60486,120972,181458,241944,302430
60487,120974,181461,241948,302435
60488,120976,181464,241952,302440
60489,120978,181467,241956,302445
60490,120980,181470,241960,302450
60491,120982,181473,241964,302455
60492,120984,181476,241968,302460
60493,120986,181479,241972,302465
60494,120988,181482,241976,302470
60495,120990,181485,241980,302475
60496,120992,181488,241984,302480
60497,120994,181491,241988,302485
60498,120996,181494,241992,302490
60499,120998,181497,241996,302495
60500,121000,181500,242000,302500
60501,121002,181503,242004,302505
60502,121004,181506,242008,302510
60503,121006,181509,242012,302515
60504,121008,181512,242016,302520
60505,121010,181515,242020,302525
60506,121012,181518,242024,302530
60507,121014,181521,242028,302535
60508,121016,181524,242032,302540
60509,121018,181527,242036,302545
60510,121020,181530,242040,302550
60511,121022,181533,242044,302555
60512,121024,181536,242048,302560
60513,121026,181539,242052,302565
60514,121028,181542,242056,302570
60515,121030,181545,242060,302575
60516,121032,181548,242064,302580
60517,121034,181551,242068,302585
60518,121036,181554,242072,302590
60519,121038,181557,242076,302595
60520,121040,181560,242080,302600
60521,121042,181563,242084,302605
60522,121044,181566,242088,302610
60523,121046,181569,242092,302615
60524,121048,181572,242096,302620
60525,121050,181575,242100,302625
60526,121052,181578,242104,302630
60527,121054,181581,242108,302635
60528,121056,181584,242112,302640
60529,121058,181587,242116,302645
60530,121060,181590,242120,302650
60531,121062,181593,242124,302655
60532,121064,181596,242128,302660
60533,121066,181599,242132,302665
60534,121068,181602,242136,302670
60535,121070,181605,242140,302675
60536,121072,181608,242144,302680
60537,121074,181611,242148,302685
60538,121076,181614,242152,302690
60539,121078,181617,242156,302695
60540,121080,181620,242160,302700
60541,121082,181623,242164,302705
60542,121084,181626,242168,302710
60543,121086,181629,242172,302715
60544,121088,181632,242176,302720
60545,121090,181635,242180,302725
60546,121092,181638,242184,302730
60547,121094,181641,242188,302735
60548,121096,181644,242192,302740
60549,121098,181647,242196,302745
60550,121100,181650,242200,302750
60551,121102,181653,242204,302755
60552,121104,181656,242208,302760
60553,121106,181659,242212,302765
60554,121108,181662,242216,302770
60555,121110,181665,242220,302775
60556,121112,181668,242224,302780
60557,121114,181671,242228,302785
60558,121116,181674,242232,302790
60559,121118,181677,242236,302795
60560,121120,181680,242240,302800
60561,121122,181683,242244,302805
60562,121124,181686,242248,302810
60563,121126,181689,242252,302815
60564,121128,181692,242256,302820
60565,121130,181695,242260,302825
60566,121132,181698,242264,302830
60567,121134,181701,242268,302835
60568,121136,181704,242272,302840
60569,121138,181707,242276,302845
60570,121140,181710,242280,302850
60571,121142,181713,242284,302855
60572,121144,181716,242288,302860
60573,121146,181719,242292,302865
60574,121148,181722,242296,302870
60575,121150,181725,242300,302875
60576,121152,181728,242304,302880
60577,121154,181731,242308,302885
60578,121156,181734,242312,302890
60579,121158,181737,242316,302895
60580,121160,181740,242320,302900
60581,121162,181743,242324,302905
60582,121164,181746,242328,302910
60583,121166,181749,242332,302915
60584,121168,181752,242336,302920
60585,121170,181755,242340,302925
60586,121172,181758,242344,302930
60587,121174,181761,242348,302935
60588,121176,181764,242352,302940
60589,121178,181767,242356,302945
60590,121180,181770,242360,302950
60591,121182,181773,242364,302955
60592,121184,181776,242368,302960
60593,121186,181779,242372,302965
60594,121188,181782,242376,302970
60595,121190,181785,242380,302975
60596,121192,181788,242384,302980
60597,121194,181791,242388,302985
60598,121196,181794,242392,302990
60599,121198,181797,242396,302995
60600,121200,181800,242400,303000
60601,121202,181803,242404,303005
60602,121204,181806,242408,303010
60603,121206,181809,242412,303015
60604,121208,181812,242416,303020
60605,121210,181815,242420,303025
60606,121212,181818,242424,303030
60607,121214,181821,242428,303035
60608,121216,181824,242432,303040
60609,121218,181827,242436,303045
60610,121220,181830,242440,303050
60611,121222,181833,242444,303055
60612,121224,181836,242448,303060
60613,121226,181839,242452,303065
60614,121228,181842,242456,303070
60615,121230,181845,242460,303075
60616,121232,181848,242464,303080
60617,121234,181851,242468,303085
60618,121236,181854,242472,303090
60619,121238,181857,242476,303095
60620,121240,181860,242480,303100
60621,121242,181863,242484,303105
60622,121244,181866,242488,303110
60623,121246,181869,242492,303115
60624,121248,181872,242496,303120
60625,121250,181875,242500,303125
60626,121252,181878,242504,303130
60627,121254,181881,242508,303135
60628,121256,181884,242512,303140
60629,121258,181887,242516,303145
60630,121260,181890,242520,303150
60631,121262,181893,242524,303155
60632,121264,181896,242528,303160
60633,121266,181899,242532,303165
60634,121268,181902,242536,303170
60635,121270,181905,242540,303175
60636,121272,181908,242544,303180
60637,121274,181911,242548,303185
60638,121276,181914,242552,303190
60639,121278,181917,242556,303195
60640,121280,181920,242560,303200
60641,121282,181923,242564,303205
60642,121284,181926,242568,303210
60643,121286,181929,242572,303215
60644,121288,181932,242576,303220
60645,121290,181935,242580,303225
60646,121292,181938,242584,303230
60647,121294,181941,242588,303235
60648,121296,181944,242592,303240
60649,121298,181947,242596,303245
60650,121300,181950,242600,303250
60651,121302,181953,242604,303255
60652,121304,181956,242608,303260
60653,121306,181959,242612,303265
60654,121308,181962,242616,303270
60655,121310,181965,242620,303275
60656,121312,181968,242624,303280
60657,121314,181971,242628,303285
60658,121316,181974,242632,303290
60659,121318,181977,242636,303295
60660,121320,181980,242640,303300
60661,121322,181983,242644,303305
60662,121324,181986,242648,303310
60663,121326,181989,242652,303315
60664,121328,181992,242656,303320
60665,121330,181995,242660,303325
60666,121332,181998,242664,303330
60667,121334,182001,242668,303335
60668,121336,182004,242672,303340
60669,121338,182007,242676,303345
60670,121340,182010,242680,303350
60671,121342,182013,242684,303355
60672,121344,182016,242688,303360
60673,121346,182019,242692,303365
60674,121348,182022,242696,303370
60675,121350,182025,242700,303375
60676,121352,182028,242704,303380
60677,121354,182031,242708,303385
60678,121356,182034,242712,303390
60679,121358,182037,242716,303395
60680,121360,182040,242720,303400
60681,121362,182043,242724,303405
60682,121364,182046,242728,303410
60683,121366,182049,242732,303415
60684,121368,182052,242736,303420
60685,121370,182055,242740,303425
60686,121372,182058,242744,303430
60687,121374,182061,242748,303435
60688,121376,182064,242752,303440
60689,121378,182067,242756,303445
60690,121380,182070,242760,303450
60691,121382,182073,242764,303455
60692,121384,182076,242768,303460
60693,121386,182079,242772,303465
60694,121388,182082,242776,303470
60695,121390,182085,242780,303475
60696,121392,182088,242784,303480
60697,121394,182091,242788,303485
60698,121396,182094,242792,303490
60699,121398,182097,242796,303495
60700,121400,182100,242800,303500
60701,121402,182103,242804,303505
60702,121404,182106,242808,303510
60703,121406,182109,242812,303515
60704,121408,182112,242816,303520
60705,121410,182115,242820,303525
60706,121412,182118,242824,303530
60707,121414,182121,242828,303535
60708,121416,182124,242832,303540
60709,121418,182127,242836,303545
60710,121420,182130,242840,303550
60711,121422,182133,242844,303555
60712,121424,182136,242848,303560
60713,121426,182139,242852,303565
60714,121428,182142,242856,303570
60715,121430,182145,242860,303575
60716,121432,182148,242864,303580
60717,121434,182151,242868,303585
60718,121436,182154,242872,303590
60719,121438,182157,242876,303595
60720,121440,182160,242880,303600
60721,121442,182163,242884,303605
60722,121444,182166,242888,303610
60723,121446,182169,242892,303615
60724,121448,182172,242896,303620
60725,121450,182175,242900,303625
60726,121452,182178,242904,303630
60727,121454,182181,242908,303635
60728,121456,182184,242912,303640
60729,121458,182187,242916,303645
60730,121460,182190,242920,303650
60731,121462,182193,242924,303655
60732,121464,182196,242928,303660
60733,121466,182199,242932,303665
60734,121468,182202,242936,303670
60735,121470,182205,242940,303675
60736,121472,182208,242944,303680
60737,121474,182211,242948,303685
60738,121476,182214,242952,303690
60739,121478,182217,242956,303695
60740,121480,182220,242960,303700
60741,121482,182223,242964,303705
60742,121484,182226,242968,303710
60743,121486,182229,242972,303715
60744,121488,182232,242976,303720
60745,121490,182235,242980,303725
60746,121492,182238,242984,303730
60747,121494,182241,242988,303735
60748,121496,182244,242992,303740
60749,121498,182247,242996,303745
60750,121500,182250,243000,303750
60751,121502,182253,243004,303755
60752,121504,182256,243008,303760
60753,121506,182259,243012,303765
60754,121508,182262,243016,303770
60755,121510,182265,243020,303775
60756,121512,182268,243024,303780
60757,121514,182271,243028,303785
60758,121516,182274,243032,303790
60759,121518,182277,243036,303795
60760,121520,182280,243040,303800
60761,121522,182283,243044,303805
60762,121524,182286,243048,303810
60763,121526,182289,243052,303815
60764,121528,182292,243056,303820
60765,121530,182295,243060,303825
60766,121532,182298,243064,303830
60767,121534,182301,243068,303835
60768,121536,182304,243072,303840
60769,121538,182307,243076,303845
60770,121540,182310,243080,303850
60771,121542,182313,243084,303855
60772,121544,182316,243088,303860
60773,121546,182319,243092,303865
60774,121548,182322,243096,303870
60775,121550,182325,243100,303875
60776,121552,182328,243104,303880
60777,121554,182331,243108,303885
60778,121556,182334,243112,303890
60779,121558,182337,243116,303895
60780,121560,182340,243120,303900
60781,121562,182343,243124,303905
60782,121564,182346,243128,303910
60783,121566,182349,243132,303915
60784,121568,182352,243136,303920
60785,121570,182355,243140,303925
60786,121572,182358,243144,303930
60787,121574,182361,243148,303935
60788,121576,182364,243152,303940
60789,121578,182367,243156,303945
60790,121580,182370,243160,303950
60791,121582,182373,243164,303955
60792,121584,182376,243168,303960
60793,121586,182379,243172,303965
60794,121588,182382,243176,303970
60795,121590,182385,243180,303975
60796,121592,182388,243184,303980
60797,121594,182391,243188,303985
60798,121596,182394,243192,303990
60799,121598,182397,243196,303995
60800,121600,182400,243200,304000
60801,121602,182403,243204,304005
60802,121604,182406,243208,304010
60803,121606,182409,243212,304015
60804,121608,182412,243216,304020
60805,121610,182415,243220,304025
60806,121612,182418,243224,304030
60807,121614,182421,243228,304035
60808,121616,182424,243232,304040
60809,121618,182427,243236,304045
60810,121620,182430,243240,304050
60811,121622,182433,243244,304055
60812,121624,182436,243248,304060
60813,121626,182439,243252,304065
60814,121628,182442,243256,304070
60815,121630,182445,243260,304075
60816,121632,182448,243264,304080
60817,121634,182451,243268,304085
60818,121636,182454,243272,304090
60819,121638,182457,243276,304095
60820,121640,182460,243280,304100
60821,121642,182463,243284,304105
60822,121644,182466,243288,304110
60823,121646,182469,243292,304115
60824,121648,182472,243296,304120
60825,121650,182475,243300,304125
60826,121652,182478,243304,304130
60827,121654,182481,243308,304135
60828,121656,182484,243312,304140
60829,121658,182487,243316,304145
60830,121660,182490,243320,304150
60831,121662,182493,243324,304155
60832,121664,182496,243328,304160
60833,121666,182499,243332,304165
60834,121668,182502,243336,304170
60835,121670,182505,243340,304175
60836,121672,182508,243344,304180
60837,121674,182511,243348,304185
60838,121676,182514,243352,304190
60839,121678,182517,243356,304195
60840,121680,182520,243360,304200
60841,121682,182523,243364,304205
60842,121684,182526,243368,304210
60843,121686,182529,243372,304215
60844,121688,182532,243376,304220
60845,121690,182535,243380,304225
60846,121692,182538,243384,304230
60847,121694,182541,243388,304235
60848,121696,182544,243392,304240
60849,121698,182547,243396,304245
60850,121700,182550,243400,304250
60851,121702,182553,243404,304255
60852,121704,182556,243408,304260
60853,121706,182559,243412,304265
60854,121708,182562,243416,304270
60855,121710,182565,243420,304275
60856,121712,182568,243424,304280
60857,121714,182571,243428,304285
60858,121716,182574,243432,304290
60859,121718,182577,243436,304295
60860,121720,182580,243440,304300
60861,121722,182583,243444,304305
60862,121724,182586,243448,304310
60863,121726,182589,243452,304315
60864,121728,182592,243456,304320
60865,121730,182595,243460,304325
60866,121732,182598,243464,304330
60867,121734,182601,243468,304335
60868,121736,182604,243472,304340
60869,121738,182607,243476,304345
60870,121740,182610,243480,304350
60871,121742,182613,243484,304355
60872,121744,182616,243488,304360
60873,121746,182619,243492,304365
60874,121748,182622,243496,304370
60875,121750,182625,243500,304375
60876,121752,182628,243504,304380
60877,121754,182631,243508,304385
60878,121756,182634,243512,304390
60879,121758,182637,243516,304395
60880,121760,182640,243520,304400
60881,121762,182643,243524,304405
60882,121764,182646,243528,304410
60883,121766,182649,243532,304415
60884,121768,182652,243536,304420
60885,121770,182655,243540,304425
60886,121772,182658,243544,304430
60887,121774,182661,243548,304435
60888,121776,182664,243552,304440
60889,121778,182667,243556,304445
60890,121780,182670,243560,304450
60891,121782,182673,243564,304455
60892,121784,182676,243568,304460
60893,121786,182679,243572,304465
60894,121788,182682,243576,304470
60895,121790,182685,243580,304475
60896,121792,182688,243584,304480
60897,121794,182691,243588,304485
60898,121796,182694,243592,304490
60899,121798,182697,243596,304495
60900,121800,182700,243600,304500
60901,121802,182703,243604,304505
60902,121804,182706,243608,304510
60903,121806,182709,243612,304515
60904,121808,182712,243616,304520
60905,121810,182715,243620,304525
60906,121812,182718,243624,304530
60907,121814,182721,243628,304535
60908,121816,182724,243632,304540
60909,121818,182727,243636,304545
60910,121820,182730,243640,304550
60911,121822,182733,243644,304555
60912,121824,182736,243648,304560
60913,121826,182739,243652,304565
60914,121828,182742,243656,304570
60915,121830,182745,243660,304575
60916,121832,182748,243664,304580
60917,121834,182751,243668,304585
60918,121836,182754,243672,304590
60919,121838,182757,243676,304595
60920,121840,182760,243680,304600
60921,121842,182763,243684,304605
60922,121844,182766,243688,304610
60923,121846,182769,243692,304615
60924,121848,182772,243696,304620
60925,121850,182775,243700,304625
60926,121852,182778,243704,304630
60927,121854,182781,243708,304635
60928,121856,182784,243712,304640
60929,121858,182787,243716,304645
60930,121860,182790,243720,304650
60931,121862,182793,243724,304655
60932,121864,182796,243728,304660
60933,121866,182799,243732,304665
60934,121868,182802,243736,304670
60935,121870,182805,243740,304675
60936,121872,182808,243744,304680
60937,121874,182811,243748,304685
60938,121876,182814,243752,304690
60939,121878,182817,243756,304695
60940,121880,182820,243760,304700
60941,121882,182823,243764,304705
60942,121884,182826,243768,304710
60943,121886,182829,243772,304715
60944,121888,182832,243776,304720
60945,121890,182835,243780,304725
60946,121892,182838,243784,304730
60947,121894,182841,243788,304735
60948,121896,182844,243792,304740
60949,121898,182847,243796,304745
60950,121900,182850,243800,304750
60951,121902,182853,243804,304755
60952,121904,182856,243808,304760
60953,121906,182859,243812,304765
60954,121908,182862,243816,304770
60955,121910,182865,243820,304775
60956,121912,182868,243824,304780
60957,121914,182871,243828,304785
60958,121916,182874,243832,304790
60959,121918,182877,243836,304795
60960,121920,182880,243840,304800
60961,121922,182883,243844,304805
60962,121924,182886,243848,304810
60963,121926,182889,243852,304815
60964,121928,182892,243856,304820
60965,121930,182895,243860,304825
60966,121932,182898,243864,304830
60967,121934,182901,243868,304835
60968,121936,182904,243872,304840
60969,121938,182907,243876,304845
60970,121940,182910,243880,304850
60971,121942,182913,243884,304855
60972,121944,182916,243888,304860
60973,121946,182919,243892,304865
60974,121948,182922,243896,304870
60975,121950,182925,243900,304875
60976,121952,182928,243904,304880
60977,121954,182931,243908,304885
60978,121956,182934,243912,304890
60979,121958,182937,243916,304895
60980,121960,182940,243920,304900
60981,121962,182943,243924,304905
60982,121964,182946,243928,304910
60983,121966,182949,243932,304915
60984,121968,182952,243936,304920
60985,121970,182955,243940,304925
60986,121972,182958,243944,304930
60987,121974,182961,243948,304935
60988,121976,182964,243952,304940
60989,121978,182967,243956,304945
60990,121980,182970,243960,304950
60991,121982,182973,243964,304955
60992,121984,182976,243968,304960
60993,121986,182979,243972,304965
60994,121988,182982,243976,304970
60995,121990,182985,243980,304975
60996,121992,182988,243984,304980
60997,121994,182991,243988,304985
60998,121996,182994,243992,304990
60999,121998,182997,243996,304995
61000,122000,183000,244000,305000
61001,122002,183003,244004,305005
61002,122004,183006,244008,305010
61003,122006,183009,244012,305015
61004,122008,183012,244016,305020
61005,122010,183015,244020,305025
61006,122012,183018,244024,305030
61007,122014,183021,244028,305035
61008,122016,183024,244032,305040
61009,122018,183027,244036,305045
61010,122020,183030,244040,305050
61011,122022,183033,244044,305055
61012,122024,183036,244048,305060
61013,122026,183039,244052,305065
61014,122028,183042,244056,305070
61015,122030,183045,244060,305075
61016,122032,183048,244064,305080
61017,122034,183051,244068,305085
61018,122036,183054,244072,305090
61019,122038,183057,244076,305095
61020,122040,183060,244080,305100
61021,122042,183063,244084,305105
61022,122044,183066,244088,305110
61023,122046,183069,244092,305115
61024,122048,183072,244096,305120
61025,122050,183075,244100,305125
61026,122052,183078,244104,305130
61027,122054,183081,244108,305135
61028,122056,183084,244112,305140
61029,122058,183087,244116,305145
61030,122060,183090,244120,305150
61031,122062,183093,244124,305155
61032,122064,183096,244128,305160
61033,122066,183099,244132,305165
61034,122068,183102,244136,305170
61035,122070,183105,244140,305175
61036,122072,183108,244144,305180
61037,122074,183111,244148,305185
61038,122076,183114,244152,305190
61039,122078,183117,244156,305195
61040,122080,183120,244160,305200
61041,122082,183123,244164,305205
61042,122084,183126,244168,305210
61043,122086,183129,244172,305215
61044,122088,183132,244176,305220
61045,122090,183135,244180,305225
61046,122092,183138,244184,305230
61047,122094,183141,244188,305235
61048,122096,183144,244192,305240
61049,122098,183147,244196,305245
61050,122100,183150,244200,305250
61051,122102,183153,244204,305255
61052,122104,183156,244208,305260
61053,122106,183159,244212,305265
61054,122108,183162,244216,305270
61055,122110,183165,244220,305275
61056,122112,183168,244224,305280
61057,122114,183171,244228,305285
61058,122116,183174,244232,305290
61059,122118,183177,244236,305295
61060,122120,183180,244240,305300
61061,122122,183183,244244,305305
61062,122124,183186,244248,305310
61063,122126,183189,244252,305315
61064,122128,183192,244256,305320
61065,122130,183195,244260,305325
61066,122132,183198,244264,305330
61067,122134,183201,244268,305335
61068,122136,183204,244272,305340
61069,122138,183207,244276,305345
61070,122140,183210,244280,305350
61071,122142,183213,244284,305355
61072,122144,183216,244288,305360
61073,122146,183219,244292,305365
61074,122148,183222,244296,305370
61075,122150,183225,244300,305375
61076,122152,183228,244304,305380
61077,122154,183231,244308,305385
61078,122156,183234,244312,305390
61079,122158,183237,244316,305395
61080,122160,183240,244320,305400
61081,122162,183243,244324,305405
61082,122164,183246,244328,305410
61083,122166,183249,244332,305415
61084,122168,183252,244336,305420
61085,122170,183255,244340,305425
61086,122172,183258,244344,305430
61087,122174,183261,244348,305435
61088,122176,183264,244352,305440
61089,122178,183267,244356,305445
61090,122180,183270,244360,305450
61091,122182,183273,244364,305455
61092,122184,183276,244368,305460
61093,122186,183279,244372,305465
61094,122188,183282,244376,305470
61095,122190,183285,244380,305475
61096,122192,183288,244384,305480
61097,122194,183291,244388,305485
61098,122196,183294,244392,305490
61099,122198,183297,244396,305495
61100,122200,183300,244400,305500
61101,122202,183303,244404,305505
61102,122204,183306,244408,305510
61103,122206,183309,244412,305515
61104,122208,183312,244416,305520
61105,122210,183315,244420,305525
61106,122212,183318,244424,305530
61107,122214,183321,244428,305535
61108,122216,183324,244432,305540
61109,122218,183327,244436,305545
61110,122220,183330,244440,305550
61111,122222,183333,244444,305555
61112,122224,183336,244448,305560
61113,122226,183339,244452,305565
61114,122228,183342,244456,305570
61115,122230,183345,244460,305575
61116,122232,183348,244464,305580
61117,122234,183351,244468,305585
61118,122236,183354,244472,305590
61119,122238,183357,244476,305595
61120,122240,183360,244480,305600
61121,122242,183363,244484,305605
61122,122244,183366,244488,305610
61123,122246,183369,244492,305615
61124,122248,183372,244496,305620
61125,122250,183375,244500,305625
61126,122252,183378,244504,305630
61127,122254,183381,244508,305635
61128,122256,183384,244512,305640
61129,122258,183387,244516,305645
61130,122260,183390,244520,305650
61131,122262,183393,244524,305655
61132,122264,183396,244528,305660
61133,122266,183399,244532,305665
61134,122268,183402,244536,305670
61135,122270,183405,244540,305675
61136,122272,183408,244544,305680
61137,122274,183411,244548,305685
61138,122276,183414,244552,305690
61139,122278,183417,244556,305695
61140,122280,183420,244560,305700
61141,122282,183423,244564,305705
61142,122284,183426,244568,305710
61143,122286,183429,244572,305715
61144,122288,183432,244576,305720
61145,122290,183435,244580,305725
61146,122292,183438,244584,305730
61147,122294,183441,244588,305735
61148,122296,183444,244592,305740
61149,122298,183447,244596,305745
61150,122300,183450,244600,305750
61151,122302,183453,244604,305755
61152,122304,183456,244608,305760
61153,122306,183459,244612,305765
61154,122308,183462,244616,305770
61155,122310,183465,244620,305775
61156,122312,183468,244624,305780
61157,122314,183471,244628,305785
61158,122316,183474,244632,305790
61159,122318,183477,244636,305795
61160,122320,183480,244640,305800
61161,122322,183483,244644,305805
61162,122324,183486,244648,305810
61163,122326,183489,244652,305815
61164,122328,183492,244656,305820
61165,122330,183495,244660,305825
61166,122332,183498,244664,305830
61167,122334,183501,244668,305835
61168,122336,183504,244672,305840
61169,122338,183507,244676,305845
61170,122340,183510,244680,305850
61171,122342,183513,244684,305855
61172,122344,183516,244688,305860
61173,122346,183519,244692,305865
61174,122348,183522,244696,305870
61175,122350,183525,244700,305875
61176,122352,183528,244704,305880
61177,122354,183531,244708,305885
61178,122356,183534,244712,305890
61179,122358,183537,244716,305895
61180,122360,183540,244720,305900
61181,122362,183543,244724,305905
61182,122364,183546,244728,305910
61183,122366,183549,244732,305915
61184,122368,183552,244736,305920
61185,122370,183555,244740,305925
61186,122372,183558,244744,305930
61187,122374,183561,244748,305935
61188,122376,183564,244752,305940
61189,122378,183567,244756,305945
61190,122380,183570,244760,305950
61191,122382,183573,244764,305955
61192,122384,183576,244768,305960
61193,122386,183579,244772,305965
61194,122388,183582,244776,305970
61195,122390,183585,244780,305975
61196,122392,183588,244784,305980
61197,122394,183591,244788,305985
61198,122396,183594,244792,305990
61199,122398,183597,244796,305995
61200,122400,183600,244800,306000
61201,122402,183603,244804,306005
61202,122404,183606,244808,306010
61203,122406,183609,244812,306015
61204,122408,183612,244816,306020
61205,122410,183615,244820,306025
61206,122412,183618,244824,306030
61207,122414,183621,244828,306035
61208,122416,183624,244832,306040
61209,122418,183627,244836,306045
61210,122420,183630,244840,306050
61211,122422,183633,244844,306055
61212,122424,183636,244848,306060
61213,122426,183639,244852,306065
61214,122428,183642,244856,306070
61215,122430,183645,244860,306075
61216,122432,183648,244864,306080
61217,122434,183651,244868,306085
61218,122436,183654,244872,306090
61219,122438,183657,244876,306095
61220,122440,183660,244880,306100
61221,122442,183663,244884,306105
61222,122444,183666,244888,306110
61223,122446,183669,244892,306115
61224,122448,183672,244896,306120
61225,122450,183675,244900,306125
61226,122452,183678,244904,306130
61227,122454,183681,244908,306135
61228,122456,183684,244912,306140
61229,122458,183687,244916,306145
61230,122460,183690,244920,306150
61231,122462,183693,244924,306155
61232,122464,183696,244928,306160
61233,122466,183699,244932,306165
61234,122468,183702,244936,306170
61235,122470,183705,244940,306175
61236,122472,183708,244944,306180
61237,122474,183711,244948,306185
61238,122476,183714,244952,306190
61239,122478,183717,244956,306195
61240,122480,183720,244960,306200
61241,122482,183723,244964,306205
61242,122484,183726,244968,306210
61243,122486,183729,244972,306215
61244,122488,183732,244976,306220
61245,122490,183735,244980,306225
61246,122492,183738,244984,306230
61247,122494,183741,244988,306235
61248,122496,183744,244992,306240
61249,122498,183747,244996,306245
61250,122500,183750,245000,306250
61251,122502,183753,245004,306255
61252,122504,183756,245008,306260
61253,122506,183759,245012,306265
61254,122508,183762,245016,306270
61255,122510,183765,245020,306275
61256,122512,183768,245024,306280
61257,122514,183771,245028,306285
61258,122516,183774,245032,306290
61259,122518,183777,245036,306295
61260,122520,183780,245040,306300
61261,122522,183783,245044,306305
61262,122524,183786,245048,306310
61263,122526,183789,245052,306315
61264,122528,183792,245056,306320
61265,122530,183795,245060,306325
61266,122532,183798,245064,306330
61267,122534,183801,245068,306335
61268,122536,183804,245072,306340
61269,122538,183807,245076,306345
61270,122540,183810,245080,306350
61271,122542,183813,245084,306355
61272,122544,183816,245088,306360
61273,122546,183819,245092,306365
61274,122548,183822,245096,306370
61275,122550,183825,245100,306375
61276,122552,183828,245104,306380
61277,122554,183831,245108,306385
61278,122556,183834,245112,306390
61279,122558,183837,245116,306395
61280,122560,183840,245120,306400
61281,122562,183843,245124,306405
61282,122564,183846,245128,306410
61283,122566,183849,245132,306415
61284,122568,183852,245136,306420
61285,122570,183855,245140,306425
61286,122572,183858,245144,306430
61287,122574,183861,245148,306435
61288,122576,183864,245152,306440
61289,122578,183867,245156,306445
61290,122580,183870,245160,306450
61291,122582,183873,245164,306455
61292,122584,183876,245168,306460
61293,122586,183879,245172,306465
61294,122588,183882,245176,306470
61295,122590,183885,245180,306475
61296,122592,183888,245184,306480
61297,122594,183891,245188,306485
61298,122596,183894,245192,306490
61299,122598,183897,245196,306495
61300,122600,183900,245200,306500
61301,122602,183903,245204,306505
61302,122604,183906,245208,306510
61303,122606,183909,245212,306515
61304,122608,183912,245216,306520
61305,122610,183915,245220,306525
61306,122612,183918,245224,306530
61307,122614,183921,245228,306535
61308,122616,183924,245232,306540
61309,122618,183927,245236,306545
61310,122620,183930,245240,306550
61311,122622,183933,245244,306555
61312,122624,183936,245248,306560
61313,122626,183939,245252,306565
61314,122628,183942,245256,306570
61315,122630,183945,245260,306575
61316,122632,183948,245264,306580
61317,122634,183951,245268,306585
61318,122636,183954,245272,306590
61319,122638,183957,245276,306595
61320,122640,183960,245280,306600
61321,122642,183963,245284,306605
61322,122644,183966,245288,306610
61323,122646,183969,245292,306615
61324,122648,183972,245296,306620
61325,122650,183975,245300,306625
61326,122652,183978,245304,306630
61327,122654,183981,245308,306635
61328,122656,183984,245312,306640
61329,122658,183987,245316,306645
61330,122660,183990,245320,306650
61331,122662,183993,245324,306655
61332,122664,183996,245328,306660
61333,122666,183999,245332,306665
61334,122668,184002,245336,306670
61335,122670,184005,245340,306675
61336,122672,184008,245344,306680
61337,122674,184011,245348,306685
61338,122676,184014,245352,306690
61339,122678,184017,245356,306695
61340,122680,184020,245360,306700
61341,122682,184023,245364,306705
61342,122684,184026,245368,306710
61343,122686,184029,245372,306715
61344,122688,184032,245376,306720
61345,122690,184035,245380,306725
61346,122692,184038,245384,306730
61347,122694,184041,245388,306735
61348,122696,184044,245392,306740
61349,122698,184047,245396,306745
61350,122700,184050,245400,306750
61351,122702,184053,245404,306755
61352,122704,184056,245408,306760
61353,122706,184059,245412,306765
61354,122708,184062,245416,306770
61355,122710,184065,245420,306775
61356,122712,184068,245424,306780
61357,122714,184071,245428,306785
61358,122716,184074,245432,306790
61359,122718,184077,245436,306795
61360,122720,184080,245440,306800
61361,122722,184083,245444,306805
61362,122724,184086,245448,306810
61363,122726,184089,245452,306815
61364,122728,184092,245456,306820
61365,122730,184095,245460,306825
61366,122732,184098,245464,306830
61367,122734,184101,245468,306835
61368,122736,184104,245472,306840
61369,122738,184107,245476,306845
61370,122740,184110,245480,306850
61371,122742,184113,245484,306855
61372,122744,184116,245488,306860
61373,122746,184119,245492,306865
61374,122748,184122,245496,306870
61375,122750,184125,245500,306875
61376,122752,184128,245504,306880
61377,122754,184131,245508,306885
61378,122756,184134,245512,306890
61379,122758,184137,245516,306895
61380,122760,184140,245520,306900
61381,122762,184143,245524,306905
61382,122764,184146,245528,306910
61383,122766,184149,245532,306915
61384,122768,184152,245536,306920
61385,122770,184155,245540,306925
61386,122772,184158,245544,306930
61387,122774,184161,245548,306935
61388,122776,184164,245552,306940
61389,122778,184167,245556,306945
61390,122780,184170,245560,306950
61391,122782,184173,245564,306955
61392,122784,184176,245568,306960
61393,122786,184179,245572,306965
61394,122788,184182,245576,306970
61395,122790,184185,245580,306975
61396,122792,184188,245584,306980
61397,122794,184191,245588,306985
61398,122796,184194,245592,306990
61399,122798,184197,245596,306995
61400,122800,184200,245600,307000
61401,122802,184203,245604,307005
61402,122804,184206,245608,307010
61403,122806,184209,245612,307015
61404,122808,184212,245616,307020
61405,122810,184215,245620,307025
61406,122812,184218,245624,307030
61407,122814,184221,245628,307035
61408,122816,184224,245632,307040
61409,122818,184227,245636,307045
61410,122820,184230,245640,307050
61411,122822,184233,245644,307055
61412,122824,184236,245648,307060
61413,122826,184239,245652,307065
61414,122828,184242,245656,307070
61415,122830,184245,245660,307075
61416,122832,184248,245664,307080
61417,122834,184251,245668,307085
61418,122836,184254,245672,307090
61419,122838,184257,245676,307095
61420,122840,184260,245680,307100
61421,122842,184263,245684,307105
61422,122844,184266,245688,307110
61423,122846,184269,245692,307115
61424,122848,184272,245696,307120
61425,122850,184275,245700,307125
61426,122852,184278,245704,307130
61427,122854,184281,245708,307135
61428,122856,184284,245712,307140
61429,122858,184287,245716,307145
61430,122860,184290,245720,307150
61431,122862,184293,245724,307155
61432,122864,184296,245728,307160
61433,122866,184299,245732,307165
61434,122868,184302,245736,307170
61435,122870,184305,245740,307175
61436,122872,184308,245744,307180
61437,122874,184311,245748,307185
61438,122876,184314,245752,307190
61439,122878,184317,245756,307195
61440,122880,184320,245760,307200
61441,122882,184323,245764,307205
61442,122884,184326,245768,307210
61443,122886,184329,245772,307215
61444,122888,184332,245776,307220
61445,122890,184335,245780,307225
61446,122892,184338,245784,307230
61447,122894,184341,245788,307235
61448,122896,184344,245792,307240
61449,122898,184347,245796,307245
61450,122900,184350,245800,307250
61451,122902,184353,245804,307255
61452,122904,184356,245808,307260
61453,122906,184359,245812,307265
61454,122908,184362,245816,307270
61455,122910,184365,245820,307275
61456,122912,184368,245824,307280
61457,122914,184371,245828,307285
61458,122916,184374,245832,307290
61459,122918,184377,245836,307295
61460,122920,184380,245840,307300
61461,122922,184383,245844,307305
61462,122924,184386,245848,307310
61463,122926,184389,245852,307315
61464,122928,184392,245856,307320
61465,122930,184395,245860,307325
61466,122932,184398,245864,307330
61467,122934,184401,245868,307335
61468,122936,184404,245872,307340
61469,122938,184407,245876,307345
61470,122940,184410,245880,307350
61471,122942,184413,245884,307355
61472,122944,184416,245888,307360
61473,122946,184419,245892,307365
61474,122948,184422,245896,307370
61475,122950,184425,245900,307375
61476,122952,184428,245904,307380
61477,122954,184431,245908,307385
61478,122956,184434,245912,307390
61479,122958,184437,245916,307395
61480,122960,184440,245920,307400
61481,122962,184443,245924,307405
61482,122964,184446,245928,307410
61483,122966,184449,245932,307415
61484,122968,184452,245936,307420
61485,122970,184455,245940,307425
61486,122972,184458,245944,307430
61487,122974,184461,245948,307435
61488,122976,184464,245952,307440
61489,122978,184467,245956,307445
61490,122980,184470,245960,307450
61491,122982,184473,245964,307455
61492,122984,184476,245968,307460
61493,122986,184479,245972,307465
61494,122988,184482,245976,307470
61495,122990,184485,245980,307475
61496,122992,184488,245984,307480
61497,122994,184491,245988,307485
61498,122996,184494,245992,307490
61499,122998,184497,245996,307495
61500,123000,184500,246000,307500
61501,123002,184503,246004,307505
61502,123004,184506,246008,307510
61503,123006,184509,246012,307515
61504,123008,184512,246016,307520
61505,123010,184515,246020,307525
61506,123012,184518,246024,307530
61507,123014,184521,246028,307535
61508,123016,184524,246032,307540
61509,123018,184527,246036,307545
61510,123020,184530,246040,307550
61511,123022,184533,246044,307555
61512,123024,184536,246048,307560
61513,123026,184539,246052,307565
61514,123028,184542,246056,307570
61515,123030,184545,246060,307575
61516,123032,184548,246064,307580
61517,123034,184551,246068,307585
61518,123036,184554,246072,307590
61519,123038,184557,246076,307595
61520,123040,184560,246080,307600
61521,123042,184563,246084,307605
61522,123044,184566,246088,307610
61523,123046,184569,246092,307615
61524,123048,184572,246096,307620
61525,123050,184575,246100,307625
61526,123052,184578,246104,307630
61527,123054,184581,246108,307635
61528,123056,184584,246112,307640
61529,123058,184587,246116,307645
61530,123060,184590,246120,307650
61531,123062,184593,246124,307655
61532,123064,184596,246128,307660
61533,123066,184599,246132,307665
61534,123068,184602,246136,307670
61535,123070,184605,246140,307675
61536,123072,184608,246144,307680
61537,123074,184611,246148,307685
61538,123076,184614,246152,307690
61539,123078,184617,246156,307695
61540,123080,184620,246160,307700
61541,123082,184623,246164,307705
61542,123084,184626,246168,307710
61543,123086,184629,246172,307715
61544,123088,184632,246176,307720
61545,123090,184635,246180,307725
61546,123092,184638,246184,307730
61547,123094,184641,246188,307735
61548,123096,184644,246192,307740
61549,123098,184647,246196,307745
61550,123100,184650,246200,307750
61551,123102,184653,246204,307755
61552,123104,184656,246208,307760
61553,123106,184659,246212,307765
61554,123108,184662,246216,307770
61555,123110,184665,246220,307775
61556,123112,184668,246224,307780
61557,123114,184671,246228,307785
61558,123116,184674,246232,307790
61559,123118,184677,246236,307795
61560,123120,184680,246240,307800
61561,123122,184683,246244,307805
61562,123124,184686,246248,307810
61563,123126,184689,246252,307815
61564,123128,184692,246256,307820
61565,123130,184695,246260,307825
61566,123132,184698,246264,307830
61567,123134,184701,246268,307835
61568,123136,184704,246272,307840
61569,123138,184707,246276,307845
61570,123140,184710,246280,307850
61571,123142,184713,246284,307855
61572,123144,184716,246288,307860
61573,123146,184719,246292,307865
61574,123148,184722,246296,307870
61575,123150,184725,246300,307875
61576,123152,184728,246304,307880
61577,123154,184731,246308,307885
61578,123156,184734,246312,307890
61579,123158,184737,246316,307895
61580,123160,184740,246320,307900
61581,123162,184743,246324,307905
61582,123164,184746,246328,307910
61583,123166,184749,246332,307915
61584,123168,184752,246336,307920
61585,123170,184755,246340,307925
61586,123172,184758,246344,307930
61587,123174,184761,246348,307935
61588,123176,184764,246352,307940
61589,123178,184767,246356,307945
61590,123180,184770,246360,307950
61591,123182,184773,246364,307955
61592,123184,184776,246368,307960
61593,123186,184779,246372,307965
61594,123188,184782,246376,307970
61595,123190,184785,246380,307975
61596,123192,184788,246384,307980
61597,123194,184791,246388,307985
61598,123196,184794,246392,307990
61599,123198,184797,246396,307995
61600,123200,184800,246400,308000
61601,123202,184803,246404,308005
61602,123204,184806,246408,308010
61603,123206,184809,246412,308015
61604,123208,184812,246416,308020
61605,123210,184815,246420,308025
61606,123212,184818,246424,308030
61607,123214,184821,246428,308035
61608,123216,184824,246432,308040
61609,123218,184827,246436,308045
61610,123220,184830,246440,308050
61611,123222,184833,246444,308055
61612,123224,184836,246448,308060
61613,123226,184839,246452,308065
61614,123228,184842,246456,308070
61615,123230,184845,246460,308075
61616,123232,184848,246464,308080
61617,123234,184851,246468,308085
61618,123236,184854,246472,308090
61619,123238,184857,246476,308095
61620,123240,184860,246480,308100
61621,123242,184863,246484,308105
61622,123244,184866,246488,308110
61623,123246,184869,246492,308115
61624,123248,184872,246496,308120
61625,123250,184875,246500,308125
61626,123252,184878,246504,308130
61627,123254,184881,246508,308135
61628,123256,184884,246512,308140
61629,123258,184887,246516,308145
61630,123260,184890,246520,308150
61631,123262,184893,246524,308155
61632,123264,184896,246528,308160
61633,123266,184899,246532,308165
61634,123268,184902,246536,308170
61635,123270,184905,246540,308175
61636,123272,184908,246544,308180
61637,123274,184911,246548,308185
61638,123276,184914,246552,308190
61639,123278,184917,246556,308195
61640,123280,184920,246560,308200
61641,123282,184923,246564,308205
61642,123284,184926,246568,308210
61643,123286,184929,246572,308215
61644,123288,184932,246576,308220
61645,123290,184935,246580,308225
61646,123292,184938,246584,308230
61647,123294,184941,246588,308235
61648,123296,184944,246592,308240
61649,123298,184947,246596,308245
61650,123300,184950,246600,308250
61651,123302,184953,246604,308255
61652,123304,184956,246608,308260
61653,123306,184959,246612,308265
61654,123308,184962,246616,308270
61655,123310,184965,246620,308275
61656,123312,184968,246624,308280
61657,123314,184971,246628,308285
61658,123316,184974,246632,308290
61659,123318,184977,246636,308295
61660,123320,184980,246640,308300
61661,123322,184983,246644,308305
61662,123324,184986,246648,308310
61663,123326,184989,246652,308315
61664,123328,184992,246656,308320
61665,123330,184995,246660,308325
61666,123332,184998,246664,308330
61667,123334,185001,246668,308335
61668,123336,185004,246672,308340
61669,123338,185007,246676,308345
61670,123340,185010,246680,308350
61671,123342,185013,246684,308355
61672,123344,185016,246688,308360
61673,123346,185019,246692,308365
61674,123348,185022,246696,308370
61675,123350,185025,246700,308375
61676,123352,185028,246704,308380
61677,123354,185031,246708,308385
61678,123356,185034,246712,308390
61679,123358,185037,246716,308395
61680,123360,185040,246720,308400
61681,123362,185043,246724,308405
61682,123364,185046,246728,308410
61683,123366,185049,246732,308415
61684,123368,185052,246736,308420
61685,123370,185055,246740,308425
61686,123372,185058,246744,308430
61687,123374,185061,246748,308435
61688,123376,185064,246752,308440
61689,123378,185067,246756,308445
61690,123380,185070,246760,308450
61691,123382,185073,246764,308455
61692,123384,185076,246768,308460
61693,123386,185079,246772,308465
61694,123388,185082,246776,308470
61695,123390,185085,246780,308475
61696,123392,185088,246784,308480
61697,123394,185091,246788,308485
61698,123396,185094,246792,308490
61699,123398,185097,246796,308495
61700,123400,185100,246800,308500
61701,123402,185103,246804,308505
61702,123404,185106,246808,308510
61703,123406,185109,246812,308515
61704,123408,185112,246816,308520
61705,123410,185115,246820,308525
61706,123412,185118,246824,308530
61707,123414,185121,246828,308535
61708,123416,185124,246832,308540
61709,123418,185127,246836,308545
61710,123420,185130,246840,308550
61711,123422,185133,246844,308555
61712,123424,185136,246848,308560
61713,123426,185139,246852,308565
61714,123428,185142,246856,308570
61715,123430,185145,246860,308575
61716,123432,185148,246864,308580
61717,123434,185151,246868,308585
61718,123436,185154,246872,308590
61719,123438,185157,246876,308595
61720,123440,185160,246880,308600
61721,123442,185163,246884,308605
61722,123444,185166,246888,308610
61723,123446,185169,246892,308615
61724,123448,185172,246896,308620
61725,123450,185175,246900,308625
61726,123452,185178,246904,308630
61727,123454,185181,246908,308635
61728,123456,185184,246912,308640
61729,123458,185187,246916,308645
61730,123460,185190,246920,308650
61731,123462,185193,246924,308655
61732,123464,185196,246928,308660
61733,123466,185199,246932,308665
61734,123468,185202,246936,308670
61735,123470,185205,246940,308675
61736,123472,185208,246944,308680
61737,123474,185211,246948,308685
61738,123476,185214,246952,308690
61739,123478,185217,246956,308695
61740,123480,185220,246960,308700
61741,123482,185223,246964,308705
61742,123484,185226,246968,308710
61743,123486,185229,246972,308715
61744,123488,185232,246976,308720
61745,123490,185235,246980,308725
61746,123492,185238,246984,308730
61747,123494,185241,246988,308735
61748,123496,185244,246992,308740
61749,123498,185247,246996,308745
61750,123500,185250,247000,308750
61751,123502,185253,247004,308755
61752,123504,185256,247008,308760
61753,123506,185259,247012,308765
61754,123508,185262,247016,308770
61755,123510,185265,247020,308775
61756,123512,185268,247024,308780
61757,123514,185271,247028,308785
61758,123516,185274,247032,308790
61759,123518,185277,247036,308795
61760,123520,185280,247040,308800
61761,123522,185283,247044,308805
61762,123524,185286,247048,308810
61763,123526,185289,247052,308815
61764,123528,185292,247056,308820
61765,123530,185295,247060,308825
61766,123532,185298,247064,308830
61767,123534,185301,247068,308835
61768,123536,185304,247072,308840
61769,123538,185307,247076,308845
61770,123540,185310,247080,308850
61771,123542,185313,247084,308855
61772,123544,185316,247088,308860
61773,123546,185319,247092,308865
61774,123548,185322,247096,308870
61775,123550,185325,247100,308875
61776,123552,185328,247104,308880
61777,123554,185331,247108,308885
61778,123556,185334,247112,308890
61779,123558,185337,247116,308895
61780,123560,185340,247120,308900
61781,123562,185343,247124,308905
61782,123564,185346,247128,308910
61783,123566,185349,247132,308915
61784,123568,185352,247136,308920
61785,123570,185355,247140,308925
61786,123572,185358,247144,308930
61787,123574,185361,247148,308935
61788,123576,185364,247152,308940
61789,123578,185367,247156,308945
61790,123580,185370,247160,308950
61791,123582,185373,247164,308955
61792,123584,185376,247168,308960
61793,123586,185379,247172,308965
61794,123588,185382,247176,308970
61795,123590,185385,247180,308975
61796,123592,185388,247184,308980
61797,123594,185391,247188,308985
61798,123596,185394,247192,308990
61799,123598,185397,247196,308995
61800,123600,185400,247200,309000
61801,123602,185403,247204,309005
61802,123604,185406,247208,309010
61803,123606,185409,247212,309015
61804,123608,185412,247216,309020
61805,123610,185415,247220,309025
61806,123612,185418,247224,309030
61807,123614,185421,247228,309035
61808,123616,185424,247232,309040
61809,123618,185427,247236,309045
61810,123620,185430,247240,309050
61811,123622,185433,247244,309055
61812,123624,185436,247248,309060
61813,123626,185439,247252,309065
61814,123628,185442,247256,309070
61815,123630,185445,247260,309075
61816,123632,185448,247264,309080
61817,123634,185451,247268,309085
61818,123636,185454,247272,309090
61819,123638,185457,247276,309095
61820,123640,185460,247280,309100
61821,123642,185463,247284,309105
61822,123644,185466,247288,309110
61823,123646,185469,247292,309115
61824,123648,185472,247296,309120
61825,123650,185475,247300,309125
61826,123652,185478,247304,309130
61827,123654,185481,247308,309135
61828,123656,185484,247312,309140
61829,123658,185487,247316,309145
61830,123660,185490,247320,309150
61831,123662,185493,247324,309155
61832,123664,185496,247328,309160
61833,123666,185499,247332,309165
61834,123668,185502,247336,309170
61835,123670,185505,247340,309175
61836,123672,185508,247344,309180
61837,123674,185511,247348,309185
61838,123676,185514,247352,309190
61839,123678,185517,247356,309195
61840,123680,185520,247360,309200
61841,123682,185523,247364,309205
61842,123684,185526,247368,309210
61843,123686,185529,247372,309215
61844,123688,185532,247376,309220
61845,123690,185535,247380,309225
61846,123692,185538,247384,309230
61847,123694,185541,247388,309235
61848,123696,185544,247392,309240
61849,123698,185547,247396,309245
61850,123700,185550,247400,309250
61851,123702,185553,247404,309255
61852,123704,185556,247408,309260
61853,123706,185559,247412,309265
61854,123708,185562,247416,309270
61855,123710,185565,247420,309275
61856,123712,185568,247424,309280
61857,123714,185571,247428,309285
61858,123716,185574,247432,309290
61859,123718,185577,247436,309295
61860,123720,185580,247440,309300
61861,123722,185583,247444,309305
61862,123724,185586,247448,309310
61863,123726,185589,247452,309315
61864,123728,185592,247456,309320
61865,123730,185595,247460,309325
61866,123732,185598,247464,309330
61867,123734,185601,247468,309335
61868,123736,185604,247472,309340
61869,123738,185607,247476,309345
61870,123740,185610,247480,309350
61871,123742,185613,247484,309355
61872,123744,185616,247488,309360
61873,123746,185619,247492,309365
61874,123748,185622,247496,309370
61875,123750,185625,247500,309375
61876,123752,185628,247504,309380
61877,123754,185631,247508,309385
61878,123756,185634,247512,309390
61879,123758,185637,247516,309395
61880,123760,185640,247520,309400
61881,123762,185643,247524,309405
61882,123764,185646,247528,309410
61883,123766,185649,247532,309415
61884,123768,185652,247536,309420
61885,123770,185655,247540,309425
61886,123772,185658,247544,309430
61887,123774,185661,247548,309435
61888,123776,185664,247552,309440
61889,123778,185667,247556,309445
61890,123780,185670,247560,309450
61891,123782,185673,247564,309455
61892,123784,185676,247568,309460
61893,123786,185679,247572,309465
61894,123788,185682,247576,309470
61895,123790,185685,247580,309475
61896,123792,185688,247584,309480
61897,123794,185691,247588,309485
61898,123796,185694,247592,309490
61899,123798,185697,247596,309495
61900,123800,185700,247600,309500
61901,123802,185703,247604,309505
61902,123804,185706,247608,309510
61903,123806,185709,247612,309515
61904,123808,185712,247616,309520
61905,123810,185715,247620,309525
61906,123812,185718,247624,309530
61907,123814,185721,247628,309535
61908,123816,185724,247632,309540
61909,123818,185727,247636,309545
61910,123820,185730,247640,309550
61911,123822,185733,247644,309555
61912,123824,185736,247648,309560
61913,123826,185739,247652,309565
61914,123828,185742,247656,309570
61915,123830,185745,247660,309575
61916,123832,185748,247664,309580
61917,123834,185751,247668,309585
61918,123836,185754,247672,309590
61919,123838,185757,247676,309595
61920,123840,185760,247680,309600
61921,123842,185763,247684,309605
61922,123844,185766,247688,309610
61923,123846,185769,247692,309615
61924,123848,185772,247696,309620
61925,123850,185775,247700,309625
61926,123852,185778,247704,309630
61927,123854,185781,247708,309635
61928,123856,185784,247712,309640
61929,123858,185787,247716,309645
61930,123860,185790,247720,309650
61931,123862,185793,247724,309655
61932,123864,185796,247728,309660
61933,123866,185799,247732,309665
61934,123868,185802,247736,309670
61935,123870,185805,247740,309675
61936,123872,185808,247744,309680
61937,123874,185811,247748,309685
61938,123876,185814,247752,309690
61939,123878,185817,247756,309695
61940,123880,185820,247760,309700
61941,123882,185823,247764,309705
61942,123884,185826,247768,309710
61943,123886,185829,247772,309715
61944,123888,185832,247776,309720
61945,123890,185835,247780,309725
61946,123892,185838,247784,309730
61947,123894,185841,247788,309735
61948,123896,185844,247792,309740
61949,123898,185847,247796,309745
61950,123900,185850,247800,309750
61951,123902,185853,247804,309755
61952,123904,185856,247808,309760
61953,123906,185859,247812,309765
61954,123908,185862,247816,309770
61955,123910,185865,247820,309775
61956,123912,185868,247824,309780
61957,123914,185871,247828,309785
61958,123916,185874,247832,309790
61959,123918,185877,247836,309795
61960,123920,185880,247840,309800
61961,123922,185883,247844,309805
61962,123924,185886,247848,309810
61963,123926,185889,247852,309815
61964,123928,185892,247856,309820
61965,123930,185895,247860,309825
61966,123932,185898,247864,309830
61967,123934,185901,247868,309835
61968,123936,185904,247872,309840
61969,123938,185907,247876,309845
61970,123940,185910,247880,309850
61971,123942,185913,247884,309855
61972,123944,185916,247888,309860
61973,123946,185919,247892,309865
61974,123948,185922,247896,309870
61975,123950,185925,247900,309875
61976,123952,185928,247904,309880
61977,123954,185931,247908,309885
61978,123956,185934,247912,309890
61979,123958,185937,247916,309895
61980,123960,185940,247920,309900
61981,123962,185943,247924,309905
61982,123964,185946,247928,309910
61983,123966,185949,247932,309915
61984,123968,185952,247936,309920
61985,123970,185955,247940,309925
61986,123972,185958,247944,309930
61987,123974,185961,247948,309935
61988,123976,185964,247952,309940
61989,123978,185967,247956,309945
61990,123980,185970,247960,309950
61991,123982,185973,247964,309955
61992,123984,185976,247968,309960
61993,123986,185979,247972,309965
61994,123988,185982,247976,309970
61995,123990,185985,247980,309975
61996,123992,185988,247984,309980
61997,123994,185991,247988,309985
61998,123996,185994,247992,309990
61999,123998,185997,247996,309995
62000,124000,186000,248000,310000
62001,124002,186003,248004,310005
62002,124004,186006,248008,310010
62003,124006,186009,248012,310015
62004,124008,186012,248016,310020
62005,124010,186015,248020,310025
62006,124012,186018,248024,310030
62007,124014,186021,248028,310035
62008,124016,186024,248032,310040
62009,124018,186027,248036,310045
62010,124020,186030,248040,310050
62011,124022,186033,248044,310055
62012,124024,186036,248048,310060
62013,124026,186039,248052,310065
62014,124028,186042,248056,310070
62015,124030,186045,248060,310075
62016,124032,186048,248064,310080
62017,124034,186051,248068,310085
62018,124036,186054,248072,310090
62019,124038,186057,248076,310095
62020,124040,186060,248080,310100
62021,124042,186063,248084,310105
62022,124044,186066,248088,310110
62023,124046,186069,248092,310115
62024,124048,186072,248096,310120
62025,124050,186075,248100,310125
62026,124052,186078,248104,310130
62027,124054,186081,248108,310135
62028,124056,186084,248112,310140
62029,124058,186087,248116,310145
62030,124060,186090,248120,310150
62031,124062,186093,248124,310155
62032,124064,186096,248128,310160
62033,124066,186099,248132,310165
62034,124068,186102,248136,310170
62035,124070,186105,248140,310175
62036,124072,186108,248144,310180
62037,124074,186111,248148,310185
62038,124076,186114,248152,310190
62039,124078,186117,248156,310195
62040,124080,186120,248160,310200
62041,124082,186123,248164,310205
62042,124084,186126,248168,310210
62043,124086,186129,248172,310215
62044,124088,186132,248176,310220
62045,124090,186135,248180,310225
62046,124092,186138,248184,310230
62047,124094,186141,248188,310235
62048,124096,186144,248192,310240
62049,124098,186147,248196,310245
62050,124100,186150,248200,310250
62051,124102,186153,248204,310255
62052,124104,186156,248208,310260
62053,124106,186159,248212,310265
62054,124108,186162,248216,310270
62055,124110,186165,248220,310275
62056,124112,186168,248224,310280
62057,124114,186171,248228,310285
62058,124116,186174,248232,310290
62059,124118,186177,248236,310295
62060,124120,186180,248240,310300
62061,124122,186183,248244,310305
62062,124124,186186,248248,310310
62063,124126,186189,248252,310315
62064,124128,186192,248256,310320
62065,124130,186195,248260,310325
62066,124132,186198,248264,310330
62067,124134,186201,248268,310335
62068,124136,186204,248272,310340
62069,124138,186207,248276,310345
62070,124140,186210,248280,310350
62071,124142,186213,248284,310355
62072,124144,186216,248288,310360
62073,124146,186219,248292,310365
62074,124148,186222,248296,310370
62075,124150,186225,248300,310375
62076,124152,186228,248304,310380
62077,124154,186231,248308,310385
62078,124156,186234,248312,310390
62079,124158,186237,248316,310395
62080,124160,186240,248320,310400
62081,124162,186243,248324,310405
62082,124164,186246,248328,310410
62083,124166,186249,248332,310415
62084,124168,186252,248336,310420
62085,124170,186255,248340,310425
62086,124172,186258,248344,310430
62087,124174,186261,248348,310435
62088,124176,186264,248352,310440
62089,124178,186267,248356,310445
62090,124180,186270,248360,310450
62091,124182,186273,248364,310455
62092,124184,186276,248368,310460
62093,124186,186279,248372,310465
62094,124188,186282,248376,310470
62095,124190,186285,248380,310475
62096,124192,186288,248384,310480
62097,124194,186291,248388,310485
62098,124196,186294,248392,310490
62099,124198,186297,248396,310495
62100,124200,186300,248400,310500
62101,124202,186303,248404,310505
62102,124204,186306,248408,310510
62103,124206,186309,248412,310515
62104,124208,186312,248416,310520
62105,124210,186315,248420,310525
62106,124212,186318,248424,310530
62107,124214,186321,248428,310535
62108,124216,186324,248432,310540
62109,124218,186327,248436,310545
62110,124220,186330,248440,310550
62111,124222,186333,248444,310555
62112,124224,186336,248448,310560
62113,124226,186339,248452,310565
62114,124228,186342,248456,310570
62115,124230,186345,248460,310575
62116,124232,186348,248464,310580
62117,124234,186351,248468,310585
62118,124236,186354,248472,310590
62119,124238,186357,248476,310595
62120,124240,186360,248480,310600
62121,124242,186363,248484,310605
62122,124244,186366,248488,310610
62123,124246,186369,248492,310615
62124,124248,186372,248496,310620
62125,124250,186375,248500,310625
62126,124252,186378,248504,310630
62127,124254,186381,248508,310635
62128,124256,186384,248512,310640
62129,124258,186387,248516,310645
62130,124260,186390,248520,310650
62131,124262,186393,248524,310655
62132,124264,186396,248528,310660
62133,124266,186399,248532,310665
62134,124268,186402,248536,310670
62135,124270,186405,248540,310675
62136,124272,186408,248544,310680
62137,124274,186411,248548,310685
62138,124276,186414,248552,310690
62139,124278,186417,248556,310695
62140,124280,186420,248560,310700
62141,124282,186423,248564,310705
62142,124284,186426,248568,310710
62143,124286,186429,248572,310715
62144,124288,186432,248576,310720
62145,124290,186435,248580,310725
62146,124292,186438,248584,310730
62147,124294,186441,248588,310735
62148,124296,186444,248592,310740
62149,124298,186447,248596,310745
62150,124300,186450,248600,310750
62151,124302,186453,248604,310755
62152,124304,186456,248608,310760
62153,124306,186459,248612,310765
62154,124308,186462,248616,310770
62155,124310,186465,248620,310775
62156,124312,186468,248624,310780
62157,124314,186471,248628,310785
62158,124316,186474,248632,310790
62159,124318,186477,248636,310795
62160,124320,186480,248640,310800
62161,124322,186483,248644,310805
62162,124324,186486,248648,310810
62163,124326,186489,248652,310815
62164,124328,186492,248656,310820
62165,124330,186495,248660,310825
62166,124332,186498,248664,310830
62167,124334,186501,248668,310835
62168,124336,186504,248672,310840
62169,124338,186507,248676,310845
62170,124340,186510,248680,310850
62171,124342,186513,248684,310855
62172,124344,186516,248688,310860
62173,124346,186519,248692,310865
62174,124348,186522,248696,310870
62175,124350,186525,248700,310875
62176,124352,186528,248704,310880
62177,124354,186531,248708,310885
62178,124356,186534,248712,310890
62179,124358,186537,248716,310895
62180,124360,186540,248720,310900
62181,124362,186543,248724,310905
62182,124364,186546,248728,310910
62183,124366,186549,248732,310915
62184,124368,186552,248736,310920
62185,124370,186555,248740,310925
62186,124372,186558,248744,310930
62187,124374,186561,248748,310935
62188,124376,186564,248752,310940
62189,124378,186567,248756,310945
62190,124380,186570,248760,310950
62191,124382,186573,248764,310955
62192,124384,186576,248768,310960
62193,124386,186579,248772,310965
62194,124388,186582,248776,310970
62195,124390,186585,248780,310975
62196,124392,186588,248784,310980
62197,124394,186591,248788,310985
62198,124396,186594,248792,310990
62199,124398,186597,248796,310995
62200,124400,186600,248800,311000
62201,124402,186603,248804,311005
62202,124404,186606,248808,311010
62203,124406,186609,248812,311015
62204,124408,186612,248816,311020
62205,124410,186615,248820,311025
62206,124412,186618,248824,311030
62207,124414,186621,248828,311035
62208,124416,186624,248832,311040
62209,124418,186627,248836,311045
62210,124420,186630,248840,311050
62211,124422,186633,248844,311055
62212,124424,186636,248848,311060
62213,124426,186639,248852,311065
62214,124428,186642,248856,311070
62215,124430,186645,248860,311075
62216,124432,186648,248864,311080
62217,124434,186651,248868,311085
62218,124436,186654,248872,311090
62219,124438,186657,248876,311095
62220,124440,186660,248880,311100
62221,124442,186663,248884,311105
62222,124444,186666,248888,311110
62223,124446,186669,248892,311115
62224,124448,186672,248896,311120
62225,124450,186675,248900,311125
62226,124452,186678,248904,311130
62227,124454,186681,248908,311135
62228,124456,186684,248912,311140
62229,124458,186687,248916,311145
62230,124460,186690,248920,311150
62231,124462,186693,248924,311155
62232,124464,186696,248928,311160
62233,124466,186699,248932,311165
62234,124468,186702,248936,311170
62235,124470,186705,248940,311175
62236,124472,186708,248944,311180
62237,124474,186711,248948,311185
62238,124476,186714,248952,311190
62239,124478,186717,248956,311195
62240,124480,186720,248960,311200
62241,124482,186723,248964,311205
62242,124484,186726,248968,311210
62243,124486,186729,248972,311215
62244,124488,186732,248976,311220
62245,124490,186735,248980,311225
62246,124492,186738,248984,311230
62247,124494,186741,248988,311235
62248,124496,186744,248992,311240
62249,124498,186747,248996,311245
62250,124500,186750,249000,311250
62251,124502,186753,249004,311255
62252,124504,186756,249008,311260
62253,124506,186759,249012,311265
62254,124508,186762,249016,311270
62255,124510,186765,249020,311275
62256,124512,186768,249024,311280
62257,124514,186771,249028,311285
62258,124516,186774,249032,311290
62259,124518,186777,249036,311295
62260,124520,186780,249040,311300
62261,124522,186783,249044,311305
62262,124524,186786,249048,311310
62263,124526,186789,249052,311315
62264,124528,186792,249056,311320
62265,124530,186795,249060,311325
62266,124532,186798,249064,311330
62267,124534,186801,249068,311335
62268,124536,186804,249072,311340
62269,124538,186807,249076,311345
62270,124540,186810,249080,311350
62271,124542,186813,249084,311355
62272,124544,186816,249088,311360
62273,124546,186819,249092,311365
62274,124548,186822,249096,311370
62275,124550,186825,249100,311375
62276,124552,186828,249104,311380
62277,124554,186831,249108,311385
62278,124556,186834,249112,311390
62279,124558,186837,249116,311395
62280,124560,186840,249120,311400
62281,124562,186843,249124,311405
62282,124564,186846,249128,311410
62283,124566,186849,249132,311415
62284,124568,186852,249136,311420
62285,124570,186855,249140,311425
62286,124572,186858,249144,311430
62287,124574,186861,249148,311435
62288,124576,186864,249152,311440
62289,124578,186867,249156,311445
62290,124580,186870,249160,311450
62291,124582,186873,249164,311455
62292,124584,186876,249168,311460
62293,124586,186879,249172,311465
62294,124588,186882,249176,311470
62295,124590,186885,249180,311475
62296,124592,186888,249184,311480
62297,124594,186891,249188,311485
62298,124596,186894,249192,311490
62299,124598,186897,249196,311495
62300,124600,186900,249200,311500
62301,124602,186903,249204,311505
62302,124604,186906,249208,311510
62303,124606,186909,249212,311515
62304,124608,186912,249216,311520
62305,124610,186915,249220,311525
62306,124612,186918,249224,311530
62307,124614,186921,249228,311535
62308,124616,186924,249232,311540
62309,124618,186927,249236,311545
62310,124620,186930,249240,311550
62311,124622,186933,249244,311555
62312,124624,186936,249248,311560
62313,124626,186939,249252,311565
62314,124628,186942,249256,311570
62315,124630,186945,249260,311575
62316,124632,186948,249264,311580
62317,124634,186951,249268,311585
62318,124636,186954,249272,311590
62319,124638,186957,249276,311595
62320,124640,186960,249280,311600
62321,124642,186963,249284,311605
62322,124644,186966,249288,311610
62323,124646,186969,249292,311615
62324,124648,186972,249296,311620
62325,124650,186975,249300,311625
62326,124652,186978,249304,311630
62327,124654,186981,249308,311635
62328,124656,186984,249312,311640
62329,124658,186987,249316,311645
62330,124660,186990,249320,311650
62331,124662,186993,249324,311655
62332,124664,186996,249328,311660
62333,124666,186999,249332,311665
62334,124668,187002,249336,311670
62335,124670,187005,249340,311675
62336,124672,187008,249344,311680
62337,124674,187011,249348,311685
62338,124676,187014,249352,311690
62339,124678,187017,249356,311695
62340,124680,187020,249360,311700
62341,124682,187023,249364,311705
62342,124684,187026,249368,311710
62343,124686,187029,249372,311715
62344,124688,187032,249376,311720
62345,124690,187035,249380,311725
62346,124692,187038,249384,311730
62347,124694,187041,249388,311735
62348,124696,187044,249392,311740
62349,124698,187047,249396,311745
62350,124700,187050,249400,311750
62351,124702,187053,249404,311755
62352,124704,187056,249408,311760
62353,124706,187059,249412,311765
62354,124708,187062,249416,311770
62355,124710,187065,249420,311775
62356,124712,187068,249424,311780
62357,124714,187071,249428,311785
62358,124716,187074,249432,311790
62359,124718,187077,249436,311795
62360,124720,187080,249440,311800
62361,124722,187083,249444,311805
62362,124724,187086,249448,311810
62363,124726,187089,249452,311815
62364,124728,187092,249456,311820
62365,124730,187095,249460,311825
62366,124732,187098,249464,311830
62367,124734,187101,249468,311835
62368,124736,187104,249472,311840
62369,124738,187107,249476,311845
62370,124740,187110,249480,311850
62371,124742,187113,249484,311855
62372,124744,187116,249488,311860
62373,124746,187119,249492,311865
62374,124748,187122,249496,311870
62375,124750,187125,249500,311875
62376,124752,187128,249504,311880
62377,124754,187131,249508,311885
62378,124756,187134,249512,311890
62379,124758,187137,249516,311895
62380,124760,187140,249520,311900
62381,124762,187143,249524,311905
62382,124764,187146,249528,311910
62383,124766,187149,249532,311915
62384,124768,187152,249536,311920
62385,124770,187155,249540,311925
62386,124772,187158,249544,311930
62387,124774,187161,249548,311935
62388,124776,187164,249552,311940
62389,124778,187167,249556,311945
62390,124780,187170,249560,311950
62391,124782,187173,249564,311955
62392,124784,187176,249568,311960
62393,124786,187179,249572,311965
62394,124788,187182,249576,311970
62395,124790,187185,249580,311975
62396,124792,187188,249584,311980
62397,124794,187191,249588,311985
62398,124796,187194,249592,311990
62399,124798,187197,249596,311995
62400,124800,187200,249600,312000
62401,124802,187203,249604,312005
62402,124804,187206,249608,312010
62403,124806,187209,249612,312015
62404,124808,187212,249616,312020
62405,124810,187215,249620,312025
62406,124812,187218,249624,312030
62407,124814,187221,249628,312035
62408,124816,187224,249632,312040
62409,124818,187227,249636,312045
62410,124820,187230,249640,312050
62411,124822,187233,249644,312055
62412,124824,187236,249648,312060
62413,124826,187239,249652,312065
62414,124828,187242,249656,312070
62415,124830,187245,249660,312075
62416,124832,187248,249664,312080
62417,124834,187251,249668,312085
62418,124836,187254,249672,312090
62419,124838,187257,249676,312095
62420,124840,187260,249680,312100
62421,124842,187263,249684,312105
62422,124844,187266,249688,312110
62423,124846,187269,249692,312115
62424,124848,187272,249696,312120
62425,124850,187275,249700,312125
62426,124852,187278,249704,312130
62427,124854,187281,249708,312135
62428,124856,187284,249712,312140
62429,124858,187287,249716,312145
62430,124860,187290,249720,312150
62431,124862,187293,249724,312155
62432,124864,187296,249728,312160
62433,124866,187299,249732,312165
62434,124868,187302,249736,312170
62435,124870,187305,249740,312175
62436,124872,187308,249744,312180
62437,124874,187311,249748,312185
62438,124876,187314,249752,312190
62439,124878,187317,249756,312195
62440,124880,187320,249760,312200
62441,124882,187323,249764,312205
62442,124884,187326,249768,312210
62443,124886,187329,249772,312215
62444,124888,187332,249776,312220
62445,124890,187335,249780,312225
62446,124892,187338,249784,312230
62447,124894,187341,249788,312235
62448,124896,187344,249792,312240
62449,124898,187347,249796,312245
62450,124900,187350,249800,312250
62451,124902,187353,249804,312255
62452,124904,187356,249808,312260
62453,124906,187359,249812,312265
62454,124908,187362,249816,312270
62455,124910,187365,249820,312275
62456,124912,187368,249824,312280
62457,124914,187371,249828,312285
62458,124916,187374,249832,312290
62459,124918,187377,249836,312295
62460,124920,187380,249840,312300
62461,124922,187383,249844,312305
62462,124924,187386,249848,312310
62463,124926,187389,249852,312315
62464,124928,187392,249856,312320
62465,124930,187395,249860,312325
62466,124932,187398,249864,312330
62467,124934,187401,249868,312335
62468,124936,187404,249872,312340
62469,124938,187407,249876,312345
62470,124940,187410,249880,312350
62471,124942,187413,249884,312355
62472,124944,187416,249888,312360
62473,124946,187419,249892,312365
62474,124948,187422,249896,312370
62475,124950,187425,249900,312375
62476,124952,187428,249904,312380
62477,124954,187431,249908,312385
62478,124956,187434,249912,312390
62479,124958,187437,249916,312395
62480,124960,187440,249920,312400
62481,124962,187443,249924,312405
62482,124964,187446,249928,312410
62483,124966,187449,249932,312415
62484,124968,187452,249936,312420
62485,124970,187455,249940,312425
62486,124972,187458,249944,312430
62487,124974,187461,249948,312435
62488,124976,187464,249952,312440
62489,124978,187467,249956,312445
62490,124980,187470,249960,312450
62491,124982,187473,249964,312455
62492,124984,187476,249968,312460
62493,124986,187479,249972,312465
62494,124988,187482,249976,312470
62495,124990,187485,249980,312475
62496,124992,187488,249984,312480
62497,124994,187491,249988,312485
62498,124996,187494,249992,312490
62499,124998,187497,249996,312495
62500,125000,187500,250000,312500
62501,125002,187503,250004,312505
62502,125004,187506,250008,312510
62503,125006,187509,250012,312515
62504,125008,187512,250016,312520
62505,125010,187515,250020,312525
62506,125012,187518,250024,312530
62507,125014,187521,250028,312535
62508,125016,187524,250032,312540
62509,125018,187527,250036,312545
62510,125020,187530,250040,312550
62511,125022,187533,250044,312555
62512,125024,187536,250048,312560
62513,125026,187539,250052,312565
62514,125028,187542,250056,312570
62515,125030,187545,250060,312575
62516,125032,187548,250064,312580
62517,125034,187551,250068,312585
62518,125036,187554,250072,312590
62519,125038,187557,250076,312595
62520,125040,187560,250080,312600
62521,125042,187563,250084,312605
62522,125044,187566,250088,312610
62523,125046,187569,250092,312615
62524,125048,187572,250096,312620
62525,125050,187575,250100,312625
62526,125052,187578,250104,312630
62527,125054,187581,250108,312635
62528,125056,187584,250112,312640
62529,125058,187587,250116,312645
62530,125060,187590,250120,312650
62531,125062,187593,250124,312655
62532,125064,187596,250128,312660
62533,125066,187599,250132,312665
62534,125068,187602,250136,312670
62535,125070,187605,250140,312675
62536,125072,187608,250144,312680
62537,125074,187611,250148,312685
62538,125076,187614,250152,312690
62539,125078,187617,250156,312695
62540,125080,187620,250160,312700
62541,125082,187623,250164,312705
62542,125084,187626,250168,312710
62543,125086,187629,250172,312715
62544,125088,187632,250176,312720
62545,125090,187635,250180,312725
62546,125092,187638,250184,312730
62547,125094,187641,250188,312735
62548,125096,187644,250192,312740
62549,125098,187647,250196,312745
62550,125100,187650,250200,312750
62551,125102,187653,250204,312755
62552,125104,187656,250208,312760
62553,125106,187659,250212,312765
62554,125108,187662,250216,312770
62555,125110,187665,250220,312775
62556,125112,187668,250224,312780
62557,125114,187671,250228,312785
62558,125116,187674,250232,312790
62559,125118,187677,250236,312795
62560,125120,187680,250240,312800
62561,125122,187683,250244,312805
62562,125124,187686,250248,312810
62563,125126,187689,250252,312815
62564,125128,187692,250256,312820
62565,125130,187695,250260,312825
62566,125132,187698,250264,312830
62567,125134,187701,250268,312835
62568,125136,187704,250272,312840
62569,125138,187707,250276,312845
62570,125140,187710,250280,312850
62571,125142,187713,250284,312855
62572,125144,187716,250288,312860
62573,125146,187719,250292,312865
62574,125148,187722,250296,312870
62575,125150,187725,250300,312875
62576,125152,187728,250304,312880
62577,125154,187731,250308,312885
62578,125156,187734,250312,312890
62579,125158,187737,250316,312895
62580,125160,187740,250320,312900
62581,125162,187743,250324,312905
62582,125164,187746,250328,312910
62583,125166,187749,250332,312915
62584,125168,187752,250336,312920
62585,125170,187755,250340,312925
62586,125172,187758,250344,312930
62587,125174,187761,250348,312935
62588,125176,187764,250352,312940
62589,125178,187767,250356,312945
62590,125180,187770,250360,312950
62591,125182,187773,250364,312955
62592,125184,187776,250368,312960
62593,125186,187779,250372,312965
62594,125188,187782,250376,312970
62595,125190,187785,250380,312975
62596,125192,187788,250384,312980
62597,125194,187791,250388,312985
62598,125196,187794,250392,312990
62599,125198,187797,250396,312995
62600,125200,187800,250400,313000
62601,125202,187803,250404,313005
62602,125204,187806,250408,313010
62603,125206,187809,250412,313015
62604,125208,187812,250416,313020
62605,125210,187815,250420,313025
62606,125212,187818,250424,313030
62607,125214,187821,250428,313035
62608,125216,187824,250432,313040
62609,125218,187827,250436,313045
62610,125220,187830,250440,313050
62611,125222,187833,250444,313055
62612,125224,187836,250448,313060
62613,125226,187839,250452,313065
62614,125228,187842,250456,313070
62615,125230,187845,250460,313075
62616,125232,187848,250464,313080
62617,125234,187851,250468,313085
62618,125236,187854,250472,313090
62619,125238,187857,250476,313095
62620,125240,187860,250480,313100
62621,125242,187863,250484,313105
62622,125244,187866,250488,313110
62623,125246,187869,250492,313115
62624,125248,187872,250496,313120
62625,125250,187875,250500,313125
62626,125252,187878,250504,313130
62627,125254,187881,250508,313135
62628,125256,187884,250512,313140
62629,125258,187887,250516,313145
62630,125260,187890,250520,313150
62631,125262,187893,250524,313155
62632,125264,187896,250528,313160
62633,125266,187899,250532,313165
62634,125268,187902,250536,313170
62635,125270,187905,250540,313175
62636,125272,187908,250544,313180
62637,125274,187911,250548,313185
62638,125276,187914,250552,313190
62639,125278,187917,250556,313195
62640,125280,187920,250560,313200
62641,125282,187923,250564,313205
62642,125284,187926,250568,313210
62643,125286,187929,250572,313215
62644,125288,187932,250576,313220
62645,125290,187935,250580,313225
62646,125292,187938,250584,313230
62647,125294,187941,250588,313235
62648,125296,187944,250592,313240
62649,125298,187947,250596,313245
62650,125300,187950,250600,313250
62651,125302,187953,250604,313255
62652,125304,187956,250608,313260
62653,125306,187959,250612,313265
62654,125308,187962,250616,313270
62655,125310,187965,250620,313275
62656,125312,187968,250624,313280
62657,125314,187971,250628,313285
62658,125316,187974,250632,313290
62659,125318,187977,250636,313295
62660,125320,187980,250640,313300
62661,125322,187983,250644,313305
62662,125324,187986,250648,313310
62663,125326,187989,250652,313315
62664,125328,187992,250656,313320
62665,125330,187995,250660,313325
62666,125332,187998,250664,313330
62667,125334,188001,250668,313335
62668,125336,188004,250672,313340
62669,125338,188007,250676,313345
62670,125340,188010,250680,313350
62671,125342,188013,250684,313355
62672,125344,188016,250688,313360
62673,125346,188019,250692,313365
62674,125348,188022,250696,313370
62675,125350,188025,250700,313375
62676,125352,188028,250704,313380
62677,125354,188031,250708,313385
62678,125356,188034,250712,313390
62679,125358,188037,250716,313395
62680,125360,188040,250720,313400
62681,125362,188043,250724,313405
62682,125364,188046,250728,313410
62683,125366,188049,250732,313415
62684,125368,188052,250736,313420
62685,125370,188055,250740,313425
62686,125372,188058,250744,313430
62687,125374,188061,250748,313435
62688,125376,188064,250752,313440
62689,125378,188067,250756,313445
62690,125380,188070,250760,313450
62691,125382,188073,250764,313455
62692,125384,188076,250768,313460
62693,125386,188079,250772,313465
62694,125388,188082,250776,313470
62695,125390,188085,250780,313475
62696,125392,188088,250784,313480
62697,125394,188091,250788,313485
62698,125396,188094,250792,313490
62699,125398,188097,250796,313495
62700,125400,188100,250800,313500
62701,125402,188103,250804,313505
62702,125404,188106,250808,313510
62703,125406,188109,250812,313515
62704,125408,188112,250816,313520
62705,125410,188115,250820,313525
62706,125412,188118,250824,313530
62707,125414,188121,250828,313535
62708,125416,188124,250832,313540
62709,125418,188127,250836,313545
62710,125420,188130,250840,313550
62711,125422,188133,250844,313555
62712,125424,188136,250848,313560
62713,125426,188139,250852,313565
62714,125428,188142,250856,313570
62715,125430,188145,250860,313575
62716,125432,188148,250864,313580
62717,125434,188151,250868,313585
62718,125436,188154,250872,313590
62719,125438,188157,250876,313595
62720,125440,188160,250880,313600
62721,125442,188163,250884,313605
62722,125444,188166,250888,313610
62723,125446,188169,250892,313615
62724,125448,188172,250896,313620
62725,125450,188175,250900,313625
62726,125452,188178,250904,313630
62727,125454,188181,250908,313635
62728,125456,188184,250912,313640
62729,125458,188187,250916,313645
62730,125460,188190,250920,313650
62731,125462,188193,250924,313655
62732,125464,188196,250928,313660
62733,125466,188199,250932,313665
62734,125468,188202,250936,313670
62735,125470,188205,250940,313675
62736,125472,188208,250944,313680
62737,125474,188211,250948,313685
62738,125476,188214,250952,313690
62739,125478,188217,250956,313695
62740,125480,188220,250960,313700
62741,125482,188223,250964,313705
62742,125484,188226,250968,313710
62743,125486,188229,250972,313715
62744,125488,188232,250976,313720
62745,125490,188235,250980,313725
62746,125492,188238,250984,313730
62747,125494,188241,250988,313735
62748,125496,188244,250992,313740
62749,125498,188247,250996,313745
62750,125500,188250,251000,313750
62751,125502,188253,251004,313755
62752,125504,188256,251008,313760
62753,125506,188259,251012,313765
62754,125508,188262,251016,313770
62755,125510,188265,251020,313775
62756,125512,188268,251024,313780
62757,125514,188271,251028,313785
62758,125516,188274,251032,313790
62759,125518,188277,251036,313795
62760,125520,188280,251040,313800
62761,125522,188283,251044,313805
62762,125524,188286,251048,313810
62763,125526,188289,251052,313815
62764,125528,188292,251056,313820
62765,125530,188295,251060,313825
62766,125532,188298,251064,313830
62767,125534,188301,251068,313835
62768,125536,188304,251072,313840
62769,125538,188307,251076,313845
62770,125540,188310,251080,313850
62771,125542,188313,251084,313855
62772,125544,188316,251088,313860
62773,125546,188319,251092,313865
62774,125548,188322,251096,313870
62775,125550,188325,251100,313875
62776,125552,188328,251104,313880
62777,125554,188331,251108,313885
62778,125556,188334,251112,313890
62779,125558,188337,251116,313895
62780,125560,188340,251120,313900
62781,125562,188343,251124,313905
62782,125564,188346,251128,313910
62783,125566,188349,251132,313915
62784,125568,188352,251136,313920
62785,125570,188355,251140,313925
62786,125572,188358,251144,313930
62787,125574,188361,251148,313935
62788,125576,188364,251152,313940
62789,125578,188367,251156,313945
62790,125580,188370,251160,313950
62791,125582,188373,251164,313955
62792,125584,188376,251168,313960
62793,125586,188379,251172,313965
62794,125588,188382,251176,313970
62795,125590,188385,251180,313975
62796,125592,188388,251184,313980
62797,125594,188391,251188,313985
62798,125596,188394,251192,313990
62799,125598,188397,251196,313995
62800,125600,188400,251200,314000
62801,125602,188403,251204,314005
62802,125604,188406,251208,314010
62803,125606,188409,251212,314015
62804,125608,188412,251216,314020
62805,125610,188415,251220,314025
62806,125612,188418,251224,314030
62807,125614,188421,251228,314035
62808,125616,188424,251232,314040
62809,125618,188427,251236,314045
62810,125620,188430,251240,314050
62811,125622,188433,251244,314055
62812,125624,188436,251248,314060
62813,125626,188439,251252,314065
62814,125628,188442,251256,314070
62815,125630,188445,251260,314075
62816,125632,188448,251264,314080
62817,125634,188451,251268,314085
62818,125636,188454,251272,314090
62819,125638,188457,251276,314095
62820,125640,188460,251280,314100
62821,125642,188463,251284,314105
62822,125644,188466,251288,314110
62823,125646,188469,251292,314115
62824,125648,188472,251296,314120
62825,125650,188475,251300,314125
62826,125652,188478,251304,314130
62827,125654,188481,251308,314135
62828,125656,188484,251312,314140
62829,125658,188487,251316,314145
62830,125660,188490,251320,314150
62831,125662,188493,251324,314155
62832,125664,188496,251328,314160
62833,125666,188499,251332,314165
62834,125668,188502,251336,314170
62835,125670,188505,251340,314175
62836,125672,188508,251344,314180
62837,125674,188511,251348,314185
62838,125676,188514,251352,314190
62839,125678,188517,251356,314195
62840,125680,188520,251360,314200
62841,125682,188523,251364,314205
62842,125684,188526,251368,314210
62843,125686,188529,251372,314215
62844,125688,188532,251376,314220
62845,125690,188535,251380,314225
62846,125692,188538,251384,314230
62847,125694,188541,251388,314235
62848,125696,188544,251392,314240
62849,125698,188547,251396,314245
62850,125700,188550,251400,314250
62851,125702,188553,251404,314255
62852,125704,188556,251408,314260
62853,125706,188559,251412,314265
62854,125708,188562,251416,314270
62855,125710,188565,251420,314275
62856,125712,188568,251424,314280
62857,125714,188571,251428,314285
62858,125716,188574,251432,314290
62859,125718,188577,251436,314295
62860,125720,188580,251440,314300
62861,125722,188583,251444,314305
62862,125724,188586,251448,314310
62863,125726,188589,251452,314315
62864,125728,188592,251456,314320
62865,125730,188595,251460,314325
62866,125732,188598,251464,314330
62867,125734,188601,251468,314335
62868,125736,188604,251472,314340
62869,125738,188607,251476,314345
62870,125740,188610,251480,314350
62871,125742,188613,251484,314355
62872,125744,188616,251488,314360
62873,125746,188619,251492,314365
62874,125748,188622,251496,314370
62875,125750,188625,251500,314375
62876,125752,188628,251504,314380
62877,125754,188631,251508,314385
62878,125756,188634,251512,314390
62879,125758,188637,251516,314395
62880,125760,188640,251520,314400
62881,125762,188643,251524,314405
62882,125764,188646,251528,314410
62883,125766,188649,251532,314415
62884,125768,188652,251536,314420
62885,125770,188655,251540,314425
62886,125772,188658,251544,314430
62887,125774,188661,251548,314435
62888,125776,188664,251552,314440
62889,125778,188667,251556,314445
62890,125780,188670,251560,314450
62891,125782,188673,251564,314455
62892,125784,188676,251568,314460
62893,125786,188679,251572,314465
62894,125788,188682,251576,314470
62895,125790,188685,251580,314475
62896,125792,188688,251584,314480
62897,125794,188691,251588,314485
62898,125796,188694,251592,314490
62899,125798,188697,251596,314495
62900,125800,188700,251600,314500
62901,125802,188703,251604,314505
62902,125804,188706,251608,314510
62903,125806,188709,251612,314515
62904,125808,188712,251616,314520
62905,125810,188715,251620,314525
62906,125812,188718,251624,314530
62907,125814,188721,251628,314535
62908,125816,188724,251632,314540
62909,125818,188727,251636,314545
62910,125820,188730,251640,314550
62911,125822,188733,251644,314555
62912,125824,188736,251648,314560
62913,125826,188739,251652,314565
62914,125828,188742,251656,314570
62915,125830,188745,251660,314575
62916,125832,188748,251664,314580
62917,125834,188751,251668,314585
62918,125836,188754,251672,314590
62919,125838,188757,251676,314595
62920,125840,188760,251680,314600
62921,125842,188763,251684,314605
62922,125844,188766,251688,314610
62923,125846,188769,251692,314615
62924,125848,188772,251696,314620
62925,125850,188775,251700,314625
62926,125852,188778,251704,314630
62927,125854,188781,251708,314635
62928,125856,188784,251712,314640
62929,125858,188787,251716,314645
62930,125860,188790,251720,314650
62931,125862,188793,251724,314655
62932,125864,188796,251728,314660
62933,125866,188799,251732,314665
62934,125868,188802,251736,314670
62935,125870,188805,251740,314675
62936,125872,188808,251744,314680
62937,125874,188811,251748,314685
62938,125876,188814,251752,314690
62939,125878,188817,251756,314695
62940,125880,188820,251760,314700
62941,125882,188823,251764,314705
62942,125884,188826,251768,314710
62943,125886,188829,251772,314715
62944,125888,188832,251776,314720
62945,125890,188835,251780,314725
62946,125892,188838,251784,314730
62947,125894,188841,251788,314735
62948,125896,188844,251792,314740
62949,125898,188847,251796,314745
62950,125900,188850,251800,314750
62951,125902,188853,251804,314755
62952,125904,188856,251808,314760
62953,125906,188859,251812,314765
62954,125908,188862,251816,314770
62955,125910,188865,251820,314775
62956,125912,188868,251824,314780
62957,125914,188871,251828,314785
62958,125916,188874,251832,314790
62959,125918,188877,251836,314795
62960,125920,188880,251840,314800
62961,125922,188883,251844,314805
62962,125924,188886,251848,314810
62963,125926,188889,251852,314815
62964,125928,188892,251856,314820
62965,125930,188895,251860,314825
62966,125932,188898,251864,314830
62967,125934,188901,251868,314835
62968,125936,188904,251872,314840
62969,125938,188907,251876,314845
62970,125940,188910,251880,314850
62971,125942,188913,251884,314855
62972,125944,188916,251888,314860
62973,125946,188919,251892,314865
62974,125948,188922,251896,314870
62975,125950,188925,251900,314875
62976,125952,188928,251904,314880
62977,125954,188931,251908,314885
62978,125956,188934,251912,314890
62979,125958,188937,251916,314895
62980,125960,188940,251920,314900
62981,125962,188943,251924,314905
62982,125964,188946,251928,314910
62983,125966,188949,251932,314915
62984,125968,188952,251936,314920
62985,125970,188955,251940,314925
62986,125972,188958,251944,314930
62987,125974,188961,251948,314935
62988,125976,188964,251952,314940
62989,125978,188967,251956,314945
62990,125980,188970,251960,314950
62991,125982,188973,251964,314955
62992,125984,188976,251968,314960
62993,125986,188979,251972,314965
62994,125988,188982,251976,314970
62995,125990,188985,251980,314975
62996,125992,188988,251984,314980
62997,125994,188991,251988,314985
62998,125996,188994,251992,314990
62999,125998,188997,251996,314995
63000,126000,189000,252000,315000
63001,126002,189003,252004,315005
63002,126004,189006,252008,315010
63003,126006,189009,252012,315015
63004,126008,189012,252016,315020
63005,126010,189015,252020,315025
63006,126012,189018,252024,315030
63007,126014,189021,252028,315035
63008,126016,189024,252032,315040
63009,126018,189027,252036,315045
63010,126020,189030,252040,315050
63011,126022,189033,252044,315055
63012,126024,189036,252048,315060
63013,126026,189039,252052,315065
63014,126028,189042,252056,315070
63015,126030,189045,252060,315075
63016,126032,189048,252064,315080
63017,126034,189051,252068,315085
63018,126036,189054,252072,315090
63019,126038,189057,252076,315095
63020,126040,189060,252080,315100
63021,126042,189063,252084,315105
63022,126044,189066,252088,315110
63023,126046,189069,252092,315115
63024,126048,189072,252096,315120
63025,126050,189075,252100,315125
63026,126052,189078,252104,315130
63027,126054,189081,252108,315135
63028,126056,189084,252112,315140
63029,126058,189087,252116,315145
63030,126060,189090,252120,315150
63031,126062,189093,252124,315155
63032,126064,189096,252128,315160
63033,126066,189099,252132,315165
63034,126068,189102,252136,315170
63035,126070,189105,252140,315175
63036,126072,189108,252144,315180
63037,126074,189111,252148,315185
63038,126076,189114,252152,315190
63039,126078,189117,252156,315195
63040,126080,189120,252160,315200
63041,126082,189123,252164,315205
63042,126084,189126,252168,315210
63043,126086,189129,252172,315215
63044,126088,189132,252176,315220
63045,126090,189135,252180,315225
63046,126092,189138,252184,315230
63047,126094,189141,252188,315235
63048,126096,189144,252192,315240
63049,126098,189147,252196,315245
63050,126100,189150,252200,315250
63051,126102,189153,252204,315255
63052,126104,189156,252208,315260
63053,126106,189159,252212,315265
63054,126108,189162,252216,315270
63055,126110,189165,252220,315275
63056,126112,189168,252224,315280
63057,126114,189171,252228,315285
63058,126116,189174,252232,315290
63059,126118,189177,252236,315295
63060,126120,189180,252240,315300
63061,126122,189183,252244,315305
63062,126124,189186,252248,315310
63063,126126,189189,252252,315315
63064,126128,189192,252256,315320
63065,126130,189195,252260,315325
63066,126132,189198,252264,315330
63067,126134,189201,252268,315335
63068,126136,189204,252272,315340
63069,126138,189207,252276,315345
63070,126140,189210,252280,315350
63071,126142,189213,252284,315355
63072,126144,189216,252288,315360
63073,126146,189219,252292,315365
63074,126148,189222,252296,315370
63075,126150,189225,252300,315375
63076,126152,189228,252304,315380
63077,126154,189231,252308,315385
63078,126156,189234,252312,315390
63079,126158,189237,252316,315395
63080,126160,189240,252320,315400
63081,126162,189243,252324,315405
63082,126164,189246,252328,315410
63083,126166,189249,252332,315415
63084,126168,189252,252336,315420
63085,126170,189255,252340,315425
63086,126172,189258,252344,315430
63087,126174,189261,252348,315435
63088,126176,189264,252352,315440
63089,126178,189267,252356,315445
63090,126180,189270,252360,315450
63091,126182,189273,252364,315455
63092,126184,189276,252368,315460
63093,126186,189279,252372,315465
63094,126188,189282,252376,315470
63095,126190,189285,252380,315475
63096,126192,189288,252384,315480
63097,126194,189291,252388,315485
63098,126196,189294,252392,315490
63099,126198,189297,252396,315495
63100,126200,189300,252400,315500
63101,126202,189303,252404,315505
63102,126204,189306,252408,315510
63103,126206,189309,252412,315515
63104,126208,189312,252416,315520
63105,126210,189315,252420,315525
63106,126212,189318,252424,315530
63107,126214,189321,252428,315535
63108,126216,189324,252432,315540
63109,126218,189327,252436,315545
63110,126220,189330,252440,315550
63111,126222,189333,252444,315555
63112,126224,189336,252448,315560
63113,126226,189339,252452,315565
63114,126228,189342,252456,315570
63115,126230,189345,252460,315575
63116,126232,189348,252464,315580
63117,126234,189351,252468,315585
63118,126236,189354,252472,315590
63119,126238,189357,252476,315595
63120,126240,189360,252480,315600
63121,126242,189363,252484,315605
63122,126244,189366,252488,315610
63123,126246,189369,252492,315615
63124,126248,189372,252496,315620
63125,126250,189375,252500,315625
63126,126252,189378,252504,315630
63127,126254,189381,252508,315635
63128,126256,189384,252512,315640
63129,126258,189387,252516,315645
63130,126260,189390,252520,315650
63131,126262,189393,252524,315655
63132,126264,189396,252528,315660
63133,126266,189399,252532,315665
63134,126268,189402,252536,315670
63135,126270,189405,252540,315675
63136,126272,189408,252544,315680
63137,126274,189411,252548,315685
63138,126276,189414,252552,315690
63139,126278,189417,252556,315695
63140,126280,189420,252560,315700
63141,126282,189423,252564,315705
63142,126284,189426,252568,315710
63143,126286,189429,252572,315715
63144,126288,189432,252576,315720
63145,126290,189435,252580,315725
63146,126292,189438,252584,315730
63147,126294,189441,252588,315735
63148,126296,189444,252592,315740
63149,126298,189447,252596,315745
63150,126300,189450,252600,315750
63151,126302,189453,252604,315755
63152,126304,189456,252608,315760
63153,126306,189459,252612,315765
63154,126308,189462,252616,315770
63155,126310,189465,252620,315775
63156,126312,189468,252624,315780
63157,126314,189471,252628,315785
63158,126316,189474,252632,315790
63159,126318,189477,252636,315795
63160,126320,189480,252640,315800
63161,126322,189483,252644,315805
63162,126324,189486,252648,315810
63163,126326,189489,252652,315815
63164,126328,189492,252656,315820
63165,126330,189495,252660,315825
63166,126332,189498,252664,315830
63167,126334,189501,252668,315835
63168,126336,189504,252672,315840
63169,126338,189507,252676,315845
63170,126340,189510,252680,315850
63171,126342,189513,252684,315855
63172,126344,189516,252688,315860
63173,126346,189519,252692,315865
63174,126348,189522,252696,315870
63175,126350,189525,252700,315875
63176,126352,189528,252704,315880
63177,126354,189531,252708,315885
63178,126356,189534,252712,315890
63179,126358,189537,252716,315895
63180,126360,189540,252720,315900
63181,126362,189543,252724,315905
63182,126364,189546,252728,315910
63183,126366,189549,252732,315915
63184,126368,189552,252736,315920
63185,126370,189555,252740,315925
63186,126372,189558,252744,315930
63187,126374,189561,252748,315935
63188,126376,189564,252752,315940
63189,126378,189567,252756,315945
63190,126380,189570,252760,315950
63191,126382,189573,252764,315955
63192,126384,189576,252768,315960
63193,126386,189579,252772,315965
63194,126388,189582,252776,315970
63195,126390,189585,252780,315975
63196,126392,189588,252784,315980
63197,126394,189591,252788,315985
63198,126396,189594,252792,315990
63199,126398,189597,252796,315995
63200,126400,189600,252800,316000
63201,126402,189603,252804,316005
63202,126404,189606,252808,316010
63203,126406,189609,252812,316015
63204,126408,189612,252816,316020
63205,126410,189615,252820,316025
63206,126412,189618,252824,316030
63207,126414,189621,252828,316035
63208,126416,189624,252832,316040
63209,126418,189627,252836,316045
63210,126420,189630,252840,316050
63211,126422,189633,252844,316055
63212,126424,189636,252848,316060
63213,126426,189639,252852,316065
63214,126428,189642,252856,316070
63215,126430,189645,252860,316075
63216,126432,189648,252864,316080
63217,126434,189651,252868,316085
63218,126436,189654,252872,316090
63219,126438,189657,252876,316095
63220,126440,189660,252880,316100
63221,126442,189663,252884,316105
63222,126444,189666,252888,316110
63223,126446,189669,252892,316115
63224,126448,189672,252896,316120
63225,126450,189675,252900,316125
63226,126452,189678,252904,316130
63227,126454,189681,252908,316135
63228,126456,189684,252912,316140
63229,126458,189687,252916,316145
63230,126460,189690,252920,316150
63231,126462,189693,252924,316155
63232,126464,189696,252928,316160
63233,126466,189699,252932,316165
63234,126468,189702,252936,316170
63235,126470,189705,252940,316175
63236,126472,189708,252944,316180
63237,126474,189711,252948,316185
63238,126476,189714,252952,316190
63239,126478,189717,252956,316195
63240,126480,189720,252960,316200
63241,126482,189723,252964,316205
63242,126484,189726,252968,316210
63243,126486,189729,252972,316215
63244,126488,189732,252976,316220
63245,126490,189735,252980,316225
63246,126492,189738,252984,316230
63247,126494,189741,252988,316235
63248,126496,189744,252992,316240
63249,126498,189747,252996,316245
63250,126500,189750,253000,316250
63251,126502,189753,253004,316255
63252,126504,189756,253008,316260
63253,126506,189759,253012,316265
63254,126508,189762,253016,316270
63255,126510,189765,253020,316275
63256,126512,189768,253024,316280
63257,126514,189771,253028,316285
63258,126516,189774,253032,316290
63259,126518,189777,253036,316295
63260,126520,189780,253040,316300
63261,126522,189783,253044,316305
63262,126524,189786,253048,316310
63263,126526,189789,253052,316315
63264,126528,189792,253056,316320
63265,126530,189795,253060,316325
63266,126532,189798,253064,316330
63267,126534,189801,253068,316335
63268,126536,189804,253072,316340
63269,126538,189807,253076,316345
63270,126540,189810,253080,316350
63271,126542,189813,253084,316355
63272,126544,189816,253088,316360
63273,126546,189819,253092,316365
63274,126548,189822,253096,316370
63275,126550,189825,253100,316375
63276,126552,189828,253104,316380
63277,126554,189831,253108,316385
63278,126556,189834,253112,316390
63279,126558,189837,253116,316395
63280,126560,189840,253120,316400
63281,126562,189843,253124,316405
63282,126564,189846,253128,316410
63283,126566,189849,253132,316415
63284,126568,189852,253136,316420
63285,126570,189855,253140,316425
63286,126572,189858,253144,316430
63287,126574,189861,253148,316435
63288,126576,189864,253152,316440
63289,126578,189867,253156,316445
63290,126580,189870,253160,316450
63291,126582,189873,253164,316455
63292,126584,189876,253168,316460
63293,126586,189879,253172,316465
63294,126588,189882,253176,316470
63295,126590,189885,253180,316475
63296,126592,189888,253184,316480
63297,126594,189891,253188,316485
63298,126596,189894,253192,316490
63299,126598,189897,253196,316495
63300,126600,189900,253200,316500
63301,126602,189903,253204,316505
63302,126604,189906,253208,316510
63303,126606,189909,253212,316515
63304,126608,189912,253216,316520
63305,126610,189915,253220,316525
63306,126612,189918,253224,316530
63307,126614,189921,253228,316535
63308,126616,189924,253232,316540
63309,126618,189927,253236,316545
63310,126620,189930,253240,316550
63311,126622,189933,253244,316555
63312,126624,189936,253248,316560
63313,126626,189939,253252,316565
63314,126628,189942,253256,316570
63315,126630,189945,253260,316575
63316,126632,189948,253264,316580
63317,126634,189951,253268,316585
63318,126636,189954,253272,316590
63319,126638,189957,253276,316595
63320,126640,189960,253280,316600
63321,126642,189963,253284,316605
63322,126644,189966,253288,316610
63323,126646,189969,253292,316615
63324,126648,189972,253296,316620
63325,126650,189975,253300,316625
63326,126652,189978,253304,316630
63327,126654,189981,253308,316635
63328,126656,189984,253312,316640
63329,126658,189987,253316,316645
63330,126660,189990,253320,316650
63331,126662,189993,253324,316655
63332,126664,189996,253328,316660
63333,126666,189999,253332,316665
63334,126668,190002,253336,316670
63335,126670,190005,253340,316675
63336,126672,190008,253344,316680
63337,126674,190011,253348,316685
63338,126676,190014,253352,316690
63339,126678,190017,253356,316695
63340,126680,190020,253360,316700
63341,126682,190023,253364,316705
63342,126684,190026,253368,316710
63343,126686,190029,253372,316715
63344,126688,190032,253376,316720
63345,126690,190035,253380,316725
63346,126692,190038,253384,316730
63347,126694,190041,253388,316735
63348,126696,190044,253392,316740
63349,126698,190047,253396,316745
63350,126700,190050,253400,316750
63351,126702,190053,253404,316755
63352,126704,190056,253408,316760
63353,126706,190059,253412,316765
63354,126708,190062,253416,316770
63355,126710,190065,253420,316775
63356,126712,190068,253424,316780
63357,126714,190071,253428,316785
63358,126716,190074,253432,316790
63359,126718,190077,253436,316795
63360,126720,190080,253440,316800
63361,126722,190083,253444,316805
63362,126724,190086,253448,316810
63363,126726,190089,253452,316815
63364,126728,190092,253456,316820
63365,126730,190095,253460,316825
63366,126732,190098,253464,316830
63367,126734,190101,253468,316835
63368,126736,190104,253472,316840
63369,126738,190107,253476,316845
63370,126740,190110,253480,316850
63371,126742,190113,253484,316855
63372,126744,190116,253488,316860
63373,126746,190119,253492,316865
63374,126748,190122,253496,316870
63375,126750,190125,253500,316875
63376,126752,190128,253504,316880
63377,126754,190131,253508,316885
63378,126756,190134,253512,316890
63379,126758,190137,253516,316895
63380,126760,190140,253520,316900
63381,126762,190143,253524,316905
63382,126764,190146,253528,316910
63383,126766,190149,253532,316915
63384,126768,190152,253536,316920
63385,126770,190155,253540,316925
63386,126772,190158,253544,316930
63387,126774,190161,253548,316935
63388,126776,190164,253552,316940
63389,126778,190167,253556,316945
63390,126780,190170,253560,316950
63391,126782,190173,253564,316955
63392,126784,190176,253568,316960
63393,126786,190179,253572,316965
63394,126788,190182,253576,316970
63395,126790,190185,253580,316975
63396,126792,190188,253584,316980
63397,126794,190191,253588,316985
63398,126796,190194,253592,316990
63399,126798,190197,253596,316995
63400,126800,190200,253600,317000
63401,126802,190203,253604,317005
63402,126804,190206,253608,317010
63403,126806,190209,253612,317015
63404,126808,190212,253616,317020
63405,126810,190215,253620,317025
63406,126812,190218,253624,317030
63407,126814,190221,253628,317035
63408,126816,190224,253632,317040
63409,126818,190227,253636,317045
63410,126820,190230,253640,317050
63411,126822,190233,253644,317055
63412,126824,190236,253648,317060
63413,126826,190239,253652,317065
63414,126828,190242,253656,317070
63415,126830,190245,253660,317075
63416,126832,190248,253664,317080
63417,126834,190251,253668,317085
63418,126836,190254,253672,317090
63419,126838,190257,253676,317095
63420,126840,190260,253680,317100
63421,126842,190263,253684,317105
63422,126844,190266,253688,317110
63423,126846,190269,253692,317115
63424,126848,190272,253696,317120
63425,126850,190275,253700,317125
63426,126852,190278,253704,317130
63427,126854,190281,253708,317135
63428,126856,190284,253712,317140
63429,126858,190287,253716,317145
63430,126860,190290,253720,317150
63431,126862,190293,253724,317155
63432,126864,190296,253728,317160
63433,126866,190299,253732,317165
63434,126868,190302,253736,317170
63435,126870,190305,253740,317175
63436,126872,190308,253744,317180
63437,126874,190311,253748,317185
63438,126876,190314,253752,317190
63439,126878,190317,253756,317195
63440,126880,190320,253760,317200
63441,126882,190323,253764,317205
63442,126884,190326,253768,317210
63443,126886,190329,253772,317215
63444,126888,190332,253776,317220
63445,126890,190335,253780,317225
63446,126892,190338,253784,317230
63447,126894,190341,253788,317235
63448,126896,190344,253792,317240
63449,126898,190347,253796,317245
63450,126900,190350,253800,317250
63451,126902,190353,253804,317255
63452,126904,190356,253808,317260
63453,126906,190359,253812,317265
63454,126908,190362,253816,317270
63455,126910,190365,253820,317275
63456,126912,190368,253824,317280
63457,126914,190371,253828,317285
63458,126916,190374,253832,317290
63459,126918,190377,253836,317295
63460,126920,190380,253840,317300
63461,126922,190383,253844,317305
63462,126924,190386,253848,317310
63463,126926,190389,253852,317315
63464,126928,190392,253856,317320
63465,126930,190395,253860,317325
63466,126932,190398,253864,317330
63467,126934,190401,253868,317335
63468,126936,190404,253872,317340
63469,126938,190407,253876,317345
63470,126940,190410,253880,317350
63471,126942,190413,253884,317355
63472,126944,190416,253888,317360
63473,126946,190419,253892,317365
63474,126948,190422,253896,317370
63475,126950,190425,253900,317375
63476,126952,190428,253904,317380
63477,126954,190431,253908,317385
63478,126956,190434,253912,317390
63479,126958,190437,253916,317395
63480,126960,190440,253920,317400
63481,126962,190443,253924,317405
63482,126964,190446,253928,317410
63483,126966,190449,253932,317415
63484,126968,190452,253936,317420
63485,126970,190455,253940,317425
63486,126972,190458,253944,317430
63487,126974,190461,253948,317435
63488,126976,190464,253952,317440
63489,126978,190467,253956,317445
63490,126980,190470,253960,317450
63491,126982,190473,253964,317455
63492,126984,190476,253968,317460
63493,126986,190479,253972,317465
63494,126988,190482,253976,317470
63495,126990,190485,253980,317475
63496,126992,190488,253984,317480
63497,126994,190491,253988,317485
63498,126996,190494,253992,317490
63499,126998,190497,253996,317495
63500,127000,190500,254000,317500
63501,127002,190503,254004,317505
63502,127004,190506,254008,317510
63503,127006,190509,254012,317515
63504,127008,190512,254016,317520
63505,127010,190515,254020,317525
63506,127012,190518,254024,317530
63507,127014,190521,254028,317535
63508,127016,190524,254032,317540
63509,127018,190527,254036,317545
63510,127020,190530,254040,317550
63511,127022,190533,254044,317555
63512,127024,190536,254048,317560
63513,127026,190539,254052,317565
63514,127028,190542,254056,317570
63515,127030,190545,254060,317575
63516,127032,190548,254064,317580
63517,127034,190551,254068,317585
63518,127036,190554,254072,317590
63519,127038,190557,254076,317595
63520,127040,190560,254080,317600
63521,127042,190563,254084,317605
63522,127044,190566,254088,317610
63523,127046,190569,254092,317615
63524,127048,190572,254096,317620
63525,127050,190575,254100,317625
63526,127052,190578,254104,317630
63527,127054,190581,254108,317635
63528,127056,190584,254112,317640
63529,127058,190587,254116,317645
63530,127060,190590,254120,317650
63531,127062,190593,254124,317655
63532,127064,190596,254128,317660
63533,127066,190599,254132,317665
63534,127068,190602,254136,317670
63535,127070,190605,254140,317675
63536,127072,190608,254144,317680
63537,127074,190611,254148,317685
63538,127076,190614,254152,317690
63539,127078,190617,254156,317695
63540,127080,190620,254160,317700
63541,127082,190623,254164,317705
63542,127084,190626,254168,317710
63543,127086,190629,254172,317715
63544,127088,190632,254176,317720
63545,127090,190635,254180,317725
63546,127092,190638,254184,317730
63547,127094,190641,254188,317735
63548,127096,190644,254192,317740
63549,127098,190647,254196,317745
63550,127100,190650,254200,317750
63551,127102,190653,254204,317755
63552,127104,190656,254208,317760
63553,127106,190659,254212,317765
63554,127108,190662,254216,317770
63555,127110,190665,254220,317775
63556,127112,190668,254224,317780
63557,127114,190671,254228,317785
63558,127116,190674,254232,317790
63559,127118,190677,254236,317795
63560,127120,190680,254240,317800
63561,127122,190683,254244,317805
63562,127124,190686,254248,317810
63563,127126,190689,254252,317815
63564,127128,190692,254256,317820
63565,127130,190695,254260,317825
63566,127132,190698,254264,317830
63567,127134,190701,254268,317835
63568,127136,190704,254272,317840
63569,127138,190707,254276,317845
63570,127140,190710,254280,317850
63571,127142,190713,254284,317855
63572,127144,190716,254288,317860
63573,127146,190719,254292,317865
63574,127148,190722,254296,317870
63575,127150,190725,254300,317875
63576,127152,190728,254304,317880
63577,127154,190731,254308,317885
63578,127156,190734,254312,317890
63579,127158,190737,254316,317895
63580,127160,190740,254320,317900
63581,127162,190743,254324,317905
63582,127164,190746,254328,317910
63583,127166,190749,254332,317915
63584,127168,190752,254336,317920
63585,127170,190755,254340,317925
63586,127172,190758,254344,317930
63587,127174,190761,254348,317935
63588,127176,190764,254352,317940
63589,127178,190767,254356,317945
63590,127180,190770,254360,317950
63591,127182,190773,254364,317955
63592,127184,190776,254368,317960
63593,127186,190779,254372,317965
63594,127188,190782,254376,317970
63595,127190,190785,254380,317975
63596,127192,190788,254384,317980
63597,127194,190791,254388,317985
63598,127196,190794,254392,317990
63599,127198,190797,254396,317995
63600,127200,190800,254400,318000
63601,127202,190803,254404,318005
63602,127204,190806,254408,318010
63603,127206,190809,254412,318015
63604,127208,190812,254416,318020
63605,127210,190815,254420,318025
63606,127212,190818,254424,318030
63607,127214,190821,254428,318035
63608,127216,190824,254432,318040
63609,127218,190827,254436,318045
63610,127220,190830,254440,318050
63611,127222,190833,254444,318055
63612,127224,190836,254448,318060
63613,127226,190839,254452,318065
63614,127228,190842,254456,318070
63615,127230,190845,254460,318075
63616,127232,190848,254464,318080
63617,127234,190851,254468,318085
63618,127236,190854,254472,318090
63619,127238,190857,254476,318095
63620,127240,190860,254480,318100
63621,127242,190863,254484,318105
63622,127244,190866,254488,318110
63623,127246,190869,254492,318115
63624,127248,190872,254496,318120
63625,127250,190875,254500,318125
63626,127252,190878,254504,318130
63627,127254,190881,254508,318135
63628,127256,190884,254512,318140
63629,127258,190887,254516,318145
63630,127260,190890,254520,318150
63631,127262,190893,254524,318155
63632,127264,190896,254528,318160
63633,127266,190899,254532,318165
63634,127268,190902,254536,318170
63635,127270,190905,254540,318175
63636,127272,190908,254544,318180
63637,127274,190911,254548,318185
63638,127276,190914,254552,318190
63639,127278,190917,254556,318195
63640,127280,190920,254560,318200
63641,127282,190923,254564,318205
63642,127284,190926,254568,318210
63643,127286,190929,254572,318215
63644,127288,190932,254576,318220
63645,127290,190935,254580,318225
63646,127292,190938,254584,318230
63647,127294,190941,254588,318235
63648,127296,190944,254592,318240
63649,127298,190947,254596,318245
63650,127300,190950,254600,318250
63651,127302,190953,254604,318255
63652,127304,190956,254608,318260
63653,127306,190959,254612,318265
63654,127308,190962,254616,318270
63655,127310,190965,254620,318275
63656,127312,190968,254624,318280
63657,127314,190971,254628,318285
63658,127316,190974,254632,318290
63659,127318,190977,254636,318295
63660,127320,190980,254640,318300
63661,127322,190983,254644,318305
63662,127324,190986,254648,318310
63663,127326,190989,254652,318315
63664,127328,190992,254656,318320
63665,127330,190995,254660,318325
63666,127332,190998,254664,318330
63667,127334,191001,254668,318335
63668,127336,191004,254672,318340
63669,127338,191007,254676,318345
63670,127340,191010,254680,318350
63671,127342,191013,254684,318355
63672,127344,191016,254688,318360
63673,127346,191019,254692,318365
63674,127348,191022,254696,318370
63675,127350,191025,254700,318375
63676,127352,191028,254704,318380
63677,127354,191031,254708,318385
63678,127356,191034,254712,318390
63679,127358,191037,254716,318395
63680,127360,191040,254720,318400
63681,127362,191043,254724,318405
63682,127364,191046,254728,318410
63683,127366,191049,254732,318415
63684,127368,191052,254736,318420
63685,127370,191055,254740,318425
63686,127372,191058,254744,318430
63687,127374,191061,254748,318435
63688,127376,191064,254752,318440
63689,127378,191067,254756,318445
63690,127380,191070,254760,318450
63691,127382,191073,254764,318455
63692,127384,191076,254768,318460
63693,127386,191079,254772,318465
63694,127388,191082,254776,318470
63695,127390,191085,254780,318475
63696,127392,191088,254784,318480
63697,127394,191091,254788,318485
63698,127396,191094,254792,318490
63699,127398,191097,254796,318495
63700,127400,191100,254800,318500
63701,127402,191103,254804,318505
63702,127404,191106,254808,318510
63703,127406,191109,254812,318515
63704,127408,191112,254816,318520
63705,127410,191115,254820,318525
63706,127412,191118,254824,318530
63707,127414,191121,254828,318535
63708,127416,191124,254832,318540
63709,127418,191127,254836,318545
63710,127420,191130,254840,318550
63711,127422,191133,254844,318555
63712,127424,191136,254848,318560
63713,127426,191139,254852,318565
63714,127428,191142,254856,318570
63715,127430,191145,254860,318575
63716,127432,191148,254864,318580
63717,127434,191151,254868,318585
63718,127436,191154,254872,318590
63719,127438,191157,254876,318595
63720,127440,191160,254880,318600
63721,127442,191163,254884,318605
63722,127444,191166,254888,318610
63723,127446,191169,254892,318615
63724,127448,191172,254896,318620
63725,127450,191175,254900,318625
63726,127452,191178,254904,318630
63727,127454,191181,254908,318635
63728,127456,191184,254912,318640
63729,127458,191187,254916,318645
63730,127460,191190,254920,318650
63731,127462,191193,254924,318655
63732,127464,191196,254928,318660
63733,127466,191199,254932,318665
63734,127468,191202,254936,318670
63735,127470,191205,254940,318675
63736,127472,191208,254944,318680
63737,127474,191211,254948,318685
63738,127476,191214,254952,318690
63739,127478,191217,254956,318695
63740,127480,191220,254960,318700
63741,127482,191223,254964,318705
63742,127484,191226,254968,318710
63743,127486,191229,254972,318715
63744,127488,191232,254976,318720
63745,127490,191235,254980,318725
63746,127492,191238,254984,318730
63747,127494,191241,254988,318735
63748,127496,191244,254992,318740
63749,127498,191247,254996,318745
63750,127500,191250,255000,318750
63751,127502,191253,255004,318755
63752,127504,191256,255008,318760
63753,127506,191259,255012,318765
63754,127508,191262,255016,318770
63755,127510,191265,255020,318775
63756,127512,191268,255024,318780
63757,127514,191271,255028,318785
63758,127516,191274,255032,318790
63759,127518,191277,255036,318795
63760,127520,191280,255040,318800
63761,127522,191283,255044,318805
63762,127524,191286,255048,318810
63763,127526,191289,255052,318815
63764,127528,191292,255056,318820
63765,127530,191295,255060,318825
63766,127532,191298,255064,318830
63767,127534,191301,255068,318835
63768,127536,191304,255072,318840
63769,127538,191307,255076,318845
63770,127540,191310,255080,318850
63771,127542,191313,255084,318855
63772,127544,191316,255088,318860
63773,127546,191319,255092,318865
63774,127548,191322,255096,318870
63775,127550,191325,255100,318875
63776,127552,191328,255104,318880
63777,127554,191331,255108,318885
63778,127556,191334,255112,318890
63779,127558,191337,255116,318895
63780,127560,191340,255120,318900
63781,127562,191343,255124,318905
63782,127564,191346,255128,318910
63783,127566,191349,255132,318915
63784,127568,191352,255136,318920
63785,127570,191355,255140,318925
63786,127572,191358,255144,318930
63787,127574,191361,255148,318935
63788,127576,191364,255152,318940
63789,127578,191367,255156,318945
63790,127580,191370,255160,318950
63791,127582,191373,255164,318955
63792,127584,191376,255168,318960
63793,127586,191379,255172,318965
63794,127588,191382,255176,318970
63795,127590,191385,255180,318975
63796,127592,191388,255184,318980
63797,127594,191391,255188,318985
63798,127596,191394,255192,318990
63799,127598,191397,255196,318995
63800,127600,191400,255200,319000
63801,127602,191403,255204,319005
63802,127604,191406,255208,319010
63803,127606,191409,255212,319015
63804,127608,191412,255216,319020
63805,127610,191415,255220,319025
63806,127612,191418,255224,319030
63807,127614,191421,255228,319035
63808,127616,191424,255232,319040
63809,127618,191427,255236,319045
63810,127620,191430,255240,319050
63811,127622,191433,255244,319055
63812,127624,191436,255248,319060
63813,127626,191439,255252,319065
63814,127628,191442,255256,319070
63815,127630,191445,255260,319075
63816,127632,191448,255264,319080
63817,127634,191451,255268,319085
63818,127636,191454,255272,319090
63819,127638,191457,255276,319095
63820,127640,191460,255280,319100
63821,127642,191463,255284,319105
63822,127644,191466,255288,319110
63823,127646,191469,255292,319115
63824,127648,191472,255296,319120
63825,127650,191475,255300,319125
63826,127652,191478,255304,319130
63827,127654,191481,255308,319135
63828,127656,191484,255312,319140
63829,127658,191487,255316,319145
63830,127660,191490,255320,319150
63831,127662,191493,255324,319155
63832,127664,191496,255328,319160
63833,127666,191499,255332,319165
63834,127668,191502,255336,319170
63835,127670,191505,255340,319175
63836,127672,191508,255344,319180
63837,127674,191511,255348,319185
63838,127676,191514,255352,319190
63839,127678,191517,255356,319195
63840,127680,191520,255360,319200
63841,127682,191523,255364,319205
63842,127684,191526,255368,319210
63843,127686,191529,255372,319215
63844,127688,191532,255376,319220
63845,127690,191535,255380,319225
63846,127692,191538,255384,319230
63847,127694,191541,255388,319235
63848,127696,191544,255392,319240
63849,127698,191547,255396,319245
63850,127700,191550,255400,319250
63851,127702,191553,255404,319255
63852,127704,191556,255408,319260
63853,127706,191559,255412,319265
63854,127708,191562,255416,319270
63855,127710,191565,255420,319275
63856,127712,191568,255424,319280
63857,127714,191571,255428,319285
63858,127716,191574,255432,319290
63859,127718,191577,255436,319295
63860,127720,191580,255440,319300
63861,127722,191583,255444,319305
63862,127724,191586,255448,319310
63863,127726,191589,255452,319315
63864,127728,191592,255456,319320
63865,127730,191595,255460,319325
63866,127732,191598,255464,319330
63867,127734,191601,255468,319335
63868,127736,191604,255472,319340
63869,127738,191607,255476,319345
63870,127740,191610,255480,319350
63871,127742,191613,255484,319355
63872,127744,191616,255488,319360
63873,127746,191619,255492,319365
63874,127748,191622,255496,319370
63875,127750,191625,255500,319375
63876,127752,191628,255504,319380
63877,127754,191631,255508,319385
63878,127756,191634,255512,319390
63879,127758,191637,255516,319395
63880,127760,191640,255520,319400
63881,127762,191643,255524,319405
63882,127764,191646,255528,319410
63883,127766,191649,255532,319415
63884,127768,191652,255536,319420
63885,127770,191655,255540,319425
63886,127772,191658,255544,319430
63887,127774,191661,255548,319435
63888,127776,191664,255552,319440
63889,127778,191667,255556,319445
63890,127780,191670,255560,319450
63891,127782,191673,255564,319455
63892,127784,191676,255568,319460
63893,127786,191679,255572,319465
63894,127788,191682,255576,319470
63895,127790,191685,255580,319475
63896,127792,191688,255584,319480
63897,127794,191691,255588,319485
63898,127796,191694,255592,319490
63899,127798,191697,255596,319495
63900,127800,191700,255600,319500
63901,127802,191703,255604,319505
63902,127804,191706,255608,319510
63903,127806,191709,255612,319515
63904,127808,191712,255616,319520
63905,127810,191715,255620,319525
63906,127812,191718,255624,319530
63907,127814,191721,255628,319535
63908,127816,191724,255632,319540
63909,127818,191727,255636,319545
63910,127820,191730,255640,319550
63911,127822,191733,255644,319555
63912,127824,191736,255648,319560
63913,127826,191739,255652,319565
63914,127828,191742,255656,319570
63915,127830,191745,255660,319575
63916,127832,191748,255664,319580
63917,127834,191751,255668,319585
63918,127836,191754,255672,319590
63919,127838,191757,255676,319595
63920,127840,191760,255680,319600
63921,127842,191763,255684,319605
63922,127844,191766,255688,319610
63923,127846,191769,255692,319615
63924,127848,191772,255696,319620
63925,127850,191775,255700,319625
63926,127852,191778,255704,319630
63927,127854,191781,255708,319635
63928,127856,191784,255712,319640
63929,127858,191787,255716,319645
63930,127860,191790,255720,319650
63931,127862,191793,255724,319655
63932,127864,191796,255728,319660
63933,127866,191799,255732,319665
63934,127868,191802,255736,319670
63935,127870,191805,255740,319675
63936,127872,191808,255744,319680
63937,127874,191811,255748,319685
63938,127876,191814,255752,319690
63939,127878,191817,255756,319695
63940,127880,191820,255760,319700
63941,127882,191823,255764,319705
63942,127884,191826,255768,319710
63943,127886,191829,255772,319715
63944,127888,191832,255776,319720
63945,127890,191835,255780,319725
63946,127892,191838,255784,319730
63947,127894,191841,255788,319735
63948,127896,191844,255792,319740
63949,127898,191847,255796,319745
63950,127900,191850,255800,319750
63951,127902,191853,255804,319755
63952,127904,191856,255808,319760
63953,127906,191859,255812,319765
63954,127908,191862,255816,319770
63955,127910,191865,255820,319775
63956,127912,191868,255824,319780
63957,127914,191871,255828,319785
63958,127916,191874,255832,319790
63959,127918,191877,255836,319795
63960,127920,191880,255840,319800
63961,127922,191883,255844,319805
63962,127924,191886,255848,319810
63963,127926,191889,255852,319815
63964,127928,191892,255856,319820
63965,127930,191895,255860,319825
63966,127932,191898,255864,319830
63967,127934,191901,255868,319835
63968,127936,191904,255872,319840
63969,127938,191907,255876,319845
63970,127940,191910,255880,319850
63971,127942,191913,255884,319855
63972,127944,191916,255888,319860
63973,127946,191919,255892,319865
63974,127948,191922,255896,319870
63975,127950,191925,255900,319875
63976,127952,191928,255904,319880
63977,127954,191931,255908,319885
63978,127956,191934,255912,319890
63979,127958,191937,255916,319895
63980,127960,191940,255920,319900
63981,127962,191943,255924,319905
63982,127964,191946,255928,319910
63983,127966,191949,255932,319915
63984,127968,191952,255936,319920
63985,127970,191955,255940,319925
63986,127972,191958,255944,319930
63987,127974,191961,255948,319935
63988,127976,191964,255952,319940
63989,127978,191967,255956,319945
63990,127980,191970,255960,319950
63991,127982,191973,255964,319955
63992,127984,191976,255968,319960
63993,127986,191979,255972,319965
63994,127988,191982,255976,319970
63995,127990,191985,255980,319975
63996,127992,191988,255984,319980
63997,127994,191991,255988,319985
63998,127996,191994,255992,319990
63999,127998,191997,255996,319995
64000,128000,192000,256000,320000
64001,128002,192003,256004,320005
64002,128004,192006,256008,320010
64003,128006,192009,256012,320015
64004,128008,192012,256016,320020
64005,128010,192015,256020,320025
64006,128012,192018,256024,320030
64007,128014,192021,256028,320035
64008,128016,192024,256032,320040
64009,128018,192027,256036,320045
64010,128020,192030,256040,320050
64011,128022,192033,256044,320055
64012,128024,192036,256048,320060
64013,128026,192039,256052,320065
64014,128028,192042,256056,320070
64015,128030,192045,256060,320075
64016,128032,192048,256064,320080
64017,128034,192051,256068,320085
64018,128036,192054,256072,320090
64019,128038,192057,256076,320095
64020,128040,192060,256080,320100
64021,128042,192063,256084,320105
64022,128044,192066,256088,320110
64023,128046,192069,256092,320115
64024,128048,192072,256096,320120
64025,128050,192075,256100,320125
64026,128052,192078,256104,320130
64027,128054,192081,256108,320135
64028,128056,192084,256112,320140
64029,128058,192087,256116,320145
64030,128060,192090,256120,320150
64031,128062,192093,256124,320155
64032,128064,192096,256128,320160
64033,128066,192099,256132,320165
64034,128068,192102,256136,320170
64035,128070,192105,256140,320175
64036,128072,192108,256144,320180
64037,128074,192111,256148,320185
64038,128076,192114,256152,320190
64039,128078,192117,256156,320195
64040,128080,192120,256160,320200
64041,128082,192123,256164,320205
64042,128084,192126,256168,320210
64043,128086,192129,256172,320215
64044,128088,192132,256176,320220
64045,128090,192135,256180,320225
64046,128092,192138,256184,320230
64047,128094,192141,256188,320235
64048,128096,192144,256192,320240
64049,128098,192147,256196,320245
64050,128100,192150,256200,320250
64051,128102,192153,256204,320255
64052,128104,192156,256208,320260
64053,128106,192159,256212,320265
64054,128108,192162,256216,320270
64055,128110,192165,256220,320275
64056,128112,192168,256224,320280
64057,128114,192171,256228,320285
64058,128116,192174,256232,320290
64059,128118,192177,256236,320295
64060,128120,192180,256240,320300
64061,128122,192183,256244,320305
64062,128124,192186,256248,320310
64063,128126,192189,256252,320315
64064,128128,192192,256256,320320
64065,128130,192195,256260,320325
64066,128132,192198,256264,320330
64067,128134,192201,256268,320335
64068,128136,192204,256272,320340
64069,128138,192207,256276,320345
64070,128140,192210,256280,320350
64071,128142,192213,256284,320355
64072,128144,192216,256288,320360
64073,128146,192219,256292,320365
64074,128148,192222,256296,320370
64075,128150,192225,256300,320375
64076,128152,192228,256304,320380
64077,128154,192231,256308,320385
64078,128156,192234,256312,320390
64079,128158,192237,256316,320395
64080,128160,192240,256320,320400
64081,128162,192243,256324,320405
64082,128164,192246,256328,320410
64083,128166,192249,256332,320415
64084,128168,192252,256336,320420
64085,128170,192255,256340,320425
64086,128172,192258,256344,320430
64087,128174,192261,256348,320435
64088,128176,192264,256352,320440
64089,128178,192267,256356,320445
64090,128180,192270,256360,320450
64091,128182,192273,256364,320455
64092,128184,192276,256368,320460
64093,128186,192279,256372,320465
64094,128188,192282,256376,320470
64095,128190,192285,256380,320475
64096,128192,192288,256384,320480
64097,128194,192291,256388,320485
64098,128196,192294,256392,320490
64099,128198,192297,256396,320495
64100,128200,192300,256400,320500
64101,128202,192303,256404,320505
64102,128204,192306,256408,320510
64103,128206,192309,256412,320515
64104,128208,192312,256416,320520
64105,128210,192315,256420,320525
64106,128212,192318,256424,320530
64107,128214,192321,256428,320535
64108,128216,192324,256432,320540
64109,128218,192327,256436,320545
64110,128220,192330,256440,320550
64111,128222,192333,256444,320555
64112,128224,192336,256448,320560
64113,128226,192339,256452,320565
64114,128228,192342,256456,320570
64115,128230,192345,256460,320575
64116,128232,192348,256464,320580
64117,128234,192351,256468,320585
64118,128236,192354,256472,320590
64119,128238,192357,256476,320595
64120,128240,192360,256480,320600
64121,128242,192363,256484,320605
64122,128244,192366,256488,320610
64123,128246,192369,256492,320615
64124,128248,192372,256496,320620
64125,128250,192375,256500,320625
64126,128252,192378,256504,320630
64127,128254,192381,256508,320635
64128,128256,192384,256512,320640
64129,128258,192387,256516,320645
64130,128260,192390,256520,320650
64131,128262,192393,256524,320655
64132,128264,192396,256528,320660
64133,128266,192399,256532,320665
64134,128268,192402,256536,320670
64135,128270,192405,256540,320675
64136,128272,192408,256544,320680
64137,128274,192411,256548,320685
64138,128276,192414,256552,320690
64139,128278,192417,256556,320695
64140,128280,192420,256560,320700
64141,128282,192423,256564,320705
64142,128284,192426,256568,320710
64143,128286,192429,256572,320715
64144,128288,192432,256576,320720
64145,128290,192435,256580,320725
64146,128292,192438,256584,320730
64147,128294,192441,256588,320735
64148,128296,192444,256592,320740
64149,128298,192447,256596,320745
64150,128300,192450,256600,320750
64151,128302,192453,256604,320755
64152,128304,192456,256608,320760
64153,128306,192459,256612,320765
64154,128308,192462,256616,320770
64155,128310,192465,256620,320775
64156,128312,192468,256624,320780
64157,128314,192471,256628,320785
64158,128316,192474,256632,320790
64159,128318,192477,256636,320795
64160,128320,192480,256640,320800
64161,128322,192483,256644,320805
64162,128324,192486,256648,320810
64163,128326,192489,256652,320815
64164,128328,192492,256656,320820
64165,128330,192495,256660,320825
64166,128332,192498,256664,320830
64167,128334,192501,256668,320835
64168,128336,192504,256672,320840
64169,128338,192507,256676,320845
64170,128340,192510,256680,320850
64171,128342,192513,256684,320855
64172,128344,192516,256688,320860
64173,128346,192519,256692,320865
64174,128348,192522,256696,320870
64175,128350,192525,256700,320875
64176,128352,192528,256704,320880
64177,128354,192531,256708,320885
64178,128356,192534,256712,320890
64179,128358,192537,256716,320895
64180,128360,192540,256720,320900
64181,128362,192543,256724,320905
64182,128364,192546,256728,320910
64183,128366,192549,256732,320915
64184,128368,192552,256736,320920
64185,128370,192555,256740,320925
64186,128372,192558,256744,320930
64187,128374,192561,256748,320935
64188,128376,192564,256752,320940
64189,128378,192567,256756,320945
64190,128380,192570,256760,320950
64191,128382,192573,256764,320955
64192,128384,192576,256768,320960
64193,128386,192579,256772,320965
64194,128388,192582,256776,320970
64195,128390,192585,256780,320975
64196,128392,192588,256784,320980
64197,128394,192591,256788,320985
64198,128396,192594,256792,320990
64199,128398,192597,256796,320995
64200,128400,192600,256800,321000
64201,128402,192603,256804,321005
64202,128404,192606,256808,321010
64203,128406,192609,256812,321015
64204,128408,192612,256816,321020
64205,128410,192615,256820,321025
64206,128412,192618,256824,321030
64207,128414,192621,256828,321035
64208,128416,192624,256832,321040
64209,128418,192627,256836,321045
64210,128420,192630,256840,321050
64211,128422,192633,256844,321055
64212,128424,192636,256848,321060
64213,128426,192639,256852,321065
64214,128428,192642,256856,321070
64215,128430,192645,256860,321075
64216,128432,192648,256864,321080
64217,128434,192651,256868,321085
64218,128436,192654,256872,321090
64219,128438,192657,256876,321095
64220,128440,192660,256880,321100
64221,128442,192663,256884,321105
64222,128444,192666,256888,321110
64223,128446,192669,256892,321115
64224,128448,192672,256896,321120
64225,128450,192675,256900,321125
64226,128452,192678,256904,321130
64227,128454,192681,256908,321135
64228,128456,192684,256912,321140
64229,128458,192687,256916,321145
64230,128460,192690,256920,321150
64231,128462,192693,256924,321155
64232,128464,192696,256928,321160
64233,128466,192699,256932,321165
64234,128468,192702,256936,321170
64235,128470,192705,256940,321175
64236,128472,192708,256944,321180
64237,128474,192711,256948,321185
64238,128476,192714,256952,321190
64239,128478,192717,256956,321195
64240,128480,192720,256960,321200
64241,128482,192723,256964,321205
64242,128484,192726,256968,321210
64243,128486,192729,256972,321215
64244,128488,192732,256976,321220
64245,128490,192735,256980,321225
64246,128492,192738,256984,321230
64247,128494,192741,256988,321235
64248,128496,192744,256992,321240
64249,128498,192747,256996,321245
64250,128500,192750,257000,321250
64251,128502,192753,257004,321255
64252,128504,192756,257008,321260
64253,128506,192759,257012,321265
64254,128508,192762,257016,321270
64255,128510,192765,257020,321275
64256,128512,192768,257024,321280
64257,128514,192771,257028,321285
64258,128516,192774,257032,321290
64259,128518,192777,257036,321295
64260,128520,192780,257040,321300
64261,128522,192783,257044,321305
64262,128524,192786,257048,321310
64263,128526,192789,257052,321315
64264,128528,192792,257056,321320
64265,128530,192795,257060,321325
64266,128532,192798,257064,321330
64267,128534,192801,257068,321335
64268,128536,192804,257072,321340
64269,128538,192807,257076,321345
64270,128540,192810,257080,321350
64271,128542,192813,257084,321355
64272,128544,192816,257088,321360
64273,128546,192819,257092,321365
64274,128548,192822,257096,321370
64275,128550,192825,257100,321375
64276,128552,192828,257104,321380
64277,128554,192831,257108,321385
64278,128556,192834,257112,321390
64279,128558,192837,257116,321395
64280,128560,192840,257120,321400
64281,128562,192843,257124,321405
64282,128564,192846,257128,321410
64283,128566,192849,257132,321415
64284,128568,192852,257136,321420
64285,128570,192855,257140,321425
64286,128572,192858,257144,321430
64287,128574,192861,257148,321435
64288,128576,192864,257152,321440
64289,128578,192867,257156,321445
64290,128580,192870,257160,321450
64291,128582,192873,257164,321455
64292,128584,192876,257168,321460
64293,128586,192879,257172,321465
64294,128588,192882,257176,321470
64295,128590,192885,257180,321475
64296,128592,192888,257184,321480
64297,128594,192891,257188,321485
64298,128596,192894,257192,321490
64299,128598,192897,257196,321495
64300,128600,192900,257200,321500
64301,128602,192903,257204,321505
64302,128604,192906,257208,321510
64303,128606,192909,257212,321515
64304,128608,192912,257216,321520
64305,128610,192915,257220,321525
64306,128612,192918,257224,321530
64307,128614,192921,257228,321535
64308,128616,192924,257232,321540
64309,128618,192927,257236,321545
64310,128620,192930,257240,321550
64311,128622,192933,257244,321555
64312,128624,192936,257248,321560
64313,128626,192939,257252,321565
64314,128628,192942,257256,321570
64315,128630,192945,257260,321575
64316,128632,192948,257264,321580
64317,128634,192951,257268,321585
64318,128636,192954,257272,321590
64319,128638,192957,257276,321595
64320,128640,192960,257280,321600
64321,128642,192963,257284,321605
64322,128644,192966,257288,321610
64323,128646,192969,257292,321615
64324,128648,192972,257296,321620
64325,128650,192975,257300,321625
64326,128652,192978,257304,321630
64327,128654,192981,257308,321635
64328,128656,192984,257312,321640
64329,128658,192987,257316,321645
64330,128660,192990,257320,321650
64331,128662,192993,257324,321655
64332,128664,192996,257328,321660
64333,128666,192999,257332,321665
64334,128668,193002,257336,321670
64335,128670,193005,257340,321675
64336,128672,193008,257344,321680
64337,128674,193011,257348,321685
64338,128676,193014,257352,321690
64339,128678,193017,257356,321695
64340,128680,193020,257360,321700
64341,128682,193023,257364,321705
64342,128684,193026,257368,321710
64343,128686,193029,257372,321715
64344,128688,193032,257376,321720
64345,128690,193035,257380,321725
64346,128692,193038,257384,321730
64347,128694,193041,257388,321735
64348,128696,193044,257392,321740
64349,128698,193047,257396,321745
64350,128700,193050,257400,321750
64351,128702,193053,257404,321755
64352,128704,193056,257408,321760
64353,128706,193059,257412,321765
64354,128708,193062,257416,321770
64355,128710,193065,257420,321775
64356,128712,193068,257424,321780
64357,128714,193071,257428,321785
64358,128716,193074,257432,321790
64359,128718,193077,257436,321795
64360,128720,193080,257440,321800
64361,128722,193083,257444,321805
64362,128724,193086,257448,321810
64363,128726,193089,257452,321815
64364,128728,193092,257456,321820
64365,128730,193095,257460,321825
64366,128732,193098,257464,321830
64367,128734,193101,257468,321835
64368,128736,193104,257472,321840
64369,128738,193107,257476,321845
64370,128740,193110,257480,321850
64371,128742,193113,257484,321855
64372,128744,193116,257488,321860
64373,128746,193119,257492,321865
64374,128748,193122,257496,321870
64375,128750,193125,257500,321875
64376,128752,193128,257504,321880
64377,128754,193131,257508,321885
64378,128756,193134,257512,321890
64379,128758,193137,257516,321895
64380,128760,193140,257520,321900
64381,128762,193143,257524,321905
64382,128764,193146,257528,321910
64383,128766,193149,257532,321915
64384,128768,193152,257536,321920
64385,128770,193155,257540,321925
64386,128772,193158,257544,321930
64387,128774,193161,257548,321935
64388,128776,193164,257552,321940
64389,128778,193167,257556,321945
64390,128780,193170,257560,321950
64391,128782,193173,257564,321955
64392,128784,193176,257568,321960
64393,128786,193179,257572,321965
64394,128788,193182,257576,321970
64395,128790,193185,257580,321975
64396,128792,193188,257584,321980
64397,128794,193191,257588,321985
64398,128796,193194,257592,321990
64399,128798,193197,257596,321995
64400,128800,193200,257600,322000
64401,128802,193203,257604,322005
64402,128804,193206,257608,322010
64403,128806,193209,257612,322015
64404,128808,193212,257616,322020
64405,128810,193215,257620,322025
64406,128812,193218,257624,322030
64407,128814,193221,257628,322035
64408,128816,193224,257632,322040
64409,128818,193227,257636,322045
64410,128820,193230,257640,322050
64411,128822,193233,257644,322055
64412,128824,193236,257648,322060
64413,128826,193239,257652,322065
64414,128828,193242,257656,322070
64415,128830,193245,257660,322075
64416,128832,193248,257664,322080
64417,128834,193251,257668,322085
64418,128836,193254,257672,322090
64419,128838,193257,257676,322095
64420,128840,193260,257680,322100
64421,128842,193263,257684,322105
64422,128844,193266,257688,322110
64423,128846,193269,257692,322115
64424,128848,193272,257696,322120
64425,128850,193275,257700,322125
64426,128852,193278,257704,322130
64427,128854,193281,257708,322135
64428,128856,193284,257712,322140
64429,128858,193287,257716,322145
64430,128860,193290,257720,322150
64431,128862,193293,257724,322155
64432,128864,193296,257728,322160
64433,128866,193299,257732,322165
64434,128868,193302,257736,322170
64435,128870,193305,257740,322175
64436,128872,193308,257744,322180
64437,128874,193311,257748,322185
64438,128876,193314,257752,322190
64439,128878,193317,257756,322195
64440,128880,193320,257760,322200
64441,128882,193323,257764,322205
64442,128884,193326,257768,322210
64443,128886,193329,257772,322215
64444,128888,193332,257776,322220
64445,128890,193335,257780,322225
64446,128892,193338,257784,322230
64447,128894,193341,257788,322235
64448,128896,193344,257792,322240
64449,128898,193347,257796,322245
64450,128900,193350,257800,322250
64451,128902,193353,257804,322255
64452,128904,193356,257808,322260
64453,128906,193359,257812,322265
64454,128908,193362,257816,322270
64455,128910,193365,257820,322275
64456,128912,193368,257824,322280
64457,128914,193371,257828,322285
64458,128916,193374,257832,322290
64459,128918,193377,257836,322295
64460,128920,193380,257840,322300
64461,128922,193383,257844,322305
64462,128924,193386,257848,322310
64463,128926,193389,257852,322315
64464,128928,193392,257856,322320
64465,128930,193395,257860,322325
64466,128932,193398,257864,322330
64467,128934,193401,257868,322335
64468,128936,193404,257872,322340
64469,128938,193407,257876,322345
64470,128940,193410,257880,322350
64471,128942,193413,257884,322355
64472,128944,193416,257888,322360
64473,128946,193419,257892,322365
64474,128948,193422,257896,322370
64475,128950,193425,257900,322375
64476,128952,193428,257904,322380
64477,128954,193431,257908,322385
64478,128956,193434,257912,322390
64479,128958,193437,257916,322395
64480,128960,193440,257920,322400
64481,128962,193443,257924,322405
64482,128964,193446,257928,322410
64483,128966,193449,257932,322415
64484,128968,193452,257936,322420
64485,128970,193455,257940,322425
64486,128972,193458,257944,322430
64487,128974,193461,257948,322435
64488,128976,193464,257952,322440
64489,128978,193467,257956,322445
64490,128980,193470,257960,322450
64491,128982,193473,257964,322455
64492,128984,193476,257968,322460
64493,128986,193479,257972,322465
64494,128988,193482,257976,322470
64495,128990,193485,257980,322475
64496,128992,193488,257984,322480
64497,128994,193491,257988,322485
64498,128996,193494,257992,322490
64499,128998,193497,257996,322495
64500,129000,193500,258000,322500
64501,129002,193503,258004,322505
64502,129004,193506,258008,322510
64503,129006,193509,258012,322515
64504,129008,193512,258016,322520
64505,129010,193515,258020,322525
64506,129012,193518,258024,322530
64507,129014,193521,258028,322535
64508,129016,193524,258032,322540
64509,129018,193527,258036,322545
64510,129020,193530,258040,322550
64511,129022,193533,258044,322555
64512,129024,193536,258048,322560
64513,129026,193539,258052,322565
64514,129028,193542,258056,322570
64515,129030,193545,258060,322575
64516,129032,193548,258064,322580
64517,129034,193551,258068,322585
64518,129036,193554,258072,322590
64519,129038,193557,258076,322595
64520,129040,193560,258080,322600
64521,129042,193563,258084,322605
64522,129044,193566,258088,322610
64523,129046,193569,258092,322615
64524,129048,193572,258096,322620
64525,129050,193575,258100,322625
64526,129052,193578,258104,322630
64527,129054,193581,258108,322635
64528,129056,193584,258112,322640
64529,129058,193587,258116,322645
64530,129060,193590,258120,322650
64531,129062,193593,258124,322655
64532,129064,193596,258128,322660
64533,129066,193599,258132,322665
64534,129068,193602,258136,322670
64535,129070,193605,258140,322675
64536,129072,193608,258144,322680
64537,129074,193611,258148,322685
64538,129076,193614,258152,322690
64539,129078,193617,258156,322695
64540,129080,193620,258160,322700
64541,129082,193623,258164,322705
64542,129084,193626,258168,322710
64543,129086,193629,258172,322715
64544,129088,193632,258176,322720
64545,129090,193635,258180,322725
64546,129092,193638,258184,322730
64547,129094,193641,258188,322735
64548,129096,193644,258192,322740
64549,129098,193647,258196,322745
64550,129100,193650,258200,322750
64551,129102,193653,258204,322755
64552,129104,193656,258208,322760
64553,129106,193659,258212,322765
64554,129108,193662,258216,322770
64555,129110,193665,258220,322775
64556,129112,193668,258224,322780
64557,129114,193671,258228,322785
64558,129116,193674,258232,322790
64559,129118,193677,258236,322795
64560,129120,193680,258240,322800
64561,129122,193683,258244,322805
64562,129124,193686,258248,322810
64563,129126,193689,258252,322815
64564,129128,193692,258256,322820
64565,129130,193695,258260,322825
64566,129132,193698,258264,322830
64567,129134,193701,258268,322835
64568,129136,193704,258272,322840
64569,129138,193707,258276,322845
64570,129140,193710,258280,322850
64571,129142,193713,258284,322855
64572,129144,193716,258288,322860
64573,129146,193719,258292,322865
64574,129148,193722,258296,322870
64575,129150,193725,258300,322875
64576,129152,193728,258304,322880
64577,129154,193731,258308,322885
64578,129156,193734,258312,322890
64579,129158,193737,258316,322895
64580,129160,193740,258320,322900
64581,129162,193743,258324,322905
64582,129164,193746,258328,322910
64583,129166,193749,258332,322915
64584,129168,193752,258336,322920
64585,129170,193755,258340,322925
64586,129172,193758,258344,322930
64587,129174,193761,258348,322935
64588,129176,193764,258352,322940
64589,129178,193767,258356,322945
64590,129180,193770,258360,322950
64591,129182,193773,258364,322955
64592,129184,193776,258368,322960
64593,129186,193779,258372,322965
64594,129188,193782,258376,322970
64595,129190,193785,258380,322975
64596,129192,193788,258384,322980
64597,129194,193791,258388,322985
64598,129196,193794,258392,322990
64599,129198,193797,258396,322995
64600,129200,193800,258400,323000
64601,129202,193803,258404,323005
64602,129204,193806,258408,323010
64603,129206,193809,258412,323015
64604,129208,193812,258416,323020
64605,129210,193815,258420,323025
64606,129212,193818,258424,323030
64607,129214,193821,258428,323035
64608,129216,193824,258432,323040
64609,129218,193827,258436,323045
64610,129220,193830,258440,323050
64611,129222,193833,258444,323055
64612,129224,193836,258448,323060
64613,129226,193839,258452,323065
64614,129228,193842,258456,323070
64615,129230,193845,258460,323075
64616,129232,193848,258464,323080
64617,129234,193851,258468,323085
64618,129236,193854,258472,323090
64619,129238,193857,258476,323095
64620,129240,193860,258480,323100
64621,129242,193863,258484,323105
64622,129244,193866,258488,323110
64623,129246,193869,258492,323115
64624,129248,193872,258496,323120
64625,129250,193875,258500,323125
64626,129252,193878,258504,323130
64627,129254,193881,258508,323135
64628,129256,193884,258512,323140
64629,129258,193887,258516,323145
64630,129260,193890,258520,323150
64631,129262,193893,258524,323155
64632,129264,193896,258528,323160
64633,129266,193899,258532,323165
64634,129268,193902,258536,323170
64635,129270,193905,258540,323175
64636,129272,193908,258544,323180
64637,129274,193911,258548,323185
64638,129276,193914,258552,323190
64639,129278,193917,258556,323195
64640,129280,193920,258560,323200
64641,129282,193923,258564,323205
64642,129284,193926,258568,323210
64643,129286,193929,258572,323215
64644,129288,193932,258576,323220
64645,129290,193935,258580,323225
64646,129292,193938,258584,323230
64647,129294,193941,258588,323235
64648,129296,193944,258592,323240
64649,129298,193947,258596,323245
64650,129300,193950,258600,323250
64651,129302,193953,258604,323255
64652,129304,193956,258608,323260
64653,129306,193959,258612,323265
64654,129308,193962,258616,323270
64655,129310,193965,258620,323275
64656,129312,193968,258624,323280
64657,129314,193971,258628,323285
64658,129316,193974,258632,323290
64659,129318,193977,258636,323295
64660,129320,193980,258640,323300
64661,129322,193983,258644,323305
64662,129324,193986,258648,323310
64663,129326,193989,258652,323315
64664,129328,193992,258656,323320
64665,129330,193995,258660,323325
64666,129332,193998,258664,323330
64667,129334,194001,258668,323335
64668,129336,194004,258672,323340
64669,129338,194007,258676,323345
64670,129340,194010,258680,323350
64671,129342,194013,258684,323355
64672,129344,194016,258688,323360
64673,129346,194019,258692,323365
64674,129348,194022,258696,323370
64675,129350,194025,258700,323375
64676,129352,194028,258704,323380
64677,129354,194031,258708,323385
64678,129356,194034,258712,323390
64679,129358,194037,258716,323395
64680,129360,194040,258720,323400
64681,129362,194043,258724,323405
64682,129364,194046,258728,323410
64683,129366,194049,258732,323415
64684,129368,194052,258736,323420
64685,129370,194055,258740,323425
64686,129372,194058,258744,323430
64687,129374,194061,258748,323435
64688,129376,194064,258752,323440
64689,129378,194067,258756,323445
64690,129380,194070,258760,323450
64691,129382,194073,258764,323455
64692,129384,194076,258768,323460
64693,129386,194079,258772,323465
64694,129388,194082,258776,323470
64695,129390,194085,258780,323475
64696,129392,194088,258784,323480
64697,129394,194091,258788,323485
64698,129396,194094,258792,323490
64699,129398,194097,258796,323495
64700,129400,194100,258800,323500
64701,129402,194103,258804,323505
64702,129404,194106,258808,323510
64703,129406,194109,258812,323515
64704,129408,194112,258816,323520
64705,129410,194115,258820,323525
64706,129412,194118,258824,323530
64707,129414,194121,258828,323535
64708,129416,194124,258832,323540
64709,129418,194127,258836,323545
64710,129420,194130,258840,323550
64711,129422,194133,258844,323555
64712,129424,194136,258848,323560
64713,129426,194139,258852,323565
64714,129428,194142,258856,323570
64715,129430,194145,258860,323575
64716,129432,194148,258864,323580
64717,129434,194151,258868,323585
64718,129436,194154,258872,323590
64719,129438,194157,258876,323595
64720,129440,194160,258880,323600
64721,129442,194163,258884,323605
64722,129444,194166,258888,323610
64723,129446,194169,258892,323615
64724,129448,194172,258896,323620
64725,129450,194175,258900,323625
64726,129452,194178,258904,323630
64727,129454,194181,258908,323635
64728,129456,194184,258912,323640
64729,129458,194187,258916,323645
64730,129460,194190,258920,323650
64731,129462,194193,258924,323655
64732,129464,194196,258928,323660
64733,129466,194199,258932,323665
64734,129468,194202,258936,323670
64735,129470,194205,258940,323675
64736,129472,194208,258944,323680
64737,129474,194211,258948,323685
64738,129476,194214,258952,323690
64739,129478,194217,258956,323695
64740,129480,194220,258960,323700
64741,129482,194223,258964,323705
64742,129484,194226,258968,323710
64743,129486,194229,258972,323715
64744,129488,194232,258976,323720
64745,129490,194235,258980,323725
64746,129492,194238,258984,323730
64747,129494,194241,258988,323735
64748,129496,194244,258992,323740
64749,129498,194247,258996,323745
64750,129500,194250,259000,323750
64751,129502,194253,259004,323755
64752,129504,194256,259008,323760
64753,129506,194259,259012,323765
64754,129508,194262,259016,323770
64755,129510,194265,259020,323775
64756,129512,194268,259024,323780
64757,129514,194271,259028,323785
64758,129516,194274,259032,323790
64759,129518,194277,259036,323795
64760,129520,194280,259040,323800
64761,129522,194283,259044,323805
64762,129524,194286,259048,323810
64763,129526,194289,259052,323815
64764,129528,194292,259056,323820
64765,129530,194295,259060,323825
64766,129532,194298,259064,323830
64767,129534,194301,259068,323835
64768,129536,194304,259072,323840
64769,129538,194307,259076,323845
64770,129540,194310,259080,323850
64771,129542,194313,259084,323855
64772,129544,194316,259088,323860
64773,129546,194319,259092,323865
64774,129548,194322,259096,323870
64775,129550,194325,259100,323875
64776,129552,194328,259104,323880
64777,129554,194331,259108,323885
64778,129556,194334,259112,323890
64779,129558,194337,259116,323895
64780,129560,194340,259120,323900
64781,129562,194343,259124,323905
64782,129564,194346,259128,323910
64783,129566,194349,259132,323915
64784,129568,194352,259136,323920
64785,129570,194355,259140,323925
64786,129572,194358,259144,323930
64787,129574,194361,259148,323935
64788,129576,194364,259152,323940
64789,129578,194367,259156,323945
64790,129580,194370,259160,323950
64791,129582,194373,259164,323955
64792,129584,194376,259168,323960
64793,129586,194379,259172,323965
64794,129588,194382,259176,323970
64795,129590,194385,259180,323975
64796,129592,194388,259184,323980
64797,129594,194391,259188,323985
64798,129596,194394,259192,323990
64799,129598,194397,259196,323995
64800,129600,194400,259200,324000
64801,129602,194403,259204,324005
64802,129604,194406,259208,324010
64803,129606,194409,259212,324015
64804,129608,194412,259216,324020
64805,129610,194415,259220,324025
64806,129612,194418,259224,324030
64807,129614,194421,259228,324035
64808,129616,194424,259232,324040
64809,129618,194427,259236,324045
64810,129620,194430,259240,324050
64811,129622,194433,259244,324055
64812,129624,194436,259248,324060
64813,129626,194439,259252,324065
64814,129628,194442,259256,324070
64815,129630,194445,259260,324075
64816,129632,194448,259264,324080
64817,129634,194451,259268,324085
64818,129636,194454,259272,324090
64819,129638,194457,259276,324095
64820,129640,194460,259280,324100
64821,129642,194463,259284,324105
64822,129644,194466,259288,324110
64823,129646,194469,259292,324115
64824,129648,194472,259296,324120
64825,129650,194475,259300,324125
64826,129652,194478,259304,324130
64827,129654,194481,259308,324135
64828,129656,194484,259312,324140
64829,129658,194487,259316,324145
64830,129660,194490,259320,324150
64831,129662,194493,259324,324155
64832,129664,194496,259328,324160
64833,129666,194499,259332,324165
64834,129668,194502,259336,324170
64835,129670,194505,259340,324175
64836,129672,194508,259344,324180
64837,129674,194511,259348,324185
64838,129676,194514,259352,324190
64839,129678,194517,259356,324195
64840,129680,194520,259360,324200
64841,129682,194523,259364,324205
64842,129684,194526,259368,324210
64843,129686,194529,259372,324215
64844,129688,194532,259376,324220
64845,129690,194535,259380,324225
64846,129692,194538,259384,324230
64847,129694,194541,259388,324235
64848,129696,194544,259392,324240
64849,129698,194547,259396,324245
64850,129700,194550,259400,324250
64851,129702,194553,259404,324255
64852,129704,194556,259408,324260
64853,129706,194559,259412,324265
64854,129708,194562,259416,324270
64855,129710,194565,259420,324275
64856,129712,194568,259424,324280
64857,129714,194571,259428,324285
64858,129716,194574,259432,324290
64859,129718,194577,259436,324295
64860,129720,194580,259440,324300
64861,129722,194583,259444,324305
64862,129724,194586,259448,324310
64863,129726,194589,259452,324315
64864,129728,194592,259456,324320
64865,129730,194595,259460,324325
64866,129732,194598,259464,324330
64867,129734,194601,259468,324335
64868,129736,194604,259472,324340
64869,129738,194607,259476,324345
64870,129740,194610,259480,324350
64871,129742,194613,259484,324355
64872,129744,194616,259488,324360
64873,129746,194619,259492,324365
64874,129748,194622,259496,324370
64875,129750,194625,259500,324375
64876,129752,194628,259504,324380
64877,129754,194631,259508,324385
64878,129756,194634,259512,324390
64879,129758,194637,259516,324395
64880,129760,194640,259520,324400
64881,129762,194643,259524,324405
64882,129764,194646,259528,324410
64883,129766,194649,259532,324415
64884,129768,194652,259536,324420
64885,129770,194655,259540,324425
64886,129772,194658,259544,324430
64887,129774,194661,259548,324435
64888,129776,194664,259552,324440
64889,129778,194667,259556,324445
64890,129780,194670,259560,324450
64891,129782,194673,259564,324455
64892,129784,194676,259568,324460
64893,129786,194679,259572,324465
64894,129788,194682,259576,324470
64895,129790,194685,259580,324475
64896,129792,194688,259584,324480
64897,129794,194691,259588,324485
64898,129796,194694,259592,324490
64899,129798,194697,259596,324495
64900,129800,194700,259600,324500
64901,129802,194703,259604,324505
64902,129804,194706,259608,324510
64903,129806,194709,259612,324515
64904,129808,194712,259616,324520
64905,129810,194715,259620,324525
64906,129812,194718,259624,324530
64907,129814,194721,259628,324535
64908,129816,194724,259632,324540
64909,129818,194727,259636,324545
64910,129820,194730,259640,324550
64911,129822,194733,259644,324555
64912,129824,194736,259648,324560
64913,129826,194739,259652,324565
64914,129828,194742,259656,324570
64915,129830,194745,259660,324575
64916,129832,194748,259664,324580
64917,129834,194751,259668,324585
64918,129836,194754,259672,324590
64919,129838,194757,259676,324595
64920,129840,194760,259680,324600
64921,129842,194763,259684,324605
64922,129844,194766,259688,324610
64923,129846,194769,259692,324615
64924,129848,194772,259696,324620
64925,129850,194775,259700,324625
64926,129852,194778,259704,324630
64927,129854,194781,259708,324635
64928,129856,194784,259712,324640
64929,129858,194787,259716,324645
64930,129860,194790,259720,324650
64931,129862,194793,259724,324655
64932,129864,194796,259728,324660
64933,129866,194799,259732,324665
64934,129868,194802,259736,324670
64935,129870,194805,259740,324675
64936,129872,194808,259744,324680
64937,129874,194811,259748,324685
64938,129876,194814,259752,324690
64939,129878,194817,259756,324695
64940,129880,194820,259760,324700
64941,129882,194823,259764,324705
64942,129884,194826,259768,324710
64943,129886,194829,259772,324715
64944,129888,194832,259776,324720
64945,129890,194835,259780,324725
64946,129892,194838,259784,324730
64947,129894,194841,259788,324735
64948,129896,194844,259792,324740
64949,129898,194847,259796,324745
64950,129900,194850,259800,324750
64951,129902,194853,259804,324755
64952,129904,194856,259808,324760
64953,129906,194859,259812,324765
64954,129908,194862,259816,324770
64955,129910,194865,259820,324775
64956,129912,194868,259824,324780
64957,129914,194871,259828,324785
64958,129916,194874,259832,324790
64959,129918,194877,259836,324795
64960,129920,194880,259840,324800
64961,129922,194883,259844,324805
64962,129924,194886,259848,324810
64963,129926,194889,259852,324815
64964,129928,194892,259856,324820
64965,129930,194895,259860,324825
64966,129932,194898,259864,324830
64967,129934,194901,259868,324835
64968,129936,194904,259872,324840
64969,129938,194907,259876,324845
64970,129940,194910,259880,324850
64971,129942,194913,259884,324855
64972,129944,194916,259888,324860
64973,129946,194919,259892,324865
64974,129948,194922,259896,324870
64975,129950,194925,259900,324875
64976,129952,194928,259904,324880
64977,129954,194931,259908,324885
64978,129956,194934,259912,324890
64979,129958,194937,259916,324895
64980,129960,194940,259920,324900
64981,129962,194943,259924,324905
64982,129964,194946,259928,324910
64983,129966,194949,259932,324915
64984,129968,194952,259936,324920
64985,129970,194955,259940,324925
64986,129972,194958,259944,324930
64987,129974,194961,259948,324935
64988,129976,194964,259952,324940
64989,129978,194967,259956,324945
64990,129980,194970,259960,324950
64991,129982,194973,259964,324955
64992,129984,194976,259968,324960
64993,129986,194979,259972,324965
64994,129988,194982,259976,324970
64995,129990,194985,259980,324975
64996,129992,194988,259984,324980
64997,129994,194991,259988,324985
64998,129996,194994,259992,324990
64999,129998,194997,259996,324995
65000,130000,195000,260000,325000
65001,130002,195003,260004,325005
65002,130004,195006,260008,325010
65003,130006,195009,260012,325015
65004,130008,195012,260016,325020
65005,130010,195015,260020,325025
65006,130012,195018,260024,325030
65007,130014,195021,260028,325035
65008,130016,195024,260032,325040
65009,130018,195027,260036,325045
65010,130020,195030,260040,325050
65011,130022,195033,260044,325055
65012,130024,195036,260048,325060
65013,130026,195039,260052,325065
65014,130028,195042,260056,325070
65015,130030,195045,260060,325075
65016,130032,195048,260064,325080
65017,130034,195051,260068,325085
65018,130036,195054,260072,325090
65019,130038,195057,260076,325095
65020,130040,195060,260080,325100
65021,130042,195063,260084,325105
65022,130044,195066,260088,325110
65023,130046,195069,260092,325115
65024,130048,195072,260096,325120
65025,130050,195075,260100,325125
65026,130052,195078,260104,325130
65027,130054,195081,260108,325135
65028,130056,195084,260112,325140
65029,130058,195087,260116,325145
65030,130060,195090,260120,325150
65031,130062,195093,260124,325155
65032,130064,195096,260128,325160
65033,130066,195099,260132,325165
65034,130068,195102,260136,325170
65035,130070,195105,260140,325175
65036,130072,195108,260144,325180
65037,130074,195111,260148,325185
65038,130076,195114,260152,325190
65039,130078,195117,260156,325195
65040,130080,195120,260160,325200
65041,130082,195123,260164,325205
65042,130084,195126,260168,325210
65043,130086,195129,260172,325215
65044,130088,195132,260176,325220
65045,130090,195135,260180,325225
65046,130092,195138,260184,325230
65047,130094,195141,260188,325235
65048,130096,195144,260192,325240
65049,130098,195147,260196,325245
65050,130100,195150,260200,325250
65051,130102,195153,260204,325255
65052,130104,195156,260208,325260
65053,130106,195159,260212,325265
65054,130108,195162,260216,325270
65055,130110,195165,260220,325275
65056,130112,195168,260224,325280
65057,130114,195171,260228,325285
65058,130116,195174,260232,325290
65059,130118,195177,260236,325295
65060,130120,195180,260240,325300
65061,130122,195183,260244,325305
65062,130124,195186,260248,325310
65063,130126,195189,260252,325315
65064,130128,195192,260256,325320
65065,130130,195195,260260,325325
65066,130132,195198,260264,325330
65067,130134,195201,260268,325335
65068,130136,195204,260272,325340
65069,130138,195207,260276,325345
65070,130140,195210,260280,325350
65071,130142,195213,260284,325355
65072,130144,195216,260288,325360
65073,130146,195219,260292,325365
65074,130148,195222,260296,325370
65075,130150,195225,260300,325375
65076,130152,195228,260304,325380
65077,130154,195231,260308,325385
65078,130156,195234,260312,325390
65079,130158,195237,260316,325395
65080,130160,195240,260320,325400
65081,130162,195243,260324,325405
65082,130164,195246,260328,325410
65083,130166,195249,260332,325415
65084,130168,195252,260336,325420
65085,130170,195255,260340,325425
65086,130172,195258,260344,325430
65087,130174,195261,260348,325435
65088,130176,195264,260352,325440
65089,130178,195267,260356,325445
65090,130180,195270,260360,325450
65091,130182,195273,260364,325455
65092,130184,195276,260368,325460
65093,130186,195279,260372,325465
65094,130188,195282,260376,325470
65095,130190,195285,260380,325475
65096,130192,195288,260384,325480
65097,130194,195291,260388,325485
65098,130196,195294,260392,325490
65099,130198,195297,260396,325495
65100,130200,195300,260400,325500
65101,130202,195303,260404,325505
65102,130204,195306,260408,325510
65103,130206,195309,260412,325515
65104,130208,195312,260416,325520
65105,130210,195315,260420,325525
65106,130212,195318,260424,325530
65107,130214,195321,260428,325535
65108,130216,195324,260432,325540
65109,130218,195327,260436,325545
65110,130220,195330,260440,325550
65111,130222,195333,260444,325555
65112,130224,195336,260448,325560
65113,130226,195339,260452,325565
65114,130228,195342,260456,325570
65115,130230,195345,260460,325575
65116,130232,195348,260464,325580
65117,130234,195351,260468,325585
65118,130236,195354,260472,325590
65119,130238,195357,260476,325595
65120,130240,195360,260480,325600
65121,130242,195363,260484,325605
65122,130244,195366,260488,325610
65123,130246,195369,260492,325615
65124,130248,195372,260496,325620
65125,130250,195375,260500,325625
65126,130252,195378,260504,325630
65127,130254,195381,260508,325635
65128,130256,195384,260512,325640
65129,130258,195387,260516,325645
65130,130260,195390,260520,325650
65131,130262,195393,260524,325655
65132,130264,195396,260528,325660
65133,130266,195399,260532,325665
65134,130268,195402,260536,325670
65135,130270,195405,260540,325675
65136,130272,195408,260544,325680
65137,130274,195411,260548,325685
65138,130276,195414,260552,325690
65139,130278,195417,260556,325695
65140,130280,195420,260560,325700
65141,130282,195423,260564,325705
65142,130284,195426,260568,325710
65143,130286,195429,260572,325715
65144,130288,195432,260576,325720
65145,130290,195435,260580,325725
65146,130292,195438,260584,325730
65147,130294,195441,260588,325735
65148,130296,195444,260592,325740
65149,130298,195447,260596,325745
65150,130300,195450,260600,325750
65151,130302,195453,260604,325755
65152,130304,195456,260608,325760
65153,130306,195459,260612,325765
65154,130308,195462,260616,325770
65155,130310,195465,260620,325775
65156,130312,195468,260624,325780
65157,130314,195471,260628,325785
65158,130316,195474,260632,325790
65159,130318,195477,260636,325795
65160,130320,195480,260640,325800
65161,130322,195483,260644,325805
65162,130324,195486,260648,325810
65163,130326,195489,260652,325815
65164,130328,195492,260656,325820
65165,130330,195495,260660,325825
65166,130332,195498,260664,325830
65167,130334,195501,260668,325835
65168,130336,195504,260672,325840
65169,130338,195507,260676,325845
65170,130340,195510,260680,325850
65171,130342,195513,260684,325855
65172,130344,195516,260688,325860
65173,130346,195519,260692,325865
65174,130348,195522,260696,325870
65175,130350,195525,260700,325875
65176,130352,195528,260704,325880
65177,130354,195531,260708,325885
65178,130356,195534,260712,325890
65179,130358,195537,260716,325895
65180,130360,195540,260720,325900
65181,130362,195543,260724,325905
65182,130364,195546,260728,325910
65183,130366,195549,260732,325915
65184,130368,195552,260736,325920
65185,130370,195555,260740,325925
65186,130372,195558,260744,325930
65187,130374,195561,260748,325935
65188,130376,195564,260752,325940
65189,130378,195567,260756,325945
65190,130380,195570,260760,325950
65191,130382,195573,260764,325955
65192,130384,195576,260768,325960
65193,130386,195579,260772,325965
65194,130388,195582,260776,325970
65195,130390,195585,260780,325975
65196,130392,195588,260784,325980
65197,130394,195591,260788,325985
65198,130396,195594,260792,325990
65199,130398,195597,260796,325995
65200,130400,195600,260800,326000
65201,130402,195603,260804,326005
65202,130404,195606,260808,326010
65203,130406,195609,260812,326015
65204,130408,195612,260816,326020
65205,130410,195615,260820,326025
65206,130412,195618,260824,326030
65207,130414,195621,260828,326035
65208,130416,195624,260832,326040
65209,130418,195627,260836,326045
65210,130420,195630,260840,326050
65211,130422,195633,260844,326055
65212,130424,195636,260848,326060
65213,130426,195639,260852,326065
65214,130428,195642,260856,326070
65215,130430,195645,260860,326075
65216,130432,195648,260864,326080
65217,130434,195651,260868,326085
65218,130436,195654,260872,326090
65219,130438,195657,260876,326095
65220,130440,195660,260880,326100
65221,130442,195663,260884,326105
65222,130444,195666,260888,326110
65223,130446,195669,260892,326115
65224,130448,195672,260896,326120
65225,130450,195675,260900,326125
65226,130452,195678,260904,326130
65227,130454,195681,260908,326135
65228,130456,195684,260912,326140
65229,130458,195687,260916,326145
65230,130460,195690,260920,326150
65231,130462,195693,260924,326155
65232,130464,195696,260928,326160
65233,130466,195699,260932,326165
65234,130468,195702,260936,326170
65235,130470,195705,260940,326175
65236,130472,195708,260944,326180
65237,130474,195711,260948,326185
65238,130476,195714,260952,326190
65239,130478,195717,260956,326195
65240,130480,195720,260960,326200
65241,130482,195723,260964,326205
65242,130484,195726,260968,326210
65243,130486,195729,260972,326215
65244,130488,195732,260976,326220
65245,130490,195735,260980,326225
65246,130492,195738,260984,326230
65247,130494,195741,260988,326235
65248,130496,195744,260992,326240
65249,130498,195747,260996,326245
65250,130500,195750,261000,326250
65251,130502,195753,261004,326255
65252,130504,195756,261008,326260
65253,130506,195759,261012,326265
65254,130508,195762,261016,326270
65255,130510,195765,261020,326275
65256,130512,195768,261024,326280
65257,130514,195771,261028,326285
65258,130516,195774,261032,326290
65259,130518,195777,261036,326295
65260,130520,195780,261040,326300
65261,130522,195783,261044,326305
65262,130524,195786,261048,326310
65263,130526,195789,261052,326315
65264,130528,195792,261056,326320
65265,130530,195795,261060,326325
65266,130532,195798,261064,326330
65267,130534,195801,261068,326335
65268,130536,195804,261072,326340
65269,130538,195807,261076,326345
65270,130540,195810,261080,326350
65271,130542,195813,261084,326355
65272,130544,195816,261088,326360
65273,130546,195819,261092,326365
65274,130548,195822,261096,326370
65275,130550,195825,261100,326375
65276,130552,195828,261104,326380
65277,130554,195831,261108,326385
65278,130556,195834,261112,326390
65279,130558,195837,261116,326395
65280,130560,195840,261120,326400
65281,130562,195843,261124,326405
65282,130564,195846,261128,326410
65283,130566,195849,261132,326415
65284,130568,195852,261136,326420
65285,130570,195855,261140,326425
65286,130572,195858,261144,326430
65287,130574,195861,261148,326435
65288,130576,195864,261152,326440
65289,130578,195867,261156,326445
65290,130580,195870,261160,326450
65291,130582,195873,261164,326455
65292,130584,195876,261168,326460
65293,130586,195879,261172,326465
65294,130588,195882,261176,326470
65295,130590,195885,261180,326475
65296,130592,195888,261184,326480
65297,130594,195891,261188,326485
65298,130596,195894,261192,326490
65299,130598,195897,261196,326495
65300,130600,195900,261200,326500
65301,130602,195903,261204,326505
65302,130604,195906,261208,326510
65303,130606,195909,261212,326515
65304,130608,195912,261216,326520
65305,130610,195915,261220,326525
65306,130612,195918,261224,326530
65307,130614,195921,261228,326535
65308,130616,195924,261232,326540
65309,130618,195927,261236,326545
65310,130620,195930,261240,326550
65311,130622,195933,261244,326555
65312,130624,195936,261248,326560
65313,130626,195939,261252,326565
65314,130628,195942,261256,326570
65315,130630,195945,261260,326575
65316,130632,195948,261264,326580
65317,130634,195951,261268,326585
65318,130636,195954,261272,326590
65319,130638,195957,261276,326595
65320,130640,195960,261280,326600
65321,130642,195963,261284,326605
65322,130644,195966,261288,326610
65323,130646,195969,261292,326615
65324,130648,195972,261296,326620
65325,130650,195975,261300,326625
65326,130652,195978,261304,326630
65327,130654,195981,261308,326635
65328,130656,195984,261312,326640
65329,130658,195987,261316,326645
65330,130660,195990,261320,326650
65331,130662,195993,261324,326655
65332,130664,195996,261328,326660
65333,130666,195999,261332,326665
65334,130668,196002,261336,326670
65335,130670,196005,261340,326675
65336,130672,196008,261344,326680
65337,130674,196011,261348,326685
65338,130676,196014,261352,326690
65339,130678,196017,261356,326695
65340,130680,196020,261360,326700
65341,130682,196023,261364,326705
65342,130684,196026,261368,326710
65343,130686,196029,261372,326715
65344,130688,196032,261376,326720
65345,130690,196035,261380,326725
65346,130692,196038,261384,326730
65347,130694,196041,261388,326735
65348,130696,196044,261392,326740
65349,130698,196047,261396,326745
65350,130700,196050,261400,326750
65351,130702,196053,261404,326755
65352,130704,196056,261408,326760
65353,130706,196059,261412,326765
65354,130708,196062,261416,326770
65355,130710,196065,261420,326775
65356,130712,196068,261424,326780
65357,130714,196071,261428,326785
65358,130716,196074,261432,326790
65359,130718,196077,261436,326795
65360,130720,196080,261440,326800
65361,130722,196083,261444,326805
65362,130724,196086,261448,326810
65363,130726,196089,261452,326815
65364,130728,196092,261456,326820
65365,130730,196095,261460,326825
65366,130732,196098,261464,326830
65367,130734,196101,261468,326835
65368,130736,196104,261472,326840
65369,130738,196107,261476,326845
65370,130740,196110,261480,326850
65371,130742,196113,261484,326855
65372,130744,196116,261488,326860
65373,130746,196119,261492,326865
65374,130748,196122,261496,326870
65375,130750,196125,261500,326875
65376,130752,196128,261504,326880
65377,130754,196131,261508,326885
65378,130756,196134,261512,326890
65379,130758,196137,261516,326895
65380,130760,196140,261520,326900
65381,130762,196143,261524,326905
65382,130764,196146,261528,326910
65383,130766,196149,261532,326915
65384,130768,196152,261536,326920
65385,130770,196155,261540,326925
65386,130772,196158,261544,326930
65387,130774,196161,261548,326935
65388,130776,196164,261552,326940
65389,130778,196167,261556,326945
65390,130780,196170,261560,326950
65391,130782,196173,261564,326955
65392,130784,196176,261568,326960
65393,130786,196179,261572,326965
65394,130788,196182,261576,326970
65395,130790,196185,261580,326975
65396,130792,196188,261584,326980
65397,130794,196191,261588,326985
65398,130796,196194,261592,326990
65399,130798,196197,261596,326995
65400,130800,196200,261600,327000
65401,130802,196203,261604,327005
65402,130804,196206,261608,327010
65403,130806,196209,261612,327015
65404,130808,196212,261616,327020
65405,130810,196215,261620,327025
65406,130812,196218,261624,327030
65407,130814,196221,261628,327035
65408,130816,196224,261632,327040
65409,130818,196227,261636,327045
65410,130820,196230,261640,327050
65411,130822,196233,261644,327055
65412,130824,196236,261648,327060
65413,130826,196239,261652,327065
65414,130828,196242,261656,327070
65415,130830,196245,261660,327075
65416,130832,196248,261664,327080
65417,130834,196251,261668,327085
65418,130836,196254,261672,327090
65419,130838,196257,261676,327095
65420,130840,196260,261680,327100
65421,130842,196263,261684,327105
65422,130844,196266,261688,327110
65423,130846,196269,261692,327115
65424,130848,196272,261696,327120
65425,130850,196275,261700,327125
65426,130852,196278,261704,327130
65427,130854,196281,261708,327135
65428,130856,196284,261712,327140
65429,130858,196287,261716,327145
65430,130860,196290,261720,327150
65431,130862,196293,261724,327155
65432,130864,196296,261728,327160
65433,130866,196299,261732,327165
65434,130868,196302,261736,327170
65435,130870,196305,261740,327175
65436,130872,196308,261744,327180
65437,130874,196311,261748,327185
65438,130876,196314,261752,327190
65439,130878,196317,261756,327195
65440,130880,196320,261760,327200
65441,130882,196323,261764,327205
65442,130884,196326,261768,327210
65443,130886,196329,261772,327215
65444,130888,196332,261776,327220
65445,130890,196335,261780,327225
65446,130892,196338,261784,327230
65447,130894,196341,261788,327235
65448,130896,196344,261792,327240
65449,130898,196347,261796,327245
65450,130900,196350,261800,327250
65451,130902,196353,261804,327255
65452,130904,196356,261808,327260
65453,130906,196359,261812,327265
65454,130908,196362,261816,327270
65455,130910,196365,261820,327275
65456,130912,196368,261824,327280
65457,130914,196371,261828,327285
65458,130916,196374,261832,327290
65459,130918,196377,261836,327295
65460,130920,196380,261840,327300
65461,130922,196383,261844,327305
65462,130924,196386,261848,327310
65463,130926,196389,261852,327315
65464,130928,196392,261856,327320
65465,130930,196395,261860,327325
65466,130932,196398,261864,327330
65467,130934,196401,261868,327335
65468,130936,196404,261872,327340
65469,130938,196407,261876,327345
65470,130940,196410,261880,327350
65471,130942,196413,261884,327355
65472,130944,196416,261888,327360
65473,130946,196419,261892,327365
65474,130948,196422,261896,327370
65475,130950,196425,261900,327375
65476,130952,196428,261904,327380
65477,130954,196431,261908,327385
65478,130956,196434,261912,327390
65479,130958,196437,261916,327395
65480,130960,196440,261920,327400
65481,130962,196443,261924,327405
65482,130964,196446,261928,327410
65483,130966,196449,261932,327415
65484,130968,196452,261936,327420
65485,130970,196455,261940,327425
65486,130972,196458,261944,327430
65487,130974,196461,261948,327435
65488,130976,196464,261952,327440
65489,130978,196467,261956,327445
65490,130980,196470,261960,327450
65491,130982,196473,261964,327455
65492,130984,196476,261968,327460
65493,130986,196479,261972,327465
65494,130988,196482,261976,327470
65495,130990,196485,261980,327475
65496,130992,196488,261984,327480
65497,130994,196491,261988,327485
65498,130996,196494,261992,327490
65499,130998,196497,261996,327495
65500,131000,196500,262000,327500
65501,131002,196503,262004,327505
65502,131004,196506,262008,327510
65503,131006,196509,262012,327515
65504,131008,196512,262016,327520
65505,131010,196515,262020,327525
65506,131012,196518,262024,327530
65507,131014,196521,262028,327535
65508,131016,196524,262032,327540
65509,131018,196527,262036,327545
65510,131020,196530,262040,327550
65511,131022,196533,262044,327555
65512,131024,196536,262048,327560
65513,131026,196539,262052,327565
65514,131028,196542,262056,327570
65515,131030,196545,262060,327575
65516,131032,196548,262064,327580
65517,131034,196551,262068,327585
65518,131036,196554,262072,327590
65519,131038,196557,262076,327595
65520,131040,196560,262080,327600
65521,131042,196563,262084,327605
65522,131044,196566,262088,327610
65523,131046,196569,262092,327615
65524,131048,196572,262096,327620
65525,131050,196575,262100,327625
65526,131052,196578,262104,327630
65527,131054,196581,262108,327635
65528,131056,196584,262112,327640
65529,131058,196587,262116,327645
65530,131060,196590,262120,327650
65531,131062,196593,262124,327655
65532,131064,196596,262128,327660
65533,131066,196599,262132,327665
65534,131068,196602,262136,327670
65535,131070,196605,262140,327675
65536,131072,196608,262144,327680
65537,131074,196611,262148,327685
65538,131076,196614,262152,327690
65539,131078,196617,262156,327695
65540,131080,196620,262160,327700
65541,131082,196623,262164,327705
65542,131084,196626,262168,327710
65543,131086,196629,262172,327715
65544,131088,196632,262176,327720
65545,131090,196635,262180,327725
65546,131092,196638,262184,327730
65547,131094,196641,262188,327735
65548,131096,196644,262192,327740
65549,131098,196647,262196,327745
65550,131100,196650,262200,327750
65551,131102,196653,262204,327755
65552,131104,196656,262208,327760
65553,131106,196659,262212,327765
65554,131108,196662,262216,327770
65555,131110,196665,262220,327775
65556,131112,196668,262224,327780
65557,131114,196671,262228,327785
65558,131116,196674,262232,327790
65559,131118,196677,262236,327795
65560,131120,196680,262240,327800
65561,131122,196683,262244,327805
65562,131124,196686,262248,327810
65563,131126,196689,262252,327815
65564,131128,196692,262256,327820
65565,131130,196695,262260,327825
65566,131132,196698,262264,327830
65567,131134,196701,262268,327835
65568,131136,196704,262272,327840
65569,131138,196707,262276,327845
65570,131140,196710,262280,327850
65571,131142,196713,262284,327855
65572,131144,196716,262288,327860
65573,131146,196719,262292,327865
65574,131148,196722,262296,327870
65575,131150,196725,262300,327875
65576,131152,196728,262304,327880
65577,131154,196731,262308,327885
65578,131156,196734,262312,327890
65579,131158,196737,262316,327895
65580,131160,196740,262320,327900
65581,131162,196743,262324,327905
65582,131164,196746,262328,327910
65583,131166,196749,262332,327915
65584,131168,196752,262336,327920
65585,131170,196755,262340,327925
65586,131172,196758,262344,327930
65587,131174,196761,262348,327935
65588,131176,196764,262352,327940
65589,131178,196767,262356,327945
65590,131180,196770,262360,327950
65591,131182,196773,262364,327955
65592,131184,196776,262368,327960
65593,131186,196779,262372,327965
65594,131188,196782,262376,327970
65595,131190,196785,262380,327975
65596,131192,196788,262384,327980
65597,131194,196791,262388,327985
65598,131196,196794,262392,327990
65599,131198,196797,262396,327995
65600,131200,196800,262400,328000
65601,131202,196803,262404,328005
65602,131204,196806,262408,328010
65603,131206,196809,262412,328015
65604,131208,196812,262416,328020
65605,131210,196815,262420,328025
65606,131212,196818,262424,328030
65607,131214,196821,262428,328035
65608,131216,196824,262432,328040
65609,131218,196827,262436,328045
65610,131220,196830,262440,328050
65611,131222,196833,262444,328055
65612,131224,196836,262448,328060
65613,131226,196839,262452,328065
65614,131228,196842,262456,328070
65615,131230,196845,262460,328075
65616,131232,196848,262464,328080
65617,131234,196851,262468,328085
65618,131236,196854,262472,328090
65619,131238,196857,262476,328095
65620,131240,196860,262480,328100
65621,131242,196863,262484,328105
65622,131244,196866,262488,328110
65623,131246,196869,262492,328115
65624,131248,196872,262496,328120
65625,131250,196875,262500,328125
65626,131252,196878,262504,328130
65627,131254,196881,262508,328135
65628,131256,196884,262512,328140
65629,131258,196887,262516,328145
65630,131260,196890,262520,328150
65631,131262,196893,262524,328155
65632,131264,196896,262528,328160
65633,131266,196899,262532,328165
65634,131268,196902,262536,328170
65635,131270,196905,262540,328175
65636,131272,196908,262544,328180
65637,131274,196911,262548,328185
65638,131276,196914,262552,328190
65639,131278,196917,262556,328195
65640,131280,196920,262560,328200
65641,131282,196923,262564,328205
65642,131284,196926,262568,328210
65643,131286,196929,262572,328215
65644,131288,196932,262576,328220
65645,131290,196935,262580,328225
65646,131292,196938,262584,328230
65647,131294,196941,262588,328235
65648,131296,196944,262592,328240
65649,131298,196947,262596,328245
65650,131300,196950,262600,328250
65651,131302,196953,262604,328255
65652,131304,196956,262608,328260
65653,131306,196959,262612,328265
65654,131308,196962,262616,328270
65655,131310,196965,262620,328275
65656,131312,196968,262624,328280
65657,131314,196971,262628,328285
65658,131316,196974,262632,328290
65659,131318,196977,262636,328295
65660,131320,196980,262640,328300
65661,131322,196983,262644,328305
65662,131324,196986,262648,328310
65663,131326,196989,262652,328315
65664,131328,196992,262656,328320
65665,131330,196995,262660,328325
65666,131332,196998,262664,328330
65667,131334,197001,262668,328335
65668,131336,197004,262672,328340
65669,131338,197007,262676,328345
65670,131340,197010,262680,328350
65671,131342,197013,262684,328355
65672,131344,197016,262688,328360
65673,131346,197019,262692,328365
65674,131348,197022,262696,328370
65675,131350,197025,262700,328375
65676,131352,197028,262704,328380
65677,131354,197031,262708,328385
65678,131356,197034,262712,328390
65679,131358,197037,262716,328395
65680,131360,197040,262720,328400
65681,131362,197043,262724,328405
65682,131364,197046,262728,328410
65683,131366,197049,262732,328415
65684,131368,197052,262736,328420
65685,131370,197055,262740,328425
65686,131372,197058,262744,328430
65687,131374,197061,262748,328435
65688,131376,197064,262752,328440
65689,131378,197067,262756,328445
65690,131380,197070,262760,328450
65691,131382,197073,262764,328455
65692,131384,197076,262768,328460
65693,131386,197079,262772,328465
65694,131388,197082,262776,328470
65695,131390,197085,262780,328475
65696,131392,197088,262784,328480
65697,131394,197091,262788,328485
65698,131396,197094,262792,328490
65699,131398,197097,262796,328495
65700,131400,197100,262800,328500
65701,131402,197103,262804,328505
65702,131404,197106,262808,328510
65703,131406,197109,262812,328515
65704,131408,197112,262816,328520
65705,131410,197115,262820,328525
65706,131412,197118,262824,328530
65707,131414,197121,262828,328535
65708,131416,197124,262832,328540
65709,131418,197127,262836,328545
65710,131420,197130,262840,328550
65711,131422,197133,262844,328555
65712,131424,197136,262848,328560
65713,131426,197139,262852,328565
65714,131428,197142,262856,328570
65715,131430,197145,262860,328575
65716,131432,197148,262864,328580
65717,131434,197151,262868,328585
65718,131436,197154,262872,328590
65719,131438,197157,262876,328595
65720,131440,197160,262880,328600
65721,131442,197163,262884,328605
65722,131444,197166,262888,328610
65723,131446,197169,262892,328615
65724,131448,197172,262896,328620
65725,131450,197175,262900,328625
65726,131452,197178,262904,328630
65727,131454,197181,262908,328635
65728,131456,197184,262912,328640
65729,131458,197187,262916,328645
65730,131460,197190,262920,328650
65731,131462,197193,262924,328655
65732,131464,197196,262928,328660
65733,131466,197199,262932,328665
65734,131468,197202,262936,328670
65735,131470,197205,262940,328675
65736,131472,197208,262944,328680
65737,131474,197211,262948,328685
65738,131476,197214,262952,328690
65739,131478,197217,262956,328695
65740,131480,197220,262960,328700
65741,131482,197223,262964,328705
65742,131484,197226,262968,328710
65743,131486,197229,262972,328715
65744,131488,197232,262976,328720
65745,131490,197235,262980,328725
65746,131492,197238,262984,328730
65747,131494,197241,262988,328735
65748,131496,197244,262992,328740
65749,131498,197247,262996,328745
65750,131500,197250,263000,328750
65751,131502,197253,263004,328755
65752,131504,197256,263008,328760
65753,131506,197259,263012,328765
65754,131508,197262,263016,328770
65755,131510,197265,263020,328775
65756,131512,197268,263024,328780
65757,131514,197271,263028,328785
65758,131516,197274,263032,328790
65759,131518,197277,263036,328795
65760,131520,197280,263040,328800
65761,131522,197283,263044,328805
65762,131524,197286,263048,328810
65763,131526,197289,263052,328815
65764,131528,197292,263056,328820
65765,131530,197295,263060,328825
65766,131532,197298,263064,328830
65767,131534,197301,263068,328835
65768,131536,197304,263072,328840
65769,131538,197307,263076,328845
65770,131540,197310,263080,328850
65771,131542,197313,263084,328855
65772,131544,197316,263088,328860
65773,131546,197319,263092,328865
65774,131548,197322,263096,328870
65775,131550,197325,263100,328875
65776,131552,197328,263104,328880
65777,131554,197331,263108,328885
65778,131556,197334,263112,328890
65779,131558,197337,263116,328895
65780,131560,197340,263120,328900
65781,131562,197343,263124,328905
65782,131564,197346,263128,328910
65783,131566,197349,263132,328915
65784,131568,197352,263136,328920
65785,131570,197355,263140,328925
65786,131572,197358,263144,328930
65787,131574,197361,263148,328935
65788,131576,197364,263152,328940
65789,131578,197367,263156,328945
65790,131580,197370,263160,328950
65791,131582,197373,263164,328955
65792,131584,197376,263168,328960
65793,131586,197379,263172,328965
65794,131588,197382,263176,328970
65795,131590,197385,263180,328975
65796,131592,197388,263184,328980
65797,131594,197391,263188,328985
65798,131596,197394,263192,328990
65799,131598,197397,263196,328995
65800,131600,197400,263200,329000
65801,131602,197403,263204,329005
65802,131604,197406,263208,329010
65803,131606,197409,263212,329015
65804,131608,197412,263216,329020
65805,131610,197415,263220,329025
65806,131612,197418,263224,329030
65807,131614,197421,263228,329035
65808,131616,197424,263232,329040
65809,131618,197427,263236,329045
65810,131620,197430,263240,329050
65811,131622,197433,263244,329055
65812,131624,197436,263248,329060
65813,131626,197439,263252,329065
65814,131628,197442,263256,329070
65815,131630,197445,263260,329075
65816,131632,197448,263264,329080
65817,131634,197451,263268,329085
65818,131636,197454,263272,329090
65819,131638,197457,263276,329095
65820,131640,197460,263280,329100
65821,131642,197463,263284,329105
65822,131644,197466,263288,329110
65823,131646,197469,263292,329115
65824,131648,197472,263296,329120
65825,131650,197475,263300,329125
65826,131652,197478,263304,329130
65827,131654,197481,263308,329135
65828,131656,197484,263312,329140
65829,131658,197487,263316,329145
65830,131660,197490,263320,329150
65831,131662,197493,263324,329155
65832,131664,197496,263328,329160
65833,131666,197499,263332,329165
65834,131668,197502,263336,329170
65835,131670,197505,263340,329175
65836,131672,197508,263344,329180
65837,131674,197511,263348,329185
65838,131676,197514,263352,329190
65839,131678,197517,263356,329195
65840,131680,197520,263360,329200
65841,131682,197523,263364,329205
65842,131684,197526,263368,329210
65843,131686,197529,263372,329215
65844,131688,197532,263376,329220
65845,131690,197535,263380,329225
65846,131692,197538,263384,329230
65847,131694,197541,263388,329235
65848,131696,197544,263392,329240
65849,131698,197547,263396,329245
65850,131700,197550,263400,329250
65851,131702,197553,263404,329255
65852,131704,197556,263408,329260
65853,131706,197559,263412,329265
65854,131708,197562,263416,329270
65855,131710,197565,263420,329275
65856,131712,197568,263424,329280
65857,131714,197571,263428,329285
65858,131716,197574,263432,329290
65859,131718,197577,263436,329295
65860,131720,197580,263440,329300
65861,131722,197583,263444,329305
65862,131724,197586,263448,329310
65863,131726,197589,263452,329315
65864,131728,197592,263456,329320
65865,131730,197595,263460,329325
65866,131732,197598,263464,329330
65867,131734,197601,263468,329335
65868,131736,197604,263472,329340
65869,131738,197607,263476,329345
65870,131740,197610,263480,329350
65871,131742,197613,263484,329355
65872,131744,197616,263488,329360
65873,131746,197619,263492,329365
65874,131748,197622,263496,329370
65875,131750,197625,263500,329375
65876,131752,197628,263504,329380
65877,131754,197631,263508,329385
65878,131756,197634,263512,329390
65879,131758,197637,263516,329395
65880,131760,197640,263520,329400
65881,131762,197643,263524,329405
65882,131764,197646,263528,329410
65883,131766,197649,263532,329415
65884,131768,197652,263536,329420
65885,131770,197655,263540,329425
65886,131772,197658,263544,329430
65887,131774,197661,263548,329435
65888,131776,197664,263552,329440
65889,131778,197667,263556,329445
65890,131780,197670,263560,329450
65891,131782,197673,263564,329455
65892,131784,197676,263568,329460
65893,131786,197679,263572,329465
65894,131788,197682,263576,329470
65895,131790,197685,263580,329475
65896,131792,197688,263584,329480
65897,131794,197691,263588,329485
65898,131796,197694,263592,329490
65899,131798,197697,263596,329495
65900,131800,197700,263600,329500
65901,131802,197703,263604,329505
65902,131804,197706,263608,329510
65903,131806,197709,263612,329515
65904,131808,197712,263616,329520
65905,131810,197715,263620,329525
65906,131812,197718,263624,329530
65907,131814,197721,263628,329535
65908,131816,197724,263632,329540
65909,131818,197727,263636,329545
65910,131820,197730,263640,329550
65911,131822,197733,263644,329555
65912,131824,197736,263648,329560
65913,131826,197739,263652,329565
65914,131828,197742,263656,329570
65915,131830,197745,263660,329575
65916,131832,197748,263664,329580
65917,131834,197751,263668,329585
65918,131836,197754,263672,329590
65919,131838,197757,263676,329595
65920,131840,197760,263680,329600
65921,131842,197763,263684,329605
65922,131844,197766,263688,329610
65923,131846,197769,263692,329615
65924,131848,197772,263696,329620
65925,131850,197775,263700,329625
65926,131852,197778,263704,329630
65927,131854,197781,263708,329635
65928,131856,197784,263712,329640
65929,131858,197787,263716,329645
65930,131860,197790,263720,329650
65931,131862,197793,263724,329655
65932,131864,197796,263728,329660
65933,131866,197799,263732,329665
65934,131868,197802,263736,329670
65935,131870,197805,263740,329675
65936,131872,197808,263744,329680
65937,131874,197811,263748,329685
65938,131876,197814,263752,329690
65939,131878,197817,263756,329695
65940,131880,197820,263760,329700
65941,131882,197823,263764,329705
65942,131884,197826,263768,329710
65943,131886,197829,263772,329715
65944,131888,197832,263776,329720
65945,131890,197835,263780,329725
65946,131892,197838,263784,329730
65947,131894,197841,263788,329735
65948,131896,197844,263792,329740
65949,131898,197847,263796,329745
65950,131900,197850,263800,329750
65951,131902,197853,263804,329755
65952,131904,197856,263808,329760
65953,131906,197859,263812,329765
65954,131908,197862,263816,329770
65955,131910,197865,263820,329775
65956,131912,197868,263824,329780
65957,131914,197871,263828,329785
65958,131916,197874,263832,329790
65959,131918,197877,263836,329795
65960,131920,197880,263840,329800
65961,131922,197883,263844,329805
65962,131924,197886,263848,329810
65963,131926,197889,263852,329815
65964,131928,197892,263856,329820
65965,131930,197895,263860,329825
65966,131932,197898,263864,329830
65967,131934,197901,263868,329835
65968,131936,197904,263872,329840
65969,131938,197907,263876,329845
65970,131940,197910,263880,329850
65971,131942,197913,263884,329855
65972,131944,197916,263888,329860
65973,131946,197919,263892,329865
65974,131948,197922,263896,329870
65975,131950,197925,263900,329875
65976,131952,197928,263904,329880
65977,131954,197931,263908,329885
65978,131956,197934,263912,329890
65979,131958,197937,263916,329895
65980,131960,197940,263920,329900
65981,131962,197943,263924,329905
65982,131964,197946,263928,329910
65983,131966,197949,263932,329915
65984,131968,197952,263936,329920
65985,131970,197955,263940,329925
65986,131972,197958,263944,329930
65987,131974,197961,263948,329935
65988,131976,197964,263952,329940
65989,131978,197967,263956,329945
65990,131980,197970,263960,329950
65991,131982,197973,263964,329955
65992,131984,197976,263968,329960
65993,131986,197979,263972,329965
65994,131988,197982,263976,329970
65995,131990,197985,263980,329975
65996,131992,197988,263984,329980
65997,131994,197991,263988,329985
65998,131996,197994,263992,329990
65999,131998,197997,263996,329995
66000,132000,198000,264000,330000
66001,132002,198003,264004,330005
66002,132004,198006,264008,330010
66003,132006,198009,264012,330015
66004,132008,198012,264016,330020
66005,132010,198015,264020,330025
66006,132012,198018,264024,330030
66007,132014,198021,264028,330035
66008,132016,198024,264032,330040
66009,132018,198027,264036,330045
66010,132020,198030,264040,330050
66011,132022,198033,264044,330055
66012,132024,198036,264048,330060
66013,132026,198039,264052,330065
66014,132028,198042,264056,330070
66015,132030,198045,264060,330075
66016,132032,198048,264064,330080
66017,132034,198051,264068,330085
66018,132036,198054,264072,330090
66019,132038,198057,264076,330095
66020,132040,198060,264080,330100
66021,132042,198063,264084,330105
66022,132044,198066,264088,330110
66023,132046,198069,264092,330115
66024,132048,198072,264096,330120
66025,132050,198075,264100,330125
66026,132052,198078,264104,330130
66027,132054,198081,264108,330135
66028,132056,198084,264112,330140
66029,132058,198087,264116,330145
66030,132060,198090,264120,330150
66031,132062,198093,264124,330155
66032,132064,198096,264128,330160
66033,132066,198099,264132,330165
66034,132068,198102,264136,330170
66035,132070,198105,264140,330175
66036,132072,198108,264144,330180
66037,132074,198111,264148,330185
66038,132076,198114,264152,330190
66039,132078,198117,264156,330195
66040,132080,198120,264160,330200
66041,132082,198123,264164,330205
66042,132084,198126,264168,330210
66043,132086,198129,264172,330215
66044,132088,198132,264176,330220
66045,132090,198135,264180,330225
66046,132092,198138,264184,330230
66047,132094,198141,264188,330235
66048,132096,198144,264192,330240
66049,132098,198147,264196,330245
66050,132100,198150,264200,330250
66051,132102,198153,264204,330255
66052,132104,198156,264208,330260
66053,132106,198159,264212,330265
66054,132108,198162,264216,330270
66055,132110,198165,264220,330275
66056,132112,198168,264224,330280
66057,132114,198171,264228,330285
66058,132116,198174,264232,330290
66059,132118,198177,264236,330295
66060,132120,198180,264240,330300
66061,132122,198183,264244,330305
66062,132124,198186,264248,330310
66063,132126,198189,264252,330315
66064,132128,198192,264256,330320
66065,132130,198195,264260,330325
66066,132132,198198,264264,330330
66067,132134,198201,264268,330335
66068,132136,198204,264272,330340
66069,132138,198207,264276,330345
66070,132140,198210,264280,330350
66071,132142,198213,264284,330355
66072,132144,198216,264288,330360
66073,132146,198219,264292,330365
66074,132148,198222,264296,330370
66075,132150,198225,264300,330375
66076,132152,198228,264304,330380
66077,132154,198231,264308,330385
66078,132156,198234,264312,330390
66079,132158,198237,264316,330395
66080,132160,198240,264320,330400
66081,132162,198243,264324,330405
66082,132164,198246,264328,330410
66083,132166,198249,264332,330415
66084,132168,198252,264336,330420
66085,132170,198255,264340,330425
66086,132172,198258,264344,330430
66087,132174,198261,264348,330435
66088,132176,198264,264352,330440
66089,132178,198267,264356,330445
66090,132180,198270,264360,330450
66091,132182,198273,264364,330455
66092,132184,198276,264368,330460
66093,132186,198279,264372,330465
66094,132188,198282,264376,330470
66095,132190,198285,264380,330475
66096,132192,198288,264384,330480
66097,132194,198291,264388,330485
66098,132196,198294,264392,330490
66099,132198,198297,264396,330495
66100,132200,198300,264400,330500
66101,132202,198303,264404,330505
66102,132204,198306,264408,330510
66103,132206,198309,264412,330515
66104,132208,198312,264416,330520
66105,132210,198315,264420,330525
66106,132212,198318,264424,330530
66107,132214,198321,264428,330535
66108,132216,198324,264432,330540
66109,132218,198327,264436,330545
66110,132220,198330,264440,330550
66111,132222,198333,264444,330555
66112,132224,198336,264448,330560
66113,132226,198339,264452,330565
66114,132228,198342,264456,330570
66115,132230,198345,264460,330575
66116,132232,198348,264464,330580
66117,132234,198351,264468,330585
66118,132236,198354,264472,330590
66119,132238,198357,264476,330595
66120,132240,198360,264480,330600
66121,132242,198363,264484,330605
66122,132244,198366,264488,330610
66123,132246,198369,264492,330615
66124,132248,198372,264496,330620
66125,132250,198375,264500,330625
66126,132252,198378,264504,330630
66127,132254,198381,264508,330635
66128,132256,198384,264512,330640
66129,132258,198387,264516,330645
66130,132260,198390,264520,330650
66131,132262,198393,264524,330655
66132,132264,198396,264528,330660
66133,132266,198399,264532,330665
66134,132268,198402,264536,330670
66135,132270,198405,264540,330675
66136,132272,198408,264544,330680
66137,132274,198411,264548,330685
66138,132276,198414,264552,330690
66139,132278,198417,264556,330695
66140,132280,198420,264560,330700
66141,132282,198423,264564,330705
66142,132284,198426,264568,330710
66143,132286,198429,264572,330715
66144,132288,198432,264576,330720
66145,132290,198435,264580,330725
66146,132292,198438,264584,330730
66147,132294,198441,264588,330735
66148,132296,198444,264592,330740
66149,132298,198447,264596,330745
66150,132300,198450,264600,330750
66151,132302,198453,264604,330755
66152,132304,198456,264608,330760
66153,132306,198459,264612,330765
66154,132308,198462,264616,330770
66155,132310,198465,264620,330775
66156,132312,198468,264624,330780
66157,132314,198471,264628,330785
66158,132316,198474,264632,330790
66159,132318,198477,264636,330795
66160,132320,198480,264640,330800
66161,132322,198483,264644,330805
66162,132324,198486,264648,330810
66163,132326,198489,264652,330815
66164,132328,198492,264656,330820
66165,132330,198495,264660,330825
66166,132332,198498,264664,330830
66167,132334,198501,264668,330835
66168,132336,198504,264672,330840
66169,132338,198507,264676,330845
66170,132340,198510,264680,330850
66171,132342,198513,264684,330855
66172,132344,198516,264688,330860
66173,132346,198519,264692,330865
66174,132348,198522,264696,330870
66175,132350,198525,264700,330875
66176,132352,198528,264704,330880
66177,132354,198531,264708,330885
66178,132356,198534,264712,330890
66179,132358,198537,264716,330895
66180,132360,198540,264720,330900
66181,132362,198543,264724,330905
66182,132364,198546,264728,330910
66183,132366,198549,264732,330915
66184,132368,198552,264736,330920
66185,132370,198555,264740,330925
66186,132372,198558,264744,330930
66187,132374,198561,264748,330935
66188,132376,198564,264752,330940
66189,132378,198567,264756,330945
66190,132380,198570,264760,330950
66191,132382,198573,264764,330955
66192,132384,198576,264768,330960
66193,132386,198579,264772,330965
66194,132388,198582,264776,330970
66195,132390,198585,264780,330975
66196,132392,198588,264784,330980
66197,132394,198591,264788,330985
66198,132396,198594,264792,330990
66199,132398,198597,264796,330995
66200,132400,198600,264800,331000
66201,132402,198603,264804,331005
66202,132404,198606,264808,331010
66203,132406,198609,264812,331015
66204,132408,198612,264816,331020
66205,132410,198615,264820,331025
66206,132412,198618,264824,331030
66207,132414,198621,264828,331035
66208,132416,198624,264832,331040
66209,132418,198627,264836,331045
66210,132420,198630,264840,331050
66211,132422,198633,264844,331055
66212,132424,198636,264848,331060
66213,132426,198639,264852,331065
66214,132428,198642,264856,331070
66215,132430,198645,264860,331075
66216,132432,198648,264864,331080
66217,132434,198651,264868,331085
66218,132436,198654,264872,331090
66219,132438,198657,264876,331095
66220,132440,198660,264880,331100
66221,132442,198663,264884,331105
66222,132444,198666,264888,331110
66223,132446,198669,264892,331115
66224,132448,198672,264896,331120
66225,132450,198675,264900,331125
66226,132452,198678,264904,331130
66227,132454,198681,264908,331135
66228,132456,198684,264912,331140
66229,132458,198687,264916,331145
66230,132460,198690,264920,331150
66231,132462,198693,264924,331155
66232,132464,198696,264928,331160
66233,132466,198699,264932,331165
66234,132468,198702,264936,331170
66235,132470,198705,264940,331175
66236,132472,198708,264944,331180
66237,132474,198711,264948,331185
66238,132476,198714,264952,331190
66239,132478,198717,264956,331195
66240,132480,198720,264960,331200
66241,132482,198723,264964,331205
66242,132484,198726,264968,331210
66243,132486,198729,264972,331215
66244,132488,198732,264976,331220
66245,132490,198735,264980,331225
66246,132492,198738,264984,331230
66247,132494,198741,264988,331235
66248,132496,198744,264992,331240
66249,132498,198747,264996,331245
66250,132500,198750,265000,331250
66251,132502,198753,265004,331255
66252,132504,198756,265008,331260
66253,132506,198759,265012,331265
66254,132508,198762,265016,331270
66255,132510,198765,265020,331275
66256,132512,198768,265024,331280
66257,132514,198771,265028,331285
66258,132516,198774,265032,331290
66259,132518,198777,265036,331295
66260,132520,198780,265040,331300
66261,132522,198783,265044,331305
66262,132524,198786,265048,331310
66263,132526,198789,265052,331315
66264,132528,198792,265056,331320
66265,132530,198795,265060,331325
66266,132532,198798,265064,331330
66267,132534,198801,265068,331335
66268,132536,198804,265072,331340
66269,132538,198807,265076,331345
66270,132540,198810,265080,331350
66271,132542,198813,265084,331355
66272,132544,198816,265088,331360
66273,132546,198819,265092,331365
66274,132548,198822,265096,331370
66275,132550,198825,265100,331375
66276,132552,198828,265104,331380
66277,132554,198831,265108,331385
66278,132556,198834,265112,331390
66279,132558,198837,265116,331395
66280,132560,198840,265120,331400
66281,132562,198843,265124,331405
66282,132564,198846,265128,331410
66283,132566,198849,265132,331415
66284,132568,198852,265136,331420
66285,132570,198855,265140,331425
66286,132572,198858,265144,331430
66287,132574,198861,265148,331435
66288,132576,198864,265152,331440
66289,132578,198867,265156,331445
66290,132580,198870,265160,331450
66291,132582,198873,265164,331455
66292,132584,198876,265168,331460
66293,132586,198879,265172,331465
66294,132588,198882,265176,331470
66295,132590,198885,265180,331475
66296,132592,198888,265184,331480
66297,132594,198891,265188,331485
66298,132596,198894,265192,331490
66299,132598,198897,265196,331495
66300,132600,198900,265200,331500
66301,132602,198903,265204,331505
66302,132604,198906,265208,331510
66303,132606,198909,265212,331515
66304,132608,198912,265216,331520
66305,132610,198915,265220,331525
66306,132612,198918,265224,331530
66307,132614,198921,265228,331535
66308,132616,198924,265232,331540
66309,132618,198927,265236,331545
66310,132620,198930,265240,331550
66311,132622,198933,265244,331555
66312,132624,198936,265248,331560
66313,132626,198939,265252,331565
66314,132628,198942,265256,331570
66315,132630,198945,265260,331575
66316,132632,198948,265264,331580
66317,132634,198951,265268,331585
66318,132636,198954,265272,331590
66319,132638,198957,265276,331595
66320,132640,198960,265280,331600
66321,132642,198963,265284,331605
66322,132644,198966,265288,331610
66323,132646,198969,265292,331615
66324,132648,198972,265296,331620
66325,132650,198975,265300,331625
66326,132652,198978,265304,331630
66327,132654,198981,265308,331635
66328,132656,198984,265312,331640
66329,132658,198987,265316,331645
66330,132660,198990,265320,331650
66331,132662,198993,265324,331655
66332,132664,198996,265328,331660
66333,132666,198999,265332,331665
66334,132668,199002,265336,331670
66335,132670,199005,265340,331675
66336,132672,199008,265344,331680
66337,132674,199011,265348,331685
66338,132676,199014,265352,331690
66339,132678,199017,265356,331695
66340,132680,199020,265360,331700
66341,132682,199023,265364,331705
66342,132684,199026,265368,331710
66343,132686,199029,265372,331715
66344,132688,199032,265376,331720
66345,132690,199035,265380,331725
66346,132692,199038,265384,331730
66347,132694,199041,265388,331735
66348,132696,199044,265392,331740
66349,132698,199047,265396,331745
66350,132700,199050,265400,331750
66351,132702,199053,265404,331755
66352,132704,199056,265408,331760
66353,132706,199059,265412,331765
66354,132708,199062,265416,331770
66355,132710,199065,265420,331775
66356,132712,199068,265424,331780
66357,132714,199071,265428,331785
66358,132716,199074,265432,331790
66359,132718,199077,265436,331795
66360,132720,199080,265440,331800
66361,132722,199083,265444,331805
66362,132724,199086,265448,331810
66363,132726,199089,265452,331815
66364,132728,199092,265456,331820
66365,132730,199095,265460,331825
66366,132732,199098,265464,331830
66367,132734,199101,265468,331835
66368,132736,199104,265472,331840
66369,132738,199107,265476,331845
66370,132740,199110,265480,331850
66371,132742,199113,265484,331855
66372,132744,199116,265488,331860
66373,132746,199119,265492,331865
66374,132748,199122,265496,331870
66375,132750,199125,265500,331875
66376,132752,199128,265504,331880
66377,132754,199131,265508,331885
66378,132756,199134,265512,331890
66379,132758,199137,265516,331895
66380,132760,199140,265520,331900
66381,132762,199143,265524,331905
66382,132764,199146,265528,331910
66383,132766,199149,265532,331915
66384,132768,199152,265536,331920
66385,132770,199155,265540,331925
66386,132772,199158,265544,331930
66387,132774,199161,265548,331935
66388,132776,199164,265552,331940
66389,132778,199167,265556,331945
66390,132780,199170,265560,331950
66391,132782,199173,265564,331955
66392,132784,199176,265568,331960
66393,132786,199179,265572,331965
66394,132788,199182,265576,331970
66395,132790,199185,265580,331975
66396,132792,199188,265584,331980
66397,132794,199191,265588,331985
66398,132796,199194,265592,331990
66399,132798,199197,265596,331995
66400,132800,199200,265600,332000
66401,132802,199203,265604,332005
66402,132804,199206,265608,332010
66403,132806,199209,265612,332015
66404,132808,199212,265616,332020
66405,132810,199215,265620,332025
66406,132812,199218,265624,332030
66407,132814,199221,265628,332035
66408,132816,199224,265632,332040
66409,132818,199227,265636,332045
66410,132820,199230,265640,332050
66411,132822,199233,265644,332055
66412,132824,199236,265648,332060
66413,132826,199239,265652,332065
66414,132828,199242,265656,332070
66415,132830,199245,265660,332075
66416,132832,199248,265664,332080
66417,132834,199251,265668,332085
66418,132836,199254,265672,332090
66419,132838,199257,265676,332095
66420,132840,199260,265680,332100
66421,132842,199263,265684,332105
66422,132844,199266,265688,332110
66423,132846,199269,265692,332115
66424,132848,199272,265696,332120
66425,132850,199275,265700,332125
66426,132852,199278,265704,332130
66427,132854,199281,265708,332135
66428,132856,199284,265712,332140
66429,132858,199287,265716,332145
66430,132860,199290,265720,332150
66431,132862,199293,265724,332155
66432,132864,199296,265728,332160
66433,132866,199299,265732,332165
66434,132868,199302,265736,332170
66435,132870,199305,265740,332175
66436,132872,199308,265744,332180
66437,132874,199311,265748,332185
66438,132876,199314,265752,332190
66439,132878,199317,265756,332195
66440,132880,199320,265760,332200
66441,132882,199323,265764,332205
66442,132884,199326,265768,332210
66443,132886,199329,265772,332215
66444,132888,199332,265776,332220
66445,132890,199335,265780,332225
66446,132892,199338,265784,332230
66447,132894,199341,265788,332235
66448,132896,199344,265792,332240
66449,132898,199347,265796,332245
66450,132900,199350,265800,332250
66451,132902,199353,265804,332255
66452,132904,199356,265808,332260
66453,132906,199359,265812,332265
66454,132908,199362,265816,332270
66455,132910,199365,265820,332275
66456,132912,199368,265824,332280
66457,132914,199371,265828,332285
66458,132916,199374,265832,332290
66459,132918,199377,265836,332295
66460,132920,199380,265840,332300
66461,132922,199383,265844,332305
66462,132924,199386,265848,332310
66463,132926,199389,265852,332315
66464,132928,199392,265856,332320
66465,132930,199395,265860,332325
66466,132932,199398,265864,332330
66467,132934,199401,265868,332335
66468,132936,199404,265872,332340
66469,132938,199407,265876,332345
66470,132940,199410,265880,332350
66471,132942,199413,265884,332355
66472,132944,199416,265888,332360
66473,132946,199419,265892,332365
66474,132948,199422,265896,332370
66475,132950,199425,265900,332375
66476,132952,199428,265904,332380
66477,132954,199431,265908,332385
66478,132956,199434,265912,332390
66479,132958,199437,265916,332395
66480,132960,199440,265920,332400
66481,132962,199443,265924,332405
66482,132964,199446,265928,332410
66483,132966,199449,265932,332415
66484,132968,199452,265936,332420
66485,132970,199455,265940,332425
66486,132972,199458,265944,332430
66487,132974,199461,265948,332435
66488,132976,199464,265952,332440
66489,132978,199467,265956,332445
66490,132980,199470,265960,332450
66491,132982,199473,265964,332455
66492,132984,199476,265968,332460
66493,132986,199479,265972,332465
66494,132988,199482,265976,332470
66495,132990,199485,265980,332475
66496,132992,199488,265984,332480
66497,132994,199491,265988,332485
66498,132996,199494,265992,332490
66499,132998,199497,265996,332495
66500,133000,199500,266000,332500
66501,133002,199503,266004,332505
66502,133004,199506,266008,332510
66503,133006,199509,266012,332515
66504,133008,199512,266016,332520
66505,133010,199515,266020,332525
66506,133012,199518,266024,332530
66507,133014,199521,266028,332535
66508,133016,199524,266032,332540
66509,133018,199527,266036,332545
66510,133020,199530,266040,332550
66511,133022,199533,266044,332555
66512,133024,199536,266048,332560
66513,133026,199539,266052,332565
66514,133028,199542,266056,332570
66515,133030,199545,266060,332575
66516,133032,199548,266064,332580
66517,133034,199551,266068,332585
66518,133036,199554,266072,332590
66519,133038,199557,266076,332595
66520,133040,199560,266080,332600
66521,133042,199563,266084,332605
66522,133044,199566,266088,332610
66523,133046,199569,266092,332615
66524,133048,199572,266096,332620
66525,133050,199575,266100,332625
66526,133052,199578,266104,332630
66527,133054,199581,266108,332635
66528,133056,199584,266112,332640
66529,133058,199587,266116,332645
66530,133060,199590,266120,332650
66531,133062,199593,266124,332655
66532,133064,199596,266128,332660
66533,133066,199599,266132,332665
66534,133068,199602,266136,332670
66535,133070,199605,266140,332675
66536,133072,199608,266144,332680
66537,133074,199611,266148,332685
66538,133076,199614,266152,332690
66539,133078,199617,266156,332695
66540,133080,199620,266160,332700
66541,133082,199623,266164,332705
66542,133084,199626,266168,332710
66543,133086,199629,266172,332715
66544,133088,199632,266176,332720
66545,133090,199635,266180,332725
66546,133092,199638,266184,332730
66547,133094,199641,266188,332735
66548,133096,199644,266192,332740
66549,133098,199647,266196,332745
66550,133100,199650,266200,332750
66551,133102,199653,266204,332755
66552,133104,199656,266208,332760
66553,133106,199659,266212,332765
66554,133108,199662,266216,332770
66555,133110,199665,266220,332775
66556,133112,199668,266224,332780
66557,133114,199671,266228,332785
66558,133116,199674,266232,332790
66559,133118,199677,266236,332795
66560,133120,199680,266240,332800
66561,133122,199683,266244,332805
66562,133124,199686,266248,332810
66563,133126,199689,266252,332815
66564,133128,199692,266256,332820
66565,133130,199695,266260,332825
66566,133132,199698,266264,332830
66567,133134,199701,266268,332835
66568,133136,199704,266272,332840
66569,133138,199707,266276,332845
66570,133140,199710,266280,332850
66571,133142,199713,266284,332855
66572,133144,199716,266288,332860
66573,133146,199719,266292,332865
66574,133148,199722,266296,332870
66575,133150,199725,266300,332875
66576,133152,199728,266304,332880
66577,133154,199731,266308,332885
66578,133156,199734,266312,332890
66579,133158,199737,266316,332895
66580,133160,199740,266320,332900
66581,133162,199743,266324,332905
66582,133164,199746,266328,332910
66583,133166,199749,266332,332915
66584,133168,199752,266336,332920
66585,133170,199755,266340,332925
66586,133172,199758,266344,332930
66587,133174,199761,266348,332935
66588,133176,199764,266352,332940
66589,133178,199767,266356,332945
66590,133180,199770,266360,332950
66591,133182,199773,266364,332955
66592,133184,199776,266368,332960
66593,133186,199779,266372,332965
66594,133188,199782,266376,332970
66595,133190,199785,266380,332975
66596,133192,199788,266384,332980
66597,133194,199791,266388,332985
66598,133196,199794,266392,332990
66599,133198,199797,266396,332995
66600,133200,199800,266400,333000
66601,133202,199803,266404,333005
66602,133204,199806,266408,333010
66603,133206,199809,266412,333015
66604,133208,199812,266416,333020
66605,133210,199815,266420,333025
66606,133212,199818,266424,333030
66607,133214,199821,266428,333035
66608,133216,199824,266432,333040
66609,133218,199827,266436,333045
66610,133220,199830,266440,333050
66611,133222,199833,266444,333055
66612,133224,199836,266448,333060
66613,133226,199839,266452,333065
66614,133228,199842,266456,333070
66615,133230,199845,266460,333075
66616,133232,199848,266464,333080
66617,133234,199851,266468,333085
66618,133236,199854,266472,333090
66619,133238,199857,266476,333095
66620,133240,199860,266480,333100
66621,133242,199863,266484,333105
66622,133244,199866,266488,333110
66623,133246,199869,266492,333115
66624,133248,199872,266496,333120
66625,133250,199875,266500,333125
66626,133252,199878,266504,333130
66627,133254,199881,266508,333135
66628,133256,199884,266512,333140
66629,133258,199887,266516,333145
66630,133260,199890,266520,333150
66631,133262,199893,266524,333155
66632,133264,199896,266528,333160
66633,133266,199899,266532,333165
66634,133268,199902,266536,333170
66635,133270,199905,266540,333175
66636,133272,199908,266544,333180
66637,133274,199911,266548,333185
66638,133276,199914,266552,333190
66639,133278,199917,266556,333195
66640,133280,199920,266560,333200
66641,133282,199923,266564,333205
66642,133284,199926,266568,333210
66643,133286,199929,266572,333215
66644,133288,199932,266576,333220
66645,133290,199935,266580,333225
66646,133292,199938,266584,333230
66647,133294,199941,266588,333235
66648,133296,199944,266592,333240
66649,133298,199947,266596,333245
66650,133300,199950,266600,333250
66651,133302,199953,266604,333255
66652,133304,199956,266608,333260
66653,133306,199959,266612,333265
66654,133308,199962,266616,333270
66655,133310,199965,266620,333275
66656,133312,199968,266624,333280
66657,133314,199971,266628,333285
66658,133316,199974,266632,333290
66659,133318,199977,266636,333295
66660,133320,199980,266640,333300
66661,133322,199983,266644,333305
66662,133324,199986,266648,333310
66663,133326,199989,266652,333315
66664,133328,199992,266656,333320
66665,133330,199995,266660,333325
66666,133332,199998,266664,333330
66667,133334,200001,266668,333335
66668,133336,200004,266672,333340
66669,133338,200007,266676,333345
66670,133340,200010,266680,333350
66671,133342,200013,266684,333355
66672,133344,200016,266688,333360
66673,133346,200019,266692,333365
66674,133348,200022,266696,333370
66675,133350,200025,266700,333375
66676,133352,200028,266704,333380
66677,133354,200031,266708,333385
66678,133356,200034,266712,333390
66679,133358,200037,266716,333395
66680,133360,200040,266720,333400
66681,133362,200043,266724,333405
66682,133364,200046,266728,333410
66683,133366,200049,266732,333415
66684,133368,200052,266736,333420
66685,133370,200055,266740,333425
66686,133372,200058,266744,333430
66687,133374,200061,266748,333435
66688,133376,200064,266752,333440
66689,133378,200067,266756,333445
66690,133380,200070,266760,333450
66691,133382,200073,266764,333455
66692,133384,200076,266768,333460
66693,133386,200079,266772,333465
66694,133388,200082,266776,333470
66695,133390,200085,266780,333475
66696,133392,200088,266784,333480
66697,133394,200091,266788,333485
66698,133396,200094,266792,333490
66699,133398,200097,266796,333495
66700,133400,200100,266800,333500
66701,133402,200103,266804,333505
66702,133404,200106,266808,333510
66703,133406,200109,266812,333515
66704,133408,200112,266816,333520
66705,133410,200115,266820,333525
66706,133412,200118,266824,333530
66707,133414,200121,266828,333535
66708,133416,200124,266832,333540
66709,133418,200127,266836,333545
66710,133420,200130,266840,333550
66711,133422,200133,266844,333555
66712,133424,200136,266848,333560
66713,133426,200139,266852,333565
66714,133428,200142,266856,333570
66715,133430,200145,266860,333575
66716,133432,200148,266864,333580
66717,133434,200151,266868,333585
66718,133436,200154,266872,333590
66719,133438,200157,266876,333595
66720,133440,200160,266880,333600
66721,133442,200163,266884,333605
66722,133444,200166,266888,333610
66723,133446,200169,266892,333615
66724,133448,200172,266896,333620
66725,133450,200175,266900,333625
66726,133452,200178,266904,333630
66727,133454,200181,266908,333635
66728,133456,200184,266912,333640
66729,133458,200187,266916,333645
66730,133460,200190,266920,333650
66731,133462,200193,266924,333655
66732,133464,200196,266928,333660
66733,133466,200199,266932,333665
66734,133468,200202,266936,333670
66735,133470,200205,266940,333675
66736,133472,200208,266944,333680
66737,133474,200211,266948,333685
66738,133476,200214,266952,333690
66739,133478,200217,266956,333695
66740,133480,200220,266960,333700
66741,133482,200223,266964,333705
66742,133484,200226,266968,333710
66743,133486,200229,266972,333715
66744,133488,200232,266976,333720
66745,133490,200235,266980,333725
66746,133492,200238,266984,333730
66747,133494,200241,266988,333735
66748,133496,200244,266992,333740
66749,133498,200247,266996,333745
66750,133500,200250,267000,333750
66751,133502,200253,267004,333755
66752,133504,200256,267008,333760
66753,133506,200259,267012,333765
66754,133508,200262,267016,333770
66755,133510,200265,267020,333775
66756,133512,200268,267024,333780
66757,133514,200271,267028,333785
66758,133516,200274,267032,333790
66759,133518,200277,267036,333795
66760,133520,200280,267040,333800
66761,133522,200283,267044,333805
66762,133524,200286,267048,333810
66763,133526,200289,267052,333815
66764,133528,200292,267056,333820
66765,133530,200295,267060,333825
66766,133532,200298,267064,333830
66767,133534,200301,267068,333835
66768,133536,200304,267072,333840
66769,133538,200307,267076,333845
66770,133540,200310,267080,333850
66771,133542,200313,267084,333855
66772,133544,200316,267088,333860
66773,133546,200319,267092,333865
66774,133548,200322,267096,333870
66775,133550,200325,267100,333875
66776,133552,200328,267104,333880
66777,133554,200331,267108,333885
66778,133556,200334,267112,333890
66779,133558,200337,267116,333895
66780,133560,200340,267120,333900
66781,133562,200343,267124,333905
66782,133564,200346,267128,333910
66783,133566,200349,267132,333915
66784,133568,200352,267136,333920
66785,133570,200355,267140,333925
66786,133572,200358,267144,333930
66787,133574,200361,267148,333935
66788,133576,200364,267152,333940
66789,133578,200367,267156,333945
66790,133580,200370,267160,333950
66791,133582,200373,267164,333955
66792,133584,200376,267168,333960
66793,133586,200379,267172,333965
66794,133588,200382,267176,333970
66795,133590,200385,267180,333975
66796,133592,200388,267184,333980
66797,133594,200391,267188,333985
66798,133596,200394,267192,333990
66799,133598,200397,267196,333995
66800,133600,200400,267200,334000
66801,133602,200403,267204,334005
66802,133604,200406,267208,334010
66803,133606,200409,267212,334015
66804,133608,200412,267216,334020
66805,133610,200415,267220,334025
66806,133612,200418,267224,334030
66807,133614,200421,267228,334035
66808,133616,200424,267232,334040
66809,133618,200427,267236,334045
66810,133620,200430,267240,334050
66811,133622,200433,267244,334055
66812,133624,200436,267248,334060
66813,133626,200439,267252,334065
66814,133628,200442,267256,334070
66815,133630,200445,267260,334075
66816,133632,200448,267264,334080
66817,133634,200451,267268,334085
66818,133636,200454,267272,334090
66819,133638,200457,267276,334095
66820,133640,200460,267280,334100
66821,133642,200463,267284,334105
66822,133644,200466,267288,334110
66823,133646,200469,267292,334115
66824,133648,200472,267296,334120
66825,133650,200475,267300,334125
66826,133652,200478,267304,334130
66827,133654,200481,267308,334135
66828,133656,200484,267312,334140
66829,133658,200487,267316,334145
66830,133660,200490,267320,334150
66831,133662,200493,267324,334155
66832,133664,200496,267328,334160
66833,133666,200499,267332,334165
66834,133668,200502,267336,334170
66835,133670,200505,267340,334175
66836,133672,200508,267344,334180
66837,133674,200511,267348,334185
66838,133676,200514,267352,334190
66839,133678,200517,267356,334195
66840,133680,200520,267360,334200
66841,133682,200523,267364,334205
66842,133684,200526,267368,334210
66843,133686,200529,267372,334215
66844,133688,200532,267376,334220
66845,133690,200535,267380,334225
66846,133692,200538,267384,334230
66847,133694,200541,267388,334235
66848,133696,200544,267392,334240
66849,133698,200547,267396,334245
66850,133700,200550,267400,334250
66851,133702,200553,267404,334255
66852,133704,200556,267408,334260
66853,133706,200559,267412,334265
66854,133708,200562,267416,334270
66855,133710,200565,267420,334275
66856,133712,200568,267424,334280
66857,133714,200571,267428,334285
66858,133716,200574,267432,334290
66859,133718,200577,267436,334295
66860,133720,200580,267440,334300
66861,133722,200583,267444,334305
66862,133724,200586,267448,334310
66863,133726,200589,267452,334315
66864,133728,200592,267456,334320
66865,133730,200595,267460,334325
66866,133732,200598,267464,334330
66867,133734,200601,267468,334335
66868,133736,200604,267472,334340
66869,133738,200607,267476,334345
66870,133740,200610,267480,334350
66871,133742,200613,267484,334355
66872,133744,200616,267488,334360
66873,133746,200619,267492,334365
66874,133748,200622,267496,334370
66875,133750,200625,267500,334375
66876,133752,200628,267504,334380
66877,133754,200631,267508,334385
66878,133756,200634,267512,334390
66879,133758,200637,267516,334395
66880,133760,200640,267520,334400
66881,133762,200643,267524,334405
66882,133764,200646,267528,334410
66883,133766,200649,267532,334415
66884,133768,200652,267536,334420
66885,133770,200655,267540,334425
66886,133772,200658,267544,334430
66887,133774,200661,267548,334435
66888,133776,200664,267552,334440
66889,133778,200667,267556,334445
66890,133780,200670,267560,334450
66891,133782,200673,267564,334455
66892,133784,200676,267568,334460
66893,133786,200679,267572,334465
66894,133788,200682,267576,334470
66895,133790,200685,267580,334475
66896,133792,200688,267584,334480
66897,133794,200691,267588,334485
66898,133796,200694,267592,334490
66899,133798,200697,267596,334495
66900,133800,200700,267600,334500
66901,133802,200703,267604,334505
66902,133804,200706,267608,334510
66903,133806,200709,267612,334515
66904,133808,200712,267616,334520
66905,133810,200715,267620,334525
66906,133812,200718,267624,334530
66907,133814,200721,267628,334535
66908,133816,200724,267632,334540
66909,133818,200727,267636,334545
66910,133820,200730,267640,334550
66911,133822,200733,267644,334555
66912,133824,200736,267648,334560
66913,133826,200739,267652,334565
66914,133828,200742,267656,334570
66915,133830,200745,267660,334575
66916,133832,200748,267664,334580
66917,133834,200751,267668,334585
66918,133836,200754,267672,334590
66919,133838,200757,267676,334595
66920,133840,200760,267680,334600
66921,133842,200763,267684,334605
66922,133844,200766,267688,334610
66923,133846,200769,267692,334615
66924,133848,200772,267696,334620
66925,133850,200775,267700,334625
66926,133852,200778,267704,334630
66927,133854,200781,267708,334635
66928,133856,200784,267712,334640
66929,133858,200787,267716,334645
66930,133860,200790,267720,334650
66931,133862,200793,267724,334655
66932,133864,200796,267728,334660
66933,133866,200799,267732,334665
66934,133868,200802,267736,334670
66935,133870,200805,267740,334675
66936,133872,200808,267744,334680
66937,133874,200811,267748,334685
66938,133876,200814,267752,334690
66939,133878,200817,267756,334695
66940,133880,200820,267760,334700
66941,133882,200823,267764,334705
66942,133884,200826,267768,334710
66943,133886,200829,267772,334715
66944,133888,200832,267776,334720
66945,133890,200835,267780,334725
66946,133892,200838,267784,334730
66947,133894,200841,267788,334735
66948,133896,200844,267792,334740
66949,133898,200847,267796,334745
66950,133900,200850,267800,334750
66951,133902,200853,267804,334755
66952,133904,200856,267808,334760
66953,133906,200859,267812,334765
66954,133908,200862,267816,334770
66955,133910,200865,267820,334775
66956,133912,200868,267824,334780
66957,133914,200871,267828,334785
66958,133916,200874,267832,334790
66959,133918,200877,267836,334795
66960,133920,200880,267840,334800
66961,133922,200883,267844,334805
66962,133924,200886,267848,334810
66963,133926,200889,267852,334815
66964,133928,200892,267856,334820
66965,133930,200895,267860,334825
66966,133932,200898,267864,334830
66967,133934,200901,267868,334835
66968,133936,200904,267872,334840
66969,133938,200907,267876,334845
66970,133940,200910,267880,334850
66971,133942,200913,267884,334855
66972,133944,200916,267888,334860
66973,133946,200919,267892,334865
66974,133948,200922,267896,334870
66975,133950,200925,267900,334875
66976,133952,200928,267904,334880
66977,133954,200931,267908,334885
66978,133956,200934,267912,334890
66979,133958,200937,267916,334895
66980,133960,200940,267920,334900
66981,133962,200943,267924,334905
66982,133964,200946,267928,334910
66983,133966,200949,267932,334915
66984,133968,200952,267936,334920
66985,133970,200955,267940,334925
66986,133972,200958,267944,334930
66987,133974,200961,267948,334935
66988,133976,200964,267952,334940
66989,133978,200967,267956,334945
66990,133980,200970,267960,334950
66991,133982,200973,267964,334955
66992,133984,200976,267968,334960
66993,133986,200979,267972,334965
66994,133988,200982,267976,334970
66995,133990,200985,267980,334975
66996,133992,200988,267984,334980
66997,133994,200991,267988,334985
66998,133996,200994,267992,334990
66999,133998,200997,267996,334995
67000,134000,201000,268000,335000
67001,134002,201003,268004,335005
67002,134004,201006,268008,335010
67003,134006,201009,268012,335015
67004,134008,201012,268016,335020
67005,134010,201015,268020,335025
67006,134012,201018,268024,335030
67007,134014,201021,268028,335035
67008,134016,201024,268032,335040
67009,134018,201027,268036,335045
67010,134020,201030,268040,335050
67011,134022,201033,268044,335055
67012,134024,201036,268048,335060
67013,134026,201039,268052,335065
67014,134028,201042,268056,335070
67015,134030,201045,268060,335075
67016,134032,201048,268064,335080
67017,134034,201051,268068,335085
67018,134036,201054,268072,335090
67019,134038,201057,268076,335095
67020,134040,201060,268080,335100
67021,134042,201063,268084,335105
67022,134044,201066,268088,335110
67023,134046,201069,268092,335115
67024,134048,201072,268096,335120
67025,134050,201075,268100,335125
67026,134052,201078,268104,335130
67027,134054,201081,268108,335135
67028,134056,201084,268112,335140
67029,134058,201087,268116,335145
67030,134060,201090,268120,335150
67031,134062,201093,268124,335155
67032,134064,201096,268128,335160
67033,134066,201099,268132,335165
67034,134068,201102,268136,335170
67035,134070,201105,268140,335175
67036,134072,201108,268144,335180
67037,134074,201111,268148,335185
67038,134076,201114,268152,335190
67039,134078,201117,268156,335195
67040,134080,201120,268160,335200
67041,134082,201123,268164,335205
67042,134084,201126,268168,335210
67043,134086,201129,268172,335215
67044,134088,201132,268176,335220
67045,134090,201135,268180,335225
67046,134092,201138,268184,335230
67047,134094,201141,268188,335235
67048,134096,201144,268192,335240
67049,134098,201147,268196,335245
67050,134100,201150,268200,335250
67051,134102,201153,268204,335255
67052,134104,201156,268208,335260
67053,134106,201159,268212,335265
67054,134108,201162,268216,335270
67055,134110,201165,268220,335275
67056,134112,201168,268224,335280
67057,134114,201171,268228,335285
67058,134116,201174,268232,335290
67059,134118,201177,268236,335295
67060,134120,201180,268240,335300
67061,134122,201183,268244,335305
67062,134124,201186,268248,335310
67063,134126,201189,268252,335315
67064,134128,201192,268256,335320
67065,134130,201195,268260,335325
67066,134132,201198,268264,335330
67067,134134,201201,268268,335335
67068,134136,201204,268272,335340
67069,134138,201207,268276,335345
67070,134140,201210,268280,335350
67071,134142,201213,268284,335355
67072,134144,201216,268288,335360
67073,134146,201219,268292,335365
67074,134148,201222,268296,335370
67075,134150,201225,268300,335375
67076,134152,201228,268304,335380
67077,134154,201231,268308,335385
67078,134156,201234,268312,335390
67079,134158,201237,268316,335395
67080,134160,201240,268320,335400
67081,134162,201243,268324,335405
67082,134164,201246,268328,335410
67083,134166,201249,268332,335415
67084,134168,201252,268336,335420
67085,134170,201255,268340,335425
67086,134172,201258,268344,335430
67087,134174,201261,268348,335435
67088,134176,201264,268352,335440
67089,134178,201267,268356,335445
67090,134180,201270,268360,335450
67091,134182,201273,268364,335455
67092,134184,201276,268368,335460
67093,134186,201279,268372,335465
67094,134188,201282,268376,335470
67095,134190,201285,268380,335475
67096,134192,201288,268384,335480
67097,134194,201291,268388,335485
67098,134196,201294,268392,335490
67099,134198,201297,268396,335495
67100,134200,201300,268400,335500
67101,134202,201303,268404,335505
67102,134204,201306,268408,335510
67103,134206,201309,268412,335515
67104,134208,201312,268416,335520
67105,134210,201315,268420,335525
67106,134212,201318,268424,335530
67107,134214,201321,268428,335535
67108,134216,201324,268432,335540
67109,134218,201327,268436,335545
67110,134220,201330,268440,335550
67111,134222,201333,268444,335555
67112,134224,201336,268448,335560
67113,134226,201339,268452,335565
67114,134228,201342,268456,335570
67115,134230,201345,268460,335575
67116,134232,201348,268464,335580
67117,134234,201351,268468,335585
67118,134236,201354,268472,335590
67119,134238,201357,268476,335595
67120,134240,201360,268480,335600
67121,134242,201363,268484,335605
67122,134244,201366,268488,335610
67123,134246,201369,268492,335615
67124,134248,201372,268496,335620
67125,134250,201375,268500,335625
67126,134252,201378,268504,335630
67127,134254,201381,268508,335635
67128,134256,201384,268512,335640
67129,134258,201387,268516,335645
67130,134260,201390,268520,335650
67131,134262,201393,268524,335655
67132,134264,201396,268528,335660
67133,134266,201399,268532,335665
67134,134268,201402,268536,335670
67135,134270,201405,268540,335675
67136,134272,201408,268544,335680
67137,134274,201411,268548,335685
67138,134276,201414,268552,335690
67139,134278,201417,268556,335695
67140,134280,201420,268560,335700
67141,134282,201423,268564,335705
67142,134284,201426,268568,335710
67143,134286,201429,268572,335715
67144,134288,201432,268576,335720
67145,134290,201435,268580,335725
67146,134292,201438,268584,335730
67147,134294,201441,268588,335735
67148,134296,201444,268592,335740
67149,134298,201447,268596,335745
67150,134300,201450,268600,335750
67151,134302,201453,268604,335755
67152,134304,201456,268608,335760
67153,134306,201459,268612,335765
67154,134308,201462,268616,335770
67155,134310,201465,268620,335775
67156,134312,201468,268624,335780
67157,134314,201471,268628,335785
67158,134316,201474,268632,335790
67159,134318,201477,268636,335795
67160,134320,201480,268640,335800
67161,134322,201483,268644,335805
67162,134324,201486,268648,335810
67163,134326,201489,268652,335815
67164,134328,201492,268656,335820
67165,134330,201495,268660,335825
67166,134332,201498,268664,335830
67167,134334,201501,268668,335835
67168,134336,201504,268672,335840
67169,134338,201507,268676,335845
67170,134340,201510,268680,335850
67171,134342,201513,268684,335855
67172,134344,201516,268688,335860
67173,134346,201519,268692,335865
67174,134348,201522,268696,335870
67175,134350,201525,268700,335875
67176,134352,201528,268704,335880
67177,134354,201531,268708,335885
67178,134356,201534,268712,335890
67179,134358,201537,268716,335895
67180,134360,201540,268720,335900
67181,134362,201543,268724,335905
67182,134364,201546,268728,335910
67183,134366,201549,268732,335915
67184,134368,201552,268736,335920
67185,134370,201555,268740,335925
67186,134372,201558,268744,335930
67187,134374,201561,268748,335935
67188,134376,201564,268752,335940
67189,134378,201567,268756,335945
67190,134380,201570,268760,335950
67191,134382,201573,268764,335955
67192,134384,201576,268768,335960
67193,134386,201579,268772,335965
67194,134388,201582,268776,335970
67195,134390,201585,268780,335975
67196,134392,201588,268784,335980
67197,134394,201591,268788,335985
67198,134396,201594,268792,335990
67199,134398,201597,268796,335995
67200,134400,201600,268800,336000
67201,134402,201603,268804,336005
67202,134404,201606,268808,336010
67203,134406,201609,268812,336015
67204,134408,201612,268816,336020
67205,134410,201615,268820,336025
67206,134412,201618,268824,336030
67207,134414,201621,268828,336035
67208,134416,201624,268832,336040
67209,134418,201627,268836,336045
67210,134420,201630,268840,336050
67211,134422,201633,268844,336055
67212,134424,201636,268848,336060
67213,134426,201639,268852,336065
67214,134428,201642,268856,336070
67215,134430,201645,268860,336075
67216,134432,201648,268864,336080
67217,134434,201651,268868,336085
67218,134436,201654,268872,336090
67219,134438,201657,268876,336095
67220,134440,201660,268880,336100
67221,134442,201663,268884,336105
67222,134444,201666,268888,336110
67223,134446,201669,268892,336115
67224,134448,201672,268896,336120
67225,134450,201675,268900,336125
67226,134452,201678,268904,336130
67227,134454,201681,268908,336135
67228,134456,201684,268912,336140
67229,134458,201687,268916,336145
67230,134460,201690,268920,336150
67231,134462,201693,268924,336155
67232,134464,201696,268928,336160
67233,134466,201699,268932,336165
67234,134468,201702,268936,336170
67235,134470,201705,268940,336175
67236,134472,201708,268944,336180
67237,134474,201711,268948,336185
67238,134476,201714,268952,336190
67239,134478,201717,268956,336195
67240,134480,201720,268960,336200
67241,134482,201723,268964,336205
67242,134484,201726,268968,336210
67243,134486,201729,268972,336215
67244,134488,201732,268976,336220
67245,134490,201735,268980,336225
67246,134492,201738,268984,336230
67247,134494,201741,268988,336235
67248,134496,201744,268992,336240
67249,134498,201747,268996,336245
67250,134500,201750,269000,336250
67251,134502,201753,269004,336255
67252,134504,201756,269008,336260
67253,134506,201759,269012,336265
67254,134508,201762,269016,336270
67255,134510,201765,269020,336275
67256,134512,201768,269024,336280
67257,134514,201771,269028,336285
67258,134516,201774,269032,336290
67259,134518,201777,269036,336295
67260,134520,201780,269040,336300
67261,134522,201783,269044,336305
67262,134524,201786,269048,336310
67263,134526,201789,269052,336315
67264,134528,201792,269056,336320
67265,134530,201795,269060,336325
67266,134532,201798,269064,336330
67267,134534,201801,269068,336335
67268,134536,201804,269072,336340
67269,134538,201807,269076,336345
67270,134540,201810,269080,336350
67271,134542,201813,269084,336355
67272,134544,201816,269088,336360
67273,134546,201819,269092,336365
67274,134548,201822,269096,336370
67275,134550,201825,269100,336375
67276,134552,201828,269104,336380
67277,134554,201831,269108,336385
67278,134556,201834,269112,336390
67279,134558,201837,269116,336395
67280,134560,201840,269120,336400
67281,134562,201843,269124,336405
67282,134564,201846,269128,336410
67283,134566,201849,269132,336415
67284,134568,201852,269136,336420
67285,134570,201855,269140,336425
67286,134572,201858,269144,336430
67287,134574,201861,269148,336435
67288,134576,201864,269152,336440
67289,134578,201867,269156,336445
67290,134580,201870,269160,336450
67291,134582,201873,269164,336455
67292,134584,201876,269168,336460
67293,134586,201879,269172,336465
67294,134588,201882,269176,336470
67295,134590,201885,269180,336475
67296,134592,201888,269184,336480
67297,134594,201891,269188,336485
67298,134596,201894,269192,336490
67299,134598,201897,269196,336495
67300,134600,201900,269200,336500
67301,134602,201903,269204,336505
67302,134604,201906,269208,336510
67303,134606,201909,269212,336515
67304,134608,201912,269216,336520
67305,134610,201915,269220,336525
67306,134612,201918,269224,336530
67307,134614,201921,269228,336535
67308,134616,201924,269232,336540
67309,134618,201927,269236,336545
67310,134620,201930,269240,336550
67311,134622,201933,269244,336555
67312,134624,201936,269248,336560
67313,134626,201939,269252,336565
67314,134628,201942,269256,336570
67315,134630,201945,269260,336575
67316,134632,201948,269264,336580
67317,134634,201951,269268,336585
67318,134636,201954,269272,336590
67319,134638,201957,269276,336595
67320,134640,201960,269280,336600
67321,134642,201963,269284,336605
67322,134644,201966,269288,336610
67323,134646,201969,269292,336615
67324,134648,201972,269296,336620
67325,134650,201975,269300,336625
67326,134652,201978,269304,336630
67327,134654,201981,269308,336635
67328,134656,201984,269312,336640
67329,134658,201987,269316,336645
67330,134660,201990,269320,336650
67331,134662,201993,269324,336655
67332,134664,201996,269328,336660
67333,134666,201999,269332,336665
67334,134668,202002,269336,336670
67335,134670,202005,269340,336675
67336,134672,202008,269344,336680
67337,134674,202011,269348,336685
67338,134676,202014,269352,336690
67339,134678,202017,269356,336695
67340,134680,202020,269360,336700
67341,134682,202023,269364,336705
67342,134684,202026,269368,336710
67343,134686,202029,269372,336715
67344,134688,202032,269376,336720
67345,134690,202035,269380,336725
67346,134692,202038,269384,336730
67347,134694,202041,269388,336735
67348,134696,202044,269392,336740
67349,134698,202047,269396,336745
67350,134700,202050,269400,336750
67351,134702,202053,269404,336755
67352,134704,202056,269408,336760
67353,134706,202059,269412,336765
67354,134708,202062,269416,336770
67355,134710,202065,269420,336775
67356,134712,202068,269424,336780
67357,134714,202071,269428,336785
67358,134716,202074,269432,336790
67359,134718,202077,269436,336795
67360,134720,202080,269440,336800
67361,134722,202083,269444,336805
67362,134724,202086,269448,336810
67363,134726,202089,269452,336815
67364,134728,202092,269456,336820
67365,134730,202095,269460,336825
67366,134732,202098,269464,336830
67367,134734,202101,269468,336835
67368,134736,202104,269472,336840
67369,134738,202107,269476,336845
67370,134740,202110,269480,336850
67371,134742,202113,269484,336855
67372,134744,202116,269488,336860
67373,134746,202119,269492,336865
67374,134748,202122,269496,336870
67375,134750,202125,269500,336875
67376,134752,202128,269504,336880
67377,134754,202131,269508,336885
67378,134756,202134,269512,336890
67379,134758,202137,269516,336895
67380,134760,202140,269520,336900
67381,134762,202143,269524,336905
67382,134764,202146,269528,336910
67383,134766,202149,269532,336915
67384,134768,202152,269536,336920
67385,134770,202155,269540,336925
67386,134772,202158,269544,336930
67387,134774,202161,269548,336935
67388,134776,202164,269552,336940
67389,134778,202167,269556,336945
67390,134780,202170,269560,336950
67391,134782,202173,269564,336955
67392,134784,202176,269568,336960
67393,134786,202179,269572,336965
67394,134788,202182,269576,336970
67395,134790,202185,269580,336975
67396,134792,202188,269584,336980
67397,134794,202191,269588,336985
67398,134796,202194,269592,336990
67399,134798,202197,269596,336995
67400,134800,202200,269600,337000
67401,134802,202203,269604,337005
67402,134804,202206,269608,337010
67403,134806,202209,269612,337015
67404,134808,202212,269616,337020
67405,134810,202215,269620,337025
67406,134812,202218,269624,337030
67407,134814,202221,269628,337035
67408,134816,202224,269632,337040
67409,134818,202227,269636,337045
67410,134820,202230,269640,337050
67411,134822,202233,269644,337055
67412,134824,202236,269648,337060
67413,134826,202239,269652,337065
67414,134828,202242,269656,337070
67415,134830,202245,269660,337075
67416,134832,202248,269664,337080
67417,134834,202251,269668,337085
67418,134836,202254,269672,337090
67419,134838,202257,269676,337095
67420,134840,202260,269680,337100
67421,134842,202263,269684,337105
67422,134844,202266,269688,337110
67423,134846,202269,269692,337115
67424,134848,202272,269696,337120
67425,134850,202275,269700,337125
67426,134852,202278,269704,337130
67427,134854,202281,269708,337135
67428,134856,202284,269712,337140
67429,134858,202287,269716,337145
67430,134860,202290,269720,337150
67431,134862,202293,269724,337155
67432,134864,202296,269728,337160
67433,134866,202299,269732,337165
67434,134868,202302,269736,337170
67435,134870,202305,269740,337175
67436,134872,202308,269744,337180
67437,134874,202311,269748,337185
67438,134876,202314,269752,337190
67439,134878,202317,269756,337195
67440,134880,202320,269760,337200
67441,134882,202323,269764,337205
67442,134884,202326,269768,337210
67443,134886,202329,269772,337215
67444,134888,202332,269776,337220
67445,134890,202335,269780,337225
67446,134892,202338,269784,337230
67447,134894,202341,269788,337235
67448,134896,202344,269792,337240
67449,134898,202347,269796,337245
67450,134900,202350,269800,337250
67451,134902,202353,269804,337255
67452,134904,202356,269808,337260
67453,134906,202359,269812,337265
67454,134908,202362,269816,337270
67455,134910,202365,269820,337275
67456,134912,202368,269824,337280
67457,134914,202371,269828,337285
67458,134916,202374,269832,337290
67459,134918,202377,269836,337295
67460,134920,202380,269840,337300
67461,134922,202383,269844,337305
67462,134924,202386,269848,337310
67463,134926,202389,269852,337315
67464,134928,202392,269856,337320
67465,134930,202395,269860,337325
67466,134932,202398,269864,337330
67467,134934,202401,269868,337335
67468,134936,202404,269872,337340
67469,134938,202407,269876,337345
67470,134940,202410,269880,337350
67471,134942,202413,269884,337355
67472,134944,202416,269888,337360
67473,134946,202419,269892,337365
67474,134948,202422,269896,337370
67475,134950,202425,269900,337375
67476,134952,202428,269904,337380
67477,134954,202431,269908,337385
67478,134956,202434,269912,337390
67479,134958,202437,269916,337395
67480,134960,202440,269920,337400
67481,134962,202443,269924,337405
67482,134964,202446,269928,337410
67483,134966,202449,269932,337415
67484,134968,202452,269936,337420
67485,134970,202455,269940,337425
67486,134972,202458,269944,337430
67487,134974,202461,269948,337435
67488,134976,202464,269952,337440
67489,134978,202467,269956,337445
67490,134980,202470,269960,337450
67491,134982,202473,269964,337455
67492,134984,202476,269968,337460
67493,134986,202479,269972,337465
67494,134988,202482,269976,337470
67495,134990,202485,269980,337475
67496,134992,202488,269984,337480
67497,134994,202491,269988,337485
67498,134996,202494,269992,337490
67499,134998,202497,269996,337495
67500,135000,202500,270000,337500
67501,135002,202503,270004,337505
67502,135004,202506,270008,337510
67503,135006,202509,270012,337515
67504,135008,202512,270016,337520
67505,135010,202515,270020,337525
67506,135012,202518,270024,337530
67507,135014,202521,270028,337535
67508,135016,202524,270032,337540
67509,135018,202527,270036,337545
67510,135020,202530,270040,337550
67511,135022,202533,270044,337555
67512,135024,202536,270048,337560
67513,135026,202539,270052,337565
67514,135028,202542,270056,337570
67515,135030,202545,270060,337575
67516,135032,202548,270064,337580
67517,135034,202551,270068,337585
67518,135036,202554,270072,337590
67519,135038,202557,270076,337595
67520,135040,202560,270080,337600
67521,135042,202563,270084,337605
67522,135044,202566,270088,337610
67523,135046,202569,270092,337615
67524,135048,202572,270096,337620
67525,135050,202575,270100,337625
67526,135052,202578,270104,337630
67527,135054,202581,270108,337635
67528,135056,202584,270112,337640
67529,135058,202587,270116,337645
67530,135060,202590,270120,337650
67531,135062,202593,270124,337655
67532,135064,202596,270128,337660
67533,135066,202599,270132,337665
67534,135068,202602,270136,337670
67535,135070,202605,270140,337675
67536,135072,202608,270144,337680
67537,135074,202611,270148,337685
67538,135076,202614,270152,337690
67539,135078,202617,270156,337695
67540,135080,202620,270160,337700
67541,135082,202623,270164,337705
67542,135084,202626,270168,337710
67543,135086,202629,270172,337715
67544,135088,202632,270176,337720
67545,135090,202635,270180,337725
67546,135092,202638,270184,337730
67547,135094,202641,270188,337735
67548,135096,202644,270192,337740
67549,135098,202647,270196,337745
67550,135100,202650,270200,337750
67551,135102,202653,270204,337755
67552,135104,202656,270208,337760
67553,135106,202659,270212,337765
67554,135108,202662,270216,337770
67555,135110,202665,270220,337775
67556,135112,202668,270224,337780
67557,135114,202671,270228,337785
67558,135116,202674,270232,337790
67559,135118,202677,270236,337795
67560,135120,202680,270240,337800
67561,135122,202683,270244,337805
67562,135124,202686,270248,337810
67563,135126,202689,270252,337815
67564,135128,202692,270256,337820
67565,135130,202695,270260,337825
67566,135132,202698,270264,337830
67567,135134,202701,270268,337835
67568,135136,202704,270272,337840
67569,135138,202707,270276,337845
67570,135140,202710,270280,337850
67571,135142,202713,270284,337855
67572,135144,202716,270288,337860
67573,135146,202719,270292,337865
67574,135148,202722,270296,337870
67575,135150,202725,270300,337875
67576,135152,202728,270304,337880
67577,135154,202731,270308,337885
67578,135156,202734,270312,337890
67579,135158,202737,270316,337895
67580,135160,202740,270320,337900
67581,135162,202743,270324,337905
67582,135164,202746,270328,337910
67583,135166,202749,270332,337915
67584,135168,202752,270336,337920
67585,135170,202755,270340,337925
67586,135172,202758,270344,337930
67587,135174,202761,270348,337935
67588,135176,202764,270352,337940
67589,135178,202767,270356,337945
67590,135180,202770,270360,337950
67591,135182,202773,270364,337955
67592,135184,202776,270368,337960
67593,135186,202779,270372,337965
67594,135188,202782,270376,337970
67595,135190,202785,270380,337975
67596,135192,202788,270384,337980
67597,135194,202791,270388,337985
67598,135196,202794,270392,337990
67599,135198,202797,270396,337995
67600,135200,202800,270400,338000
67601,135202,202803,270404,338005
67602,135204,202806,270408,338010
67603,135206,202809,270412,338015
67604,135208,202812,270416,338020
67605,135210,202815,270420,338025
67606,135212,202818,270424,338030
67607,135214,202821,270428,338035
67608,135216,202824,270432,338040
67609,135218,202827,270436,338045
67610,135220,202830,270440,338050
67611,135222,202833,270444,338055
67612,135224,202836,270448,338060
67613,135226,202839,270452,338065
67614,135228,202842,270456,338070
67615,135230,202845,270460,338075
67616,135232,202848,270464,338080
67617,135234,202851,270468,338085
67618,135236,202854,270472,338090
67619,135238,202857,270476,338095
67620,135240,202860,270480,338100
67621,135242,202863,270484,338105
67622,135244,202866,270488,338110
67623,135246,202869,270492,338115
67624,135248,202872,270496,338120
67625,135250,202875,270500,338125
67626,135252,202878,270504,338130
67627,135254,202881,270508,338135
67628,135256,202884,270512,338140
67629,135258,202887,270516,338145
67630,135260,202890,270520,338150
67631,135262,202893,270524,338155
67632,135264,202896,270528,338160
67633,135266,202899,270532,338165
67634,135268,202902,270536,338170
67635,135270,202905,270540,338175
67636,135272,202908,270544,338180
67637,135274,202911,270548,338185
67638,135276,202914,270552,338190
67639,135278,202917,270556,338195
67640,135280,202920,270560,338200
67641,135282,202923,270564,338205
67642,135284,202926,270568,338210
67643,135286,202929,270572,338215
67644,135288,202932,270576,338220
67645,135290,202935,270580,338225
67646,135292,202938,270584,338230
67647,135294,202941,270588,338235
67648,135296,202944,270592,338240
67649,135298,202947,270596,338245
67650,135300,202950,270600,338250
67651,135302,202953,270604,338255
67652,135304,202956,270608,338260
67653,135306,202959,270612,338265
67654,135308,202962,270616,338270
67655,135310,202965,270620,338275
67656,135312,202968,270624,338280
67657,135314,202971,270628,338285
67658,135316,202974,270632,338290
67659,135318,202977,270636,338295
67660,135320,202980,270640,338300
67661,135322,202983,270644,338305
67662,135324,202986,270648,338310
67663,135326,202989,270652,338315
67664,135328,202992,270656,338320
67665,135330,202995,270660,338325
67666,135332,202998,270664,338330
67667,135334,203001,270668,338335
67668,135336,203004,270672,338340
67669,135338,203007,270676,338345
67670,135340,203010,270680,338350
67671,135342,203013,270684,338355
67672,135344,203016,270688,338360
67673,135346,203019,270692,338365
67674,135348,203022,270696,338370
67675,135350,203025,270700,338375
67676,135352,203028,270704,338380
67677,135354,203031,270708,338385
67678,135356,203034,270712,338390
67679,135358,203037,270716,338395
67680,135360,203040,270720,338400
67681,135362,203043,270724,338405
67682,135364,203046,270728,338410
67683,135366,203049,270732,338415
67684,135368,203052,270736,338420
67685,135370,203055,270740,338425
67686,135372,203058,270744,338430
67687,135374,203061,270748,338435
67688,135376,203064,270752,338440
67689,135378,203067,270756,338445
67690,135380,203070,270760,338450
67691,135382,203073,270764,338455
67692,135384,203076,270768,338460
67693,135386,203079,270772,338465
67694,135388,203082,270776,338470
67695,135390,203085,270780,338475
67696,135392,203088,270784,338480
67697,135394,203091,270788,338485
67698,135396,203094,270792,338490
67699,135398,203097,270796,338495
67700,135400,203100,270800,338500
67701,135402,203103,270804,338505
67702,135404,203106,270808,338510
67703,135406,203109,270812,338515
67704,135408,203112,270816,338520
67705,135410,203115,270820,338525
67706,135412,203118,270824,338530
67707,135414,203121,270828,338535
67708,135416,203124,270832,338540
67709,135418,203127,270836,338545
67710,135420,203130,270840,338550
67711,135422,203133,270844,338555
67712,135424,203136,270848,338560
67713,135426,203139,270852,338565
67714,135428,203142,270856,338570
67715,135430,203145,270860,338575
67716,135432,203148,270864,338580
67717,135434,203151,270868,338585
67718,135436,203154,270872,338590
67719,135438,203157,270876,338595
67720,135440,203160,270880,338600
67721,135442,203163,270884,338605
67722,135444,203166,270888,338610
67723,135446,203169,270892,338615
67724,135448,203172,270896,338620
67725,135450,203175,270900,338625
67726,135452,203178,270904,338630
67727,135454,203181,270908,338635
67728,135456,203184,270912,338640
67729,135458,203187,270916,338645
67730,135460,203190,270920,338650
67731,135462,203193,270924,338655
67732,135464,203196,270928,338660
67733,135466,203199,270932,338665
67734,135468,203202,270936,338670
67735,135470,203205,270940,338675
67736,135472,203208,270944,338680
67737,135474,203211,270948,338685
67738,135476,203214,270952,338690
67739,135478,203217,270956,338695
67740,135480,203220,270960,338700
67741,135482,203223,270964,338705
67742,135484,203226,270968,338710
67743,135486,203229,270972,338715
67744,135488,203232,270976,338720
67745,135490,203235,270980,338725
67746,135492,203238,270984,338730
67747,135494,203241,270988,338735
67748,135496,203244,270992,338740
67749,135498,203247,270996,338745
67750,135500,203250,271000,338750
67751,135502,203253,271004,338755
67752,135504,203256,271008,338760
67753,135506,203259,271012,338765
67754,135508,203262,271016,338770
67755,135510,203265,271020,338775
67756,135512,203268,271024,338780
67757,135514,203271,271028,338785
67758,135516,203274,271032,338790
67759,135518,203277,271036,338795
67760,135520,203280,271040,338800
67761,135522,203283,271044,338805
67762,135524,203286,271048,338810
67763,135526,203289,271052,338815
67764,135528,203292,271056,338820
67765,135530,203295,271060,338825
67766,135532,203298,271064,338830
67767,135534,203301,271068,338835
67768,135536,203304,271072,338840
67769,135538,203307,271076,338845
67770,135540,203310,271080,338850
67771,135542,203313,271084,338855
67772,135544,203316,271088,338860
67773,135546,203319,271092,338865
67774,135548,203322,271096,338870
67775,135550,203325,271100,338875
67776,135552,203328,271104,338880
67777,135554,203331,271108,338885
67778,135556,203334,271112,338890
67779,135558,203337,271116,338895
67780,135560,203340,271120,338900
67781,135562,203343,271124,338905
67782,135564,203346,271128,338910
67783,135566,203349,271132,338915
67784,135568,203352,271136,338920
67785,135570,203355,271140,338925
67786,135572,203358,271144,338930
67787,135574,203361,271148,338935
67788,135576,203364,271152,338940
67789,135578,203367,271156,338945
67790,135580,203370,271160,338950
67791,135582,203373,271164,338955
67792,135584,203376,271168,338960
67793,135586,203379,271172,338965
67794,135588,203382,271176,338970
67795,135590,203385,271180,338975
67796,135592,203388,271184,338980
67797,135594,203391,271188,338985
67798,135596,203394,271192,338990
67799,135598,203397,271196,338995
67800,135600,203400,271200,339000
67801,135602,203403,271204,339005
67802,135604,203406,271208,339010
67803,135606,203409,271212,339015
67804,135608,203412,271216,339020
67805,135610,203415,271220,339025
67806,135612,203418,271224,339030
67807,135614,203421,271228,339035
67808,135616,203424,271232,339040
67809,135618,203427,271236,339045
67810,135620,203430,271240,339050
67811,135622,203433,271244,339055
67812,135624,203436,271248,339060
67813,135626,203439,271252,339065
67814,135628,203442,271256,339070
67815,135630,203445,271260,339075
67816,135632,203448,271264,339080
67817,135634,203451,271268,339085
67818,135636,203454,271272,339090
67819,135638,203457,271276,339095
67820,135640,203460,271280,339100
67821,135642,203463,271284,339105
67822,135644,203466,271288,339110
67823,135646,203469,271292,339115
67824,135648,203472,271296,339120
67825,135650,203475,271300,339125
67826,135652,203478,271304,339130
67827,135654,203481,271308,339135
67828,135656,203484,271312,339140
67829,135658,203487,271316,339145
67830,135660,203490,271320,339150
67831,135662,203493,271324,339155
67832,135664,203496,271328,339160
67833,135666,203499,271332,339165
67834,135668,203502,271336,339170
67835,135670,203505,271340,339175
67836,135672,203508,271344,339180
67837,135674,203511,271348,339185
67838,135676,203514,271352,339190
67839,135678,203517,271356,339195
67840,135680,203520,271360,339200
67841,135682,203523,271364,339205
67842,135684,203526,271368,339210
67843,135686,203529,271372,339215
67844,135688,203532,271376,339220
67845,135690,203535,271380,339225
67846,135692,203538,271384,339230
67847,135694,203541,271388,339235
67848,135696,203544,271392,339240
67849,135698,203547,271396,339245
67850,135700,203550,271400,339250
67851,135702,203553,271404,339255
67852,135704,203556,271408,339260
67853,135706,203559,271412,339265
67854,135708,203562,271416,339270
67855,135710,203565,271420,339275
67856,135712,203568,271424,339280
67857,135714,203571,271428,339285
67858,135716,203574,271432,339290
67859,135718,203577,271436,339295
67860,135720,203580,271440,339300
67861,135722,203583,271444,339305
67862,135724,203586,271448,339310
67863,135726,203589,271452,339315
67864,135728,203592,271456,339320
67865,135730,203595,271460,339325
67866,135732,203598,271464,339330
67867,135734,203601,271468,339335
67868,135736,203604,271472,339340
67869,135738,203607,271476,339345
67870,135740,203610,271480,339350
67871,135742,203613,271484,339355
67872,135744,203616,271488,339360
67873,135746,203619,271492,339365
67874,135748,203622,271496,339370
67875,135750,203625,271500,339375
67876,135752,203628,271504,339380
67877,135754,203631,271508,339385
67878,135756,203634,271512,339390
67879,135758,203637,271516,339395
67880,135760,203640,271520,339400
67881,135762,203643,271524,339405
67882,135764,203646,271528,339410
67883,135766,203649,271532,339415
67884,135768,203652,271536,339420
67885,135770,203655,271540,339425
67886,135772,203658,271544,339430
67887,135774,203661,271548,339435
67888,135776,203664,271552,339440
67889,135778,203667,271556,339445
67890,135780,203670,271560,339450
67891,135782,203673,271564,339455
67892,135784,203676,271568,339460
67893,135786,203679,271572,339465
67894,135788,203682,271576,339470
67895,135790,203685,271580,339475
67896,135792,203688,271584,339480
67897,135794,203691,271588,339485
67898,135796,203694,271592,339490
67899,135798,203697,271596,339495
67900,135800,203700,271600,339500
67901,135802,203703,271604,339505
67902,135804,203706,271608,339510
67903,135806,203709,271612,339515
67904,135808,203712,271616,339520
67905,135810,203715,271620,339525
67906,135812,203718,271624,339530
67907,135814,203721,271628,339535
67908,135816,203724,271632,339540
67909,135818,203727,271636,339545
67910,135820,203730,271640,339550
67911,135822,203733,271644,339555
67912,135824,203736,271648,339560
67913,135826,203739,271652,339565
67914,135828,203742,271656,339570
67915,135830,203745,271660,339575
67916,135832,203748,271664,339580
67917,135834,203751,271668,339585
67918,135836,203754,271672,339590
67919,135838,203757,271676,339595
67920,135840,203760,271680,339600
67921,135842,203763,271684,339605
67922,135844,203766,271688,339610
67923,135846,203769,271692,339615
67924,135848,203772,271696,339620
67925,135850,203775,271700,339625
67926,135852,203778,271704,339630
67927,135854,203781,271708,339635
67928,135856,203784,271712,339640
67929,135858,203787,271716,339645
67930,135860,203790,271720,339650
67931,135862,203793,271724,339655
67932,135864,203796,271728,339660
67933,135866,203799,271732,339665
67934,135868,203802,271736,339670
67935,135870,203805,271740,339675
67936,135872,203808,271744,339680
67937,135874,203811,271748,339685
67938,135876,203814,271752,339690
67939,135878,203817,271756,339695
67940,135880,203820,271760,339700
67941,135882,203823,271764,339705
67942,135884,203826,271768,339710
67943,135886,203829,271772,339715
67944,135888,203832,271776,339720
67945,135890,203835,271780,339725
67946,135892,203838,271784,339730
67947,135894,203841,271788,339735
67948,135896,203844,271792,339740
67949,135898,203847,271796,339745
67950,135900,203850,271800,339750
67951,135902,203853,271804,339755
67952,135904,203856,271808,339760
67953,135906,203859,271812,339765
67954,135908,203862,271816,339770
67955,135910,203865,271820,339775
67956,135912,203868,271824,339780
67957,135914,203871,271828,339785
67958,135916,203874,271832,339790
67959,135918,203877,271836,339795
67960,135920,203880,271840,339800
67961,135922,203883,271844,339805
67962,135924,203886,271848,339810
67963,135926,203889,271852,339815
67964,135928,203892,271856,339820
67965,135930,203895,271860,339825
67966,135932,203898,271864,339830
67967,135934,203901,271868,339835
67968,135936,203904,271872,339840
67969,135938,203907,271876,339845
67970,135940,203910,271880,339850
67971,135942,203913,271884,339855
67972,135944,203916,271888,339860
67973,135946,203919,271892,339865
67974,135948,203922,271896,339870
67975,135950,203925,271900,339875
67976,135952,203928,271904,339880
67977,135954,203931,271908,339885
67978,135956,203934,271912,339890
67979,135958,203937,271916,339895
67980,135960,203940,271920,339900
67981,135962,203943,271924,339905
67982,135964,203946,271928,339910
67983,135966,203949,271932,339915
67984,135968,203952,271936,339920
67985,135970,203955,271940,339925
67986,135972,203958,271944,339930
67987,135974,203961,271948,339935
67988,135976,203964,271952,339940
67989,135978,203967,271956,339945
67990,135980,203970,271960,339950
67991,135982,203973,271964,339955
67992,135984,203976,271968,339960
67993,135986,203979,271972,339965
67994,135988,203982,271976,339970
67995,135990,203985,271980,339975
67996,135992,203988,271984,339980
67997,135994,203991,271988,339985
67998,135996,203994,271992,339990
67999,135998,203997,271996,339995
68000,136000,204000,272000,340000
68001,136002,204003,272004,340005
68002,136004,204006,272008,340010
68003,136006,204009,272012,340015
68004,136008,204012,272016,340020
68005,136010,204015,272020,340025
68006,136012,204018,272024,340030
68007,136014,204021,272028,340035
68008,136016,204024,272032,340040
68009,136018,204027,272036,340045
68010,136020,204030,272040,340050
68011,136022,204033,272044,340055
68012,136024,204036,272048,340060
68013,136026,204039,272052,340065
68014,136028,204042,272056,340070
68015,136030,204045,272060,340075
68016,136032,204048,272064,340080
68017,136034,204051,272068,340085
68018,136036,204054,272072,340090
68019,136038,204057,272076,340095
68020,136040,204060,272080,340100
68021,136042,204063,272084,340105
68022,136044,204066,272088,340110
68023,136046,204069,272092,340115
68024,136048,204072,272096,340120
68025,136050,204075,272100,340125
68026,136052,204078,272104,340130
68027,136054,204081,272108,340135
68028,136056,204084,272112,340140
68029,136058,204087,272116,340145
68030,136060,204090,272120,340150
68031,136062,204093,272124,340155
68032,136064,204096,272128,340160
68033,136066,204099,272132,340165
68034,136068,204102,272136,340170
68035,136070,204105,272140,340175
68036,136072,204108,272144,340180
68037,136074,204111,272148,340185
68038,136076,204114,272152,340190
68039,136078,204117,272156,340195
68040,136080,204120,272160,340200
68041,136082,204123,272164,340205
68042,136084,204126,272168,340210
68043,136086,204129,272172,340215
68044,136088,204132,272176,340220
68045,136090,204135,272180,340225
68046,136092,204138,272184,340230
68047,136094,204141,272188,340235
68048,136096,204144,272192,340240
68049,136098,204147,272196,340245
68050,136100,204150,272200,340250
68051,136102,204153,272204,340255
68052,136104,204156,272208,340260
68053,136106,204159,272212,340265
68054,136108,204162,272216,340270
68055,136110,204165,272220,340275
68056,136112,204168,272224,340280
68057,136114,204171,272228,340285
68058,136116,204174,272232,340290
68059,136118,204177,272236,340295
68060,136120,204180,272240,340300
68061,136122,204183,272244,340305
68062,136124,204186,272248,340310
68063,136126,204189,272252,340315
68064,136128,204192,272256,340320
68065,136130,204195,272260,340325
68066,136132,204198,272264,340330
68067,136134,204201,272268,340335
68068,136136,204204,272272,340340
68069,136138,204207,272276,340345
68070,136140,204210,272280,340350
68071,136142,204213,272284,340355
68072,136144,204216,272288,340360
68073,136146,204219,272292,340365
68074,136148,204222,272296,340370
68075,136150,204225,272300,340375
68076,136152,204228,272304,340380
68077,136154,204231,272308,340385
68078,136156,204234,272312,340390
68079,136158,204237,272316,340395
68080,136160,204240,272320,340400
68081,136162,204243,272324,340405
68082,136164,204246,272328,340410
68083,136166,204249,272332,340415
68084,136168,204252,272336,340420
68085,136170,204255,272340,340425
68086,136172,204258,272344,340430
68087,136174,204261,272348,340435
68088,136176,204264,272352,340440
68089,136178,204267,272356,340445
68090,136180,204270,272360,340450
68091,136182,204273,272364,340455
68092,136184,204276,272368,340460
68093,136186,204279,272372,340465
68094,136188,204282,272376,340470
68095,136190,204285,272380,340475
68096,136192,204288,272384,340480
68097,136194,204291,272388,340485
68098,136196,204294,272392,340490
68099,136198,204297,272396,340495
68100,136200,204300,272400,340500
68101,136202,204303,272404,340505
68102,136204,204306,272408,340510
68103,136206,204309,272412,340515
68104,136208,204312,272416,340520
68105,136210,204315,272420,340525
68106,136212,204318,272424,340530
68107,136214,204321,272428,340535
68108,136216,204324,272432,340540
68109,136218,204327,272436,340545
68110,136220,204330,272440,340550
68111,136222,204333,272444,340555
68112,136224,204336,272448,340560
68113,136226,204339,272452,340565
68114,136228,204342,272456,340570
68115,136230,204345,272460,340575
68116,136232,204348,272464,340580
68117,136234,204351,272468,340585
68118,136236,204354,272472,340590
68119,136238,204357,272476,340595
68120,136240,204360,272480,340600
68121,136242,204363,272484,340605
68122,136244,204366,272488,340610
68123,136246,204369,272492,340615
68124,136248,204372,272496,340620
68125,136250,204375,272500,340625
68126,136252,204378,272504,340630
68127,136254,204381,272508,340635
68128,136256,204384,272512,340640
68129,136258,204387,272516,340645
68130,136260,204390,272520,340650
68131,136262,204393,272524,340655
68132,136264,204396,272528,340660
68133,136266,204399,272532,340665
68134,136268,204402,272536,340670
68135,136270,204405,272540,340675
68136,136272,204408,272544,340680
68137,136274,204411,272548,340685
68138,136276,204414,272552,340690
68139,136278,204417,272556,340695
68140,136280,204420,272560,340700
68141,136282,204423,272564,340705
68142,136284,204426,272568,340710
68143,136286,204429,272572,340715
68144,136288,204432,272576,340720
68145,136290,204435,272580,340725
68146,136292,204438,272584,340730
68147,136294,204441,272588,340735
68148,136296,204444,272592,340740
68149,136298,204447,272596,340745
68150,136300,204450,272600,340750
68151,136302,204453,272604,340755
68152,136304,204456,272608,340760
68153,136306,204459,272612,340765
68154,136308,204462,272616,340770
68155,136310,204465,272620,340775
68156,136312,204468,272624,340780
68157,136314,204471,272628,340785
68158,136316,204474,272632,340790
68159,136318,204477,272636,340795
68160,136320,204480,272640,340800
68161,136322,204483,272644,340805
68162,136324,204486,272648,340810
68163,136326,204489,272652,340815
68164,136328,204492,272656,340820
68165,136330,204495,272660,340825
68166,136332,204498,272664,340830
68167,136334,204501,272668,340835
68168,136336,204504,272672,340840
68169,136338,204507,272676,340845
68170,136340,204510,272680,340850
68171,136342,204513,272684,340855
68172,136344,204516,272688,340860
68173,136346,204519,272692,340865
68174,136348,204522,272696,340870
68175,136350,204525,272700,340875
68176,136352,204528,272704,340880
68177,136354,204531,272708,340885
68178,136356,204534,272712,340890
68179,136358,204537,272716,340895
68180,136360,204540,272720,340900
68181,136362,204543,272724,340905
68182,136364,204546,272728,340910
68183,136366,204549,272732,340915
68184,136368,204552,272736,340920
68185,136370,204555,272740,340925
68186,136372,204558,272744,340930
68187,136374,204561,272748,340935
68188,136376,204564,272752,340940
68189,136378,204567,272756,340945
68190,136380,204570,272760,340950
68191,136382,204573,272764,340955
68192,136384,204576,272768,340960
68193,136386,204579,272772,340965
68194,136388,204582,272776,340970
68195,136390,204585,272780,340975
68196,136392,204588,272784,340980
68197,136394,204591,272788,340985
68198,136396,204594,272792,340990
68199,136398,204597,272796,340995
68200,136400,204600,272800,341000
68201,136402,204603,272804,341005
68202,136404,204606,272808,341010
68203,136406,204609,272812,341015
68204,136408,204612,272816,341020
68205,136410,204615,272820,341025
68206,136412,204618,272824,341030
68207,136414,204621,272828,341035
68208,136416,204624,272832,341040
68209,136418,204627,272836,341045
68210,136420,204630,272840,341050
68211,136422,204633,272844,341055
68212,136424,204636,272848,341060
68213,136426,204639,272852,341065
68214,136428,204642,272856,341070
68215,136430,204645,272860,341075
68216,136432,204648,272864,341080
68217,136434,204651,272868,341085
68218,136436,204654,272872,341090
68219,136438,204657,272876,341095
68220,136440,204660,272880,341100
68221,136442,204663,272884,341105
68222,136444,204666,272888,341110
68223,136446,204669,272892,341115
68224,136448,204672,272896,341120
68225,136450,204675,272900,341125
68226,136452,204678,272904,341130
68227,136454,204681,272908,341135
68228,136456,204684,272912,341140
68229,136458,204687,272916,341145
68230,136460,204690,272920,341150
68231,136462,204693,272924,341155
68232,136464,204696,272928,341160
68233,136466,204699,272932,341165
68234,136468,204702,272936,341170
68235,136470,204705,272940,341175
68236,136472,204708,272944,341180
68237,136474,204711,272948,341185
68238,136476,204714,272952,341190
68239,136478,204717,272956,341195
68240,136480,204720,272960,341200
68241,136482,204723,272964,341205
68242,136484,204726,272968,341210
68243,136486,204729,272972,341215
68244,136488,204732,272976,341220
68245,136490,204735,272980,341225
68246,136492,204738,272984,341230
68247,136494,204741,272988,341235
68248,136496,204744,272992,341240
68249,136498,204747,272996,341245
68250,136500,204750,273000,341250
68251,136502,204753,273004,341255
68252,136504,204756,273008,341260
68253,136506,204759,273012,341265
68254,136508,204762,273016,341270
68255,136510,204765,273020,341275
68256,136512,204768,273024,341280
68257,136514,204771,273028,341285
68258,136516,204774,273032,341290
68259,136518,204777,273036,341295
68260,136520,204780,273040,341300
68261,136522,204783,273044,341305
68262,136524,204786,273048,341310
68263,136526,204789,273052,341315
68264,136528,204792,273056,341320
68265,136530,204795,273060,341325
68266,136532,204798,273064,341330
68267,136534,204801,273068,341335
68268,136536,204804,273072,341340
68269,136538,204807,273076,341345
68270,136540,204810,273080,341350
68271,136542,204813,273084,341355
68272,136544,204816,273088,341360
68273,136546,204819,273092,341365
68274,136548,204822,273096,341370
68275,136550,204825,273100,341375
68276,136552,204828,273104,341380
68277,136554,204831,273108,341385
68278,136556,204834,273112,341390
68279,136558,204837,273116,341395
68280,136560,204840,273120,341400
68281,136562,204843,273124,341405
68282,136564,204846,273128,341410
68283,136566,204849,273132,341415
68284,136568,204852,273136,341420
68285,136570,204855,273140,341425
68286,136572,204858,273144,341430
68287,136574,204861,273148,341435
68288,136576,204864,273152,341440
68289,136578,204867,273156,341445
68290,136580,204870,273160,341450
68291,136582,204873,273164,341455
68292,136584,204876,273168,341460
68293,136586,204879,273172,341465
68294,136588,204882,273176,341470
68295,136590,204885,273180,341475
68296,136592,204888,273184,341480
68297,136594,204891,273188,341485
68298,136596,204894,273192,341490
68299,136598,204897,273196,341495
68300,136600,204900,273200,341500
68301,136602,204903,273204,341505
68302,136604,204906,273208,341510
68303,136606,204909,273212,341515
68304,136608,204912,273216,341520
68305,136610,204915,273220,341525
68306,136612,204918,273224,341530
68307,136614,204921,273228,341535
68308,136616,204924,273232,341540
68309,136618,204927,273236,341545
68310,136620,204930,273240,341550
68311,136622,204933,273244,341555
68312,136624,204936,273248,341560
68313,136626,204939,273252,341565
68314,136628,204942,273256,341570
68315,136630,204945,273260,341575
68316,136632,204948,273264,341580
68317,136634,204951,273268,341585
68318,136636,204954,273272,341590
68319,136638,204957,273276,341595
68320,136640,204960,273280,341600
68321,136642,204963,273284,341605
68322,136644,204966,273288,341610
68323,136646,204969,273292,341615
68324,136648,204972,273296,341620
68325,136650,204975,273300,341625
68326,136652,204978,273304,341630
68327,136654,204981,273308,341635
68328,136656,204984,273312,341640
68329,136658,204987,273316,341645
68330,136660,204990,273320,341650
68331,136662,204993,273324,341655
68332,136664,204996,273328,341660
68333,136666,204999,273332,341665
68334,136668,205002,273336,341670
68335,136670,205005,273340,341675
68336,136672,205008,273344,341680
68337,136674,205011,273348,341685
68338,136676,205014,273352,341690
68339,136678,205017,273356,341695
68340,136680,205020,273360,341700
68341,136682,205023,273364,341705
68342,136684,205026,273368,341710
68343,136686,205029,273372,341715
68344,136688,205032,273376,341720
68345,136690,205035,273380,341725
68346,136692,205038,273384,341730
68347,136694,205041,273388,341735
68348,136696,205044,273392,341740
68349,136698,205047,273396,341745
68350,136700,205050,273400,341750
68351,136702,205053,273404,341755
68352,136704,205056,273408,341760
68353,136706,205059,273412,341765
68354,136708,205062,273416,341770
68355,136710,205065,273420,341775
68356,136712,205068,273424,341780
68357,136714,205071,273428,341785
68358,136716,205074,273432,341790
68359,136718,205077,273436,341795
68360,136720,205080,273440,341800
68361,136722,205083,273444,341805
68362,136724,205086,273448,341810
68363,136726,205089,273452,341815
68364,136728,205092,273456,341820
68365,136730,205095,273460,341825
68366,136732,205098,273464,341830
68367,136734,205101,273468,341835
68368,136736,205104,273472,341840
68369,136738,205107,273476,341845
68370,136740,205110,273480,341850
68371,136742,205113,273484,341855
68372,136744,205116,273488,341860
68373,136746,205119,273492,341865
68374,136748,205122,273496,341870
68375,136750,205125,273500,341875
68376,136752,205128,273504,341880
68377,136754,205131,273508,341885
68378,136756,205134,273512,341890
68379,136758,205137,273516,341895
68380,136760,205140,273520,341900
68381,136762,205143,273524,341905
68382,136764,205146,273528,341910
68383,136766,205149,273532,341915
68384,136768,205152,273536,341920
68385,136770,205155,273540,341925
68386,136772,205158,273544,341930
68387,136774,205161,273548,341935
68388,136776,205164,273552,341940
68389,136778,205167,273556,341945
68390,136780,205170,273560,341950
68391,136782,205173,273564,341955
68392,136784,205176,273568,341960
68393,136786,205179,273572,341965
68394,136788,205182,273576,341970
68395,136790,205185,273580,341975
68396,136792,205188,273584,341980
68397,136794,205191,273588,341985
68398,136796,205194,273592,341990
68399,136798,205197,273596,341995
68400,136800,205200,273600,342000
68401,136802,205203,273604,342005
68402,136804,205206,273608,342010
68403,136806,205209,273612,342015
68404,136808,205212,273616,342020
68405,136810,205215,273620,342025
68406,136812,205218,273624,342030
68407,136814,205221,273628,342035
68408,136816,205224,273632,342040
68409,136818,205227,273636,342045
68410,136820,205230,273640,342050
68411,136822,205233,273644,342055
68412,136824,205236,273648,342060
68413,136826,205239,273652,342065
68414,136828,205242,273656,342070
68415,136830,205245,273660,342075
68416,136832,205248,273664,342080
68417,136834,205251,273668,342085
68418,136836,205254,273672,342090
68419,136838,205257,273676,342095
68420,136840,205260,273680,342100
68421,136842,205263,273684,342105
68422,136844,205266,273688,342110
68423,136846,205269,273692,342115
68424,136848,205272,273696,342120
68425,136850,205275,273700,342125
68426,136852,205278,273704,342130
68427,136854,205281,273708,342135
68428,136856,205284,273712,342140
68429,136858,205287,273716,342145
68430,136860,205290,273720,342150
68431,136862,205293,273724,342155
68432,136864,205296,273728,342160
68433,136866,205299,273732,342165
68434,136868,205302,273736,342170
68435,136870,205305,273740,342175
68436,136872,205308,273744,342180
68437,136874,205311,273748,342185
68438,136876,205314,273752,342190
68439,136878,205317,273756,342195
68440,136880,205320,273760,342200
68441,136882,205323,273764,342205
68442,136884,205326,273768,342210
68443,136886,205329,273772,342215
68444,136888,205332,273776,342220
68445,136890,205335,273780,342225
68446,136892,205338,273784,342230
68447,136894,205341,273788,342235
68448,136896,205344,273792,342240
68449,136898,205347,273796,342245
68450,136900,205350,273800,342250
68451,136902,205353,273804,342255
68452,136904,205356,273808,342260
68453,136906,205359,273812,342265
68454,136908,205362,273816,342270
68455,136910,205365,273820,342275
68456,136912,205368,273824,342280
68457,136914,205371,273828,342285
68458,136916,205374,273832,342290
68459,136918,205377,273836,342295
68460,136920,205380,273840,342300
68461,136922,205383,273844,342305
68462,136924,205386,273848,342310
68463,136926,205389,273852,342315
68464,136928,205392,273856,342320
68465,136930,205395,273860,342325
68466,136932,205398,273864,342330
68467,136934,205401,273868,342335
68468,136936,205404,273872,342340
68469,136938,205407,273876,342345
68470,136940,205410,273880,342350
68471,136942,205413,273884,342355
68472,136944,205416,273888,342360
68473,136946,205419,273892,342365
68474,136948,205422,273896,342370
68475,136950,205425,273900,342375
68476,136952,205428,273904,342380
68477,136954,205431,273908,342385
68478,136956,205434,273912,342390
68479,136958,205437,273916,342395
68480,136960,205440,273920,342400
68481,136962,205443,273924,342405
68482,136964,205446,273928,342410
68483,136966,205449,273932,342415
68484,136968,205452,273936,342420
68485,136970,205455,273940,342425
68486,136972,205458,273944,342430
68487,136974,205461,273948,342435
68488,136976,205464,273952,342440
68489,136978,205467,273956,342445
68490,136980,205470,273960,342450
68491,136982,205473,273964,342455
68492,136984,205476,273968,342460
68493,136986,205479,273972,342465
68494,136988,205482,273976,342470
68495,136990,205485,273980,342475
68496,136992,205488,273984,342480
68497,136994,205491,273988,342485
68498,136996,205494,273992,342490
68499,136998,205497,273996,342495
68500,137000,205500,274000,342500
68501,137002,205503,274004,342505
68502,137004,205506,274008,342510
68503,137006,205509,274012,342515
68504,137008,205512,274016,342520
68505,137010,205515,274020,342525
68506,137012,205518,274024,342530
68507,137014,205521,274028,342535
68508,137016,205524,274032,342540
68509,137018,205527,274036,342545
68510,137020,205530,274040,342550
68511,137022,205533,274044,342555
68512,137024,205536,274048,342560
68513,137026,205539,274052,342565
68514,137028,205542,274056,342570
68515,137030,205545,274060,342575
68516,137032,205548,274064,342580
68517,137034,205551,274068,342585
68518,137036,205554,274072,342590
68519,137038,205557,274076,342595
68520,137040,205560,274080,342600
68521,137042,205563,274084,342605
68522,137044,205566,274088,342610
68523,137046,205569,274092,342615
68524,137048,205572,274096,342620
68525,137050,205575,274100,342625
68526,137052,205578,274104,342630
68527,137054,205581,274108,342635
68528,137056,205584,274112,342640
68529,137058,205587,274116,342645
68530,137060,205590,274120,342650
68531,137062,205593,274124,342655
68532,137064,205596,274128,342660
68533,137066,205599,274132,342665
68534,137068,205602,274136,342670
68535,137070,205605,274140,342675
68536,137072,205608,274144,342680
68537,137074,205611,274148,342685
68538,137076,205614,274152,342690
68539,137078,205617,274156,342695
68540,137080,205620,274160,342700
68541,137082,205623,274164,342705
68542,137084,205626,274168,342710
68543,137086,205629,274172,342715
68544,137088,205632,274176,342720
68545,137090,205635,274180,342725
68546,137092,205638,274184,342730
68547,137094,205641,274188,342735
68548,137096,205644,274192,342740
68549,137098,205647,274196,342745
68550,137100,205650,274200,342750
68551,137102,205653,274204,342755
68552,137104,205656,274208,342760
68553,137106,205659,274212,342765
68554,137108,205662,274216,342770
68555,137110,205665,274220,342775
68556,137112,205668,274224,342780
68557,137114,205671,274228,342785
68558,137116,205674,274232,342790
68559,137118,205677,274236,342795
68560,137120,205680,274240,342800
68561,137122,205683,274244,342805
68562,137124,205686,274248,342810
68563,137126,205689,274252,342815
68564,137128,205692,274256,342820
68565,137130,205695,274260,342825
68566,137132,205698,274264,342830
68567,137134,205701,274268,342835
68568,137136,205704,274272,342840
68569,137138,205707,274276,342845
68570,137140,205710,274280,342850
68571,137142,205713,274284,342855
68572,137144,205716,274288,342860
68573,137146,205719,274292,342865
68574,137148,205722,274296,342870
68575,137150,205725,274300,342875
68576,137152,205728,274304,342880
68577,137154,205731,274308,342885
68578,137156,205734,274312,342890
68579,137158,205737,274316,342895
68580,137160,205740,274320,342900
68581,137162,205743,274324,342905
68582,137164,205746,274328,342910
68583,137166,205749,274332,342915
68584,137168,205752,274336,342920
68585,137170,205755,274340,342925
68586,137172,205758,274344,342930
68587,137174,205761,274348,342935
68588,137176,205764,274352,342940
68589,137178,205767,274356,342945
68590,137180,205770,274360,342950
68591,137182,205773,274364,342955
68592,137184,205776,274368,342960
68593,137186,205779,274372,342965
68594,137188,205782,274376,342970
68595,137190,205785,274380,342975
68596,137192,205788,274384,342980
68597,137194,205791,274388,342985
68598,137196,205794,274392,342990
68599,137198,205797,274396,342995
68600,137200,205800,274400,343000
68601,137202,205803,274404,343005
68602,137204,205806,274408,343010
68603,137206,205809,274412,343015
68604,137208,205812,274416,343020
68605,137210,205815,274420,343025
68606,137212,205818,274424,343030
68607,137214,205821,274428,343035
68608,137216,205824,274432,343040
68609,137218,205827,274436,343045
68610,137220,205830,274440,343050
68611,137222,205833,274444,343055
68612,137224,205836,274448,343060
68613,137226,205839,274452,343065
68614,137228,205842,274456,343070
68615,137230,205845,274460,343075
68616,137232,205848,274464,343080
68617,137234,205851,274468,343085
68618,137236,205854,274472,343090
68619,137238,205857,274476,343095
68620,137240,205860,274480,343100
68621,137242,205863,274484,343105
68622,137244,205866,274488,343110
68623,137246,205869,274492,343115
68624,137248,205872,274496,343120
68625,137250,205875,274500,343125
68626,137252,205878,274504,343130
68627,137254,205881,274508,343135
68628,137256,205884,274512,343140
68629,137258,205887,274516,343145
68630,137260,205890,274520,343150
68631,137262,205893,274524,343155
68632,137264,205896,274528,343160
68633,137266,205899,274532,343165
68634,137268,205902,274536,343170
68635,137270,205905,274540,343175
68636,137272,205908,274544,343180
68637,137274,205911,274548,343185
68638,137276,205914,274552,343190
68639,137278,205917,274556,343195
68640,137280,205920,274560,343200
68641,137282,205923,274564,343205
68642,137284,205926,274568,343210
68643,137286,205929,274572,343215
68644,137288,205932,274576,343220
68645,137290,205935,274580,343225
68646,137292,205938,274584,343230
68647,137294,205941,274588,343235
68648,137296,205944,274592,343240
68649,137298,205947,274596,343245
68650,137300,205950,274600,343250
68651,137302,205953,274604,343255
68652,137304,205956,274608,343260
68653,137306,205959,274612,343265
68654,137308,205962,274616,343270
68655,137310,205965,274620,343275
68656,137312,205968,274624,343280
68657,137314,205971,274628,343285
68658,137316,205974,274632,343290
68659,137318,205977,274636,343295
68660,137320,205980,274640,343300
68661,137322,205983,274644,343305
68662,137324,205986,274648,343310
68663,137326,205989,274652,343315
68664,137328,205992,274656,343320
68665,137330,205995,274660,343325
68666,137332,205998,274664,343330
68667,137334,206001,274668,343335
68668,137336,206004,274672,343340
68669,137338,206007,274676,343345
68670,137340,206010,274680,343350
68671,137342,206013,274684,343355
68672,137344,206016,274688,343360
68673,137346,206019,274692,343365
68674,137348,206022,274696,343370
68675,137350,206025,274700,343375
68676,137352,206028,274704,343380
68677,137354,206031,274708,343385
68678,137356,206034,274712,343390
68679,137358,206037,274716,343395
68680,137360,206040,274720,343400
68681,137362,206043,274724,343405
68682,137364,206046,274728,343410
68683,137366,206049,274732,343415
68684,137368,206052,274736,343420
68685,137370,206055,274740,343425
68686,137372,206058,274744,343430
68687,137374,206061,274748,343435
68688,137376,206064,274752,343440
68689,137378,206067,274756,343445
68690,137380,206070,274760,343450
68691,137382,206073,274764,343455
68692,137384,206076,274768,343460
68693,137386,206079,274772,343465
68694,137388,206082,274776,343470
68695,137390,206085,274780,343475
68696,137392,206088,274784,343480
68697,137394,206091,274788,343485
68698,137396,206094,274792,343490
68699,137398,206097,274796,343495
68700,137400,206100,274800,343500
68701,137402,206103,274804,343505
68702,137404,206106,274808,343510
68703,137406,206109,274812,343515
68704,137408,206112,274816,343520
68705,137410,206115,274820,343525
68706,137412,206118,274824,343530
68707,137414,206121,274828,343535
68708,137416,206124,274832,343540
68709,137418,206127,274836,343545
68710,137420,206130,274840,343550
68711,137422,206133,274844,343555
68712,137424,206136,274848,343560
68713,137426,206139,274852,343565
68714,137428,206142,274856,343570
68715,137430,206145,274860,343575
68716,137432,206148,274864,343580
68717,137434,206151,274868,343585
68718,137436,206154,274872,343590
68719,137438,206157,274876,343595
68720,137440,206160,274880,343600
68721,137442,206163,274884,343605
68722,137444,206166,274888,343610
68723,137446,206169,274892,343615
68724,137448,206172,274896,343620
68725,137450,206175,274900,343625
68726,137452,206178,274904,343630
68727,137454,206181,274908,343635
68728,137456,206184,274912,343640
68729,137458,206187,274916,343645
68730,137460,206190,274920,343650
68731,137462,206193,274924,343655
68732,137464,206196,274928,343660
68733,137466,206199,274932,343665
68734,137468,206202,274936,343670
68735,137470,206205,274940,343675
68736,137472,206208,274944,343680
68737,137474,206211,274948,343685
68738,137476,206214,274952,343690
68739,137478,206217,274956,343695
68740,137480,206220,274960,343700
68741,137482,206223,274964,343705
68742,137484,206226,274968,343710
68743,137486,206229,274972,343715
68744,137488,206232,274976,343720
68745,137490,206235,274980,343725
68746,137492,206238,274984,343730
68747,137494,206241,274988,343735
68748,137496,206244,274992,343740
68749,137498,206247,274996,343745
68750,137500,206250,275000,343750
68751,137502,206253,275004,343755
68752,137504,206256,275008,343760
68753,137506,206259,275012,343765
68754,137508,206262,275016,343770
68755,137510,206265,275020,343775
68756,137512,206268,275024,343780
68757,137514,206271,275028,343785
68758,137516,206274,275032,343790
68759,137518,206277,275036,343795
68760,137520,206280,275040,343800
68761,137522,206283,275044,343805
68762,137524,206286,275048,343810
68763,137526,206289,275052,343815
68764,137528,206292,275056,343820
68765,137530,206295,275060,343825
68766,137532,206298,275064,343830
68767,137534,206301,275068,343835
68768,137536,206304,275072,343840
68769,137538,206307,275076,343845
68770,137540,206310,275080,343850
68771,137542,206313,275084,343855
68772,137544,206316,275088,343860
68773,137546,206319,275092,343865
68774,137548,206322,275096,343870
68775,137550,206325,275100,343875
68776,137552,206328,275104,343880
68777,137554,206331,275108,343885
68778,137556,206334,275112,343890
68779,137558,206337,275116,343895
68780,137560,206340,275120,343900
68781,137562,206343,275124,343905
68782,137564,206346,275128,343910
68783,137566,206349,275132,343915
68784,137568,206352,275136,343920
68785,137570,206355,275140,343925
68786,137572,206358,275144,343930
68787,137574,206361,275148,343935
68788,137576,206364,275152,343940
68789,137578,206367,275156,343945
68790,137580,206370,275160,343950
68791,137582,206373,275164,343955
68792,137584,206376,275168,343960
68793,137586,206379,275172,343965
68794,137588,206382,275176,343970
68795,137590,206385,275180,343975
68796,137592,206388,275184,343980
68797,137594,206391,275188,343985
68798,137596,206394,275192,343990
68799,137598,206397,275196,343995
68800,137600,206400,275200,344000
68801,137602,206403,275204,344005
68802,137604,206406,275208,344010
68803,137606,206409,275212,344015
68804,137608,206412,275216,344020
68805,137610,206415,275220,344025
68806,137612,206418,275224,344030
68807,137614,206421,275228,344035
68808,137616,206424,275232,344040
68809,137618,206427,275236,344045
68810,137620,206430,275240,344050
68811,137622,206433,275244,344055
68812,137624,206436,275248,344060
68813,137626,206439,275252,344065
68814,137628,206442,275256,344070
68815,137630,206445,275260,344075
68816,137632,206448,275264,344080
68817,137634,206451,275268,344085
68818,137636,206454,275272,344090
68819,137638,206457,275276,344095
68820,137640,206460,275280,344100
68821,137642,206463,275284,344105
68822,137644,206466,275288,344110
68823,137646,206469,275292,344115
68824,137648,206472,275296,344120
68825,137650,206475,275300,344125
68826,137652,206478,275304,344130
68827,137654,206481,275308,344135
68828,137656,206484,275312,344140
68829,137658,206487,275316,344145
68830,137660,206490,275320,344150
68831,137662,206493,275324,344155
68832,137664,206496,275328,344160
68833,137666,206499,275332,344165
68834,137668,206502,275336,344170
68835,137670,206505,275340,344175
68836,137672,206508,275344,344180
68837,137674,206511,275348,344185
68838,137676,206514,275352,344190
68839,137678,206517,275356,344195
68840,137680,206520,275360,344200
68841,137682,206523,275364,344205
68842,137684,206526,275368,344210
68843,137686,206529,275372,344215
68844,137688,206532,275376,344220
68845,137690,206535,275380,344225
68846,137692,206538,275384,344230
68847,137694,206541,275388,344235
68848,137696,206544,275392,344240
68849,137698,206547,275396,344245
68850,137700,206550,275400,344250
68851,137702,206553,275404,344255
68852,137704,206556,275408,344260
68853,137706,206559,275412,344265
68854,137708,206562,275416,344270
68855,137710,206565,275420,344275
68856,137712,206568,275424,344280
68857,137714,206571,275428,344285
68858,137716,206574,275432,344290
68859,137718,206577,275436,344295
68860,137720,206580,275440,344300
68861,137722,206583,275444,344305
68862,137724,206586,275448,344310
68863,137726,206589,275452,344315
68864,137728,206592,275456,344320
68865,137730,206595,275460,344325
68866,137732,206598,275464,344330
68867,137734,206601,275468,344335
68868,137736,206604,275472,344340
68869,137738,206607,275476,344345
68870,137740,206610,275480,344350
68871,137742,206613,275484,344355
68872,137744,206616,275488,344360
68873,137746,206619,275492,344365
68874,137748,206622,275496,344370
68875,137750,206625,275500,344375
68876,137752,206628,275504,344380
68877,137754,206631,275508,344385
68878,137756,206634,275512,344390
68879,137758,206637,275516,344395
68880,137760,206640,275520,344400
68881,137762,206643,275524,344405
68882,137764,206646,275528,344410
68883,137766,206649,275532,344415
68884,137768,206652,275536,344420
68885,137770,206655,275540,344425
68886,137772,206658,275544,344430
68887,137774,206661,275548,344435
68888,137776,206664,275552,344440
68889,137778,206667,275556,344445
68890,137780,206670,275560,344450
68891,137782,206673,275564,344455
68892,137784,206676,275568,344460
68893,137786,206679,275572,344465
68894,137788,206682,275576,344470
68895,137790,206685,275580,344475
68896,137792,206688,275584,344480
68897,137794,206691,275588,344485
68898,137796,206694,275592,344490
68899,137798,206697,275596,344495
68900,137800,206700,275600,344500
68901,137802,206703,275604,344505
68902,137804,206706,275608,344510
68903,137806,206709,275612,344515
68904,137808,206712,275616,344520
68905,137810,206715,275620,344525
68906,137812,206718,275624,344530
68907,137814,206721,275628,344535
68908,137816,206724,275632,344540
68909,137818,206727,275636,344545
68910,137820,206730,275640,344550
68911,137822,206733,275644,344555
68912,137824,206736,275648,344560
68913,137826,206739,275652,344565
68914,137828,206742,275656,344570
68915,137830,206745,275660,344575
68916,137832,206748,275664,344580
68917,137834,206751,275668,344585
68918,137836,206754,275672,344590
68919,137838,206757,275676,344595
68920,137840,206760,275680,344600
68921,137842,206763,275684,344605
68922,137844,206766,275688,344610
68923,137846,206769,275692,344615
68924,137848,206772,275696,344620
68925,137850,206775,275700,344625
68926,137852,206778,275704,344630
68927,137854,206781,275708,344635
68928,137856,206784,275712,344640
68929,137858,206787,275716,344645
68930,137860,206790,275720,344650
68931,137862,206793,275724,344655
68932,137864,206796,275728,344660
68933,137866,206799,275732,344665
68934,137868,206802,275736,344670
68935,137870,206805,275740,344675
68936,137872,206808,275744,344680
68937,137874,206811,275748,344685
68938,137876,206814,275752,344690
68939,137878,206817,275756,344695
68940,137880,206820,275760,344700
68941,137882,206823,275764,344705
68942,137884,206826,275768,344710
68943,137886,206829,275772,344715
68944,137888,206832,275776,344720
68945,137890,206835,275780,344725
68946,137892,206838,275784,344730
68947,137894,206841,275788,344735
68948,137896,206844,275792,344740
68949,137898,206847,275796,344745
68950,137900,206850,275800,344750
68951,137902,206853,275804,344755
68952,137904,206856,275808,344760
68953,137906,206859,275812,344765
68954,137908,206862,275816,344770
68955,137910,206865,275820,344775
68956,137912,206868,275824,344780
68957,137914,206871,275828,344785
68958,137916,206874,275832,344790
68959,137918,206877,275836,344795
68960,137920,206880,275840,344800
68961,137922,206883,275844,344805
68962,137924,206886,275848,344810
68963,137926,206889,275852,344815
68964,137928,206892,275856,344820
68965,137930,206895,275860,344825
68966,137932,206898,275864,344830
68967,137934,206901,275868,344835
68968,137936,206904,275872,344840
68969,137938,206907,275876,344845
68970,137940,206910,275880,344850
68971,137942,206913,275884,344855
68972,137944,206916,275888,344860
68973,137946,206919,275892,344865
68974,137948,206922,275896,344870
68975,137950,206925,275900,344875
68976,137952,206928,275904,344880
68977,137954,206931,275908,344885
68978,137956,206934,275912,344890
68979,137958,206937,275916,344895
68980,137960,206940,275920,344900
68981,137962,206943,275924,344905
68982,137964,206946,275928,344910
68983,137966,206949,275932,344915
68984,137968,206952,275936,344920
68985,137970,206955,275940,344925
68986,137972,206958,275944,344930
68987,137974,206961,275948,344935
68988,137976,206964,275952,344940
68989,137978,206967,275956,344945
68990,137980,206970,275960,344950
68991,137982,206973,275964,344955
68992,137984,206976,275968,344960
68993,137986,206979,275972,344965
68994,137988,206982,275976,344970
68995,137990,206985,275980,344975
68996,137992,206988,275984,344980
68997,137994,206991,275988,344985
68998,137996,206994,275992,344990
68999,137998,206997,275996,344995
69000,138000,207000,276000,345000
69001,138002,207003,276004,345005
69002,138004,207006,276008,345010
69003,138006,207009,276012,345015
69004,138008,207012,276016,345020
69005,138010,207015,276020,345025
69006,138012,207018,276024,345030
69007,138014,207021,276028,345035
69008,138016,207024,276032,345040
69009,138018,207027,276036,345045
69010,138020,207030,276040,345050
69011,138022,207033,276044,345055
69012,138024,207036,276048,345060
69013,138026,207039,276052,345065
69014,138028,207042,276056,345070
69015,138030,207045,276060,345075
69016,138032,207048,276064,345080
69017,138034,207051,276068,345085
69018,138036,207054,276072,345090
69019,138038,207057,276076,345095
69020,138040,207060,276080,345100
69021,138042,207063,276084,345105
69022,138044,207066,276088,345110
69023,138046,207069,276092,345115
69024,138048,207072,276096,345120
69025,138050,207075,276100,345125
69026,138052,207078,276104,345130
69027,138054,207081,276108,345135
69028,138056,207084,276112,345140
69029,138058,207087,276116,345145
69030,138060,207090,276120,345150
69031,138062,207093,276124,345155
69032,138064,207096,276128,345160
69033,138066,207099,276132,345165
69034,138068,207102,276136,345170
69035,138070,207105,276140,345175
69036,138072,207108,276144,345180
69037,138074,207111,276148,345185
69038,138076,207114,276152,345190
69039,138078,207117,276156,345195
69040,138080,207120,276160,345200
69041,138082,207123,276164,345205
69042,138084,207126,276168,345210
69043,138086,207129,276172,345215
69044,138088,207132,276176,345220
69045,138090,207135,276180,345225
69046,138092,207138,276184,345230
69047,138094,207141,276188,345235
69048,138096,207144,276192,345240
69049,138098,207147,276196,345245
69050,138100,207150,276200,345250
69051,138102,207153,276204,345255
69052,138104,207156,276208,345260
69053,138106,207159,276212,345265
69054,138108,207162,276216,345270
69055,138110,207165,276220,345275
69056,138112,207168,276224,345280
69057,138114,207171,276228,345285
69058,138116,207174,276232,345290
69059,138118,207177,276236,345295
69060,138120,207180,276240,345300
69061,138122,207183,276244,345305
69062,138124,207186,276248,345310
69063,138126,207189,276252,345315
69064,138128,207192,276256,345320
69065,138130,207195,276260,345325
69066,138132,207198,276264,345330
69067,138134,207201,276268,345335
69068,138136,207204,276272,345340
69069,138138,207207,276276,345345
69070,138140,207210,276280,345350
69071,138142,207213,276284,345355
69072,138144,207216,276288,345360
69073,138146,207219,276292,345365
69074,138148,207222,276296,345370
69075,138150,207225,276300,345375
69076,138152,207228,276304,345380
69077,138154,207231,276308,345385
69078,138156,207234,276312,345390
69079,138158,207237,276316,345395
69080,138160,207240,276320,345400
69081,138162,207243,276324,345405
69082,138164,207246,276328,345410
69083,138166,207249,276332,345415
69084,138168,207252,276336,345420
69085,138170,207255,276340,345425
69086,138172,207258,276344,345430
69087,138174,207261,276348,345435
69088,138176,207264,276352,345440
69089,138178,207267,276356,345445
69090,138180,207270,276360,345450
69091,138182,207273,276364,345455
69092,138184,207276,276368,345460
69093,138186,207279,276372,345465
69094,138188,207282,276376,345470
69095,138190,207285,276380,345475
69096,138192,207288,276384,345480
69097,138194,207291,276388,345485
69098,138196,207294,276392,345490
69099,138198,207297,276396,345495
69100,138200,207300,276400,345500
69101,138202,207303,276404,345505
69102,138204,207306,276408,345510
69103,138206,207309,276412,345515
69104,138208,207312,276416,345520
69105,138210,207315,276420,345525
69106,138212,207318,276424,345530
69107,138214,207321,276428,345535
69108,138216,207324,276432,345540
69109,138218,207327,276436,345545
69110,138220,207330,276440,345550
69111,138222,207333,276444,345555
69112,138224,207336,276448,345560
69113,138226,207339,276452,345565
69114,138228,207342,276456,345570
69115,138230,207345,276460,345575
69116,138232,207348,276464,345580
69117,138234,207351,276468,345585
69118,138236,207354,276472,345590
69119,138238,207357,276476,345595
69120,138240,207360,276480,345600
69121,138242,207363,276484,345605
69122,138244,207366,276488,345610
69123,138246,207369,276492,345615
69124,138248,207372,276496,345620
69125,138250,207375,276500,345625
69126,138252,207378,276504,345630
69127,138254,207381,276508,345635
69128,138256,207384,276512,345640
69129,138258,207387,276516,345645
69130,138260,207390,276520,345650
69131,138262,207393,276524,345655
69132,138264,207396,276528,345660
69133,138266,207399,276532,345665
69134,138268,207402,276536,345670
69135,138270,207405,276540,345675
69136,138272,207408,276544,345680
69137,138274,207411,276548,345685
69138,138276,207414,276552,345690
69139,138278,207417,276556,345695
69140,138280,207420,276560,345700
69141,138282,207423,276564,345705
69142,138284,207426,276568,345710
69143,138286,207429,276572,345715
69144,138288,207432,276576,345720
69145,138290,207435,276580,345725
69146,138292,207438,276584,345730
69147,138294,207441,276588,345735
69148,138296,207444,276592,345740
69149,138298,207447,276596,345745
69150,138300,207450,276600,345750
69151,138302,207453,276604,345755
69152,138304,207456,276608,345760
69153,138306,207459,276612,345765
69154,138308,207462,276616,345770
69155,138310,207465,276620,345775
69156,138312,207468,276624,345780
69157,138314,207471,276628,345785
69158,138316,207474,276632,345790
69159,138318,207477,276636,345795
69160,138320,207480,276640,345800
69161,138322,207483,276644,345805
69162,138324,207486,276648,345810
69163,138326,207489,276652,345815
69164,138328,207492,276656,345820
69165,138330,207495,276660,345825
69166,138332,207498,276664,345830
69167,138334,207501,276668,345835
69168,138336,207504,276672,345840
69169,138338,207507,276676,345845
69170,138340,207510,276680,345850
69171,138342,207513,276684,345855
69172,138344,207516,276688,345860
69173,138346,207519,276692,345865
69174,138348,207522,276696,345870
69175,138350,207525,276700,345875
69176,138352,207528,276704,345880
69177,138354,207531,276708,345885
69178,138356,207534,276712,345890
69179,138358,207537,276716,345895
69180,138360,207540,276720,345900
69181,138362,207543,276724,345905
69182,138364,207546,276728,345910
69183,138366,207549,276732,345915
69184,138368,207552,276736,345920
69185,138370,207555,276740,345925
69186,138372,207558,276744,345930
69187,138374,207561,276748,345935
69188,138376,207564,276752,345940
69189,138378,207567,276756,345945
69190,138380,207570,276760,345950
69191,138382,207573,276764,345955
69192,138384,207576,276768,345960
69193,138386,207579,276772,345965
69194,138388,207582,276776,345970
69195,138390,207585,276780,345975
69196,138392,207588,276784,345980
69197,138394,207591,276788,345985
69198,138396,207594,276792,345990
69199,138398,207597,276796,345995
69200,138400,207600,276800,346000
69201,138402,207603,276804,346005
69202,138404,207606,276808,346010
69203,138406,207609,276812,346015
69204,138408,207612,276816,346020
69205,138410,207615,276820,346025
69206,138412,207618,276824,346030
69207,138414,207621,276828,346035
69208,138416,207624,276832,346040
69209,138418,207627,276836,346045
69210,138420,207630,276840,346050
69211,138422,207633,276844,346055
69212,138424,207636,276848,346060
69213,138426,207639,276852,346065
69214,138428,207642,276856,346070
69215,138430,207645,276860,346075
69216,138432,207648,276864,346080
69217,138434,207651,276868,346085
69218,138436,207654,276872,346090
69219,138438,207657,276876,346095
69220,138440,207660,276880,346100
69221,138442,207663,276884,346105
69222,138444,207666,276888,346110
69223,138446,207669,276892,346115
69224,138448,207672,276896,346120
69225,138450,207675,276900,346125
69226,138452,207678,276904,346130
69227,138454,207681,276908,346135
69228,138456,207684,276912,346140
69229,138458,207687,276916,346145
69230,138460,207690,276920,346150
69231,138462,207693,276924,346155
69232,138464,207696,276928,346160
69233,138466,207699,276932,346165
69234,138468,207702,276936,346170
69235,138470,207705,276940,346175
69236,138472,207708,276944,346180
69237,138474,207711,276948,346185
69238,138476,207714,276952,346190
69239,138478,207717,276956,346195
69240,138480,207720,276960,346200
69241,138482,207723,276964,346205
69242,138484,207726,276968,346210
69243,138486,207729,276972,346215
69244,138488,207732,276976,346220
69245,138490,207735,276980,346225
69246,138492,207738,276984,346230
69247,138494,207741,276988,346235
69248,138496,207744,276992,346240
69249,138498,207747,276996,346245
69250,138500,207750,277000,346250
69251,138502,207753,277004,346255
69252,138504,207756,277008,346260
69253,138506,207759,277012,346265
69254,138508,207762,277016,346270
69255,138510,207765,277020,346275
69256,138512,207768,277024,346280
69257,138514,207771,277028,346285
69258,138516,207774,277032,346290
69259,138518,207777,277036,346295
69260,138520,207780,277040,346300
69261,138522,207783,277044,346305
69262,138524,207786,277048,346310
69263,138526,207789,277052,346315
69264,138528,207792,277056,346320
69265,138530,207795,277060,346325
69266,138532,207798,277064,346330
69267,138534,207801,277068,346335
69268,138536,207804,277072,346340
69269,138538,207807,277076,346345
69270,138540,207810,277080,346350
69271,138542,207813,277084,346355
69272,138544,207816,277088,346360
69273,138546,207819,277092,346365
69274,138548,207822,277096,346370
69275,138550,207825,277100,346375
69276,138552,207828,277104,346380
69277,138554,207831,277108,346385
69278,138556,207834,277112,346390
69279,138558,207837,277116,346395
69280,138560,207840,277120,346400
69281,138562,207843,277124,346405
69282,138564,207846,277128,346410
69283,138566,207849,277132,346415
69284,138568,207852,277136,346420
69285,138570,207855,277140,346425
69286,138572,207858,277144,346430
69287,138574,207861,277148,346435
69288,138576,207864,277152,346440
69289,138578,207867,277156,346445
69290,138580,207870,277160,346450
69291,138582,207873,277164,346455
69292,138584,207876,277168,346460
69293,138586,207879,277172,346465
69294,138588,207882,277176,346470
69295,138590,207885,277180,346475
69296,138592,207888,277184,346480
69297,138594,207891,277188,346485
69298,138596,207894,277192,346490
69299,138598,207897,277196,346495
69300,138600,207900,277200,346500
69301,138602,207903,277204,346505
69302,138604,207906,277208,346510
69303,138606,207909,277212,346515
69304,138608,207912,277216,346520
69305,138610,207915,277220,346525
69306,138612,207918,277224,346530
69307,138614,207921,277228,346535
69308,138616,207924,277232,346540
69309,138618,207927,277236,346545
69310,138620,207930,277240,346550
69311,138622,207933,277244,346555
69312,138624,207936,277248,346560
69313,138626,207939,277252,346565
69314,138628,207942,277256,346570
69315,138630,207945,277260,346575
69316,138632,207948,277264,346580
69317,138634,207951,277268,346585
69318,138636,207954,277272,346590
69319,138638,207957,277276,346595
69320,138640,207960,277280,346600
69321,138642,207963,277284,346605
69322,138644,207966,277288,346610
69323,138646,207969,277292,346615
69324,138648,207972,277296,346620
69325,138650,207975,277300,346625
69326,138652,207978,277304,346630
69327,138654,207981,277308,346635
69328,138656,207984,277312,346640
69329,138658,207987,277316,346645
69330,138660,207990,277320,346650
69331,138662,207993,277324,346655
69332,138664,207996,277328,346660
69333,138666,207999,277332,346665
69334,138668,208002,277336,346670
69335,138670,208005,277340,346675
69336,138672,208008,277344,346680
69337,138674,208011,277348,346685
69338,138676,208014,277352,346690
69339,138678,208017,277356,346695
69340,138680,208020,277360,346700
69341,138682,208023,277364,346705
69342,138684,208026,277368,346710
69343,138686,208029,277372,346715
69344,138688,208032,277376,346720
69345,138690,208035,277380,346725
69346,138692,208038,277384,346730
69347,138694,208041,277388,346735
69348,138696,208044,277392,346740
69349,138698,208047,277396,346745
69350,138700,208050,277400,346750
69351,138702,208053,277404,346755
69352,138704,208056,277408,346760
69353,138706,208059,277412,346765
69354,138708,208062,277416,346770
69355,138710,208065,277420,346775
69356,138712,208068,277424,346780
69357,138714,208071,277428,346785
69358,138716,208074,277432,346790
69359,138718,208077,277436,346795
69360,138720,208080,277440,346800
69361,138722,208083,277444,346805
69362,138724,208086,277448,346810
69363,138726,208089,277452,346815
69364,138728,208092,277456,346820
69365,138730,208095,277460,346825
69366,138732,208098,277464,346830
69367,138734,208101,277468,346835
69368,138736,208104,277472,346840
69369,138738,208107,277476,346845
69370,138740,208110,277480,346850
69371,138742,208113,277484,346855
69372,138744,208116,277488,346860
69373,138746,208119,277492,346865
69374,138748,208122,277496,346870
69375,138750,208125,277500,346875
69376,138752,208128,277504,346880
69377,138754,208131,277508,346885
69378,138756,208134,277512,346890
69379,138758,208137,277516,346895
69380,138760,208140,277520,346900
69381,138762,208143,277524,346905
69382,138764,208146,277528,346910
69383,138766,208149,277532,346915
69384,138768,208152,277536,346920
69385,138770,208155,277540,346925
69386,138772,208158,277544,346930
69387,138774,208161,277548,346935
69388,138776,208164,277552,346940
69389,138778,208167,277556,346945
69390,138780,208170,277560,346950
69391,138782,208173,277564,346955
69392,138784,208176,277568,346960
69393,138786,208179,277572,346965
69394,138788,208182,277576,346970
69395,138790,208185,277580,346975
69396,138792,208188,277584,346980
69397,138794,208191,277588,346985
69398,138796,208194,277592,346990
69399,138798,208197,277596,346995
69400,138800,208200,277600,347000
69401,138802,208203,277604,347005
69402,138804,208206,277608,347010
69403,138806,208209,277612,347015
69404,138808,208212,277616,347020
69405,138810,208215,277620,347025
69406,138812,208218,277624,347030
69407,138814,208221,277628,347035
69408,138816,208224,277632,347040
69409,138818,208227,277636,347045
69410,138820,208230,277640,347050
69411,138822,208233,277644,347055
69412,138824,208236,277648,347060
69413,138826,208239,277652,347065
69414,138828,208242,277656,347070
69415,138830,208245,277660,347075
69416,138832,208248,277664,347080
69417,138834,208251,277668,347085
69418,138836,208254,277672,347090
69419,138838,208257,277676,347095
69420,138840,208260,277680,347100
69421,138842,208263,277684,347105
69422,138844,208266,277688,347110
69423,138846,208269,277692,347115
69424,138848,208272,277696,347120
69425,138850,208275,277700,347125
69426,138852,208278,277704,347130
69427,138854,208281,277708,347135
69428,138856,208284,277712,347140
69429,138858,208287,277716,347145
69430,138860,208290,277720,347150
69431,138862,208293,277724,347155
69432,138864,208296,277728,347160
69433,138866,208299,277732,347165
69434,138868,208302,277736,347170
69435,138870,208305,277740,347175
69436,138872,208308,277744,347180
69437,138874,208311,277748,347185
69438,138876,208314,277752,347190
69439,138878,208317,277756,347195
69440,138880,208320,277760,347200
69441,138882,208323,277764,347205
69442,138884,208326,277768,347210
69443,138886,208329,277772,347215
69444,138888,208332,277776,347220
69445,138890,208335,277780,347225
69446,138892,208338,277784,347230
69447,138894,208341,277788,347235
69448,138896,208344,277792,347240
69449,138898,208347,277796,347245
69450,138900,208350,277800,347250
69451,138902,208353,277804,347255
69452,138904,208356,277808,347260
69453,138906,208359,277812,347265
69454,138908,208362,277816,347270
69455,138910,208365,277820,347275
69456,138912,208368,277824,347280
69457,138914,208371,277828,347285
69458,138916,208374,277832,347290
69459,138918,208377,277836,347295
69460,138920,208380,277840,347300
69461,138922,208383,277844,347305
69462,138924,208386,277848,347310
69463,138926,208389,277852,347315
69464,138928,208392,277856,347320
69465,138930,208395,277860,347325
69466,138932,208398,277864,347330
69467,138934,208401,277868,347335
69468,138936,208404,277872,347340
69469,138938,208407,277876,347345
69470,138940,208410,277880,347350
69471,138942,208413,277884,347355
69472,138944,208416,277888,347360
69473,138946,208419,277892,347365
69474,138948,208422,277896,347370
69475,138950,208425,277900,347375
69476,138952,208428,277904,347380
69477,138954,208431,277908,347385
69478,138956,208434,277912,347390
69479,138958,208437,277916,347395
69480,138960,208440,277920,347400
69481,138962,208443,277924,347405
69482,138964,208446,277928,347410
69483,138966,208449,277932,347415
69484,138968,208452,277936,347420
69485,138970,208455,277940,347425
69486,138972,208458,277944,347430
69487,138974,208461,277948,347435
69488,138976,208464,277952,347440
69489,138978,208467,277956,347445
69490,138980,208470,277960,347450
69491,138982,208473,277964,347455
69492,138984,208476,277968,347460
69493,138986,208479,277972,347465
69494,138988,208482,277976,347470
69495,138990,208485,277980,347475
69496,138992,208488,277984,347480
69497,138994,208491,277988,347485
69498,138996,208494,277992,347490
69499,138998,208497,277996,347495
69500,139000,208500,278000,347500
69501,139002,208503,278004,347505
69502,139004,208506,278008,347510
69503,139006,208509,278012,347515
69504,139008,208512,278016,347520
69505,139010,208515,278020,347525
69506,139012,208518,278024,347530
69507,139014,208521,278028,347535
69508,139016,208524,278032,347540
69509,139018,208527,278036,347545
69510,139020,208530,278040,347550
69511,139022,208533,278044,347555
69512,139024,208536,278048,347560
69513,139026,208539,278052,347565
69514,139028,208542,278056,347570
69515,139030,208545,278060,347575
69516,139032,208548,278064,347580
69517,139034,208551,278068,347585
69518,139036,208554,278072,347590
69519,139038,208557,278076,347595
69520,139040,208560,278080,347600
69521,139042,208563,278084,347605
69522,139044,208566,278088,347610
69523,139046,208569,278092,347615
69524,139048,208572,278096,347620
69525,139050,208575,278100,347625
69526,139052,208578,278104,347630
69527,139054,208581,278108,347635
69528,139056,208584,278112,347640
69529,139058,208587,278116,347645
69530,139060,208590,278120,347650
69531,139062,208593,278124,347655
69532,139064,208596,278128,347660
69533,139066,208599,278132,347665
69534,139068,208602,278136,347670
69535,139070,208605,278140,347675
69536,139072,208608,278144,347680
69537,139074,208611,278148,347685
69538,139076,208614,278152,347690
69539,139078,208617,278156,347695
69540,139080,208620,278160,347700
69541,139082,208623,278164,347705
69542,139084,208626,278168,347710
69543,139086,208629,278172,347715
69544,139088,208632,278176,347720
69545,139090,208635,278180,347725
69546,139092,208638,278184,347730
69547,139094,208641,278188,347735
69548,139096,208644,278192,347740
69549,139098,208647,278196,347745
69550,139100,208650,278200,347750
69551,139102,208653,278204,347755
69552,139104,208656,278208,347760
69553,139106,208659,278212,347765
69554,139108,208662,278216,347770
69555,139110,208665,278220,347775
69556,139112,208668,278224,347780
69557,139114,208671,278228,347785
69558,139116,208674,278232,347790
69559,139118,208677,278236,347795
69560,139120,208680,278240,347800
69561,139122,208683,278244,347805
69562,139124,208686,278248,347810
69563,139126,208689,278252,347815
69564,139128,208692,278256,347820
69565,139130,208695,278260,347825
69566,139132,208698,278264,347830
69567,139134,208701,278268,347835
69568,139136,208704,278272,347840
69569,139138,208707,278276,347845
69570,139140,208710,278280,347850
69571,139142,208713,278284,347855
69572,139144,208716,278288,347860
69573,139146,208719,278292,347865
69574,139148,208722,278296,347870
69575,139150,208725,278300,347875
69576,139152,208728,278304,347880
69577,139154,208731,278308,347885
69578,139156,208734,278312,347890
69579,139158,208737,278316,347895
69580,139160,208740,278320,347900
69581,139162,208743,278324,347905
69582,139164,208746,278328,347910
69583,139166,208749,278332,347915
69584,139168,208752,278336,347920
69585,139170,208755,278340,347925
69586,139172,208758,278344,347930
69587,139174,208761,278348,347935
69588,139176,208764,278352,347940
69589,139178,208767,278356,347945
69590,139180,208770,278360,347950
69591,139182,208773,278364,347955
69592,139184,208776,278368,347960
69593,139186,208779,278372,347965
69594,139188,208782,278376,347970
69595,139190,208785,278380,347975
69596,139192,208788,278384,347980
69597,139194,208791,278388,347985
69598,139196,208794,278392,347990
69599,139198,208797,278396,347995
69600,139200,208800,278400,348000
69601,139202,208803,278404,348005
69602,139204,208806,278408,348010
69603,139206,208809,278412,348015
69604,139208,208812,278416,348020
69605,139210,208815,278420,348025
69606,139212,208818,278424,348030
69607,139214,208821,278428,348035
69608,139216,208824,278432,348040
69609,139218,208827,278436,348045
69610,139220,208830,278440,348050
69611,139222,208833,278444,348055
69612,139224,208836,278448,348060
69613,139226,208839,278452,348065
69614,139228,208842,278456,348070
69615,139230,208845,278460,348075
69616,139232,208848,278464,348080
69617,139234,208851,278468,348085
69618,139236,208854,278472,348090
69619,139238,208857,278476,348095
69620,139240,208860,278480,348100
69621,139242,208863,278484,348105
69622,139244,208866,278488,348110
69623,139246,208869,278492,348115
69624,139248,208872,278496,348120
69625,139250,208875,278500,348125
69626,139252,208878,278504,348130
69627,139254,208881,278508,348135
69628,139256,208884,278512,348140
69629,139258,208887,278516,348145
69630,139260,208890,278520,348150
69631,139262,208893,278524,348155
69632,139264,208896,278528,348160
69633,139266,208899,278532,348165
69634,139268,208902,278536,348170
69635,139270,208905,278540,348175
69636,139272,208908,278544,348180
69637,139274,208911,278548,348185
69638,139276,208914,278552,348190
69639,139278,208917,278556,348195
69640,139280,208920,278560,348200
69641,139282,208923,278564,348205
69642,139284,208926,278568,348210
69643,139286,208929,278572,348215
69644,139288,208932,278576,348220
69645,139290,208935,278580,348225
69646,139292,208938,278584,348230
69647,139294,208941,278588,348235
69648,139296,208944,278592,348240
69649,139298,208947,278596,348245
69650,139300,208950,278600,348250
69651,139302,208953,278604,348255
69652,139304,208956,278608,348260
69653,139306,208959,278612,348265
69654,139308,208962,278616,348270
69655,139310,208965,278620,348275
69656,139312,208968,278624,348280
69657,139314,208971,278628,348285
69658,139316,208974,278632,348290
69659,139318,208977,278636,348295
69660,139320,208980,278640,348300
69661,139322,208983,278644,348305
69662,139324,208986,278648,348310
69663,139326,208989,278652,348315
69664,139328,208992,278656,348320
69665,139330,208995,278660,348325
69666,139332,208998,278664,348330
69667,139334,209001,278668,348335
69668,139336,209004,278672,348340
69669,139338,209007,278676,348345
69670,139340,209010,278680,348350
69671,139342,209013,278684,348355
69672,139344,209016,278688,348360
69673,139346,209019,278692,348365
69674,139348,209022,278696,348370
69675,139350,209025,278700,348375
69676,139352,209028,278704,348380
69677,139354,209031,278708,348385
69678,139356,209034,278712,348390
69679,139358,209037,278716,348395
69680,139360,209040,278720,348400
69681,139362,209043,278724,348405
69682,139364,209046,278728,348410
69683,139366,209049,278732,348415
69684,139368,209052,278736,348420
69685,139370,209055,278740,348425
69686,139372,209058,278744,348430
69687,139374,209061,278748,348435
69688,139376,209064,278752,348440
69689,139378,209067,278756,348445
69690,139380,209070,278760,348450
69691,139382,209073,278764,348455
69692,139384,209076,278768,348460
69693,139386,209079,278772,348465
69694,139388,209082,278776,348470
69695,139390,209085,278780,348475
69696,139392,209088,278784,348480
69697,139394,209091,278788,348485
69698,139396,209094,278792,348490
69699,139398,209097,278796,348495
69700,139400,209100,278800,348500
69701,139402,209103,278804,348505
69702,139404,209106,278808,348510
69703,139406,209109,278812,348515
69704,139408,209112,278816,348520
69705,139410,209115,278820,348525
69706,139412,209118,278824,348530
69707,139414,209121,278828,348535
69708,139416,209124,278832,348540
69709,139418,209127,278836,348545
69710,139420,209130,278840,348550
69711,139422,209133,278844,348555
69712,139424,209136,278848,348560
69713,139426,209139,278852,348565
69714,139428,209142,278856,348570
69715,139430,209145,278860,348575
69716,139432,209148,278864,348580
69717,139434,209151,278868,348585
69718,139436,209154,278872,348590
69719,139438,209157,278876,348595
69720,139440,209160,278880,348600
69721,139442,209163,278884,348605
69722,139444,209166,278888,348610
69723,139446,209169,278892,348615
69724,139448,209172,278896,348620
69725,139450,209175,278900,348625
69726,139452,209178,278904,348630
69727,139454,209181,278908,348635
69728,139456,209184,278912,348640
69729,139458,209187,278916,348645
69730,139460,209190,278920,348650
69731,139462,209193,278924,348655
69732,139464,209196,278928,348660
69733,139466,209199,278932,348665
69734,139468,209202,278936,348670
69735,139470,209205,278940,348675
69736,139472,209208,278944,348680
69737,139474,209211,278948,348685
69738,139476,209214,278952,348690
69739,139478,209217,278956,348695
69740,139480,209220,278960,348700
69741,139482,209223,278964,348705
69742,139484,209226,278968,348710
69743,139486,209229,278972,348715
69744,139488,209232,278976,348720
69745,139490,209235,278980,348725
69746,139492,209238,278984,348730
69747,139494,209241,278988,348735
69748,139496,209244,278992,348740
69749,139498,209247,278996,348745
69750,139500,209250,279000,348750
69751,139502,209253,279004,348755
69752,139504,209256,279008,348760
69753,139506,209259,279012,348765
69754,139508,209262,279016,348770
69755,139510,209265,279020,348775
69756,139512,209268,279024,348780
69757,139514,209271,279028,348785
69758,139516,209274,279032,348790
69759,139518,209277,279036,348795
69760,139520,209280,279040,348800
69761,139522,209283,279044,348805
69762,139524,209286,279048,348810
69763,139526,209289,279052,348815
69764,139528,209292,279056,348820
69765,139530,209295,279060,348825
69766,139532,209298,279064,348830
69767,139534,209301,279068,348835
69768,139536,209304,279072,348840
69769,139538,209307,279076,348845
69770,139540,209310,279080,348850
69771,139542,209313,279084,348855
69772,139544,209316,279088,348860
69773,139546,209319,279092,348865
69774,139548,209322,279096,348870
69775,139550,209325,279100,348875
69776,139552,209328,279104,348880
69777,139554,209331,279108,348885
69778,139556,209334,279112,348890
69779,139558,209337,279116,348895
69780,139560,209340,279120,348900
69781,139562,209343,279124,348905
69782,139564,209346,279128,348910
69783,139566,209349,279132,348915
69784,139568,209352,279136,348920
69785,139570,209355,279140,348925
69786,139572,209358,279144,348930
69787,139574,209361,279148,348935
69788,139576,209364,279152,348940
69789,139578,209367,279156,348945
69790,139580,209370,279160,348950
69791,139582,209373,279164,348955
69792,139584,209376,279168,348960
69793,139586,209379,279172,348965
69794,139588,209382,279176,348970
69795,139590,209385,279180,348975
69796,139592,209388,279184,348980
69797,139594,209391,279188,348985
69798,139596,209394,279192,348990
69799,139598,209397,279196,348995
69800,139600,209400,279200,349000
69801,139602,209403,279204,349005
69802,139604,209406,279208,349010
69803,139606,209409,279212,349015
69804,139608,209412,279216,349020
69805,139610,209415,279220,349025
69806,139612,209418,279224,349030
69807,139614,209421,279228,349035
69808,139616,209424,279232,349040
69809,139618,209427,279236,349045
69810,139620,209430,279240,349050
69811,139622,209433,279244,349055
69812,139624,209436,279248,349060
69813,139626,209439,279252,349065
69814,139628,209442,279256,349070
69815,139630,209445,279260,349075
69816,139632,209448,279264,349080
69817,139634,209451,279268,349085
69818,139636,209454,279272,349090
69819,139638,209457,279276,349095
69820,139640,209460,279280,349100
69821,139642,209463,279284,349105
69822,139644,209466,279288,349110
69823,139646,209469,279292,349115
69824,139648,209472,279296,349120
69825,139650,209475,279300,349125
69826,139652,209478,279304,349130
69827,139654,209481,279308,349135
69828,139656,209484,279312,349140
69829,139658,209487,279316,349145
69830,139660,209490,279320,349150
69831,139662,209493,279324,349155
69832,139664,209496,279328,349160
69833,139666,209499,279332,349165
69834,139668,209502,279336,349170
69835,139670,209505,279340,349175
69836,139672,209508,279344,349180
69837,139674,209511,279348,349185
69838,139676,209514,279352,349190
69839,139678,209517,279356,349195
69840,139680,209520,279360,349200
69841,139682,209523,279364,349205
69842,139684,209526,279368,349210
69843,139686,209529,279372,349215
69844,139688,209532,279376,349220
69845,139690,209535,279380,349225
69846,139692,209538,279384,349230
69847,139694,209541,279388,349235
69848,139696,209544,279392,349240
69849,139698,209547,279396,349245
69850,139700,209550,279400,349250
69851,139702,209553,279404,349255
69852,139704,209556,279408,349260
69853,139706,209559,279412,349265
69854,139708,209562,279416,349270
69855,139710,209565,279420,349275
69856,139712,209568,279424,349280
69857,139714,209571,279428,349285
69858,139716,209574,279432,349290
69859,139718,209577,279436,349295
69860,139720,209580,279440,349300
69861,139722,209583,279444,349305
69862,139724,209586,279448,349310
69863,139726,209589,279452,349315
69864,139728,209592,279456,349320
69865,139730,209595,279460,349325
69866,139732,209598,279464,349330
69867,139734,209601,279468,349335
69868,139736,209604,279472,349340
69869,139738,209607,279476,349345
69870,139740,209610,279480,349350
69871,139742,209613,279484,349355
69872,139744,209616,279488,349360
69873,139746,209619,279492,349365
69874,139748,209622,279496,349370
69875,139750,209625,279500,349375
69876,139752,209628,279504,349380
69877,139754,209631,279508,349385
69878,139756,209634,279512,349390
69879,139758,209637,279516,349395
69880,139760,209640,279520,349400
69881,139762,209643,279524,349405
69882,139764,209646,279528,349410
69883,139766,209649,279532,349415
69884,139768,209652,279536,349420
69885,139770,209655,279540,349425
69886,139772,209658,279544,349430
69887,139774,209661,279548,349435
69888,139776,209664,279552,349440
69889,139778,209667,279556,349445
69890,139780,209670,279560,349450
69891,139782,209673,279564,349455
69892,139784,209676,279568,349460
69893,139786,209679,279572,349465
69894,139788,209682,279576,349470
69895,139790,209685,279580,349475
69896,139792,209688,279584,349480
69897,139794,209691,279588,349485
69898,139796,209694,279592,349490
69899,139798,209697,279596,349495
69900,139800,209700,279600,349500
69901,139802,209703,279604,349505
69902,139804,209706,279608,349510
69903,139806,209709,279612,349515
69904,139808,209712,279616,349520
69905,139810,209715,279620,349525
69906,139812,209718,279624,349530
69907,139814,209721,279628,349535
69908,139816,209724,279632,349540
69909,139818,209727,279636,349545
69910,139820,209730,279640,349550
69911,139822,209733,279644,349555
69912,139824,209736,279648,349560
69913,139826,209739,279652,349565
69914,139828,209742,279656,349570
69915,139830,209745,279660,349575
69916,139832,209748,279664,349580
69917,139834,209751,279668,349585
69918,139836,209754,279672,349590
69919,139838,209757,279676,349595
69920,139840,209760,279680,349600
69921,139842,209763,279684,349605
69922,139844,209766,279688,349610
69923,139846,209769,279692,349615
69924,139848,209772,279696,349620
69925,139850,209775,279700,349625
69926,139852,209778,279704,349630
69927,139854,209781,279708,349635
69928,139856,209784,279712,349640
69929,139858,209787,279716,349645
69930,139860,209790,279720,349650
69931,139862,209793,279724,349655
69932,139864,209796,279728,349660
69933,139866,209799,279732,349665
69934,139868,209802,279736,349670
69935,139870,209805,279740,349675
69936,139872,209808,279744,349680
69937,139874,209811,279748,349685
69938,139876,209814,279752,349690
69939,139878,209817,279756,349695
69940,139880,209820,279760,349700
69941,139882,209823,279764,349705
69942,139884,209826,279768,349710
69943,139886,209829,279772,349715
69944,139888,209832,279776,349720
69945,139890,209835,279780,349725
69946,139892,209838,279784,349730
69947,139894,209841,279788,349735
69948,139896,209844,279792,349740
69949,139898,209847,279796,349745
69950,139900,209850,279800,349750
69951,139902,209853,279804,349755
69952,139904,209856,279808,349760
69953,139906,209859,279812,349765
69954,139908,209862,279816,349770
69955,139910,209865,279820,349775
69956,139912,209868,279824,349780
69957,139914,209871,279828,349785
69958,139916,209874,279832,349790
69959,139918,209877,279836,349795
69960,139920,209880,279840,349800
69961,139922,209883,279844,349805
69962,139924,209886,279848,349810
69963,139926,209889,279852,349815
69964,139928,209892,279856,349820
69965,139930,209895,279860,349825
69966,139932,209898,279864,349830
69967,139934,209901,279868,349835
69968,139936,209904,279872,349840
69969,139938,209907,279876,349845
69970,139940,209910,279880,349850
69971,139942,209913,279884,349855
69972,139944,209916,279888,349860
69973,139946,209919,279892,349865
69974,139948,209922,279896,349870
69975,139950,209925,279900,349875
69976,139952,209928,279904,349880
69977,139954,209931,279908,349885
69978,139956,209934,279912,349890
69979,139958,209937,279916,349895
69980,139960,209940,279920,349900
69981,139962,209943,279924,349905
69982,139964,209946,279928,349910
69983,139966,209949,279932,349915
69984,139968,209952,279936,349920
69985,139970,209955,279940,349925
69986,139972,209958,279944,349930
69987,139974,209961,279948,349935
69988,139976,209964,279952,349940
69989,139978,209967,279956,349945
69990,139980,209970,279960,349950
69991,139982,209973,279964,349955
69992,139984,209976,279968,349960
69993,139986,209979,279972,349965
69994,139988,209982,279976,349970
69995,139990,209985,279980,349975
69996,139992,209988,279984,349980
69997,139994,209991,279988,349985
69998,139996,209994,279992,349990
69999,139998,209997,279996,349995
70000,140000,210000,280000,350000
70001,140002,210003,280004,350005
70002,140004,210006,280008,350010
70003,140006,210009,280012,350015
70004,140008,210012,280016,350020
70005,140010,210015,280020,350025
70006,140012,210018,280024,350030
70007,140014,210021,280028,350035
70008,140016,210024,280032,350040
70009,140018,210027,280036,350045
70010,140020,210030,280040,350050
70011,140022,210033,280044,350055
70012,140024,210036,280048,350060
70013,140026,210039,280052,350065
70014,140028,210042,280056,350070
70015,140030,210045,280060,350075
70016,140032,210048,280064,350080
70017,140034,210051,280068,350085
70018,140036,210054,280072,350090
70019,140038,210057,280076,350095
70020,140040,210060,280080,350100
70021,140042,210063,280084,350105
70022,140044,210066,280088,350110
70023,140046,210069,280092,350115
70024,140048,210072,280096,350120
70025,140050,210075,280100,350125
70026,140052,210078,280104,350130
70027,140054,210081,280108,350135
70028,140056,210084,280112,350140
70029,140058,210087,280116,350145
70030,140060,210090,280120,350150
70031,140062,210093,280124,350155
70032,140064,210096,280128,350160
70033,140066,210099,280132,350165
70034,140068,210102,280136,350170
70035,140070,210105,280140,350175
70036,140072,210108,280144,350180
70037,140074,210111,280148,350185
70038,140076,210114,280152,350190
70039,140078,210117,280156,350195
70040,140080,210120,280160,350200
70041,140082,210123,280164,350205
70042,140084,210126,280168,350210
70043,140086,210129,280172,350215
70044,140088,210132,280176,350220
70045,140090,210135,280180,350225
70046,140092,210138,280184,350230
70047,140094,210141,280188,350235
70048,140096,210144,280192,350240
70049,140098,210147,280196,350245
70050,140100,210150,280200,350250
70051,140102,210153,280204,350255
70052,140104,210156,280208,350260
70053,140106,210159,280212,350265
70054,140108,210162,280216,350270
70055,140110,210165,280220,350275
70056,140112,210168,280224,350280
70057,140114,210171,280228,350285
70058,140116,210174,280232,350290
70059,140118,210177,280236,350295
70060,140120,210180,280240,350300
70061,140122,210183,280244,350305
70062,140124,210186,280248,350310
70063,140126,210189,280252,350315
70064,140128,210192,280256,350320
70065,140130,210195,280260,350325
70066,140132,210198,280264,350330
70067,140134,210201,280268,350335
70068,140136,210204,280272,350340
70069,140138,210207,280276,350345
70070,140140,210210,280280,350350
70071,140142,210213,280284,350355
70072,140144,210216,280288,350360
70073,140146,210219,280292,350365
70074,140148,210222,280296,350370
70075,140150,210225,280300,350375
70076,140152,210228,280304,350380
70077,140154,210231,280308,350385
70078,140156,210234,280312,350390
70079,140158,210237,280316,350395
70080,140160,210240,280320,350400
70081,140162,210243,280324,350405
70082,140164,210246,280328,350410
70083,140166,210249,280332,350415
70084,140168,210252,280336,350420
70085,140170,210255,280340,350425
70086,140172,210258,280344,350430
70087,140174,210261,280348,350435
70088,140176,210264,280352,350440
70089,140178,210267,280356,350445
70090,140180,210270,280360,350450
70091,140182,210273,280364,350455
70092,140184,210276,280368,350460
70093,140186,210279,280372,350465
70094,140188,210282,280376,350470
70095,140190,210285,280380,350475
70096,140192,210288,280384,350480
70097,140194,210291,280388,350485
70098,140196,210294,280392,350490
70099,140198,210297,280396,350495
70100,140200,210300,280400,350500
70101,140202,210303,280404,350505
70102,140204,210306,280408,350510
70103,140206,210309,280412,350515
70104,140208,210312,280416,350520
70105,140210,210315,280420,350525
70106,140212,210318,280424,350530
70107,140214,210321,280428,350535
70108,140216,210324,280432,350540
70109,140218,210327,280436,350545
70110,140220,210330,280440,350550
70111,140222,210333,280444,350555
70112,140224,210336,280448,350560
70113,140226,210339,280452,350565
70114,140228,210342,280456,350570
70115,140230,210345,280460,350575
70116,140232,210348,280464,350580
70117,140234,210351,280468,350585
70118,140236,210354,280472,350590
70119,140238,210357,280476,350595
70120,140240,210360,280480,350600
70121,140242,210363,280484,350605
70122,140244,210366,280488,350610
70123,140246,210369,280492,350615
70124,140248,210372,280496,350620
70125,140250,210375,280500,350625
70126,140252,210378,280504,350630
70127,140254,210381,280508,350635
70128,140256,210384,280512,350640
70129,140258,210387,280516,350645
70130,140260,210390,280520,350650
70131,140262,210393,280524,350655
70132,140264,210396,280528,350660
70133,140266,210399,280532,350665
70134,140268,210402,280536,350670
70135,140270,210405,280540,350675
70136,140272,210408,280544,350680
70137,140274,210411,280548,350685
70138,140276,210414,280552,350690
70139,140278,210417,280556,350695
70140,140280,210420,280560,350700
70141,140282,210423,280564,350705
70142,140284,210426,280568,350710
70143,140286,210429,280572,350715
70144,140288,210432,280576,350720
70145,140290,210435,280580,350725
70146,140292,210438,280584,350730
70147,140294,210441,280588,350735
70148,140296,210444,280592,350740
70149,140298,210447,280596,350745
70150,140300,210450,280600,350750
70151,140302,210453,280604,350755
70152,140304,210456,280608,350760
70153,140306,210459,280612,350765
70154,140308,210462,280616,350770
70155,140310,210465,280620,350775
70156,140312,210468,280624,350780
70157,140314,210471,280628,350785
70158,140316,210474,280632,350790
70159,140318,210477,280636,350795
70160,140320,210480,280640,350800
70161,140322,210483,280644,350805
70162,140324,210486,280648,350810
70163,140326,210489,280652,350815
70164,140328,210492,280656,350820
70165,140330,210495,280660,350825
70166,140332,210498,280664,350830
70167,140334,210501,280668,350835
70168,140336,210504,280672,350840
70169,140338,210507,280676,350845
70170,140340,210510,280680,350850
70171,140342,210513,280684,350855
70172,140344,210516,280688,350860
70173,140346,210519,280692,350865
70174,140348,210522,280696,350870
70175,140350,210525,280700,350875
70176,140352,210528,280704,350880
70177,140354,210531,280708,350885
70178,140356,210534,280712,350890
70179,140358,210537,280716,350895
70180,140360,210540,280720,350900
70181,140362,210543,280724,350905
70182,140364,210546,280728,350910
70183,140366,210549,280732,350915
70184,140368,210552,280736,350920
70185,140370,210555,280740,350925
70186,140372,210558,280744,350930
70187,140374,210561,280748,350935
70188,140376,210564,280752,350940
70189,140378,210567,280756,350945
70190,140380,210570,280760,350950
70191,140382,210573,280764,350955
70192,140384,210576,280768,350960
70193,140386,210579,280772,350965
70194,140388,210582,280776,350970
70195,140390,210585,280780,350975
70196,140392,210588,280784,350980
70197,140394,210591,280788,350985
70198,140396,210594,280792,350990
70199,140398,210597,280796,350995
70200,140400,210600,280800,351000
70201,140402,210603,280804,351005
70202,140404,210606,280808,351010
70203,140406,210609,280812,351015
70204,140408,210612,280816,351020
70205,140410,210615,280820,351025
70206,140412,210618,280824,351030
70207,140414,210621,280828,351035
70208,140416,210624,280832,351040
70209,140418,210627,280836,351045
70210,140420,210630,280840,351050
70211,140422,210633,280844,351055
70212,140424,210636,280848,351060
70213,140426,210639,280852,351065
70214,140428,210642,280856,351070
70215,140430,210645,280860,351075
70216,140432,210648,280864,351080
70217,140434,210651,280868,351085
70218,140436,210654,280872,351090
70219,140438,210657,280876,351095
70220,140440,210660,280880,351100
70221,140442,210663,280884,351105
70222,140444,210666,280888,351110
70223,140446,210669,280892,351115
70224,140448,210672,280896,351120
70225,140450,210675,280900,351125
70226,140452,210678,280904,351130
70227,140454,210681,280908,351135
70228,140456,210684,280912,351140
70229,140458,210687,280916,351145
70230,140460,210690,280920,351150
70231,140462,210693,280924,351155
70232,140464,210696,280928,351160
70233,140466,210699,280932,351165
70234,140468,210702,280936,351170
70235,140470,210705,280940,351175
70236,140472,210708,280944,351180
70237,140474,210711,280948,351185
70238,140476,210714,280952,351190
70239,140478,210717,280956,351195
70240,140480,210720,280960,351200
70241,140482,210723,280964,351205
70242,140484,210726,280968,351210
70243,140486,210729,280972,351215
70244,140488,210732,280976,351220
70245,140490,210735,280980,351225
70246,140492,210738,280984,351230
70247,140494,210741,280988,351235
70248,140496,210744,280992,351240
70249,140498,210747,280996,351245
70250,140500,210750,281000,351250
70251,140502,210753,281004,351255
70252,140504,210756,281008,351260
70253,140506,210759,281012,351265
70254,140508,210762,281016,351270
70255,140510,210765,281020,351275
70256,140512,210768,281024,351280
70257,140514,210771,281028,351285
70258,140516,210774,281032,351290
70259,140518,210777,281036,351295
70260,140520,210780,281040,351300
70261,140522,210783,281044,351305
70262,140524,210786,281048,351310
70263,140526,210789,281052,351315
70264,140528,210792,281056,351320
70265,140530,210795,281060,351325
70266,140532,210798,281064,351330
70267,140534,210801,281068,351335
70268,140536,210804,281072,351340
70269,140538,210807,281076,351345
70270,140540,210810,281080,351350
70271,140542,210813,281084,351355
70272,140544,210816,281088,351360
70273,140546,210819,281092,351365
70274,140548,210822,281096,351370
70275,140550,210825,281100,351375
70276,140552,210828,281104,351380
70277,140554,210831,281108,351385
70278,140556,210834,281112,351390
70279,140558,210837,281116,351395
70280,140560,210840,281120,351400
70281,140562,210843,281124,351405
70282,140564,210846,281128,351410
70283,140566,210849,281132,351415
70284,140568,210852,281136,351420
70285,140570,210855,281140,351425
70286,140572,210858,281144,351430
70287,140574,210861,281148,351435
70288,140576,210864,281152,351440
70289,140578,210867,281156,351445
70290,140580,210870,281160,351450
70291,140582,210873,281164,351455
70292,140584,210876,281168,351460
70293,140586,210879,281172,351465
70294,140588,210882,281176,351470
70295,140590,210885,281180,351475
70296,140592,210888,281184,351480
70297,140594,210891,281188,351485
70298,140596,210894,281192,351490
70299,140598,210897,281196,351495
70300,140600,210900,281200,351500
70301,140602,210903,281204,351505
70302,140604,210906,281208,351510
70303,140606,210909,281212,351515
70304,140608,210912,281216,351520
70305,140610,210915,281220,351525
70306,140612,210918,281224,351530
70307,140614,210921,281228,351535
70308,140616,210924,281232,351540
70309,140618,210927,281236,351545
70310,140620,210930,281240,351550
70311,140622,210933,281244,351555
70312,140624,210936,281248,351560
70313,140626,210939,281252,351565
70314,140628,210942,281256,351570
70315,140630,210945,281260,351575
70316,140632,210948,281264,351580
70317,140634,210951,281268,351585
70318,140636,210954,281272,351590
70319,140638,210957,281276,351595
70320,140640,210960,281280,351600
70321,140642,210963,281284,351605
70322,140644,210966,281288,351610
70323,140646,210969,281292,351615
70324,140648,210972,281296,351620
70325,140650,210975,281300,351625
70326,140652,210978,281304,351630
70327,140654,210981,281308,351635
70328,140656,210984,281312,351640
70329,140658,210987,281316,351645
70330,140660,210990,281320,351650
70331,140662,210993,281324,351655
70332,140664,210996,281328,351660
70333,140666,210999,281332,351665
70334,140668,211002,281336,351670
70335,140670,211005,281340,351675
70336,140672,211008,281344,351680
70337,140674,211011,281348,351685
70338,140676,211014,281352,351690
70339,140678,211017,281356,351695
70340,140680,211020,281360,351700
70341,140682,211023,281364,351705
70342,140684,211026,281368,351710
70343,140686,211029,281372,351715
70344,140688,211032,281376,351720
70345,140690,211035,281380,351725
70346,140692,211038,281384,351730
70347,140694,211041,281388,351735
70348,140696,211044,281392,351740
70349,140698,211047,281396,351745
70350,140700,211050,281400,351750
70351,140702,211053,281404,351755
70352,140704,211056,281408,351760
70353,140706,211059,281412,351765
70354,140708,211062,281416,351770
70355,140710,211065,281420,351775
70356,140712,211068,281424,351780
70357,140714,211071,281428,351785
70358,140716,211074,281432,351790
70359,140718,211077,281436,351795
70360,140720,211080,281440,351800
70361,140722,211083,281444,351805
70362,140724,211086,281448,351810
70363,140726,211089,281452,351815
70364,140728,211092,281456,351820
70365,140730,211095,281460,351825
70366,140732,211098,281464,351830
70367,140734,211101,281468,351835
70368,140736,211104,281472,351840
70369,140738,211107,281476,351845
70370,140740,211110,281480,351850
70371,140742,211113,281484,351855
70372,140744,211116,281488,351860
70373,140746,211119,281492,351865
70374,140748,211122,281496,351870
70375,140750,211125,281500,351875
70376,140752,211128,281504,351880
70377,140754,211131,281508,351885
70378,140756,211134,281512,351890
70379,140758,211137,281516,351895
70380,140760,211140,281520,351900
70381,140762,211143,281524,351905
70382,140764,211146,281528,351910
70383,140766,211149,281532,351915
70384,140768,211152,281536,351920
70385,140770,211155,281540,351925
70386,140772,211158,281544,351930
70387,140774,211161,281548,351935
70388,140776,211164,281552,351940
70389,140778,211167,281556,351945
70390,140780,211170,281560,351950
70391,140782,211173,281564,351955
70392,140784,211176,281568,351960
70393,140786,211179,281572,351965
70394,140788,211182,281576,351970
70395,140790,211185,281580,351975
70396,140792,211188,281584,351980
70397,140794,211191,281588,351985
70398,140796,211194,281592,351990
70399,140798,211197,281596,351995
70400,140800,211200,281600,352000
70401,140802,211203,281604,352005
70402,140804,211206,281608,352010
70403,140806,211209,281612,352015
70404,140808,211212,281616,352020
70405,140810,211215,281620,352025
70406,140812,211218,281624,352030
70407,140814,211221,281628,352035
70408,140816,211224,281632,352040
70409,140818,211227,281636,352045
70410,140820,211230,281640,352050
70411,140822,211233,281644,352055
70412,140824,211236,281648,352060
70413,140826,211239,281652,352065
70414,140828,211242,281656,352070
70415,140830,211245,281660,352075
70416,140832,211248,281664,352080
70417,140834,211251,281668,352085
70418,140836,211254,281672,352090
70419,140838,211257,281676,352095
70420,140840,211260,281680,352100
70421,140842,211263,281684,352105
70422,140844,211266,281688,352110
70423,140846,211269,281692,352115
70424,140848,211272,281696,352120
70425,140850,211275,281700,352125
70426,140852,211278,281704,352130
70427,140854,211281,281708,352135
70428,140856,211284,281712,352140
70429,140858,211287,281716,352145
70430,140860,211290,281720,352150
70431,140862,211293,281724,352155
70432,140864,211296,281728,352160
70433,140866,211299,281732,352165
70434,140868,211302,281736,352170
70435,140870,211305,281740,352175
70436,140872,211308,281744,352180
70437,140874,211311,281748,352185
70438,140876,211314,281752,352190
70439,140878,211317,281756,352195
70440,140880,211320,281760,352200
70441,140882,211323,281764,352205
70442,140884,211326,281768,352210
70443,140886,211329,281772,352215
70444,140888,211332,281776,352220
70445,140890,211335,281780,352225
70446,140892,211338,281784,352230
70447,140894,211341,281788,352235
70448,140896,211344,281792,352240
70449,140898,211347,281796,352245
70450,140900,211350,281800,352250
70451,140902,211353,281804,352255
70452,140904,211356,281808,352260
70453,140906,211359,281812,352265
70454,140908,211362,281816,352270
70455,140910,211365,281820,352275
70456,140912,211368,281824,352280
70457,140914,211371,281828,352285
70458,140916,211374,281832,352290
70459,140918,211377,281836,352295
70460,140920,211380,281840,352300
70461,140922,211383,281844,352305
70462,140924,211386,281848,352310
70463,140926,211389,281852,352315
70464,140928,211392,281856,352320
70465,140930,211395,281860,352325
70466,140932,211398,281864,352330
70467,140934,211401,281868,352335
70468,140936,211404,281872,352340
70469,140938,211407,281876,352345
70470,140940,211410,281880,352350
70471,140942,211413,281884,352355
70472,140944,211416,281888,352360
70473,140946,211419,281892,352365
70474,140948,211422,281896,352370
70475,140950,211425,281900,352375
70476,140952,211428,281904,352380
70477,140954,211431,281908,352385
70478,140956,211434,281912,352390
70479,140958,211437,281916,352395
70480,140960,211440,281920,352400
70481,140962,211443,281924,352405
70482,140964,211446,281928,352410
70483,140966,211449,281932,352415
70484,140968,211452,281936,352420
70485,140970,211455,281940,352425
70486,140972,211458,281944,352430
70487,140974,211461,281948,352435
70488,140976,211464,281952,352440
70489,140978,211467,281956,352445
70490,140980,211470,281960,352450
70491,140982,211473,281964,352455
70492,140984,211476,281968,352460
70493,140986,211479,281972,352465
70494,140988,211482,281976,352470
70495,140990,211485,281980,352475
70496,140992,211488,281984,352480
70497,140994,211491,281988,352485
70498,140996,211494,281992,352490
70499,140998,211497,281996,352495
70500,141000,211500,282000,352500
70501,141002,211503,282004,352505
70502,141004,211506,282008,352510
70503,141006,211509,282012,352515
70504,141008,211512,282016,352520
70505,141010,211515,282020,352525
70506,141012,211518,282024,352530
70507,141014,211521,282028,352535
70508,141016,211524,282032,352540
70509,141018,211527,282036,352545
70510,141020,211530,282040,352550
70511,141022,211533,282044,352555
70512,141024,211536,282048,352560
70513,141026,211539,282052,352565
70514,141028,211542,282056,352570
70515,141030,211545,282060,352575
70516,141032,211548,282064,352580
70517,141034,211551,282068,352585
70518,141036,211554,282072,352590
70519,141038,211557,282076,352595
70520,141040,211560,282080,352600
70521,141042,211563,282084,352605
70522,141044,211566,282088,352610
70523,141046,211569,282092,352615
70524,141048,211572,282096,352620
70525,141050,211575,282100,352625
70526,141052,211578,282104,352630
70527,141054,211581,282108,352635
70528,141056,211584,282112,352640
70529,141058,211587,282116,352645
70530,141060,211590,282120,352650
70531,141062,211593,282124,352655
70532,141064,211596,282128,352660
70533,141066,211599,282132,352665
70534,141068,211602,282136,352670
70535,141070,211605,282140,352675
70536,141072,211608,282144,352680
70537,141074,211611,282148,352685
70538,141076,211614,282152,352690
70539,141078,211617,282156,352695
70540,141080,211620,282160,352700
70541,141082,211623,282164,352705
70542,141084,211626,282168,352710
70543,141086,211629,282172,352715
70544,141088,211632,282176,352720
70545,141090,211635,282180,352725
70546,141092,211638,282184,352730
70547,141094,211641,282188,352735
70548,141096,211644,282192,352740
70549,141098,211647,282196,352745
70550,141100,211650,282200,352750
70551,141102,211653,282204,352755
70552,141104,211656,282208,352760
70553,141106,211659,282212,352765
70554,141108,211662,282216,352770
70555,141110,211665,282220,352775
70556,141112,211668,282224,352780
70557,141114,211671,282228,352785
70558,141116,211674,282232,352790
70559,141118,211677,282236,352795
70560,141120,211680,282240,352800
70561,141122,211683,282244,352805
70562,141124,211686,282248,352810
70563,141126,211689,282252,352815
70564,141128,211692,282256,352820
70565,141130,211695,282260,352825
70566,141132,211698,282264,352830
70567,141134,211701,282268,352835
70568,141136,211704,282272,352840
70569,141138,211707,282276,352845
70570,141140,211710,282280,352850
70571,141142,211713,282284,352855
70572,141144,211716,282288,352860
70573,141146,211719,282292,352865
70574,141148,211722,282296,352870
70575,141150,211725,282300,352875
70576,141152,211728,282304,352880
70577,141154,211731,282308,352885
70578,141156,211734,282312,352890
70579,141158,211737,282316,352895
70580,141160,211740,282320,352900
70581,141162,211743,282324,352905
70582,141164,211746,282328,352910
70583,141166,211749,282332,352915
70584,141168,211752,282336,352920
70585,141170,211755,282340,352925
70586,141172,211758,282344,352930
70587,141174,211761,282348,352935
70588,141176,211764,282352,352940
70589,141178,211767,282356,352945
70590,141180,211770,282360,352950
70591,141182,211773,282364,352955
70592,141184,211776,282368,352960
70593,141186,211779,282372,352965
70594,141188,211782,282376,352970
70595,141190,211785,282380,352975
70596,141192,211788,282384,352980
70597,141194,211791,282388,352985
70598,141196,211794,282392,352990
70599,141198,211797,282396,352995
70600,141200,211800,282400,353000
70601,141202,211803,282404,353005
70602,141204,211806,282408,353010
70603,141206,211809,282412,353015
70604,141208,211812,282416,353020
70605,141210,211815,282420,353025
70606,141212,211818,282424,353030
70607,141214,211821,282428,353035
70608,141216,211824,282432,353040
70609,141218,211827,282436,353045
70610,141220,211830,282440,353050
70611,141222,211833,282444,353055
70612,141224,211836,282448,353060
70613,141226,211839,282452,353065
70614,141228,211842,282456,353070
70615,141230,211845,282460,353075
70616,141232,211848,282464,353080
70617,141234,211851,282468,353085
70618,141236,211854,282472,353090
70619,141238,211857,282476,353095
70620,141240,211860,282480,353100
70621,141242,211863,282484,353105
70622,141244,211866,282488,353110
70623,141246,211869,282492,353115
70624,141248,211872,282496,353120
70625,141250,211875,282500,353125
70626,141252,211878,282504,353130
70627,141254,211881,282508,353135
70628,141256,211884,282512,353140
70629,141258,211887,282516,353145
70630,141260,211890,282520,353150
70631,141262,211893,282524,353155
70632,141264,211896,282528,353160
70633,141266,211899,282532,353165
70634,141268,211902,282536,353170
70635,141270,211905,282540,353175
70636,141272,211908,282544,353180
70637,141274,211911,282548,353185
70638,141276,211914,282552,353190
70639,141278,211917,282556,353195
70640,141280,211920,282560,353200
70641,141282,211923,282564,353205
70642,141284,211926,282568,353210
70643,141286,211929,282572,353215
70644,141288,211932,282576,353220
70645,141290,211935,282580,353225
70646,141292,211938,282584,353230
70647,141294,211941,282588,353235
70648,141296,211944,282592,353240
70649,141298,211947,282596,353245
70650,141300,211950,282600,353250
70651,141302,211953,282604,353255
70652,141304,211956,282608,353260
70653,141306,211959,282612,353265
70654,141308,211962,282616,353270
70655,141310,211965,282620,353275
70656,141312,211968,282624,353280
70657,141314,211971,282628,353285
70658,141316,211974,282632,353290
70659,141318,211977,282636,353295
70660,141320,211980,282640,353300
70661,141322,211983,282644,353305
70662,141324,211986,282648,353310
70663,141326,211989,282652,353315
70664,141328,211992,282656,353320
70665,141330,211995,282660,353325
70666,141332,211998,282664,353330
70667,141334,212001,282668,353335
70668,141336,212004,282672,353340
70669,141338,212007,282676,353345
70670,141340,212010,282680,353350
70671,141342,212013,282684,353355
70672,141344,212016,282688,353360
70673,141346,212019,282692,353365
70674,141348,212022,282696,353370
70675,141350,212025,282700,353375
70676,141352,212028,282704,353380
70677,141354,212031,282708,353385
70678,141356,212034,282712,353390
70679,141358,212037,282716,353395
70680,141360,212040,282720,353400
70681,141362,212043,282724,353405
70682,141364,212046,282728,353410
70683,141366,212049,282732,353415
70684,141368,212052,282736,353420
70685,141370,212055,282740,353425
70686,141372,212058,282744,353430
70687,141374,212061,282748,353435
70688,141376,212064,282752,353440
70689,141378,212067,282756,353445
70690,141380,212070,282760,353450
70691,141382,212073,282764,353455
70692,141384,212076,282768,353460
70693,141386,212079,282772,353465
70694,141388,212082,282776,353470
70695,141390,212085,282780,353475
70696,141392,212088,282784,353480
70697,141394,212091,282788,353485
70698,141396,212094,282792,353490
70699,141398,212097,282796,353495
70700,141400,212100,282800,353500
70701,141402,212103,282804,353505
70702,141404,212106,282808,353510
70703,141406,212109,282812,353515
70704,141408,212112,282816,353520
70705,141410,212115,282820,353525
70706,141412,212118,282824,353530
70707,141414,212121,282828,353535
70708,141416,212124,282832,353540
70709,141418,212127,282836,353545
70710,141420,212130,282840,353550
70711,141422,212133,282844,353555
70712,141424,212136,282848,353560
70713,141426,212139,282852,353565
70714,141428,212142,282856,353570
70715,141430,212145,282860,353575
70716,141432,212148,282864,353580
70717,141434,212151,282868,353585
70718,141436,212154,282872,353590
70719,141438,212157,282876,353595
70720,141440,212160,282880,353600
70721,141442,212163,282884,353605
70722,141444,212166,282888,353610
70723,141446,212169,282892,353615
70724,141448,212172,282896,353620
70725,141450,212175,282900,353625
70726,141452,212178,282904,353630
70727,141454,212181,282908,353635
70728,141456,212184,282912,353640
70729,141458,212187,282916,353645
70730,141460,212190,282920,353650
70731,141462,212193,282924,353655
70732,141464,212196,282928,353660
70733,141466,212199,282932,353665
70734,141468,212202,282936,353670
70735,141470,212205,282940,353675
70736,141472,212208,282944,353680
70737,141474,212211,282948,353685
70738,141476,212214,282952,353690
70739,141478,212217,282956,353695
70740,141480,212220,282960,353700
70741,141482,212223,282964,353705
70742,141484,212226,282968,353710
70743,141486,212229,282972,353715
70744,141488,212232,282976,353720
70745,141490,212235,282980,353725
70746,141492,212238,282984,353730
70747,141494,212241,282988,353735
70748,141496,212244,282992,353740
70749,141498,212247,282996,353745
70750,141500,212250,283000,353750
70751,141502,212253,283004,353755
70752,141504,212256,283008,353760
70753,141506,212259,283012,353765
70754,141508,212262,283016,353770
70755,141510,212265,283020,353775
70756,141512,212268,283024,353780
70757,141514,212271,283028,353785
70758,141516,212274,283032,353790
70759,141518,212277,283036,353795
70760,141520,212280,283040,353800
70761,141522,212283,283044,353805
70762,141524,212286,283048,353810
70763,141526,212289,283052,353815
70764,141528,212292,283056,353820
70765,141530,212295,283060,353825
70766,141532,212298,283064,353830
70767,141534,212301,283068,353835
70768,141536,212304,283072,353840
70769,141538,212307,283076,353845
70770,141540,212310,283080,353850
70771,141542,212313,283084,353855
70772,141544,212316,283088,353860
70773,141546,212319,283092,353865
70774,141548,212322,283096,353870
70775,141550,212325,283100,353875
70776,141552,212328,283104,353880
70777,141554,212331,283108,353885
70778,141556,212334,283112,353890
70779,141558,212337,283116,353895
70780,141560,212340,283120,353900
70781,141562,212343,283124,353905
70782,141564,212346,283128,353910
70783,141566,212349,283132,353915
70784,141568,212352,283136,353920
70785,141570,212355,283140,353925
70786,141572,212358,283144,353930
70787,141574,212361,283148,353935
70788,141576,212364,283152,353940
70789,141578,212367,283156,353945
70790,141580,212370,283160,353950
70791,141582,212373,283164,353955
70792,141584,212376,283168,353960
70793,141586,212379,283172,353965
70794,141588,212382,283176,353970
70795,141590,212385,283180,353975
70796,141592,212388,283184,353980
70797,141594,212391,283188,353985
70798,141596,212394,283192,353990
70799,141598,212397,283196,353995
70800,141600,212400,283200,354000
70801,141602,212403,283204,354005
70802,141604,212406,283208,354010
70803,141606,212409,283212,354015
70804,141608,212412,283216,354020
70805,141610,212415,283220,354025
70806,141612,212418,283224,354030
70807,141614,212421,283228,354035
70808,141616,212424,283232,354040
70809,141618,212427,283236,354045
70810,141620,212430,283240,354050
70811,141622,212433,283244,354055
70812,141624,212436,283248,354060
70813,141626,212439,283252,354065
70814,141628,212442,283256,354070
70815,141630,212445,283260,354075
70816,141632,212448,283264,354080
70817,141634,212451,283268,354085
70818,141636,212454,283272,354090
70819,141638,212457,283276,354095
70820,141640,212460,283280,354100
70821,141642,212463,283284,354105
70822,141644,212466,283288,354110
70823,141646,212469,283292,354115
70824,141648,212472,283296,354120
70825,141650,212475,283300,354125
70826,141652,212478,283304,354130
70827,141654,212481,283308,354135
70828,141656,212484,283312,354140
70829,141658,212487,283316,354145
70830,141660,212490,283320,354150
70831,141662,212493,283324,354155
70832,141664,212496,283328,354160
70833,141666,212499,283332,354165
70834,141668,212502,283336,354170
70835,141670,212505,283340,354175
70836,141672,212508,283344,354180
70837,141674,212511,283348,354185
70838,141676,212514,283352,354190
70839,141678,212517,283356,354195
70840,141680,212520,283360,354200
70841,141682,212523,283364,354205
70842,141684,212526,283368,354210
70843,141686,212529,283372,354215
70844,141688,212532,283376,354220
70845,141690,212535,283380,354225
70846,141692,212538,283384,354230
70847,141694,212541,283388,354235
70848,141696,212544,283392,354240
70849,141698,212547,283396,354245
70850,141700,212550,283400,354250
70851,141702,212553,283404,354255
70852,141704,212556,283408,354260
70853,141706,212559,283412,354265
70854,141708,212562,283416,354270
70855,141710,212565,283420,354275
70856,141712,212568,283424,354280
70857,141714,212571,283428,354285
70858,141716,212574,283432,354290
70859,141718,212577,283436,354295
70860,141720,212580,283440,354300
70861,141722,212583,283444,354305
70862,141724,212586,283448,354310
70863,141726,212589,283452,354315
70864,141728,212592,283456,354320
70865,141730,212595,283460,354325
70866,141732,212598,283464,354330
70867,141734,212601,283468,354335
70868,141736,212604,283472,354340
70869,141738,212607,283476,354345
70870,141740,212610,283480,354350
70871,141742,212613,283484,354355
70872,141744,212616,283488,354360
70873,141746,212619,283492,354365
70874,141748,212622,283496,354370
70875,141750,212625,283500,354375
70876,141752,212628,283504,354380
70877,141754,212631,283508,354385
70878,141756,212634,283512,354390
70879,141758,212637,283516,354395
70880,141760,212640,283520,354400
70881,141762,212643,283524,354405
70882,141764,212646,283528,354410
70883,141766,212649,283532,354415
70884,141768,212652,283536,354420
70885,141770,212655,283540,354425
70886,141772,212658,283544,354430
70887,141774,212661,283548,354435
70888,141776,212664,283552,354440
70889,141778,212667,283556,354445
70890,141780,212670,283560,354450
70891,141782,212673,283564,354455
70892,141784,212676,283568,354460
70893,141786,212679,283572,354465
70894,141788,212682,283576,354470
70895,141790,212685,283580,354475
70896,141792,212688,283584,354480
70897,141794,212691,283588,354485
70898,141796,212694,283592,354490
70899,141798,212697,283596,354495
70900,141800,212700,283600,354500
70901,141802,212703,283604,354505
70902,141804,212706,283608,354510
70903,141806,212709,283612,354515
70904,141808,212712,283616,354520
70905,141810,212715,283620,354525
70906,141812,212718,283624,354530
70907,141814,212721,283628,354535
70908,141816,212724,283632,354540
70909,141818,212727,283636,354545
70910,141820,212730,283640,354550
70911,141822,212733,283644,354555
70912,141824,212736,283648,354560
70913,141826,212739,283652,354565
70914,141828,212742,283656,354570
70915,141830,212745,283660,354575
70916,141832,212748,283664,354580
70917,141834,212751,283668,354585
70918,141836,212754,283672,354590
70919,141838,212757,283676,354595
70920,141840,212760,283680,354600
70921,141842,212763,283684,354605
70922,141844,212766,283688,354610
70923,141846,212769,283692,354615
70924,141848,212772,283696,354620
70925,141850,212775,283700,354625
70926,141852,212778,283704,354630
70927,141854,212781,283708,354635
70928,141856,212784,283712,354640
70929,141858,212787,283716,354645
70930,141860,212790,283720,354650
70931,141862,212793,283724,354655
70932,141864,212796,283728,354660
70933,141866,212799,283732,354665
70934,141868,212802,283736,354670
70935,141870,212805,283740,354675
70936,141872,212808,283744,354680
70937,141874,212811,283748,354685
70938,141876,212814,283752,354690
70939,141878,212817,283756,354695
70940,141880,212820,283760,354700
70941,141882,212823,283764,354705
70942,141884,212826,283768,354710
70943,141886,212829,283772,354715
70944,141888,212832,283776,354720
70945,141890,212835,283780,354725
70946,141892,212838,283784,354730
70947,141894,212841,283788,354735
70948,141896,212844,283792,354740
70949,141898,212847,283796,354745
70950,141900,212850,283800,354750
70951,141902,212853,283804,354755
70952,141904,212856,283808,354760
70953,141906,212859,283812,354765
70954,141908,212862,283816,354770
70955,141910,212865,283820,354775
70956,141912,212868,283824,354780
70957,141914,212871,283828,354785
70958,141916,212874,283832,354790
70959,141918,212877,283836,354795
70960,141920,212880,283840,354800
70961,141922,212883,283844,354805
70962,141924,212886,283848,354810
70963,141926,212889,283852,354815
70964,141928,212892,283856,354820
70965,141930,212895,283860,354825
70966,141932,212898,283864,354830
70967,141934,212901,283868,354835
70968,141936,212904,283872,354840
70969,141938,212907,283876,354845
70970,141940,212910,283880,354850
70971,141942,212913,283884,354855
70972,141944,212916,283888,354860
70973,141946,212919,283892,354865
70974,141948,212922,283896,354870
70975,141950,212925,283900,354875
70976,141952,212928,283904,354880
70977,141954,212931,283908,354885
70978,141956,212934,283912,354890
70979,141958,212937,283916,354895
70980,141960,212940,283920,354900
70981,141962,212943,283924,354905
70982,141964,212946,283928,354910
70983,141966,212949,283932,354915
70984,141968,212952,283936,354920
70985,141970,212955,283940,354925
70986,141972,212958,283944,354930
70987,141974,212961,283948,354935
70988,141976,212964,283952,354940
70989,141978,212967,283956,354945
70990,141980,212970,283960,354950
70991,141982,212973,283964,354955
70992,141984,212976,283968,354960
70993,141986,212979,283972,354965
70994,141988,212982,283976,354970
70995,141990,212985,283980,354975
70996,141992,212988,283984,354980
70997,141994,212991,283988,354985
70998,141996,212994,283992,354990
70999,141998,212997,283996,354995
71000,142000,213000,284000,355000
71001,142002,213003,284004,355005
71002,142004,213006,284008,355010
71003,142006,213009,284012,355015
71004,142008,213012,284016,355020
71005,142010,213015,284020,355025
71006,142012,213018,284024,355030
71007,142014,213021,284028,355035
71008,142016,213024,284032,355040
71009,142018,213027,284036,355045
71010,142020,213030,284040,355050
71011,142022,213033,284044,355055
71012,142024,213036,284048,355060
71013,142026,213039,284052,355065
71014,142028,213042,284056,355070
71015,142030,213045,284060,355075
71016,142032,213048,284064,355080
71017,142034,213051,284068,355085
71018,142036,213054,284072,355090
71019,142038,213057,284076,355095
71020,142040,213060,284080,355100
71021,142042,213063,284084,355105
71022,142044,213066,284088,355110
71023,142046,213069,284092,355115
71024,142048,213072,284096,355120
71025,142050,213075,284100,355125
71026,142052,213078,284104,355130
71027,142054,213081,284108,355135
71028,142056,213084,284112,355140
71029,142058,213087,284116,355145
71030,142060,213090,284120,355150
71031,142062,213093,284124,355155
71032,142064,213096,284128,355160
71033,142066,213099,284132,355165
71034,142068,213102,284136,355170
71035,142070,213105,284140,355175
71036,142072,213108,284144,355180
71037,142074,213111,284148,355185
71038,142076,213114,284152,355190
71039,142078,213117,284156,355195
71040,142080,213120,284160,355200
71041,142082,213123,284164,355205
71042,142084,213126,284168,355210
71043,142086,213129,284172,355215
71044,142088,213132,284176,355220
71045,142090,213135,284180,355225
71046,142092,213138,284184,355230
71047,142094,213141,284188,355235
71048,142096,213144,284192,355240
71049,142098,213147,284196,355245
71050,142100,213150,284200,355250
71051,142102,213153,284204,355255
71052,142104,213156,284208,355260
71053,142106,213159,284212,355265
71054,142108,213162,284216,355270
71055,142110,213165,284220,355275
71056,142112,213168,284224,355280
71057,142114,213171,284228,355285
71058,142116,213174,284232,355290
71059,142118,213177,284236,355295
71060,142120,213180,284240,355300
71061,142122,213183,284244,355305
71062,142124,213186,284248,355310
71063,142126,213189,284252,355315
71064,142128,213192,284256,355320
71065,142130,213195,284260,355325
71066,142132,213198,284264,355330
71067,142134,213201,284268,355335
71068,142136,213204,284272,355340
71069,142138,213207,284276,355345
71070,142140,213210,284280,355350
71071,142142,213213,284284,355355
71072,142144,213216,284288,355360
71073,142146,213219,284292,355365
71074,142148,213222,284296,355370
71075,142150,213225,284300,355375
71076,142152,213228,284304,355380
71077,142154,213231,284308,355385
71078,142156,213234,284312,355390
71079,142158,213237,284316,355395
71080,142160,213240,284320,355400
71081,142162,213243,284324,355405
71082,142164,213246,284328,355410
71083,142166,213249,284332,355415
71084,142168,213252,284336,355420
71085,142170,213255,284340,355425
71086,142172,213258,284344,355430
71087,142174,213261,284348,355435
71088,142176,213264,284352,355440
71089,142178,213267,284356,355445
71090,142180,213270,284360,355450
71091,142182,213273,284364,355455
71092,142184,213276,284368,355460
71093,142186,213279,284372,355465
71094,142188,213282,284376,355470
71095,142190,213285,284380,355475
71096,142192,213288,284384,355480
71097,142194,213291,284388,355485
71098,142196,213294,284392,355490
71099,142198,213297,284396,355495
71100,142200,213300,284400,355500
71101,142202,213303,284404,355505
71102,142204,213306,284408,355510
71103,142206,213309,284412,355515
71104,142208,213312,284416,355520
71105,142210,213315,284420,355525
71106,142212,213318,284424,355530
71107,142214,213321,284428,355535
71108,142216,213324,284432,355540
71109,142218,213327,284436,355545
71110,142220,213330,284440,355550
71111,142222,213333,284444,355555
71112,142224,213336,284448,355560
71113,142226,213339,284452,355565
71114,142228,213342,284456,355570
71115,142230,213345,284460,355575
71116,142232,213348,284464,355580
71117,142234,213351,284468,355585
71118,142236,213354,284472,355590
71119,142238,213357,284476,355595
71120,142240,213360,284480,355600
71121,142242,213363,284484,355605
71122,142244,213366,284488,355610
71123,142246,213369,284492,355615
71124,142248,213372,284496,355620
71125,142250,213375,284500,355625
71126,142252,213378,284504,355630
71127,142254,213381,284508,355635
71128,142256,213384,284512,355640
71129,142258,213387,284516,355645
71130,142260,213390,284520,355650
71131,142262,213393,284524,355655
71132,142264,213396,284528,355660
71133,142266,213399,284532,355665
71134,142268,213402,284536,355670
71135,142270,213405,284540,355675
71136,142272,213408,284544,355680
71137,142274,213411,284548,355685
71138,142276,213414,284552,355690
71139,142278,213417,284556,355695
71140,142280,213420,284560,355700
71141,142282,213423,284564,355705
71142,142284,213426,284568,355710
71143,142286,213429,284572,355715
71144,142288,213432,284576,355720
71145,142290,213435,284580,355725
71146,142292,213438,284584,355730
71147,142294,213441,284588,355735
71148,142296,213444,284592,355740
71149,142298,213447,284596,355745
71150,142300,213450,284600,355750
71151,142302,213453,284604,355755
71152,142304,213456,284608,355760
71153,142306,213459,284612,355765
71154,142308,213462,284616,355770
71155,142310,213465,284620,355775
71156,142312,213468,284624,355780
71157,142314,213471,284628,355785
71158,142316,213474,284632,355790
71159,142318,213477,284636,355795
71160,142320,213480,284640,355800
71161,142322,213483,284644,355805
71162,142324,213486,284648,355810
71163,142326,213489,284652,355815
71164,142328,213492,284656,355820
71165,142330,213495,284660,355825
71166,142332,213498,284664,355830
71167,142334,213501,284668,355835
71168,142336,213504,284672,355840
71169,142338,213507,284676,355845
71170,142340,213510,284680,355850
71171,142342,213513,284684,355855
71172,142344,213516,284688,355860
71173,142346,213519,284692,355865
71174,142348,213522,284696,355870
71175,142350,213525,284700,355875
71176,142352,213528,284704,355880
71177,142354,213531,284708,355885
71178,142356,213534,284712,355890
71179,142358,213537,284716,355895
71180,142360,213540,284720,355900
71181,142362,213543,284724,355905
71182,142364,213546,284728,355910
71183,142366,213549,284732,355915
71184,142368,213552,284736,355920
71185,142370,213555,284740,355925
71186,142372,213558,284744,355930
71187,142374,213561,284748,355935
71188,142376,213564,284752,355940
71189,142378,213567,284756,355945
71190,142380,213570,284760,355950
71191,142382,213573,284764,355955
71192,142384,213576,284768,355960
71193,142386,213579,284772,355965
71194,142388,213582,284776,355970
71195,142390,213585,284780,355975
71196,142392,213588,284784,355980
71197,142394,213591,284788,355985
71198,142396,213594,284792,355990
71199,142398,213597,284796,355995
71200,142400,213600,284800,356000
71201,142402,213603,284804,356005
71202,142404,213606,284808,356010
71203,142406,213609,284812,356015
71204,142408,213612,284816,356020
71205,142410,213615,284820,356025
71206,142412,213618,284824,356030
71207,142414,213621,284828,356035
71208,142416,213624,284832,356040
71209,142418,213627,284836,356045
71210,142420,213630,284840,356050
71211,142422,213633,284844,356055
71212,142424,213636,284848,356060
71213,142426,213639,284852,356065
71214,142428,213642,284856,356070
71215,142430,213645,284860,356075
71216,142432,213648,284864,356080
71217,142434,213651,284868,356085
71218,142436,213654,284872,356090
71219,142438,213657,284876,356095
71220,142440,213660,284880,356100
71221,142442,213663,284884,356105
71222,142444,213666,284888,356110
71223,142446,213669,284892,356115
71224,142448,213672,284896,356120
71225,142450,213675,284900,356125
71226,142452,213678,284904,356130
71227,142454,213681,284908,356135
71228,142456,213684,284912,356140
71229,142458,213687,284916,356145
71230,142460,213690,284920,356150
71231,142462,213693,284924,356155
71232,142464,213696,284928,356160
71233,142466,213699,284932,356165
71234,142468,213702,284936,356170
71235,142470,213705,284940,356175
71236,142472,213708,284944,356180
71237,142474,213711,284948,356185
71238,142476,213714,284952,356190
71239,142478,213717,284956,356195
71240,142480,213720,284960,356200
71241,142482,213723,284964,356205
71242,142484,213726,284968,356210
71243,142486,213729,284972,356215
71244,142488,213732,284976,356220
71245,142490,213735,284980,356225
71246,142492,213738,284984,356230
71247,142494,213741,284988,356235
71248,142496,213744,284992,356240
71249,142498,213747,284996,356245
71250,142500,213750,285000,356250
71251,142502,213753,285004,356255
71252,142504,213756,285008,356260
71253,142506,213759,285012,356265
71254,142508,213762,285016,356270
71255,142510,213765,285020,356275
71256,142512,213768,285024,356280
71257,142514,213771,285028,356285
71258,142516,213774,285032,356290
71259,142518,213777,285036,356295
71260,142520,213780,285040,356300
71261,142522,213783,285044,356305
71262,142524,213786,285048,356310
71263,142526,213789,285052,356315
71264,142528,213792,285056,356320
71265,142530,213795,285060,356325
71266,142532,213798,285064,356330
71267,142534,213801,285068,356335
71268,142536,213804,285072,356340
71269,142538,213807,285076,356345
71270,142540,213810,285080,356350
71271,142542,213813,285084,356355
71272,142544,213816,285088,356360
71273,142546,213819,285092,356365
71274,142548,213822,285096,356370
71275,142550,213825,285100,356375
71276,142552,213828,285104,356380
71277,142554,213831,285108,356385
71278,142556,213834,285112,356390
71279,142558,213837,285116,356395
71280,142560,213840,285120,356400
71281,142562,213843,285124,356405
71282,142564,213846,285128,356410
71283,142566,213849,285132,356415
71284,142568,213852,285136,356420
71285,142570,213855,285140,356425
71286,142572,213858,285144,356430
71287,142574,213861,285148,356435
71288,142576,213864,285152,356440
71289,142578,213867,285156,356445
71290,142580,213870,285160,356450
71291,142582,213873,285164,356455
71292,142584,213876,285168,356460
71293,142586,213879,285172,356465
71294,142588,213882,285176,356470
71295,142590,213885,285180,356475
71296,142592,213888,285184,356480
71297,142594,213891,285188,356485
71298,142596,213894,285192,356490
71299,142598,213897,285196,356495
71300,142600,213900,285200,356500
71301,142602,213903,285204,356505
71302,142604,213906,285208,356510
71303,142606,213909,285212,356515
71304,142608,213912,285216,356520
71305,142610,213915,285220,356525
71306,142612,213918,285224,356530
71307,142614,213921,285228,356535
71308,142616,213924,285232,356540
71309,142618,213927,285236,356545
71310,142620,213930,285240,356550
71311,142622,213933,285244,356555
71312,142624,213936,285248,356560
71313,142626,213939,285252,356565
71314,142628,213942,285256,356570
71315,142630,213945,285260,356575
71316,142632,213948,285264,356580
71317,142634,213951,285268,356585
71318,142636,213954,285272,356590
71319,142638,213957,285276,356595
71320,142640,213960,285280,356600
71321,142642,213963,285284,356605
71322,142644,213966,285288,356610
71323,142646,213969,285292,356615
71324,142648,213972,285296,356620
71325,142650,213975,285300,356625
71326,142652,213978,285304,356630
71327,142654,213981,285308,356635
71328,142656,213984,285312,356640
71329,142658,213987,285316,356645
71330,142660,213990,285320,356650
71331,142662,213993,285324,356655
71332,142664,213996,285328,356660
71333,142666,213999,285332,356665
71334,142668,214002,285336,356670
71335,142670,214005,285340,356675
71336,142672,214008,285344,356680
71337,142674,214011,285348,356685
71338,142676,214014,285352,356690
71339,142678,214017,285356,356695
71340,142680,214020,285360,356700
71341,142682,214023,285364,356705
71342,142684,214026,285368,356710
71343,142686,214029,285372,356715
71344,142688,214032,285376,356720
71345,142690,214035,285380,356725
71346,142692,214038,285384,356730
71347,142694,214041,285388,356735
71348,142696,214044,285392,356740
71349,142698,214047,285396,356745
71350,142700,214050,285400,356750
71351,142702,214053,285404,356755
71352,142704,214056,285408,356760
71353,142706,214059,285412,356765
71354,142708,214062,285416,356770
71355,142710,214065,285420,356775
71356,142712,214068,285424,356780
71357,142714,214071,285428,356785
71358,142716,214074,285432,356790
71359,142718,214077,285436,356795
71360,142720,214080,285440,356800
71361,142722,214083,285444,356805
71362,142724,214086,285448,356810
71363,142726,214089,285452,356815
71364,142728,214092,285456,356820
71365,142730,214095,285460,356825
71366,142732,214098,285464,356830
71367,142734,214101,285468,356835
71368,142736,214104,285472,356840
71369,142738,214107,285476,356845
71370,142740,214110,285480,356850
71371,142742,214113,285484,356855
71372,142744,214116,285488,356860
71373,142746,214119,285492,356865
71374,142748,214122,285496,356870
71375,142750,214125,285500,356875
71376,142752,214128,285504,356880
71377,142754,214131,285508,356885
71378,142756,214134,285512,356890
71379,142758,214137,285516,356895
71380,142760,214140,285520,356900
71381,142762,214143,285524,356905
71382,142764,214146,285528,356910
71383,142766,214149,285532,356915
71384,142768,214152,285536,356920
71385,142770,214155,285540,356925
71386,142772,214158,285544,356930
71387,142774,214161,285548,356935
71388,142776,214164,285552,356940
71389,142778,214167,285556,356945
71390,142780,214170,285560,356950
71391,142782,214173,285564,356955
71392,142784,214176,285568,356960
71393,142786,214179,285572,356965
71394,142788,214182,285576,356970
71395,142790,214185,285580,356975
71396,142792,214188,285584,356980
71397,142794,214191,285588,356985
71398,142796,214194,285592,356990
71399,142798,214197,285596,356995
71400,142800,214200,285600,357000
71401,142802,214203,285604,357005
71402,142804,214206,285608,357010
71403,142806,214209,285612,357015
71404,142808,214212,285616,357020
71405,142810,214215,285620,357025
71406,142812,214218,285624,357030
71407,142814,214221,285628,357035
71408,142816,214224,285632,357040
71409,142818,214227,285636,357045
71410,142820,214230,285640,357050
71411,142822,214233,285644,357055
71412,142824,214236,285648,357060
71413,142826,214239,285652,357065
71414,142828,214242,285656,357070
71415,142830,214245,285660,357075
71416,142832,214248,285664,357080
71417,142834,214251,285668,357085
71418,142836,214254,285672,357090
71419,142838,214257,285676,357095
71420,142840,214260,285680,357100
71421,142842,214263,285684,357105
71422,142844,214266,285688,357110
71423,142846,214269,285692,357115
71424,142848,214272,285696,357120
71425,142850,214275,285700,357125
71426,142852,214278,285704,357130
71427,142854,214281,285708,357135
71428,142856,214284,285712,357140
71429,142858,214287,285716,357145
71430,142860,214290,285720,357150
71431,142862,214293,285724,357155
71432,142864,214296,285728,357160
71433,142866,214299,285732,357165
71434,142868,214302,285736,357170
71435,142870,214305,285740,357175
71436,142872,214308,285744,357180
71437,142874,214311,285748,357185
71438,142876,214314,285752,357190
71439,142878,214317,285756,357195
71440,142880,214320,285760,357200
71441,142882,214323,285764,357205
71442,142884,214326,285768,357210
71443,142886,214329,285772,357215
71444,142888,214332,285776,357220
71445,142890,214335,285780,357225
71446,142892,214338,285784,357230
71447,142894,214341,285788,357235
71448,142896,214344,285792,357240
71449,142898,214347,285796,357245
71450,142900,214350,285800,357250
71451,142902,214353,285804,357255
71452,142904,214356,285808,357260
71453,142906,214359,285812,357265
71454,142908,214362,285816,357270
71455,142910,214365,285820,357275
71456,142912,214368,285824,357280
71457,142914,214371,285828,357285
71458,142916,214374,285832,357290
71459,142918,214377,285836,357295
71460,142920,214380,285840,357300
71461,142922,214383,285844,357305
71462,142924,214386,285848,357310
71463,142926,214389,285852,357315
71464,142928,214392,285856,357320
71465,142930,214395,285860,357325
71466,142932,214398,285864,357330
71467,142934,214401,285868,357335
71468,142936,214404,285872,357340
71469,142938,214407,285876,357345
71470,142940,214410,285880,357350
71471,142942,214413,285884,357355
71472,142944,214416,285888,357360
71473,142946,214419,285892,357365
71474,142948,214422,285896,357370
71475,142950,214425,285900,357375
71476,142952,214428,285904,357380
71477,142954,214431,285908,357385
71478,142956,214434,285912,357390
71479,142958,214437,285916,357395
71480,142960,214440,285920,357400
71481,142962,214443,285924,357405
71482,142964,214446,285928,357410
71483,142966,214449,285932,357415
71484,142968,214452,285936,357420
71485,142970,214455,285940,357425
71486,142972,214458,285944,357430
71487,142974,214461,285948,357435
71488,142976,214464,285952,357440
71489,142978,214467,285956,357445
71490,142980,214470,285960,357450
71491,142982,214473,285964,357455
71492,142984,214476,285968,357460
71493,142986,214479,285972,357465
71494,142988,214482,285976,357470
71495,142990,214485,285980,357475
71496,142992,214488,285984,357480
71497,142994,214491,285988,357485
71498,142996,214494,285992,357490
71499,142998,214497,285996,357495
71500,143000,214500,286000,357500
71501,143002,214503,286004,357505
71502,143004,214506,286008,357510
71503,143006,214509,286012,357515
71504,143008,214512,286016,357520
71505,143010,214515,286020,357525
71506,143012,214518,286024,357530
71507,143014,214521,286028,357535
71508,143016,214524,286032,357540
71509,143018,214527,286036,357545
71510,143020,214530,286040,357550
71511,143022,214533,286044,357555
71512,143024,214536,286048,357560
71513,143026,214539,286052,357565
71514,143028,214542,286056,357570
71515,143030,214545,286060,357575
71516,143032,214548,286064,357580
71517,143034,214551,286068,357585
71518,143036,214554,286072,357590
71519,143038,214557,286076,357595
71520,143040,214560,286080,357600
71521,143042,214563,286084,357605
71522,143044,214566,286088,357610
71523,143046,214569,286092,357615
71524,143048,214572,286096,357620
71525,143050,214575,286100,357625
71526,143052,214578,286104,357630
71527,143054,214581,286108,357635
71528,143056,214584,286112,357640
71529,143058,214587,286116,357645
71530,143060,214590,286120,357650
71531,143062,214593,286124,357655
71532,143064,214596,286128,357660
71533,143066,214599,286132,357665
71534,143068,214602,286136,357670
71535,143070,214605,286140,357675
71536,143072,214608,286144,357680
71537,143074,214611,286148,357685
71538,143076,214614,286152,357690
71539,143078,214617,286156,357695
71540,143080,214620,286160,357700
71541,143082,214623,286164,357705
71542,143084,214626,286168,357710
71543,143086,214629,286172,357715
71544,143088,214632,286176,357720
71545,143090,214635,286180,357725
71546,143092,214638,286184,357730
71547,143094,214641,286188,357735
71548,143096,214644,286192,357740
71549,143098,214647,286196,357745
71550,143100,214650,286200,357750
71551,143102,214653,286204,357755
71552,143104,214656,286208,357760
71553,143106,214659,286212,357765
71554,143108,214662,286216,357770
71555,143110,214665,286220,357775
71556,143112,214668,286224,357780
71557,143114,214671,286228,357785
71558,143116,214674,286232,357790
71559,143118,214677,286236,357795
71560,143120,214680,286240,357800
71561,143122,214683,286244,357805
71562,143124,214686,286248,357810
71563,143126,214689,286252,357815
71564,143128,214692,286256,357820
71565,143130,214695,286260,357825
71566,143132,214698,286264,357830
71567,143134,214701,286268,357835
71568,143136,214704,286272,357840
71569,143138,214707,286276,357845
71570,143140,214710,286280,357850
71571,143142,214713,286284,357855
71572,143144,214716,286288,357860
71573,143146,214719,286292,357865
71574,143148,214722,286296,357870
71575,143150,214725,286300,357875
71576,143152,214728,286304,357880
71577,143154,214731,286308,357885
71578,143156,214734,286312,357890
71579,143158,214737,286316,357895
71580,143160,214740,286320,357900
71581,143162,214743,286324,357905
71582,143164,214746,286328,357910
71583,143166,214749,286332,357915
71584,143168,214752,286336,357920
71585,143170,214755,286340,357925
71586,143172,214758,286344,357930
71587,143174,214761,286348,357935
71588,143176,214764,286352,357940
71589,143178,214767,286356,357945
71590,143180,214770,286360,357950
71591,143182,214773,286364,357955
71592,143184,214776,286368,357960
71593,143186,214779,286372,357965
71594,143188,214782,286376,357970
71595,143190,214785,286380,357975
71596,143192,214788,286384,357980
71597,143194,214791,286388,357985
71598,143196,214794,286392,357990
71599,143198,214797,286396,357995
71600,143200,214800,286400,358000
71601,143202,214803,286404,358005
71602,143204,214806,286408,358010
71603,143206,214809,286412,358015
71604,143208,214812,286416,358020
71605,143210,214815,286420,358025
71606,143212,214818,286424,358030
71607,143214,214821,286428,358035
71608,143216,214824,286432,358040
71609,143218,214827,286436,358045
71610,143220,214830,286440,358050
71611,143222,214833,286444,358055
71612,143224,214836,286448,358060
71613,143226,214839,286452,358065
71614,143228,214842,286456,358070
71615,143230,214845,286460,358075
71616,143232,214848,286464,358080
71617,143234,214851,286468,358085
71618,143236,214854,286472,358090
71619,143238,214857,286476,358095
71620,143240,214860,286480,358100
71621,143242,214863,286484,358105
71622,143244,214866,286488,358110
71623,143246,214869,286492,358115
71624,143248,214872,286496,358120
71625,143250,214875,286500,358125
71626,143252,214878,286504,358130
71627,143254,214881,286508,358135
71628,143256,214884,286512,358140
71629,143258,214887,286516,358145
71630,143260,214890,286520,358150
71631,143262,214893,286524,358155
71632,143264,214896,286528,358160
71633,143266,214899,286532,358165
71634,143268,214902,286536,358170
71635,143270,214905,286540,358175
71636,143272,214908,286544,358180
71637,143274,214911,286548,358185
71638,143276,214914,286552,358190
71639,143278,214917,286556,358195
71640,143280,214920,286560,358200
71641,143282,214923,286564,358205
71642,143284,214926,286568,358210
71643,143286,214929,286572,358215
71644,143288,214932,286576,358220
71645,143290,214935,286580,358225
71646,143292,214938,286584,358230
71647,143294,214941,286588,358235
71648,143296,214944,286592,358240
71649,143298,214947,286596,358245
71650,143300,214950,286600,358250
71651,143302,214953,286604,358255
71652,143304,214956,286608,358260
71653,143306,214959,286612,358265
71654,143308,214962,286616,358270
71655,143310,214965,286620,358275
71656,143312,214968,286624,358280
71657,143314,214971,286628,358285
71658,143316,214974,286632,358290
71659,143318,214977,286636,358295
71660,143320,214980,286640,358300
71661,143322,214983,286644,358305
71662,143324,214986,286648,358310
71663,143326,214989,286652,358315
71664,143328,214992,286656,358320
71665,143330,214995,286660,358325
71666,143332,214998,286664,358330
71667,143334,215001,286668,358335
71668,143336,215004,286672,358340
71669,143338,215007,286676,358345
71670,143340,215010,286680,358350
71671,143342,215013,286684,358355
71672,143344,215016,286688,358360
71673,143346,215019,286692,358365
71674,143348,215022,286696,358370
71675,143350,215025,286700,358375
71676,143352,215028,286704,358380
71677,143354,215031,286708,358385
71678,143356,215034,286712,358390
71679,143358,215037,286716,358395
71680,143360,215040,286720,358400
71681,143362,215043,286724,358405
71682,143364,215046,286728,358410
71683,143366,215049,286732,358415
71684,143368,215052,286736,358420
71685,143370,215055,286740,358425
71686,143372,215058,286744,358430
71687,143374,215061,286748,358435
71688,143376,215064,286752,358440
71689,143378,215067,286756,358445
71690,143380,215070,286760,358450
71691,143382,215073,286764,358455
71692,143384,215076,286768,358460
71693,143386,215079,286772,358465
71694,143388,215082,286776,358470
71695,143390,215085,286780,358475
71696,143392,215088,286784,358480
71697,143394,215091,286788,358485
71698,143396,215094,286792,358490
71699,143398,215097,286796,358495
71700,143400,215100,286800,358500
71701,143402,215103,286804,358505
71702,143404,215106,286808,358510
71703,143406,215109,286812,358515
71704,143408,215112,286816,358520
71705,143410,215115,286820,358525
71706,143412,215118,286824,358530
71707,143414,215121,286828,358535
71708,143416,215124,286832,358540
71709,143418,215127,286836,358545
71710,143420,215130,286840,358550
71711,143422,215133,286844,358555
71712,143424,215136,286848,358560
71713,143426,215139,286852,358565
71714,143428,215142,286856,358570
71715,143430,215145,286860,358575
71716,143432,215148,286864,358580
71717,143434,215151,286868,358585
71718,143436,215154,286872,358590
71719,143438,215157,286876,358595
71720,143440,215160,286880,358600
71721,143442,215163,286884,358605
71722,143444,215166,286888,358610
71723,143446,215169,286892,358615
71724,143448,215172,286896,358620
71725,143450,215175,286900,358625
71726,143452,215178,286904,358630
71727,143454,215181,286908,358635
71728,143456,215184,286912,358640
71729,143458,215187,286916,358645
71730,143460,215190,286920,358650
71731,143462,215193,286924,358655
71732,143464,215196,286928,358660
71733,143466,215199,286932,358665
71734,143468,215202,286936,358670
71735,143470,215205,286940,358675
71736,143472,215208,286944,358680
71737,143474,215211,286948,358685
71738,143476,215214,286952,358690
71739,143478,215217,286956,358695
71740,143480,215220,286960,358700
71741,143482,215223,286964,358705
71742,143484,215226,286968,358710
71743,143486,215229,286972,358715
71744,143488,215232,286976,358720
71745,143490,215235,286980,358725
71746,143492,215238,286984,358730
71747,143494,215241,286988,358735
71748,143496,215244,286992,358740
71749,143498,215247,286996,358745
71750,143500,215250,287000,358750
71751,143502,215253,287004,358755
71752,143504,215256,287008,358760
71753,143506,215259,287012,358765
71754,143508,215262,287016,358770
71755,143510,215265,287020,358775
71756,143512,215268,287024,358780
71757,143514,215271,287028,358785
71758,143516,215274,287032,358790
71759,143518,215277,287036,358795
71760,143520,215280,287040,358800
71761,143522,215283,287044,358805
71762,143524,215286,287048,358810
71763,143526,215289,287052,358815
71764,143528,215292,287056,358820
71765,143530,215295,287060,358825
71766,143532,215298,287064,358830
71767,143534,215301,287068,358835
71768,143536,215304,287072,358840
71769,143538,215307,287076,358845
71770,143540,215310,287080,358850
71771,143542,215313,287084,358855
71772,143544,215316,287088,358860
71773,143546,215319,287092,358865
71774,143548,215322,287096,358870
71775,143550,215325,287100,358875
71776,143552,215328,287104,358880
71777,143554,215331,287108,358885
71778,143556,215334,287112,358890
71779,143558,215337,287116,358895
71780,143560,215340,287120,358900
71781,143562,215343,287124,358905
71782,143564,215346,287128,358910
71783,143566,215349,287132,358915
71784,143568,215352,287136,358920
71785,143570,215355,287140,358925
71786,143572,215358,287144,358930
71787,143574,215361,287148,358935
71788,143576,215364,287152,358940
71789,143578,215367,287156,358945
71790,143580,215370,287160,358950
71791,143582,215373,287164,358955
71792,143584,215376,287168,358960
71793,143586,215379,287172,358965
71794,143588,215382,287176,358970
71795,143590,215385,287180,358975
71796,143592,215388,287184,358980
71797,143594,215391,287188,358985
71798,143596,215394,287192,358990
71799,143598,215397,287196,358995
71800,143600,215400,287200,359000
71801,143602,215403,287204,359005
71802,143604,215406,287208,359010
71803,143606,215409,287212,359015
71804,143608,215412,287216,359020
71805,143610,215415,287220,359025
71806,143612,215418,287224,359030
71807,143614,215421,287228,359035
71808,143616,215424,287232,359040
71809,143618,215427,287236,359045
71810,143620,215430,287240,359050
71811,143622,215433,287244,359055
71812,143624,215436,287248,359060
71813,143626,215439,287252,359065
71814,143628,215442,287256,359070
71815,143630,215445,287260,359075
71816,143632,215448,287264,359080
71817,143634,215451,287268,359085
71818,143636,215454,287272,359090
71819,143638,215457,287276,359095
71820,143640,215460,287280,359100
71821,143642,215463,287284,359105
71822,143644,215466,287288,359110
71823,143646,215469,287292,359115
71824,143648,215472,287296,359120
71825,143650,215475,287300,359125
71826,143652,215478,287304,359130
71827,143654,215481,287308,359135
71828,143656,215484,287312,359140
71829,143658,215487,287316,359145
71830,143660,215490,287320,359150
71831,143662,215493,287324,359155
71832,143664,215496,287328,359160
71833,143666,215499,287332,359165
71834,143668,215502,287336,359170
71835,143670,215505,287340,359175
71836,143672,215508,287344,359180
71837,143674,215511,287348,359185
71838,143676,215514,287352,359190
71839,143678,215517,287356,359195
71840,143680,215520,287360,359200
71841,143682,215523,287364,359205
71842,143684,215526,287368,359210
71843,143686,215529,287372,359215
71844,143688,215532,287376,359220
71845,143690,215535,287380,359225
71846,143692,215538,287384,359230
71847,143694,215541,287388,359235
71848,143696,215544,287392,359240
71849,143698,215547,287396,359245
71850,143700,215550,287400,359250
71851,143702,215553,287404,359255
71852,143704,215556,287408,359260
71853,143706,215559,287412,359265
71854,143708,215562,287416,359270
71855,143710,215565,287420,359275
71856,143712,215568,287424,359280
71857,143714,215571,287428,359285
71858,143716,215574,287432,359290
71859,143718,215577,287436,359295
71860,143720,215580,287440,359300
71861,143722,215583,287444,359305
71862,143724,215586,287448,359310
71863,143726,215589,287452,359315
71864,143728,215592,287456,359320
71865,143730,215595,287460,359325
71866,143732,215598,287464,359330
71867,143734,215601,287468,359335
71868,143736,215604,287472,359340
71869,143738,215607,287476,359345
71870,143740,215610,287480,359350
71871,143742,215613,287484,359355
71872,143744,215616,287488,359360
71873,143746,215619,287492,359365
71874,143748,215622,287496,359370
71875,143750,215625,287500,359375
71876,143752,215628,287504,359380
71877,143754,215631,287508,359385
71878,143756,215634,287512,359390
71879,143758,215637,287516,359395
71880,143760,215640,287520,359400
71881,143762,215643,287524,359405
71882,143764,215646,287528,359410
71883,143766,215649,287532,359415
71884,143768,215652,287536,359420
71885,143770,215655,287540,359425
71886,143772,215658,287544,359430
71887,143774,215661,287548,359435
71888,143776,215664,287552,359440
71889,143778,215667,287556,359445
71890,143780,215670,287560,359450
71891,143782,215673,287564,359455
71892,143784,215676,287568,359460
71893,143786,215679,287572,359465
71894,143788,215682,287576,359470
71895,143790,215685,287580,359475
71896,143792,215688,287584,359480
71897,143794,215691,287588,359485
71898,143796,215694,287592,359490
71899,143798,215697,287596,359495
71900,143800,215700,287600,359500
71901,143802,215703,287604,359505
71902,143804,215706,287608,359510
71903,143806,215709,287612,359515
71904,143808,215712,287616,359520
71905,143810,215715,287620,359525
71906,143812,215718,287624,359530
71907,143814,215721,287628,359535
71908,143816,215724,287632,359540
71909,143818,215727,287636,359545
71910,143820,215730,287640,359550
71911,143822,215733,287644,359555
71912,143824,215736,287648,359560
71913,143826,215739,287652,359565
71914,143828,215742,287656,359570
71915,143830,215745,287660,359575
71916,143832,215748,287664,359580
71917,143834,215751,287668,359585
71918,143836,215754,287672,359590
71919,143838,215757,287676,359595
71920,143840,215760,287680,359600
71921,143842,215763,287684,359605
71922,143844,215766,287688,359610
71923,143846,215769,287692,359615
71924,143848,215772,287696,359620
71925,143850,215775,287700,359625
71926,143852,215778,287704,359630
71927,143854,215781,287708,359635
71928,143856,215784,287712,359640
71929,143858,215787,287716,359645
71930,143860,215790,287720,359650
71931,143862,215793,287724,359655
71932,143864,215796,287728,359660
71933,143866,215799,287732,359665
71934,143868,215802,287736,359670
71935,143870,215805,287740,359675
71936,143872,215808,287744,359680
71937,143874,215811,287748,359685
71938,143876,215814,287752,359690
71939,143878,215817,287756,359695
71940,143880,215820,287760,359700
71941,143882,215823,287764,359705
71942,143884,215826,287768,359710
71943,143886,215829,287772,359715
71944,143888,215832,287776,359720
71945,143890,215835,287780,359725
71946,143892,215838,287784,359730
71947,143894,215841,287788,359735
71948,143896,215844,287792,359740
71949,143898,215847,287796,359745
71950,143900,215850,287800,359750
71951,143902,215853,287804,359755
71952,143904,215856,287808,359760
71953,143906,215859,287812,359765
71954,143908,215862,287816,359770
71955,143910,215865,287820,359775
71956,143912,215868,287824,359780
71957,143914,215871,287828,359785
71958,143916,215874,287832,359790
71959,143918,215877,287836,359795
71960,143920,215880,287840,359800
71961,143922,215883,287844,359805
71962,143924,215886,287848,359810
71963,143926,215889,287852,359815
71964,143928,215892,287856,359820
71965,143930,215895,287860,359825
71966,143932,215898,287864,359830
71967,143934,215901,287868,359835
71968,143936,215904,287872,359840
71969,143938,215907,287876,359845
71970,143940,215910,287880,359850
71971,143942,215913,287884,359855
71972,143944,215916,287888,359860
71973,143946,215919,287892,359865
71974,143948,215922,287896,359870
71975,143950,215925,287900,359875
71976,143952,215928,287904,359880
71977,143954,215931,287908,359885
71978,143956,215934,287912,359890
71979,143958,215937,287916,359895
71980,143960,215940,287920,359900
71981,143962,215943,287924,359905
71982,143964,215946,287928,359910
71983,143966,215949,287932,359915
71984,143968,215952,287936,359920
71985,143970,215955,287940,359925
71986,143972,215958,287944,359930
71987,143974,215961,287948,359935
71988,143976,215964,287952,359940
71989,143978,215967,287956,359945
71990,143980,215970,287960,359950
71991,143982,215973,287964,359955
71992,143984,215976,287968,359960
71993,143986,215979,287972,359965
71994,143988,215982,287976,359970
71995,143990,215985,287980,359975
71996,143992,215988,287984,359980
71997,143994,215991,287988,359985
71998,143996,215994,287992,359990
71999,143998,215997,287996,359995
72000,144000,216000,288000,360000
72001,144002,216003,288004,360005
72002,144004,216006,288008,360010
72003,144006,216009,288012,360015
72004,144008,216012,288016,360020
72005,144010,216015,288020,360025
72006,144012,216018,288024,360030
72007,144014,216021,288028,360035
72008,144016,216024,288032,360040
72009,144018,216027,288036,360045
72010,144020,216030,288040,360050
72011,144022,216033,288044,360055
72012,144024,216036,288048,360060
72013,144026,216039,288052,360065
72014,144028,216042,288056,360070
72015,144030,216045,288060,360075
72016,144032,216048,288064,360080
72017,144034,216051,288068,360085
72018,144036,216054,288072,360090
72019,144038,216057,288076,360095
72020,144040,216060,288080,360100
72021,144042,216063,288084,360105
72022,144044,216066,288088,360110
72023,144046,216069,288092,360115
72024,144048,216072,288096,360120
72025,144050,216075,288100,360125
72026,144052,216078,288104,360130
72027,144054,216081,288108,360135
72028,144056,216084,288112,360140
72029,144058,216087,288116,360145
72030,144060,216090,288120,360150
72031,144062,216093,288124,360155
72032,144064,216096,288128,360160
72033,144066,216099,288132,360165
72034,144068,216102,288136,360170
72035,144070,216105,288140,360175
72036,144072,216108,288144,360180
72037,144074,216111,288148,360185
72038,144076,216114,288152,360190
72039,144078,216117,288156,360195
72040,144080,216120,288160,360200
72041,144082,216123,288164,360205
72042,144084,216126,288168,360210
72043,144086,216129,288172,360215
72044,144088,216132,288176,360220
72045,144090,216135,288180,360225
72046,144092,216138,288184,360230
72047,144094,216141,288188,360235
72048,144096,216144,288192,360240
72049,144098,216147,288196,360245
72050,144100,216150,288200,360250
72051,144102,216153,288204,360255
72052,144104,216156,288208,360260
72053,144106,216159,288212,360265
72054,144108,216162,288216,360270
72055,144110,216165,288220,360275
72056,144112,216168,288224,360280
72057,144114,216171,288228,360285
72058,144116,216174,288232,360290
72059,144118,216177,288236,360295
72060,144120,216180,288240,360300
72061,144122,216183,288244,360305
72062,144124,216186,288248,360310
72063,144126,216189,288252,360315
72064,144128,216192,288256,360320
72065,144130,216195,288260,360325
72066,144132,216198,288264,360330
72067,144134,216201,288268,360335
72068,144136,216204,288272,360340
72069,144138,216207,288276,360345
72070,144140,216210,288280,360350
72071,144142,216213,288284,360355
72072,144144,216216,288288,360360
72073,144146,216219,288292,360365
72074,144148,216222,288296,360370
72075,144150,216225,288300,360375
72076,144152,216228,288304,360380
72077,144154,216231,288308,360385
72078,144156,216234,288312,360390
72079,144158,216237,288316,360395
72080,144160,216240,288320,360400
72081,144162,216243,288324,360405
72082,144164,216246,288328,360410
72083,144166,216249,288332,360415
72084,144168,216252,288336,360420
72085,144170,216255,288340,360425
72086,144172,216258,288344,360430
72087,144174,216261,288348,360435
72088,144176,216264,288352,360440
72089,144178,216267,288356,360445
72090,144180,216270,288360,360450
72091,144182,216273,288364,360455
72092,144184,216276,288368,360460
72093,144186,216279,288372,360465
72094,144188,216282,288376,360470
72095,144190,216285,288380,360475
72096,144192,216288,288384,360480
72097,144194,216291,288388,360485
72098,144196,216294,288392,360490
72099,144198,216297,288396,360495
72100,144200,216300,288400,360500
72101,144202,216303,288404,360505
72102,144204,216306,288408,360510
72103,144206,216309,288412,360515
72104,144208,216312,288416,360520
72105,144210,216315,288420,360525
72106,144212,216318,288424,360530
72107,144214,216321,288428,360535
72108,144216,216324,288432,360540
72109,144218,216327,288436,360545
72110,144220,216330,288440,360550
72111,144222,216333,288444,360555
72112,144224,216336,288448,360560
72113,144226,216339,288452,360565
72114,144228,216342,288456,360570
72115,144230,216345,288460,360575
72116,144232,216348,288464,360580
72117,144234,216351,288468,360585
72118,144236,216354,288472,360590
72119,144238,216357,288476,360595
72120,144240,216360,288480,360600
72121,144242,216363,288484,360605
72122,144244,216366,288488,360610
72123,144246,216369,288492,360615
72124,144248,216372,288496,360620
72125,144250,216375,288500,360625
72126,144252,216378,288504,360630
72127,144254,216381,288508,360635
72128,144256,216384,288512,360640
72129,144258,216387,288516,360645
72130,144260,216390,288520,360650
72131,144262,216393,288524,360655
72132,144264,216396,288528,360660
72133,144266,216399,288532,360665
72134,144268,216402,288536,360670
72135,144270,216405,288540,360675
72136,144272,216408,288544,360680
72137,144274,216411,288548,360685
72138,144276,216414,288552,360690
72139,144278,216417,288556,360695
72140,144280,216420,288560,360700
72141,144282,216423,288564,360705
72142,144284,216426,288568,360710
72143,144286,216429,288572,360715
72144,144288,216432,288576,360720
72145,144290,216435,288580,360725
72146,144292,216438,288584,360730
72147,144294,216441,288588,360735
72148,144296,216444,288592,360740
72149,144298,216447,288596,360745
72150,144300,216450,288600,360750
72151,144302,216453,288604,360755
72152,144304,216456,288608,360760
72153,144306,216459,288612,360765
72154,144308,216462,288616,360770
72155,144310,216465,288620,360775
72156,144312,216468,288624,360780
72157,144314,216471,288628,360785
72158,144316,216474,288632,360790
72159,144318,216477,288636,360795
72160,144320,216480,288640,360800
72161,144322,216483,288644,360805
72162,144324,216486,288648,360810
72163,144326,216489,288652,360815
72164,144328,216492,288656,360820
72165,144330,216495,288660,360825
72166,144332,216498,288664,360830
72167,144334,216501,288668,360835
72168,144336,216504,288672,360840
72169,144338,216507,288676,360845
72170,144340,216510,288680,360850
72171,144342,216513,288684,360855
72172,144344,216516,288688,360860
72173,144346,216519,288692,360865
72174,144348,216522,288696,360870
72175,144350,216525,288700,360875
72176,144352,216528,288704,360880
72177,144354,216531,288708,360885
72178,144356,216534,288712,360890
72179,144358,216537,288716,360895
72180,144360,216540,288720,360900
72181,144362,216543,288724,360905
72182,144364,216546,288728,360910
72183,144366,216549,288732,360915
72184,144368,216552,288736,360920
72185,144370,216555,288740,360925
72186,144372,216558,288744,360930
72187,144374,216561,288748,360935
72188,144376,216564,288752,360940
72189,144378,216567,288756,360945
72190,144380,216570,288760,360950
72191,144382,216573,288764,360955
72192,144384,216576,288768,360960
72193,144386,216579,288772,360965
72194,144388,216582,288776,360970
72195,144390,216585,288780,360975
72196,144392,216588,288784,360980
72197,144394,216591,288788,360985
72198,144396,216594,288792,360990
72199,144398,216597,288796,360995
72200,144400,216600,288800,361000
72201,144402,216603,288804,361005
72202,144404,216606,288808,361010
72203,144406,216609,288812,361015
72204,144408,216612,288816,361020
72205,144410,216615,288820,361025
72206,144412,216618,288824,361030
72207,144414,216621,288828,361035
72208,144416,216624,288832,361040
72209,144418,216627,288836,361045
72210,144420,216630,288840,361050
72211,144422,216633,288844,361055
72212,144424,216636,288848,361060
72213,144426,216639,288852,361065
72214,144428,216642,288856,361070
72215,144430,216645,288860,361075
72216,144432,216648,288864,361080
72217,144434,216651,288868,361085
72218,144436,216654,288872,361090
72219,144438,216657,288876,361095
72220,144440,216660,288880,361100
72221,144442,216663,288884,361105
72222,144444,216666,288888,361110
72223,144446,216669,288892,361115
72224,144448,216672,288896,361120
72225,144450,216675,288900,361125
72226,144452,216678,288904,361130
72227,144454,216681,288908,361135
72228,144456,216684,288912,361140
72229,144458,216687,288916,361145
72230,144460,216690,288920,361150
72231,144462,216693,288924,361155
72232,144464,216696,288928,361160
72233,144466,216699,288932,361165
72234,144468,216702,288936,361170
72235,144470,216705,288940,361175
72236,144472,216708,288944,361180
72237,144474,216711,288948,361185
72238,144476,216714,288952,361190
72239,144478,216717,288956,361195
72240,144480,216720,288960,361200
72241,144482,216723,288964,361205
72242,144484,216726,288968,361210
72243,144486,216729,288972,361215
72244,144488,216732,288976,361220
72245,144490,216735,288980,361225
72246,144492,216738,288984,361230
72247,144494,216741,288988,361235
72248,144496,216744,288992,361240
72249,144498,216747,288996,361245
72250,144500,216750,289000,361250
72251,144502,216753,289004,361255
72252,144504,216756,289008,361260
72253,144506,216759,289012,361265
72254,144508,216762,289016,361270
72255,144510,216765,289020,361275
72256,144512,216768,289024,361280
72257,144514,216771,289028,361285
72258,144516,216774,289032,361290
72259,144518,216777,289036,361295
72260,144520,216780,289040,361300
72261,144522,216783,289044,361305
72262,144524,216786,289048,361310
72263,144526,216789,289052,361315
72264,144528,216792,289056,361320
72265,144530,216795,289060,361325
72266,144532,216798,289064,361330
72267,144534,216801,289068,361335
72268,144536,216804,289072,361340
72269,144538,216807,289076,361345
72270,144540,216810,289080,361350
72271,144542,216813,289084,361355
72272,144544,216816,289088,361360
72273,144546,216819,289092,361365
72274,144548,216822,289096,361370
72275,144550,216825,289100,361375
72276,144552,216828,289104,361380
72277,144554,216831,289108,361385
72278,144556,216834,289112,361390
72279,144558,216837,289116,361395
72280,144560,216840,289120,361400
72281,144562,216843,289124,361405
72282,144564,216846,289128,361410
72283,144566,216849,289132,361415
72284,144568,216852,289136,361420
72285,144570,216855,289140,361425
72286,144572,216858,289144,361430
72287,144574,216861,289148,361435
72288,144576,216864,289152,361440
72289,144578,216867,289156,361445
72290,144580,216870,289160,361450
72291,144582,216873,289164,361455
72292,144584,216876,289168,361460
72293,144586,216879,289172,361465
72294,144588,216882,289176,361470
72295,144590,216885,289180,361475
72296,144592,216888,289184,361480
72297,144594,216891,289188,361485
72298,144596,216894,289192,361490
72299,144598,216897,289196,361495
72300,144600,216900,289200,361500
72301,144602,216903,289204,361505
72302,144604,216906,289208,361510
72303,144606,216909,289212,361515
72304,144608,216912,289216,361520
72305,144610,216915,289220,361525
72306,144612,216918,289224,361530
72307,144614,216921,289228,361535
72308,144616,216924,289232,361540
72309,144618,216927,289236,361545
72310,144620,216930,289240,361550
72311,144622,216933,289244,361555
72312,144624,216936,289248,361560
72313,144626,216939,289252,361565
72314,144628,216942,289256,361570
72315,144630,216945,289260,361575
72316,144632,216948,289264,361580
72317,144634,216951,289268,361585
72318,144636,216954,289272,361590
72319,144638,216957,289276,361595
72320,144640,216960,289280,361600
72321,144642,216963,289284,361605
72322,144644,216966,289288,361610
72323,144646,216969,289292,361615
72324,144648,216972,289296,361620
72325,144650,216975,289300,361625
72326,144652,216978,289304,361630
72327,144654,216981,289308,361635
72328,144656,216984,289312,361640
72329,144658,216987,289316,361645
72330,144660,216990,289320,361650
72331,144662,216993,289324,361655
72332,144664,216996,289328,361660
72333,144666,216999,289332,361665
72334,144668,217002,289336,361670
72335,144670,217005,289340,361675
72336,144672,217008,289344,361680
72337,144674,217011,289348,361685
72338,144676,217014,289352,361690
72339,144678,217017,289356,361695
72340,144680,217020,289360,361700
72341,144682,217023,289364,361705
72342,144684,217026,289368,361710
72343,144686,217029,289372,361715
72344,144688,217032,289376,361720
72345,144690,217035,289380,361725
72346,144692,217038,289384,361730
72347,144694,217041,289388,361735
72348,144696,217044,289392,361740
72349,144698,217047,289396,361745
72350,144700,217050,289400,361750
72351,144702,217053,289404,361755
72352,144704,217056,289408,361760
72353,144706,217059,289412,361765
72354,144708,217062,289416,361770
72355,144710,217065,289420,361775
72356,144712,217068,289424,361780
72357,144714,217071,289428,361785
72358,144716,217074,289432,361790
72359,144718,217077,289436,361795
72360,144720,217080,289440,361800
72361,144722,217083,289444,361805
72362,144724,217086,289448,361810
72363,144726,217089,289452,361815
72364,144728,217092,289456,361820
72365,144730,217095,289460,361825
72366,144732,217098,289464,361830
72367,144734,217101,289468,361835
72368,144736,217104,289472,361840
72369,144738,217107,289476,361845
72370,144740,217110,289480,361850
72371,144742,217113,289484,361855
72372,144744,217116,289488,361860
72373,144746,217119,289492,361865
72374,144748,217122,289496,361870
72375,144750,217125,289500,361875
72376,144752,217128,289504,361880
72377,144754,217131,289508,361885
72378,144756,217134,289512,361890
72379,144758,217137,289516,361895
72380,144760,217140,289520,361900
72381,144762,217143,289524,361905
72382,144764,217146,289528,361910
72383,144766,217149,289532,361915
72384,144768,217152,289536,361920
72385,144770,217155,289540,361925
72386,144772,217158,289544,361930
72387,144774,217161,289548,361935
72388,144776,217164,289552,361940
72389,144778,217167,289556,361945
72390,144780,217170,289560,361950
72391,144782,217173,289564,361955
72392,144784,217176,289568,361960
72393,144786,217179,289572,361965
72394,144788,217182,289576,361970
72395,144790,217185,289580,361975
72396,144792,217188,289584,361980
72397,144794,217191,289588,361985
72398,144796,217194,289592,361990
72399,144798,217197,289596,361995
72400,144800,217200,289600,362000
72401,144802,217203,289604,362005
72402,144804,217206,289608,362010
72403,144806,217209,289612,362015
72404,144808,217212,289616,362020
72405,144810,217215,289620,362025
72406,144812,217218,289624,362030
72407,144814,217221,289628,362035
72408,144816,217224,289632,362040
72409,144818,217227,289636,362045
72410,144820,217230,289640,362050
72411,144822,217233,289644,362055
72412,144824,217236,289648,362060
72413,144826,217239,289652,362065
72414,144828,217242,289656,362070
72415,144830,217245,289660,362075
72416,144832,217248,289664,362080
72417,144834,217251,289668,362085
72418,144836,217254,289672,362090
72419,144838,217257,289676,362095
72420,144840,217260,289680,362100
72421,144842,217263,289684,362105
72422,144844,217266,289688,362110
72423,144846,217269,289692,362115
72424,144848,217272,289696,362120
72425,144850,217275,289700,362125
72426,144852,217278,289704,362130
72427,144854,217281,289708,362135
72428,144856,217284,289712,362140
72429,144858,217287,289716,362145
72430,144860,217290,289720,362150
72431,144862,217293,289724,362155
72432,144864,217296,289728,362160
72433,144866,217299,289732,362165
72434,144868,217302,289736,362170
72435,144870,217305,289740,362175
72436,144872,217308,289744,362180
72437,144874,217311,289748,362185
72438,144876,217314,289752,362190
72439,144878,217317,289756,362195
72440,144880,217320,289760,362200
72441,144882,217323,289764,362205
72442,144884,217326,289768,362210
72443,144886,217329,289772,362215
72444,144888,217332,289776,362220
72445,144890,217335,289780,362225
72446,144892,217338,289784,362230
72447,144894,217341,289788,362235
72448,144896,217344,289792,362240
72449,144898,217347,289796,362245
72450,144900,217350,289800,362250
72451,144902,217353,289804,362255
72452,144904,217356,289808,362260
72453,144906,217359,289812,362265
72454,144908,217362,289816,362270
72455,144910,217365,289820,362275
72456,144912,217368,289824,362280
72457,144914,217371,289828,362285
72458,144916,217374,289832,362290
72459,144918,217377,289836,362295
72460,144920,217380,289840,362300
72461,144922,217383,289844,362305
72462,144924,217386,289848,362310
72463,144926,217389,289852,362315
72464,144928,217392,289856,362320
72465,144930,217395,289860,362325
72466,144932,217398,289864,362330
72467,144934,217401,289868,362335
72468,144936,217404,289872,362340
72469,144938,217407,289876,362345
72470,144940,217410,289880,362350
72471,144942,217413,289884,362355
72472,144944,217416,289888,362360
72473,144946,217419,289892,362365
72474,144948,217422,289896,362370
72475,144950,217425,289900,362375
72476,144952,217428,289904,362380
72477,144954,217431,289908,362385
72478,144956,217434,289912,362390
72479,144958,217437,289916,362395
72480,144960,217440,289920,362400
72481,144962,217443,289924,362405
72482,144964,217446,289928,362410
72483,144966,217449,289932,362415
72484,144968,217452,289936,362420
72485,144970,217455,289940,362425
72486,144972,217458,289944,362430
72487,144974,217461,289948,362435
72488,144976,217464,289952,362440
72489,144978,217467,289956,362445
72490,144980,217470,289960,362450
72491,144982,217473,289964,362455
72492,144984,217476,289968,362460
72493,144986,217479,289972,362465
72494,144988,217482,289976,362470
72495,144990,217485,289980,362475
72496,144992,217488,289984,362480
72497,144994,217491,289988,362485
72498,144996,217494,289992,362490
72499,144998,217497,289996,362495
72500,145000,217500,290000,362500
72501,145002,217503,290004,362505
72502,145004,217506,290008,362510
72503,145006,217509,290012,362515
72504,145008,217512,290016,362520
72505,145010,217515,290020,362525
72506,145012,217518,290024,362530
72507,145014,217521,290028,362535
72508,145016,217524,290032,362540
72509,145018,217527,290036,362545
72510,145020,217530,290040,362550
72511,145022,217533,290044,362555
72512,145024,217536,290048,362560
72513,145026,217539,290052,362565
72514,145028,217542,290056,362570
72515,145030,217545,290060,362575
72516,145032,217548,290064,362580
72517,145034,217551,290068,362585
72518,145036,217554,290072,362590
72519,145038,217557,290076,362595
72520,145040,217560,290080,362600
72521,145042,217563,290084,362605
72522,145044,217566,290088,362610
72523,145046,217569,290092,362615
72524,145048,217572,290096,362620
72525,145050,217575,290100,362625
72526,145052,217578,290104,362630
72527,145054,217581,290108,362635
72528,145056,217584,290112,362640
72529,145058,217587,290116,362645
72530,145060,217590,290120,362650
72531,145062,217593,290124,362655
72532,145064,217596,290128,362660
72533,145066,217599,290132,362665
72534,145068,217602,290136,362670
72535,145070,217605,290140,362675
72536,145072,217608,290144,362680
72537,145074,217611,290148,362685
72538,145076,217614,290152,362690
72539,145078,217617,290156,362695
72540,145080,217620,290160,362700
72541,145082,217623,290164,362705
72542,145084,217626,290168,362710
72543,145086,217629,290172,362715
72544,145088,217632,290176,362720
72545,145090,217635,290180,362725
72546,145092,217638,290184,362730
72547,145094,217641,290188,362735
72548,145096,217644,290192,362740
72549,145098,217647,290196,362745
72550,145100,217650,290200,362750
72551,145102,217653,290204,362755
72552,145104,217656,290208,362760
72553,145106,217659,290212,362765
72554,145108,217662,290216,362770
72555,145110,217665,290220,362775
72556,145112,217668,290224,362780
72557,145114,217671,290228,362785
72558,145116,217674,290232,362790
72559,145118,217677,290236,362795
72560,145120,217680,290240,362800
72561,145122,217683,290244,362805
72562,145124,217686,290248,362810
72563,145126,217689,290252,362815
72564,145128,217692,290256,362820
72565,145130,217695,290260,362825
72566,145132,217698,290264,362830
72567,145134,217701,290268,362835
72568,145136,217704,290272,362840
72569,145138,217707,290276,362845
72570,145140,217710,290280,362850
72571,145142,217713,290284,362855
72572,145144,217716,290288,362860
72573,145146,217719,290292,362865
72574,145148,217722,290296,362870
72575,145150,217725,290300,362875
72576,145152,217728,290304,362880
72577,145154,217731,290308,362885
72578,145156,217734,290312,362890
72579,145158,217737,290316,362895
72580,145160,217740,290320,362900
72581,145162,217743,290324,362905
72582,145164,217746,290328,362910
72583,145166,217749,290332,362915
72584,145168,217752,290336,362920
72585,145170,217755,290340,362925
72586,145172,217758,290344,362930
72587,145174,217761,290348,362935
72588,145176,217764,290352,362940
72589,145178,217767,290356,362945
72590,145180,217770,290360,362950
72591,145182,217773,290364,362955
72592,145184,217776,290368,362960
72593,145186,217779,290372,362965
72594,145188,217782,290376,362970
72595,145190,217785,290380,362975
72596,145192,217788,290384,362980
72597,145194,217791,290388,362985
72598,145196,217794,290392,362990
72599,145198,217797,290396,362995
72600,145200,217800,290400,363000
72601,145202,217803,290404,363005
72602,145204,217806,290408,363010
72603,145206,217809,290412,363015
72604,145208,217812,290416,363020
72605,145210,217815,290420,363025
72606,145212,217818,290424,363030
72607,145214,217821,290428,363035
72608,145216,217824,290432,363040
72609,145218,217827,290436,363045
72610,145220,217830,290440,363050
72611,145222,217833,290444,363055
72612,145224,217836,290448,363060
72613,145226,217839,290452,363065
72614,145228,217842,290456,363070
72615,145230,217845,290460,363075
72616,145232,217848,290464,363080
72617,145234,217851,290468,363085
72618,145236,217854,290472,363090
72619,145238,217857,290476,363095
72620,145240,217860,290480,363100
72621,145242,217863,290484,363105
72622,145244,217866,290488,363110
72623,145246,217869,290492,363115
72624,145248,217872,290496,363120
72625,145250,217875,290500,363125
72626,145252,217878,290504,363130
72627,145254,217881,290508,363135
72628,145256,217884,290512,363140
72629,145258,217887,290516,363145
72630,145260,217890,290520,363150
72631,145262,217893,290524,363155
72632,145264,217896,290528,363160
72633,145266,217899,290532,363165
72634,145268,217902,290536,363170
72635,145270,217905,290540,363175
72636,145272,217908,290544,363180
72637,145274,217911,290548,363185
72638,145276,217914,290552,363190
72639,145278,217917,290556,363195
72640,145280,217920,290560,363200
72641,145282,217923,290564,363205
72642,145284,217926,290568,363210
72643,145286,217929,290572,363215
72644,145288,217932,290576,363220
72645,145290,217935,290580,363225
72646,145292,217938,290584,363230
72647,145294,217941,290588,363235
72648,145296,217944,290592,363240
72649,145298,217947,290596,363245
72650,145300,217950,290600,363250
72651,145302,217953,290604,363255
72652,145304,217956,290608,363260
72653,145306,217959,290612,363265
72654,145308,217962,290616,363270
72655,145310,217965,290620,363275
72656,145312,217968,290624,363280
72657,145314,217971,290628,363285
72658,145316,217974,290632,363290
72659,145318,217977,290636,363295
72660,145320,217980,290640,363300
72661,145322,217983,290644,363305
72662,145324,217986,290648,363310
72663,145326,217989,290652,363315
72664,145328,217992,290656,363320
72665,145330,217995,290660,363325
72666,145332,217998,290664,363330
72667,145334,218001,290668,363335
72668,145336,218004,290672,363340
72669,145338,218007,290676,363345
72670,145340,218010,290680,363350
72671,145342,218013,290684,363355
72672,145344,218016,290688,363360
72673,145346,218019,290692,363365
72674,145348,218022,290696,363370
72675,145350,218025,290700,363375
72676,145352,218028,290704,363380
72677,145354,218031,290708,363385
72678,145356,218034,290712,363390
72679,145358,218037,290716,363395
72680,145360,218040,290720,363400
72681,145362,218043,290724,363405
72682,145364,218046,290728,363410
72683,145366,218049,290732,363415
72684,145368,218052,290736,363420
72685,145370,218055,290740,363425
72686,145372,218058,290744,363430
72687,145374,218061,290748,363435
72688,145376,218064,290752,363440
72689,145378,218067,290756,363445
72690,145380,218070,290760,363450
72691,145382,218073,290764,363455
72692,145384,218076,290768,363460
72693,145386,218079,290772,363465
72694,145388,218082,290776,363470
72695,145390,218085,290780,363475
72696,145392,218088,290784,363480
72697,145394,218091,290788,363485
72698,145396,218094,290792,363490
72699,145398,218097,290796,363495
72700,145400,218100,290800,363500
72701,145402,218103,290804,363505
72702,145404,218106,290808,363510
72703,145406,218109,290812,363515
72704,145408,218112,290816,363520
72705,145410,218115,290820,363525
72706,145412,218118,290824,363530
72707,145414,218121,290828,363535
72708,145416,218124,290832,363540
72709,145418,218127,290836,363545
72710,145420,218130,290840,363550
72711,145422,218133,290844,363555
72712,145424,218136,290848,363560
72713,145426,218139,290852,363565
72714,145428,218142,290856,363570
72715,145430,218145,290860,363575
72716,145432,218148,290864,363580
72717,145434,218151,290868,363585
72718,145436,218154,290872,363590
72719,145438,218157,290876,363595
72720,145440,218160,290880,363600
72721,145442,218163,290884,363605
72722,145444,218166,290888,363610
72723,145446,218169,290892,363615
72724,145448,218172,290896,363620
72725,145450,218175,290900,363625
72726,145452,218178,290904,363630
72727,145454,218181,290908,363635
72728,145456,218184,290912,363640
72729,145458,218187,290916,363645
72730,145460,218190,290920,363650
72731,145462,218193,290924,363655
72732,145464,218196,290928,363660
72733,145466,218199,290932,363665
72734,145468,218202,290936,363670
72735,145470,218205,290940,363675
72736,145472,218208,290944,363680
72737,145474,218211,290948,363685
72738,145476,218214,290952,363690
72739,145478,218217,290956,363695
72740,145480,218220,290960,363700
72741,145482,218223,290964,363705
72742,145484,218226,290968,363710
72743,145486,218229,290972,363715
72744,145488,218232,290976,363720
72745,145490,218235,290980,363725
72746,145492,218238,290984,363730
72747,145494,218241,290988,363735
72748,145496,218244,290992,363740
72749,145498,218247,290996,363745
72750,145500,218250,291000,363750
72751,145502,218253,291004,363755
72752,145504,218256,291008,363760
72753,145506,218259,291012,363765
72754,145508,218262,291016,363770
72755,145510,218265,291020,363775
72756,145512,218268,291024,363780
72757,145514,218271,291028,363785
72758,145516,218274,291032,363790
72759,145518,218277,291036,363795
72760,145520,218280,291040,363800
72761,145522,218283,291044,363805
72762,145524,218286,291048,363810
72763,145526,218289,291052,363815
72764,145528,218292,291056,363820
72765,145530,218295,291060,363825
72766,145532,218298,291064,363830
72767,145534,218301,291068,363835
72768,145536,218304,291072,363840
72769,145538,218307,291076,363845
72770,145540,218310,291080,363850
72771,145542,218313,291084,363855
72772,145544,218316,291088,363860
72773,145546,218319,291092,363865
72774,145548,218322,291096,363870
72775,145550,218325,291100,363875
72776,145552,218328,291104,363880
72777,145554,218331,291108,363885
72778,145556,218334,291112,363890
72779,145558,218337,291116,363895
72780,145560,218340,291120,363900
72781,145562,218343,291124,363905
72782,145564,218346,291128,363910
72783,145566,218349,291132,363915
72784,145568,218352,291136,363920
72785,145570,218355,291140,363925
72786,145572,218358,291144,363930
72787,145574,218361,291148,363935
72788,145576,218364,291152,363940
72789,145578,218367,291156,363945
72790,145580,218370,291160,363950
72791,145582,218373,291164,363955
72792,145584,218376,291168,363960
72793,145586,218379,291172,363965
72794,145588,218382,291176,363970
72795,145590,218385,291180,363975
72796,145592,218388,291184,363980
72797,145594,218391,291188,363985
72798,145596,218394,291192,363990
72799,145598,218397,291196,363995
72800,145600,218400,291200,364000
72801,145602,218403,291204,364005
72802,145604,218406,291208,364010
72803,145606,218409,291212,364015
72804,145608,218412,291216,364020
72805,145610,218415,291220,364025
72806,145612,218418,291224,364030
72807,145614,218421,291228,364035
72808,145616,218424,291232,364040
72809,145618,218427,291236,364045
72810,145620,218430,291240,364050
72811,145622,218433,291244,364055
72812,145624,218436,291248,364060
72813,145626,218439,291252,364065
72814,145628,218442,291256,364070
72815,145630,218445,291260,364075
72816,145632,218448,291264,364080
72817,145634,218451,291268,364085
72818,145636,218454,291272,364090
72819,145638,218457,291276,364095
72820,145640,218460,291280,364100
72821,145642,218463,291284,364105
72822,145644,218466,291288,364110
72823,145646,218469,291292,364115
72824,145648,218472,291296,364120
72825,145650,218475,291300,364125
72826,145652,218478,291304,364130
72827,145654,218481,291308,364135
72828,145656,218484,291312,364140
72829,145658,218487,291316,364145
72830,145660,218490,291320,364150
72831,145662,218493,291324,364155
72832,145664,218496,291328,364160
72833,145666,218499,291332,364165
72834,145668,218502,291336,364170
72835,145670,218505,291340,364175
72836,145672,218508,291344,364180
72837,145674,218511,291348,364185
72838,145676,218514,291352,364190
72839,145678,218517,291356,364195
72840,145680,218520,291360,364200
72841,145682,218523,291364,364205
72842,145684,218526,291368,364210
72843,145686,218529,291372,364215
72844,145688,218532,291376,364220
72845,145690,218535,291380,364225
72846,145692,218538,291384,364230
72847,145694,218541,291388,364235
72848,145696,218544,291392,364240
72849,145698,218547,291396,364245
72850,145700,218550,291400,364250
72851,145702,218553,291404,364255
72852,145704,218556,291408,364260
72853,145706,218559,291412,364265
72854,145708,218562,291416,364270
72855,145710,218565,291420,364275
72856,145712,218568,291424,364280
72857,145714,218571,291428,364285
72858,145716,218574,291432,364290
72859,145718,218577,291436,364295
72860,145720,218580,291440,364300
72861,145722,218583,291444,364305
72862,145724,218586,291448,364310
72863,145726,218589,291452,364315
72864,145728,218592,291456,364320
72865,145730,218595,291460,364325
72866,145732,218598,291464,364330
72867,145734,218601,291468,364335
72868,145736,218604,291472,364340
72869,145738,218607,291476,364345
72870,145740,218610,291480,364350
72871,145742,218613,291484,364355
72872,145744,218616,291488,364360
72873,145746,218619,291492,364365
72874,145748,218622,291496,364370
72875,145750,218625,291500,364375
72876,145752,218628,291504,364380
72877,145754,218631,291508,364385
72878,145756,218634,291512,364390
72879,145758,218637,291516,364395
72880,145760,218640,291520,364400
72881,145762,218643,291524,364405
72882,145764,218646,291528,364410
72883,145766,218649,291532,364415
72884,145768,218652,291536,364420
72885,145770,218655,291540,364425
72886,145772,218658,291544,364430
72887,145774,218661,291548,364435
72888,145776,218664,291552,364440
72889,145778,218667,291556,364445
72890,145780,218670,291560,364450
72891,145782,218673,291564,364455
72892,145784,218676,291568,364460
72893,145786,218679,291572,364465
72894,145788,218682,291576,364470
72895,145790,218685,291580,364475
72896,145792,218688,291584,364480
72897,145794,218691,291588,364485
72898,145796,218694,291592,364490
72899,145798,218697,291596,364495
72900,145800,218700,291600,364500
72901,145802,218703,291604,364505
72902,145804,218706,291608,364510
72903,145806,218709,291612,364515
72904,145808,218712,291616,364520
72905,145810,218715,291620,364525
72906,145812,218718,291624,364530
72907,145814,218721,291628,364535
72908,145816,218724,291632,364540
72909,145818,218727,291636,364545
72910,145820,218730,291640,364550
72911,145822,218733,291644,364555
72912,145824,218736,291648,364560
72913,145826,218739,291652,364565
72914,145828,218742,291656,364570
72915,145830,218745,291660,364575
72916,145832,218748,291664,364580
72917,145834,218751,291668,364585
72918,145836,218754,291672,364590
72919,145838,218757,291676,364595
72920,145840,218760,291680,364600
72921,145842,218763,291684,364605
72922,145844,218766,291688,364610
72923,145846,218769,291692,364615
72924,145848,218772,291696,364620
72925,145850,218775,291700,364625
72926,145852,218778,291704,364630
72927,145854,218781,291708,364635
72928,145856,218784,291712,364640
72929,145858,218787,291716,364645
72930,145860,218790,291720,364650
72931,145862,218793,291724,364655
72932,145864,218796,291728,364660
72933,145866,218799,291732,364665
72934,145868,218802,291736,364670
72935,145870,218805,291740,364675
72936,145872,218808,291744,364680
72937,145874,218811,291748,364685
72938,145876,218814,291752,364690
72939,145878,218817,291756,364695
72940,145880,218820,291760,364700
72941,145882,218823,291764,364705
72942,145884,218826,291768,364710
72943,145886,218829,291772,364715
72944,145888,218832,291776,364720
72945,145890,218835,291780,364725
72946,145892,218838,291784,364730
72947,145894,218841,291788,364735
72948,145896,218844,291792,364740
72949,145898,218847,291796,364745
72950,145900,218850,291800,364750
72951,145902,218853,291804,364755
72952,145904,218856,291808,364760
72953,145906,218859,291812,364765
72954,145908,218862,291816,364770
72955,145910,218865,291820,364775
72956,145912,218868,291824,364780
72957,145914,218871,291828,364785
72958,145916,218874,291832,364790
72959,145918,218877,291836,364795
72960,145920,218880,291840,364800
72961,145922,218883,291844,364805
72962,145924,218886,291848,364810
72963,145926,218889,291852,364815
72964,145928,218892,291856,364820
72965,145930,218895,291860,364825
72966,145932,218898,291864,364830
72967,145934,218901,291868,364835
72968,145936,218904,291872,364840
72969,145938,218907,291876,364845
72970,145940,218910,291880,364850
72971,145942,218913,291884,364855
72972,145944,218916,291888,364860
72973,145946,218919,291892,364865
72974,145948,218922,291896,364870
72975,145950,218925,291900,364875
72976,145952,218928,291904,364880
72977,145954,218931,291908,364885
72978,145956,218934,291912,364890
72979,145958,218937,291916,364895
72980,145960,218940,291920,364900
72981,145962,218943,291924,364905
72982,145964,218946,291928,364910
72983,145966,218949,291932,364915
72984,145968,218952,291936,364920
72985,145970,218955,291940,364925
72986,145972,218958,291944,364930
72987,145974,218961,291948,364935
72988,145976,218964,291952,364940
72989,145978,218967,291956,364945
72990,145980,218970,291960,364950
72991,145982,218973,291964,364955
72992,145984,218976,291968,364960
72993,145986,218979,291972,364965
72994,145988,218982,291976,364970
72995,145990,218985,291980,364975
72996,145992,218988,291984,364980
72997,145994,218991,291988,364985
72998,145996,218994,291992,364990
72999,145998,218997,291996,364995
73000,146000,219000,292000,365000
73001,146002,219003,292004,365005
73002,146004,219006,292008,365010
73003,146006,219009,292012,365015
73004,146008,219012,292016,365020
73005,146010,219015,292020,365025
73006,146012,219018,292024,365030
73007,146014,219021,292028,365035
73008,146016,219024,292032,365040
73009,146018,219027,292036,365045
73010,146020,219030,292040,365050
73011,146022,219033,292044,365055
73012,146024,219036,292048,365060
73013,146026,219039,292052,365065
73014,146028,219042,292056,365070
73015,146030,219045,292060,365075
73016,146032,219048,292064,365080
73017,146034,219051,292068,365085
73018,146036,219054,292072,365090
73019,146038,219057,292076,365095
73020,146040,219060,292080,365100
73021,146042,219063,292084,365105
73022,146044,219066,292088,365110
73023,146046,219069,292092,365115
73024,146048,219072,292096,365120
73025,146050,219075,292100,365125
73026,146052,219078,292104,365130
73027,146054,219081,292108,365135
73028,146056,219084,292112,365140
73029,146058,219087,292116,365145
73030,146060,219090,292120,365150
73031,146062,219093,292124,365155
73032,146064,219096,292128,365160
73033,146066,219099,292132,365165
73034,146068,219102,292136,365170
73035,146070,219105,292140,365175
73036,146072,219108,292144,365180
73037,146074,219111,292148,365185
73038,146076,219114,292152,365190
73039,146078,219117,292156,365195
73040,146080,219120,292160,365200
73041,146082,219123,292164,365205
73042,146084,219126,292168,365210
73043,146086,219129,292172,365215
73044,146088,219132,292176,365220
73045,146090,219135,292180,365225
73046,146092,219138,292184,365230
73047,146094,219141,292188,365235
73048,146096,219144,292192,365240
73049,146098,219147,292196,365245
73050,146100,219150,292200,365250
73051,146102,219153,292204,365255
73052,146104,219156,292208,365260
73053,146106,219159,292212,365265
73054,146108,219162,292216,365270
73055,146110,219165,292220,365275
73056,146112,219168,292224,365280
73057,146114,219171,292228,365285
73058,146116,219174,292232,365290
73059,146118,219177,292236,365295
73060,146120,219180,292240,365300
73061,146122,219183,292244,365305
73062,146124,219186,292248,365310
73063,146126,219189,292252,365315
73064,146128,219192,292256,365320
73065,146130,219195,292260,365325
73066,146132,219198,292264,365330
73067,146134,219201,292268,365335
73068,146136,219204,292272,365340
73069,146138,219207,292276,365345
73070,146140,219210,292280,365350
73071,146142,219213,292284,365355
73072,146144,219216,292288,365360
73073,146146,219219,292292,365365
73074,146148,219222,292296,365370
73075,146150,219225,292300,365375
73076,146152,219228,292304,365380
73077,146154,219231,292308,365385
73078,146156,219234,292312,365390
73079,146158,219237,292316,365395
73080,146160,219240,292320,365400
73081,146162,219243,292324,365405
73082,146164,219246,292328,365410
73083,146166,219249,292332,365415
73084,146168,219252,292336,365420
73085,146170,219255,292340,365425
73086,146172,219258,292344,365430
73087,146174,219261,292348,365435
73088,146176,219264,292352,365440
73089,146178,219267,292356,365445
73090,146180,219270,292360,365450
73091,146182,219273,292364,365455
73092,146184,219276,292368,365460
73093,146186,219279,292372,365465
73094,146188,219282,292376,365470
73095,146190,219285,292380,365475
73096,146192,219288,292384,365480
73097,146194,219291,292388,365485
73098,146196,219294,292392,365490
73099,146198,219297,292396,365495
73100,146200,219300,292400,365500
73101,146202,219303,292404,365505
73102,146204,219306,292408,365510
73103,146206,219309,292412,365515
73104,146208,219312,292416,365520
73105,146210,219315,292420,365525
73106,146212,219318,292424,365530
73107,146214,219321,292428,365535
73108,146216,219324,292432,365540
73109,146218,219327,292436,365545
73110,146220,219330,292440,365550
73111,146222,219333,292444,365555
73112,146224,219336,292448,365560
73113,146226,219339,292452,365565
73114,146228,219342,292456,365570
73115,146230,219345,292460,365575
73116,146232,219348,292464,365580
73117,146234,219351,292468,365585
73118,146236,219354,292472,365590
73119,146238,219357,292476,365595
73120,146240,219360,292480,365600
73121,146242,219363,292484,365605
73122,146244,219366,292488,365610
73123,146246,219369,292492,365615
73124,146248,219372,292496,365620
73125,146250,219375,292500,365625
73126,146252,219378,292504,365630
73127,146254,219381,292508,365635
73128,146256,219384,292512,365640
73129,146258,219387,292516,365645
73130,146260,219390,292520,365650
73131,146262,219393,292524,365655
73132,146264,219396,292528,365660
73133,146266,219399,292532,365665
73134,146268,219402,292536,365670
73135,146270,219405,292540,365675
73136,146272,219408,292544,365680
73137,146274,219411,292548,365685
73138,146276,219414,292552,365690
73139,146278,219417,292556,365695
73140,146280,219420,292560,365700
73141,146282,219423,292564,365705
73142,146284,219426,292568,365710
73143,146286,219429,292572,365715
73144,146288,219432,292576,365720
73145,146290,219435,292580,365725
73146,146292,219438,292584,365730
73147,146294,219441,292588,365735
73148,146296,219444,292592,365740
73149,146298,219447,292596,365745
73150,146300,219450,292600,365750
73151,146302,219453,292604,365755
73152,146304,219456,292608,365760
73153,146306,219459,292612,365765
73154,146308,219462,292616,365770
73155,146310,219465,292620,365775
73156,146312,219468,292624,365780
73157,146314,219471,292628,365785
73158,146316,219474,292632,365790
73159,146318,219477,292636,365795
73160,146320,219480,292640,365800
73161,146322,219483,292644,365805
73162,146324,219486,292648,365810
73163,146326,219489,292652,365815
73164,146328,219492,292656,365820
73165,146330,219495,292660,365825
73166,146332,219498,292664,365830
73167,146334,219501,292668,365835
73168,146336,219504,292672,365840
73169,146338,219507,292676,365845
73170,146340,219510,292680,365850
73171,146342,219513,292684,365855
73172,146344,219516,292688,365860
73173,146346,219519,292692,365865
73174,146348,219522,292696,365870
73175,146350,219525,292700,365875
73176,146352,219528,292704,365880
73177,146354,219531,292708,365885
73178,146356,219534,292712,365890
73179,146358,219537,292716,365895
73180,146360,219540,292720,365900
73181,146362,219543,292724,365905
73182,146364,219546,292728,365910
73183,146366,219549,292732,365915
73184,146368,219552,292736,365920
73185,146370,219555,292740,365925
73186,146372,219558,292744,365930
73187,146374,219561,292748,365935
73188,146376,219564,292752,365940
73189,146378,219567,292756,365945
73190,146380,219570,292760,365950
73191,146382,219573,292764,365955
73192,146384,219576,292768,365960
73193,146386,219579,292772,365965
73194,146388,219582,292776,365970
73195,146390,219585,292780,365975
73196,146392,219588,292784,365980
73197,146394,219591,292788,365985
73198,146396,219594,292792,365990
73199,146398,219597,292796,365995
73200,146400,219600,292800,366000
73201,146402,219603,292804,366005
73202,146404,219606,292808,366010
73203,146406,219609,292812,366015
73204,146408,219612,292816,366020
73205,146410,219615,292820,366025
73206,146412,219618,292824,366030
73207,146414,219621,292828,366035
73208,146416,219624,292832,366040
73209,146418,219627,292836,366045
73210,146420,219630,292840,366050
73211,146422,219633,292844,366055
73212,146424,219636,292848,366060
73213,146426,219639,292852,366065
73214,146428,219642,292856,366070
73215,146430,219645,292860,366075
73216,146432,219648,292864,366080
73217,146434,219651,292868,366085
73218,146436,219654,292872,366090
73219,146438,219657,292876,366095
73220,146440,219660,292880,366100
73221,146442,219663,292884,366105
73222,146444,219666,292888,366110
73223,146446,219669,292892,366115
73224,146448,219672,292896,366120
73225,146450,219675,292900,366125
73226,146452,219678,292904,366130
73227,146454,219681,292908,366135
73228,146456,219684,292912,366140
73229,146458,219687,292916,366145
73230,146460,219690,292920,366150
73231,146462,219693,292924,366155
73232,146464,219696,292928,366160
73233,146466,219699,292932,366165
73234,146468,219702,292936,366170
73235,146470,219705,292940,366175
73236,146472,219708,292944,366180
73237,146474,219711,292948,366185
73238,146476,219714,292952,366190
73239,146478,219717,292956,366195
73240,146480,219720,292960,366200
73241,146482,219723,292964,366205
73242,146484,219726,292968,366210
73243,146486,219729,292972,366215
73244,146488,219732,292976,366220
73245,146490,219735,292980,366225
73246,146492,219738,292984,366230
73247,146494,219741,292988,366235
73248,146496,219744,292992,366240
73249,146498,219747,292996,366245
73250,146500,219750,293000,366250
73251,146502,219753,293004,366255
73252,146504,219756,293008,366260
73253,146506,219759,293012,366265
73254,146508,219762,293016,366270
73255,146510,219765,293020,366275
73256,146512,219768,293024,366280
73257,146514,219771,293028,366285
73258,146516,219774,293032,366290
73259,146518,219777,293036,366295
73260,146520,219780,293040,366300
73261,146522,219783,293044,366305
73262,146524,219786,293048,366310
73263,146526,219789,293052,366315
73264,146528,219792,293056,366320
73265,146530,219795,293060,366325
73266,146532,219798,293064,366330
73267,146534,219801,293068,366335
73268,146536,219804,293072,366340
73269,146538,219807,293076,366345
73270,146540,219810,293080,366350
73271,146542,219813,293084,366355
73272,146544,219816,293088,366360
73273,146546,219819,293092,366365
73274,146548,219822,293096,366370
73275,146550,219825,293100,366375
73276,146552,219828,293104,366380
73277,146554,219831,293108,366385
73278,146556,219834,293112,366390
73279,146558,219837,293116,366395
73280,146560,219840,293120,366400
73281,146562,219843,293124,366405
73282,146564,219846,293128,366410
73283,146566,219849,293132,366415
73284,146568,219852,293136,366420
73285,146570,219855,293140,366425
73286,146572,219858,293144,366430
73287,146574,219861,293148,366435
73288,146576,219864,293152,366440
73289,146578,219867,293156,366445
73290,146580,219870,293160,366450
73291,146582,219873,293164,366455
73292,146584,219876,293168,366460
73293,146586,219879,293172,366465
73294,146588,219882,293176,366470
73295,146590,219885,293180,366475
73296,146592,219888,293184,366480
73297,146594,219891,293188,366485
73298,146596,219894,293192,366490
73299,146598,219897,293196,366495
73300,146600,219900,293200,366500
73301,146602,219903,293204,366505
73302,146604,219906,293208,366510
73303,146606,219909,293212,366515
73304,146608,219912,293216,366520
73305,146610,219915,293220,366525
73306,146612,219918,293224,366530
73307,146614,219921,293228,366535
73308,146616,219924,293232,366540
73309,146618,219927,293236,366545
73310,146620,219930,293240,366550
73311,146622,219933,293244,366555
73312,146624,219936,293248,366560
73313,146626,219939,293252,366565
73314,146628,219942,293256,366570
73315,146630,219945,293260,366575
73316,146632,219948,293264,366580
73317,146634,219951,293268,366585
73318,146636,219954,293272,366590
73319,146638,219957,293276,366595
73320,146640,219960,293280,366600
73321,146642,219963,293284,366605
73322,146644,219966,293288,366610
73323,146646,219969,293292,366615
73324,146648,219972,293296,366620
73325,146650,219975,293300,366625
73326,146652,219978,293304,366630
73327,146654,219981,293308,366635
73328,146656,219984,293312,366640
73329,146658,219987,293316,366645
73330,146660,219990,293320,366650
73331,146662,219993,293324,366655
73332,146664,219996,293328,366660
73333,146666,219999,293332,366665
73334,146668,220002,293336,366670
73335,146670,220005,293340,366675
73336,146672,220008,293344,366680
73337,146674,220011,293348,366685
73338,146676,220014,293352,366690
73339,146678,220017,293356,366695
73340,146680,220020,293360,366700
73341,146682,220023,293364,366705
73342,146684,220026,293368,366710
73343,146686,220029,293372,366715
73344,146688,220032,293376,366720
73345,146690,220035,293380,366725
73346,146692,220038,293384,366730
73347,146694,220041,293388,366735
73348,146696,220044,293392,366740
73349,146698,220047,293396,366745
73350,146700,220050,293400,366750
73351,146702,220053,293404,366755
73352,146704,220056,293408,366760
73353,146706,220059,293412,366765
73354,146708,220062,293416,366770
73355,146710,220065,293420,366775
73356,146712,220068,293424,366780
73357,146714,220071,293428,366785
73358,146716,220074,293432,366790
73359,146718,220077,293436,366795
73360,146720,220080,293440,366800
73361,146722,220083,293444,366805
73362,146724,220086,293448,366810
73363,146726,220089,293452,366815
73364,146728,220092,293456,366820
73365,146730,220095,293460,366825
73366,146732,220098,293464,366830
73367,146734,220101,293468,366835
73368,146736,220104,293472,366840
73369,146738,220107,293476,366845
73370,146740,220110,293480,366850
73371,146742,220113,293484,366855
73372,146744,220116,293488,366860
73373,146746,220119,293492,366865
73374,146748,220122,293496,366870
73375,146750,220125,293500,366875
73376,146752,220128,293504,366880
73377,146754,220131,293508,366885
73378,146756,220134,293512,366890
73379,146758,220137,293516,366895
73380,146760,220140,293520,366900
73381,146762,220143,293524,366905
73382,146764,220146,293528,366910
73383,146766,220149,293532,366915
73384,146768,220152,293536,366920
73385,146770,220155,293540,366925
73386,146772,220158,293544,366930
73387,146774,220161,293548,366935
73388,146776,220164,293552,366940
73389,146778,220167,293556,366945
73390,146780,220170,293560,366950
73391,146782,220173,293564,366955
73392,146784,220176,293568,366960
73393,146786,220179,293572,366965
73394,146788,220182,293576,366970
73395,146790,220185,293580,366975
73396,146792,220188,293584,366980
73397,146794,220191,293588,366985
73398,146796,220194,293592,366990
73399,146798,220197,293596,366995
73400,146800,220200,293600,367000
73401,146802,220203,293604,367005
73402,146804,220206,293608,367010
73403,146806,220209,293612,367015
73404,146808,220212,293616,367020
73405,146810,220215,293620,367025
73406,146812,220218,293624,367030
73407,146814,220221,293628,367035
73408,146816,220224,293632,367040
73409,146818,220227,293636,367045
73410,146820,220230,293640,367050
73411,146822,220233,293644,367055
73412,146824,220236,293648,367060
73413,146826,220239,293652,367065
73414,146828,220242,293656,367070
73415,146830,220245,293660,367075
73416,146832,220248,293664,367080
73417,146834,220251,293668,367085
73418,146836,220254,293672,367090
73419,146838,220257,293676,367095
73420,146840,220260,293680,367100
73421,146842,220263,293684,367105
73422,146844,220266,293688,367110
73423,146846,220269,293692,367115
73424,146848,220272,293696,367120
73425,146850,220275,293700,367125
73426,146852,220278,293704,367130
73427,146854,220281,293708,367135
73428,146856,220284,293712,367140
73429,146858,220287,293716,367145
73430,146860,220290,293720,367150
73431,146862,220293,293724,367155
73432,146864,220296,293728,367160
73433,146866,220299,293732,367165
73434,146868,220302,293736,367170
73435,146870,220305,293740,367175
73436,146872,220308,293744,367180
73437,146874,220311,293748,367185
73438,146876,220314,293752,367190
73439,146878,220317,293756,367195
73440,146880,220320,293760,367200
73441,146882,220323,293764,367205
73442,146884,220326,293768,367210
73443,146886,220329,293772,367215
73444,146888,220332,293776,367220
73445,146890,220335,293780,367225
73446,146892,220338,293784,367230
73447,146894,220341,293788,367235
73448,146896,220344,293792,367240
73449,146898,220347,293796,367245
73450,146900,220350,293800,367250
73451,146902,220353,293804,367255
73452,146904,220356,293808,367260
73453,146906,220359,293812,367265
73454,146908,220362,293816,367270
73455,146910,220365,293820,367275
73456,146912,220368,293824,367280
73457,146914,220371,293828,367285
73458,146916,220374,293832,367290
73459,146918,220377,293836,367295
73460,146920,220380,293840,367300
73461,146922,220383,293844,367305
73462,146924,220386,293848,367310
73463,146926,220389,293852,367315
73464,146928,220392,293856,367320
73465,146930,220395,293860,367325
73466,146932,220398,293864,367330
73467,146934,220401,293868,367335
73468,146936,220404,293872,367340
73469,146938,220407,293876,367345
73470,146940,220410,293880,367350
73471,146942,220413,293884,367355
73472,146944,220416,293888,367360
73473,146946,220419,293892,367365
73474,146948,220422,293896,367370
73475,146950,220425,293900,367375
73476,146952,220428,293904,367380
73477,146954,220431,293908,367385
73478,146956,220434,293912,367390
73479,146958,220437,293916,367395
73480,146960,220440,293920,367400
73481,146962,220443,293924,367405
73482,146964,220446,293928,367410
73483,146966,220449,293932,367415
73484,146968,220452,293936,367420
73485,146970,220455,293940,367425
73486,146972,220458,293944,367430
73487,146974,220461,293948,367435
73488,146976,220464,293952,367440
73489,146978,220467,293956,367445
73490,146980,220470,293960,367450
73491,146982,220473,293964,367455
73492,146984,220476,293968,367460
73493,146986,220479,293972,367465
73494,146988,220482,293976,367470
73495,146990,220485,293980,367475
73496,146992,220488,293984,367480
73497,146994,220491,293988,367485
73498,146996,220494,293992,367490
73499,146998,220497,293996,367495
73500,147000,220500,294000,367500
73501,147002,220503,294004,367505
73502,147004,220506,294008,367510
73503,147006,220509,294012,367515
73504,147008,220512,294016,367520
73505,147010,220515,294020,367525
73506,147012,220518,294024,367530
73507,147014,220521,294028,367535
73508,147016,220524,294032,367540
73509,147018,220527,294036,367545
73510,147020,220530,294040,367550
73511,147022,220533,294044,367555
73512,147024,220536,294048,367560
73513,147026,220539,294052,367565
73514,147028,220542,294056,367570
73515,147030,220545,294060,367575
73516,147032,220548,294064,367580
73517,147034,220551,294068,367585
73518,147036,220554,294072,367590
73519,147038,220557,294076,367595
73520,147040,220560,294080,367600
73521,147042,220563,294084,367605
73522,147044,220566,294088,367610
73523,147046,220569,294092,367615
73524,147048,220572,294096,367620
73525,147050,220575,294100,367625
73526,147052,220578,294104,367630
73527,147054,220581,294108,367635
73528,147056,220584,294112,367640
73529,147058,220587,294116,367645
73530,147060,220590,294120,367650
73531,147062,220593,294124,367655
73532,147064,220596,294128,367660
73533,147066,220599,294132,367665
73534,147068,220602,294136,367670
73535,147070,220605,294140,367675
73536,147072,220608,294144,367680
73537,147074,220611,294148,367685
73538,147076,220614,294152,367690
73539,147078,220617,294156,367695
73540,147080,220620,294160,367700
73541,147082,220623,294164,367705
73542,147084,220626,294168,367710
73543,147086,220629,294172,367715
73544,147088,220632,294176,367720
73545,147090,220635,294180,367725
73546,147092,220638,294184,367730
73547,147094,220641,294188,367735
73548,147096,220644,294192,367740
73549,147098,220647,294196,367745
73550,147100,220650,294200,367750
73551,147102,220653,294204,367755
73552,147104,220656,294208,367760
73553,147106,220659,294212,367765
73554,147108,220662,294216,367770
73555,147110,220665,294220,367775
73556,147112,220668,294224,367780
73557,147114,220671,294228,367785
73558,147116,220674,294232,367790
73559,147118,220677,294236,367795
73560,147120,220680,294240,367800
73561,147122,220683,294244,367805
73562,147124,220686,294248,367810
73563,147126,220689,294252,367815
73564,147128,220692,294256,367820
73565,147130,220695,294260,367825
73566,147132,220698,294264,367830
73567,147134,220701,294268,367835
73568,147136,220704,294272,367840
73569,147138,220707,294276,367845
73570,147140,220710,294280,367850
73571,147142,220713,294284,367855
73572,147144,220716,294288,367860
73573,147146,220719,294292,367865
73574,147148,220722,294296,367870
73575,147150,220725,294300,367875
73576,147152,220728,294304,367880
73577,147154,220731,294308,367885
73578,147156,220734,294312,367890
73579,147158,220737,294316,367895
73580,147160,220740,294320,367900
73581,147162,220743,294324,367905
73582,147164,220746,294328,367910
73583,147166,220749,294332,367915
73584,147168,220752,294336,367920
73585,147170,220755,294340,367925
73586,147172,220758,294344,367930
73587,147174,220761,294348,367935
73588,147176,220764,294352,367940
73589,147178,220767,294356,367945
73590,147180,220770,294360,367950
73591,147182,220773,294364,367955
73592,147184,220776,294368,367960
73593,147186,220779,294372,367965
73594,147188,220782,294376,367970
73595,147190,220785,294380,367975
73596,147192,220788,294384,367980
73597,147194,220791,294388,367985
73598,147196,220794,294392,367990
73599,147198,220797,294396,367995
73600,147200,220800,294400,368000
73601,147202,220803,294404,368005
73602,147204,220806,294408,368010
73603,147206,220809,294412,368015
73604,147208,220812,294416,368020
73605,147210,220815,294420,368025
73606,147212,220818,294424,368030
73607,147214,220821,294428,368035
73608,147216,220824,294432,368040
73609,147218,220827,294436,368045
73610,147220,220830,294440,368050
73611,147222,220833,294444,368055
73612,147224,220836,294448,368060
73613,147226,220839,294452,368065
73614,147228,220842,294456,368070
73615,147230,220845,294460,368075
73616,147232,220848,294464,368080
73617,147234,220851,294468,368085
73618,147236,220854,294472,368090
73619,147238,220857,294476,368095
73620,147240,220860,294480,368100
73621,147242,220863,294484,368105
73622,147244,220866,294488,368110
73623,147246,220869,294492,368115
73624,147248,220872,294496,368120
73625,147250,220875,294500,368125
73626,147252,220878,294504,368130
73627,147254,220881,294508,368135
73628,147256,220884,294512,368140
73629,147258,220887,294516,368145
73630,147260,220890,294520,368150
73631,147262,220893,294524,368155
73632,147264,220896,294528,368160
73633,147266,220899,294532,368165
73634,147268,220902,294536,368170
73635,147270,220905,294540,368175
73636,147272,220908,294544,368180
73637,147274,220911,294548,368185
73638,147276,220914,294552,368190
73639,147278,220917,294556,368195
73640,147280,220920,294560,368200
73641,147282,220923,294564,368205
73642,147284,220926,294568,368210
73643,147286,220929,294572,368215
73644,147288,220932,294576,368220
73645,147290,220935,294580,368225
73646,147292,220938,294584,368230
73647,147294,220941,294588,368235
73648,147296,220944,294592,368240
73649,147298,220947,294596,368245
73650,147300,220950,294600,368250
73651,147302,220953,294604,368255
73652,147304,220956,294608,368260
73653,147306,220959,294612,368265
73654,147308,220962,294616,368270
73655,147310,220965,294620,368275
73656,147312,220968,294624,368280
73657,147314,220971,294628,368285
73658,147316,220974,294632,368290
73659,147318,220977,294636,368295
73660,147320,220980,294640,368300
73661,147322,220983,294644,368305
73662,147324,220986,294648,368310
73663,147326,220989,294652,368315
73664,147328,220992,294656,368320
73665,147330,220995,294660,368325
73666,147332,220998,294664,368330
73667,147334,221001,294668,368335
73668,147336,221004,294672,368340
73669,147338,221007,294676,368345
73670,147340,221010,294680,368350
73671,147342,221013,294684,368355
73672,147344,221016,294688,368360
73673,147346,221019,294692,368365
73674,147348,221022,294696,368370
73675,147350,221025,294700,368375
73676,147352,221028,294704,368380
73677,147354,221031,294708,368385
73678,147356,221034,294712,368390
73679,147358,221037,294716,368395
73680,147360,221040,294720,368400
73681,147362,221043,294724,368405
73682,147364,221046,294728,368410
73683,147366,221049,294732,368415
73684,147368,221052,294736,368420
73685,147370,221055,294740,368425
73686,147372,221058,294744,368430
73687,147374,221061,294748,368435
73688,147376,221064,294752,368440
73689,147378,221067,294756,368445
73690,147380,221070,294760,368450
73691,147382,221073,294764,368455
73692,147384,221076,294768,368460
73693,147386,221079,294772,368465
73694,147388,221082,294776,368470
73695,147390,221085,294780,368475
73696,147392,221088,294784,368480
73697,147394,221091,294788,368485
73698,147396,221094,294792,368490
73699,147398,221097,294796,368495
73700,147400,221100,294800,368500
73701,147402,221103,294804,368505
73702,147404,221106,294808,368510
73703,147406,221109,294812,368515
73704,147408,221112,294816,368520
73705,147410,221115,294820,368525
73706,147412,221118,294824,368530
73707,147414,221121,294828,368535
73708,147416,221124,294832,368540
73709,147418,221127,294836,368545
73710,147420,221130,294840,368550
73711,147422,221133,294844,368555
73712,147424,221136,294848,368560
73713,147426,221139,294852,368565
73714,147428,221142,294856,368570
73715,147430,221145,294860,368575
73716,147432,221148,294864,368580
73717,147434,221151,294868,368585
73718,147436,221154,294872,368590
73719,147438,221157,294876,368595
73720,147440,221160,294880,368600
73721,147442,221163,294884,368605
73722,147444,221166,294888,368610
73723,147446,221169,294892,368615
73724,147448,221172,294896,368620
73725,147450,221175,294900,368625
73726,147452,221178,294904,368630
73727,147454,221181,294908,368635
73728,147456,221184,294912,368640
73729,147458,221187,294916,368645
73730,147460,221190,294920,368650
73731,147462,221193,294924,368655
73732,147464,221196,294928,368660
73733,147466,221199,294932,368665
73734,147468,221202,294936,368670
73735,147470,221205,294940,368675
73736,147472,221208,294944,368680
73737,147474,221211,294948,368685
73738,147476,221214,294952,368690
73739,147478,221217,294956,368695
73740,147480,221220,294960,368700
73741,147482,221223,294964,368705
73742,147484,221226,294968,368710
73743,147486,221229,294972,368715
73744,147488,221232,294976,368720
73745,147490,221235,294980,368725
73746,147492,221238,294984,368730
73747,147494,221241,294988,368735
73748,147496,221244,294992,368740
73749,147498,221247,294996,368745
73750,147500,221250,295000,368750
73751,147502,221253,295004,368755
73752,147504,221256,295008,368760
73753,147506,221259,295012,368765
73754,147508,221262,295016,368770
73755,147510,221265,295020,368775
73756,147512,221268,295024,368780
73757,147514,221271,295028,368785
73758,147516,221274,295032,368790
73759,147518,221277,295036,368795
73760,147520,221280,295040,368800
73761,147522,221283,295044,368805
73762,147524,221286,295048,368810
73763,147526,221289,295052,368815
73764,147528,221292,295056,368820
73765,147530,221295,295060,368825
73766,147532,221298,295064,368830
73767,147534,221301,295068,368835
73768,147536,221304,295072,368840
73769,147538,221307,295076,368845
73770,147540,221310,295080,368850
73771,147542,221313,295084,368855
73772,147544,221316,295088,368860
73773,147546,221319,295092,368865
73774,147548,221322,295096,368870
73775,147550,221325,295100,368875
73776,147552,221328,295104,368880
73777,147554,221331,295108,368885
73778,147556,221334,295112,368890
73779,147558,221337,295116,368895
73780,147560,221340,295120,368900
73781,147562,221343,295124,368905
73782,147564,221346,295128,368910
73783,147566,221349,295132,368915
73784,147568,221352,295136,368920
73785,147570,221355,295140,368925
73786,147572,221358,295144,368930
73787,147574,221361,295148,368935
73788,147576,221364,295152,368940
73789,147578,221367,295156,368945
73790,147580,221370,295160,368950
73791,147582,221373,295164,368955
73792,147584,221376,295168,368960
73793,147586,221379,295172,368965
73794,147588,221382,295176,368970
73795,147590,221385,295180,368975
73796,147592,221388,295184,368980
73797,147594,221391,295188,368985
73798,147596,221394,295192,368990
73799,147598,221397,295196,368995
73800,147600,221400,295200,369000
73801,147602,221403,295204,369005
73802,147604,221406,295208,369010
73803,147606,221409,295212,369015
73804,147608,221412,295216,369020
73805,147610,221415,295220,369025
73806,147612,221418,295224,369030
73807,147614,221421,295228,369035
73808,147616,221424,295232,369040
73809,147618,221427,295236,369045
73810,147620,221430,295240,369050
73811,147622,221433,295244,369055
73812,147624,221436,295248,369060
73813,147626,221439,295252,369065
73814,147628,221442,295256,369070
73815,147630,221445,295260,369075
73816,147632,221448,295264,369080
73817,147634,221451,295268,369085
73818,147636,221454,295272,369090
73819,147638,221457,295276,369095
73820,147640,221460,295280,369100
73821,147642,221463,295284,369105
73822,147644,221466,295288,369110
73823,147646,221469,295292,369115
73824,147648,221472,295296,369120
73825,147650,221475,295300,369125
73826,147652,221478,295304,369130
73827,147654,221481,295308,369135
73828,147656,221484,295312,369140
73829,147658,221487,295316,369145
73830,147660,221490,295320,369150
73831,147662,221493,295324,369155
73832,147664,221496,295328,369160
73833,147666,221499,295332,369165
73834,147668,221502,295336,369170
73835,147670,221505,295340,369175
73836,147672,221508,295344,369180
73837,147674,221511,295348,369185
73838,147676,221514,295352,369190
73839,147678,221517,295356,369195
73840,147680,221520,295360,369200
73841,147682,221523,295364,369205
73842,147684,221526,295368,369210
73843,147686,221529,295372,369215
73844,147688,221532,295376,369220
73845,147690,221535,295380,369225
73846,147692,221538,295384,369230
73847,147694,221541,295388,369235
73848,147696,221544,295392,369240
73849,147698,221547,295396,369245
73850,147700,221550,295400,369250
73851,147702,221553,295404,369255
73852,147704,221556,295408,369260
73853,147706,221559,295412,369265
73854,147708,221562,295416,369270
73855,147710,221565,295420,369275
73856,147712,221568,295424,369280
73857,147714,221571,295428,369285
73858,147716,221574,295432,369290
73859,147718,221577,295436,369295
73860,147720,221580,295440,369300
73861,147722,221583,295444,369305
73862,147724,221586,295448,369310
73863,147726,221589,295452,369315
73864,147728,221592,295456,369320
73865,147730,221595,295460,369325
73866,147732,221598,295464,369330
73867,147734,221601,295468,369335
73868,147736,221604,295472,369340
73869,147738,221607,295476,369345
73870,147740,221610,295480,369350
73871,147742,221613,295484,369355
73872,147744,221616,295488,369360
73873,147746,221619,295492,369365
73874,147748,221622,295496,369370
73875,147750,221625,295500,369375
73876,147752,221628,295504,369380
73877,147754,221631,295508,369385
73878,147756,221634,295512,369390
73879,147758,221637,295516,369395
73880,147760,221640,295520,369400
73881,147762,221643,295524,369405
73882,147764,221646,295528,369410
73883,147766,221649,295532,369415
73884,147768,221652,295536,369420
73885,147770,221655,295540,369425
73886,147772,221658,295544,369430
73887,147774,221661,295548,369435
73888,147776,221664,295552,369440
73889,147778,221667,295556,369445
73890,147780,221670,295560,369450
73891,147782,221673,295564,369455
73892,147784,221676,295568,369460
73893,147786,221679,295572,369465
73894,147788,221682,295576,369470
73895,147790,221685,295580,369475
73896,147792,221688,295584,369480
73897,147794,221691,295588,369485
73898,147796,221694,295592,369490
73899,147798,221697,295596,369495
73900,147800,221700,295600,369500
73901,147802,221703,295604,369505
73902,147804,221706,295608,369510
73903,147806,221709,295612,369515
73904,147808,221712,295616,369520
73905,147810,221715,295620,369525
73906,147812,221718,295624,369530
73907,147814,221721,295628,369535
73908,147816,221724,295632,369540
73909,147818,221727,295636,369545
73910,147820,221730,295640,369550
73911,147822,221733,295644,369555
73912,147824,221736,295648,369560
73913,147826,221739,295652,369565
73914,147828,221742,295656,369570
73915,147830,221745,295660,369575
73916,147832,221748,295664,369580
73917,147834,221751,295668,369585
73918,147836,221754,295672,369590
73919,147838,221757,295676,369595
73920,147840,221760,295680,369600
73921,147842,221763,295684,369605
73922,147844,221766,295688,369610
73923,147846,221769,295692,369615
73924,147848,221772,295696,369620
73925,147850,221775,295700,369625
73926,147852,221778,295704,369630
73927,147854,221781,295708,369635
73928,147856,221784,295712,369640
73929,147858,221787,295716,369645
73930,147860,221790,295720,369650
73931,147862,221793,295724,369655
73932,147864,221796,295728,369660
73933,147866,221799,295732,369665
73934,147868,221802,295736,369670
73935,147870,221805,295740,369675
73936,147872,221808,295744,369680
73937,147874,221811,295748,369685
73938,147876,221814,295752,369690
73939,147878,221817,295756,369695
73940,147880,221820,295760,369700
73941,147882,221823,295764,369705
73942,147884,221826,295768,369710
73943,147886,221829,295772,369715
73944,147888,221832,295776,369720
73945,147890,221835,295780,369725
73946,147892,221838,295784,369730
73947,147894,221841,295788,369735
73948,147896,221844,295792,369740
73949,147898,221847,295796,369745
73950,147900,221850,295800,369750
73951,147902,221853,295804,369755
73952,147904,221856,295808,369760
73953,147906,221859,295812,369765
73954,147908,221862,295816,369770
73955,147910,221865,295820,369775
73956,147912,221868,295824,369780
73957,147914,221871,295828,369785
73958,147916,221874,295832,369790
73959,147918,221877,295836,369795
73960,147920,221880,295840,369800
73961,147922,221883,295844,369805
73962,147924,221886,295848,369810
73963,147926,221889,295852,369815
73964,147928,221892,295856,369820
73965,147930,221895,295860,369825
73966,147932,221898,295864,369830
73967,147934,221901,295868,369835
73968,147936,221904,295872,369840
73969,147938,221907,295876,369845
73970,147940,221910,295880,369850
73971,147942,221913,295884,369855
73972,147944,221916,295888,369860
73973,147946,221919,295892,369865
73974,147948,221922,295896,369870
73975,147950,221925,295900,369875
73976,147952,221928,295904,369880
73977,147954,221931,295908,369885
73978,147956,221934,295912,369890
73979,147958,221937,295916,369895
73980,147960,221940,295920,369900
73981,147962,221943,295924,369905
73982,147964,221946,295928,369910
73983,147966,221949,295932,369915
73984,147968,221952,295936,369920
73985,147970,221955,295940,369925
73986,147972,221958,295944,369930
73987,147974,221961,295948,369935
73988,147976,221964,295952,369940
73989,147978,221967,295956,369945
73990,147980,221970,295960,369950
73991,147982,221973,295964,369955
73992,147984,221976,295968,369960
73993,147986,221979,295972,369965
73994,147988,221982,295976,369970
73995,147990,221985,295980,369975
73996,147992,221988,295984,369980
73997,147994,221991,295988,369985
73998,147996,221994,295992,369990
73999,147998,221997,295996,369995
74000,148000,222000,296000,370000
74001,148002,222003,296004,370005
74002,148004,222006,296008,370010
74003,148006,222009,296012,370015
74004,148008,222012,296016,370020
74005,148010,222015,296020,370025
74006,148012,222018,296024,370030
74007,148014,222021,296028,370035
74008,148016,222024,296032,370040
74009,148018,222027,296036,370045
74010,148020,222030,296040,370050
74011,148022,222033,296044,370055
74012,148024,222036,296048,370060
74013,148026,222039,296052,370065
74014,148028,222042,296056,370070
74015,148030,222045,296060,370075
74016,148032,222048,296064,370080
74017,148034,222051,296068,370085
74018,148036,222054,296072,370090
74019,148038,222057,296076,370095
74020,148040,222060,296080,370100
74021,148042,222063,296084,370105
74022,148044,222066,296088,370110
74023,148046,222069,296092,370115
74024,148048,222072,296096,370120
74025,148050,222075,296100,370125
74026,148052,222078,296104,370130
74027,148054,222081,296108,370135
74028,148056,222084,296112,370140
74029,148058,222087,296116,370145
74030,148060,222090,296120,370150
74031,148062,222093,296124,370155
74032,148064,222096,296128,370160
74033,148066,222099,296132,370165
74034,148068,222102,296136,370170
74035,148070,222105,296140,370175
74036,148072,222108,296144,370180
74037,148074,222111,296148,370185
74038,148076,222114,296152,370190
74039,148078,222117,296156,370195
74040,148080,222120,296160,370200
74041,148082,222123,296164,370205
74042,148084,222126,296168,370210
74043,148086,222129,296172,370215
74044,148088,222132,296176,370220
74045,148090,222135,296180,370225
74046,148092,222138,296184,370230
74047,148094,222141,296188,370235
74048,148096,222144,296192,370240
74049,148098,222147,296196,370245
74050,148100,222150,296200,370250
74051,148102,222153,296204,370255
74052,148104,222156,296208,370260
74053,148106,222159,296212,370265
74054,148108,222162,296216,370270
74055,148110,222165,296220,370275
74056,148112,222168,296224,370280
74057,148114,222171,296228,370285
74058,148116,222174,296232,370290
74059,148118,222177,296236,370295
74060,148120,222180,296240,370300
74061,148122,222183,296244,370305
74062,148124,222186,296248,370310
74063,148126,222189,296252,370315
74064,148128,222192,296256,370320
74065,148130,222195,296260,370325
74066,148132,222198,296264,370330
74067,148134,222201,296268,370335
74068,148136,222204,296272,370340
74069,148138,222207,296276,370345
74070,148140,222210,296280,370350
74071,148142,222213,296284,370355
74072,148144,222216,296288,370360
74073,148146,222219,296292,370365
74074,148148,222222,296296,370370
74075,148150,222225,296300,370375
74076,148152,222228,296304,370380
74077,148154,222231,296308,370385
74078,148156,222234,296312,370390
74079,148158,222237,296316,370395
74080,148160,222240,296320,370400
74081,148162,222243,296324,370405
74082,148164,222246,296328,370410
74083,148166,222249,296332,370415
74084,148168,222252,296336,370420
74085,148170,222255,296340,370425
74086,148172,222258,296344,370430
74087,148174,222261,296348,370435
74088,148176,222264,296352,370440
74089,148178,222267,296356,370445
74090,148180,222270,296360,370450
74091,148182,222273,296364,370455
74092,148184,222276,296368,370460
74093,148186,222279,296372,370465
74094,148188,222282,296376,370470
74095,148190,222285,296380,370475
74096,148192,222288,296384,370480
74097,148194,222291,296388,370485
74098,148196,222294,296392,370490
74099,148198,222297,296396,370495
74100,148200,222300,296400,370500
74101,148202,222303,296404,370505
74102,148204,222306,296408,370510
74103,148206,222309,296412,370515
74104,148208,222312,296416,370520
74105,148210,222315,296420,370525
74106,148212,222318,296424,370530
74107,148214,222321,296428,370535
74108,148216,222324,296432,370540
74109,148218,222327,296436,370545
74110,148220,222330,296440,370550
74111,148222,222333,296444,370555
74112,148224,222336,296448,370560
74113,148226,222339,296452,370565
74114,148228,222342,296456,370570
74115,148230,222345,296460,370575
74116,148232,222348,296464,370580
74117,148234,222351,296468,370585
74118,148236,222354,296472,370590
74119,148238,222357,296476,370595
74120,148240,222360,296480,370600
74121,148242,222363,296484,370605
74122,148244,222366,296488,370610
74123,148246,222369,296492,370615
74124,148248,222372,296496,370620
74125,148250,222375,296500,370625
74126,148252,222378,296504,370630
74127,148254,222381,296508,370635
74128,148256,222384,296512,370640
74129,148258,222387,296516,370645
74130,148260,222390,296520,370650
74131,148262,222393,296524,370655
74132,148264,222396,296528,370660
74133,148266,222399,296532,370665
74134,148268,222402,296536,370670
74135,148270,222405,296540,370675
74136,148272,222408,296544,370680
74137,148274,222411,296548,370685
74138,148276,222414,296552,370690
74139,148278,222417,296556,370695
74140,148280,222420,296560,370700
74141,148282,222423,296564,370705
74142,148284,222426,296568,370710
74143,148286,222429,296572,370715
74144,148288,222432,296576,370720
74145,148290,222435,296580,370725
74146,148292,222438,296584,370730
74147,148294,222441,296588,370735
74148,148296,222444,296592,370740
74149,148298,222447,296596,370745
74150,148300,222450,296600,370750
74151,148302,222453,296604,370755
74152,148304,222456,296608,370760
74153,148306,222459,296612,370765
74154,148308,222462,296616,370770
74155,148310,222465,296620,370775
74156,148312,222468,296624,370780
74157,148314,222471,296628,370785
74158,148316,222474,296632,370790
74159,148318,222477,296636,370795
74160,148320,222480,296640,370800
74161,148322,222483,296644,370805
74162,148324,222486,296648,370810
74163,148326,222489,296652,370815
74164,148328,222492,296656,370820
74165,148330,222495,296660,370825
74166,148332,222498,296664,370830
74167,148334,222501,296668,370835
74168,148336,222504,296672,370840
74169,148338,222507,296676,370845
74170,148340,222510,296680,370850
74171,148342,222513,296684,370855
74172,148344,222516,296688,370860
74173,148346,222519,296692,370865
74174,148348,222522,296696,370870
74175,148350,222525,296700,370875
74176,148352,222528,296704,370880
74177,148354,222531,296708,370885
74178,148356,222534,296712,370890
74179,148358,222537,296716,370895
74180,148360,222540,296720,370900
74181,148362,222543,296724,370905
74182,148364,222546,296728,370910
74183,148366,222549,296732,370915
74184,148368,222552,296736,370920
74185,148370,222555,296740,370925
74186,148372,222558,296744,370930
74187,148374,222561,296748,370935
74188,148376,222564,296752,370940
74189,148378,222567,296756,370945
74190,148380,222570,296760,370950
74191,148382,222573,296764,370955
74192,148384,222576,296768,370960
74193,148386,222579,296772,370965
74194,148388,222582,296776,370970
74195,148390,222585,296780,370975
74196,148392,222588,296784,370980
74197,148394,222591,296788,370985
74198,148396,222594,296792,370990
74199,148398,222597,296796,370995
74200,148400,222600,296800,371000
74201,148402,222603,296804,371005
74202,148404,222606,296808,371010
74203,148406,222609,296812,371015
74204,148408,222612,296816,371020
74205,148410,222615,296820,371025
74206,148412,222618,296824,371030
74207,148414,222621,296828,371035
74208,148416,222624,296832,371040
74209,148418,222627,296836,371045
74210,148420,222630,296840,371050
74211,148422,222633,296844,371055
74212,148424,222636,296848,371060
74213,148426,222639,296852,371065
74214,148428,222642,296856,371070
74215,148430,222645,296860,371075
74216,148432,222648,296864,371080
74217,148434,222651,296868,371085
74218,148436,222654,296872,371090
74219,148438,222657,296876,371095
74220,148440,222660,296880,371100
74221,148442,222663,296884,371105
74222,148444,222666,296888,371110
74223,148446,222669,296892,371115
74224,148448,222672,296896,371120
74225,148450,222675,296900,371125
74226,148452,222678,296904,371130
74227,148454,222681,296908,371135
74228,148456,222684,296912,371140
74229,148458,222687,296916,371145
74230,148460,222690,296920,371150
74231,148462,222693,296924,371155
74232,148464,222696,296928,371160
74233,148466,222699,296932,371165
74234,148468,222702,296936,371170
74235,148470,222705,296940,371175
74236,148472,222708,296944,371180
74237,148474,222711,296948,371185
74238,148476,222714,296952,371190
74239,148478,222717,296956,371195
74240,148480,222720,296960,371200
74241,148482,222723,296964,371205
74242,148484,222726,296968,371210
74243,148486,222729,296972,371215
74244,148488,222732,296976,371220
74245,148490,222735,296980,371225
74246,148492,222738,296984,371230
74247,148494,222741,296988,371235
74248,148496,222744,296992,371240
74249,148498,222747,296996,371245
74250,148500,222750,297000,371250
74251,148502,222753,297004,371255
74252,148504,222756,297008,371260
74253,148506,222759,297012,371265
74254,148508,222762,297016,371270
74255,148510,222765,297020,371275
74256,148512,222768,297024,371280
74257,148514,222771,297028,371285
74258,148516,222774,297032,371290
74259,148518,222777,297036,371295
74260,148520,222780,297040,371300
74261,148522,222783,297044,371305
74262,148524,222786,297048,371310
74263,148526,222789,297052,371315
74264,148528,222792,297056,371320
74265,148530,222795,297060,371325
74266,148532,222798,297064,371330
74267,148534,222801,297068,371335
74268,148536,222804,297072,371340
74269,148538,222807,297076,371345
74270,148540,222810,297080,371350
74271,148542,222813,297084,371355
74272,148544,222816,297088,371360
74273,148546,222819,297092,371365
74274,148548,222822,297096,371370
74275,148550,222825,297100,371375
74276,148552,222828,297104,371380
74277,148554,222831,297108,371385
74278,148556,222834,297112,371390
74279,148558,222837,297116,371395
74280,148560,222840,297120,371400
74281,148562,222843,297124,371405
74282,148564,222846,297128,371410
74283,148566,222849,297132,371415
74284,148568,222852,297136,371420
74285,148570,222855,297140,371425
74286,148572,222858,297144,371430
74287,148574,222861,297148,371435
74288,148576,222864,297152,371440
74289,148578,222867,297156,371445
74290,148580,222870,297160,371450
74291,148582,222873,297164,371455
74292,148584,222876,297168,371460
74293,148586,222879,297172,371465
74294,148588,222882,297176,371470
74295,148590,222885,297180,371475
74296,148592,222888,297184,371480
74297,148594,222891,297188,371485
74298,148596,222894,297192,371490
74299,148598,222897,297196,371495
74300,148600,222900,297200,371500
74301,148602,222903,297204,371505
74302,148604,222906,297208,371510
74303,148606,222909,297212,371515
74304,148608,222912,297216,371520
74305,148610,222915,297220,371525
74306,148612,222918,297224,371530
74307,148614,222921,297228,371535
74308,148616,222924,297232,371540
74309,148618,222927,297236,371545
74310,148620,222930,297240,371550
74311,148622,222933,297244,371555
74312,148624,222936,297248,371560
74313,148626,222939,297252,371565
74314,148628,222942,297256,371570
74315,148630,222945,297260,371575
74316,148632,222948,297264,371580
74317,148634,222951,297268,371585
74318,148636,222954,297272,371590
74319,148638,222957,297276,371595
74320,148640,222960,297280,371600
74321,148642,222963,297284,371605
74322,148644,222966,297288,371610
74323,148646,222969,297292,371615
74324,148648,222972,297296,371620
74325,148650,222975,297300,371625
74326,148652,222978,297304,371630
74327,148654,222981,297308,371635
74328,148656,222984,297312,371640
74329,148658,222987,297316,371645
74330,148660,222990,297320,371650
74331,148662,222993,297324,371655
74332,148664,222996,297328,371660
74333,148666,222999,297332,371665
74334,148668,223002,297336,371670
74335,148670,223005,297340,371675
74336,148672,223008,297344,371680
74337,148674,223011,297348,371685
74338,148676,223014,297352,371690
74339,148678,223017,297356,371695
74340,148680,223020,297360,371700
74341,148682,223023,297364,371705
74342,148684,223026,297368,371710
74343,148686,223029,297372,371715
74344,148688,223032,297376,371720
74345,148690,223035,297380,371725
74346,148692,223038,297384,371730
74347,148694,223041,297388,371735
74348,148696,223044,297392,371740
74349,148698,223047,297396,371745
74350,148700,223050,297400,371750
74351,148702,223053,297404,371755
74352,148704,223056,297408,371760
74353,148706,223059,297412,371765
74354,148708,223062,297416,371770
74355,148710,223065,297420,371775
74356,148712,223068,297424,371780
74357,148714,223071,297428,371785
74358,148716,223074,297432,371790
74359,148718,223077,297436,371795
74360,148720,223080,297440,371800
74361,148722,223083,297444,371805
74362,148724,223086,297448,371810
74363,148726,223089,297452,371815
74364,148728,223092,297456,371820
74365,148730,223095,297460,371825
74366,148732,223098,297464,371830
74367,148734,223101,297468,371835
74368,148736,223104,297472,371840
74369,148738,223107,297476,371845
74370,148740,223110,297480,371850
74371,148742,223113,297484,371855
74372,148744,223116,297488,371860
74373,148746,223119,297492,371865
74374,148748,223122,297496,371870
74375,148750,223125,297500,371875
74376,148752,223128,297504,371880
74377,148754,223131,297508,371885
74378,148756,223134,297512,371890
74379,148758,223137,297516,371895
74380,148760,223140,297520,371900
74381,148762,223143,297524,371905
74382,148764,223146,297528,371910
74383,148766,223149,297532,371915
74384,148768,223152,297536,371920
74385,148770,223155,297540,371925
74386,148772,223158,297544,371930
74387,148774,223161,297548,371935
74388,148776,223164,297552,371940
74389,148778,223167,297556,371945
74390,148780,223170,297560,371950
74391,148782,223173,297564,371955
74392,148784,223176,297568,371960
74393,148786,223179,297572,371965
74394,148788,223182,297576,371970
74395,148790,223185,297580,371975
74396,148792,223188,297584,371980
74397,148794,223191,297588,371985
74398,148796,223194,297592,371990
74399,148798,223197,297596,371995
74400,148800,223200,297600,372000
74401,148802,223203,297604,372005
74402,148804,223206,297608,372010
74403,148806,223209,297612,372015
74404,148808,223212,297616,372020
74405,148810,223215,297620,372025
74406,148812,223218,297624,372030
74407,148814,223221,297628,372035
74408,148816,223224,297632,372040
74409,148818,223227,297636,372045
74410,148820,223230,297640,372050
74411,148822,223233,297644,372055
74412,148824,223236,297648,372060
74413,148826,223239,297652,372065
74414,148828,223242,297656,372070
74415,148830,223245,297660,372075
74416,148832,223248,297664,372080
74417,148834,223251,297668,372085
74418,148836,223254,297672,372090
74419,148838,223257,297676,372095
74420,148840,223260,297680,372100
74421,148842,223263,297684,372105
74422,148844,223266,297688,372110
74423,148846,223269,297692,372115
74424,148848,223272,297696,372120
74425,148850,223275,297700,372125
74426,148852,223278,297704,372130
74427,148854,223281,297708,372135
74428,148856,223284,297712,372140
74429,148858,223287,297716,372145
74430,148860,223290,297720,372150
74431,148862,223293,297724,372155
74432,148864,223296,297728,372160
74433,148866,223299,297732,372165
74434,148868,223302,297736,372170
74435,148870,223305,297740,372175
74436,148872,223308,297744,372180
74437,148874,223311,297748,372185
74438,148876,223314,297752,372190
74439,148878,223317,297756,372195
74440,148880,223320,297760,372200
74441,148882,223323,297764,372205
74442,148884,223326,297768,372210
74443,148886,223329,297772,372215
74444,148888,223332,297776,372220
74445,148890,223335,297780,372225
74446,148892,223338,297784,372230
74447,148894,223341,297788,372235
74448,148896,223344,297792,372240
74449,148898,223347,297796,372245
74450,148900,223350,297800,372250
74451,148902,223353,297804,372255
74452,148904,223356,297808,372260
74453,148906,223359,297812,372265
74454,148908,223362,297816,372270
74455,148910,223365,297820,372275
74456,148912,223368,297824,372280
74457,148914,223371,297828,372285
74458,148916,223374,297832,372290
74459,148918,223377,297836,372295
74460,148920,223380,297840,372300
74461,148922,223383,297844,372305
74462,148924,223386,297848,372310
74463,148926,223389,297852,372315
74464,148928,223392,297856,372320
74465,148930,223395,297860,372325
74466,148932,223398,297864,372330
74467,148934,223401,297868,372335
74468,148936,223404,297872,372340
74469,148938,223407,297876,372345
74470,148940,223410,297880,372350
74471,148942,223413,297884,372355
74472,148944,223416,297888,372360
74473,148946,223419,297892,372365
74474,148948,223422,297896,372370
74475,148950,223425,297900,372375
74476,148952,223428,297904,372380
74477,148954,223431,297908,372385
74478,148956,223434,297912,372390
74479,148958,223437,297916,372395
74480,148960,223440,297920,372400
74481,148962,223443,297924,372405
74482,148964,223446,297928,372410
74483,148966,223449,297932,372415
74484,148968,223452,297936,372420
74485,148970,223455,297940,372425
74486,148972,223458,297944,372430
74487,148974,223461,297948,372435
74488,148976,223464,297952,372440
74489,148978,223467,297956,372445
74490,148980,223470,297960,372450
74491,148982,223473,297964,372455
74492,148984,223476,297968,372460
74493,148986,223479,297972,372465
74494,148988,223482,297976,372470
74495,148990,223485,297980,372475
74496,148992,223488,297984,372480
74497,148994,223491,297988,372485
74498,148996,223494,297992,372490
74499,148998,223497,297996,372495
74500,149000,223500,298000,372500
74501,149002,223503,298004,372505
74502,149004,223506,298008,372510
74503,149006,223509,298012,372515
74504,149008,223512,298016,372520
74505,149010,223515,298020,372525
74506,149012,223518,298024,372530
74507,149014,223521,298028,372535
74508,149016,223524,298032,372540
74509,149018,223527,298036,372545
74510,149020,223530,298040,372550
74511,149022,223533,298044,372555
74512,149024,223536,298048,372560
74513,149026,223539,298052,372565
74514,149028,223542,298056,372570
74515,149030,223545,298060,372575
74516,149032,223548,298064,372580
74517,149034,223551,298068,372585
74518,149036,223554,298072,372590
74519,149038,223557,298076,372595
74520,149040,223560,298080,372600
74521,149042,223563,298084,372605
74522,149044,223566,298088,372610
74523,149046,223569,298092,372615
74524,149048,223572,298096,372620
74525,149050,223575,298100,372625
74526,149052,223578,298104,372630
74527,149054,223581,298108,372635
74528,149056,223584,298112,372640
74529,149058,223587,298116,372645
74530,149060,223590,298120,372650
74531,149062,223593,298124,372655
74532,149064,223596,298128,372660
74533,149066,223599,298132,372665
74534,149068,223602,298136,372670
74535,149070,223605,298140,372675
74536,149072,223608,298144,372680
74537,149074,223611,298148,372685
74538,149076,223614,298152,372690
74539,149078,223617,298156,372695
74540,149080,223620,298160,372700
74541,149082,223623,298164,372705
74542,149084,223626,298168,372710
74543,149086,223629,298172,372715
74544,149088,223632,298176,372720
74545,149090,223635,298180,372725
74546,149092,223638,298184,372730
74547,149094,223641,298188,372735
74548,149096,223644,298192,372740
74549,149098,223647,298196,372745
74550,149100,223650,298200,372750
74551,149102,223653,298204,372755
74552,149104,223656,298208,372760
74553,149106,223659,298212,372765
74554,149108,223662,298216,372770
74555,149110,223665,298220,372775
74556,149112,223668,298224,372780
74557,149114,223671,298228,372785
74558,149116,223674,298232,372790
74559,149118,223677,298236,372795
74560,149120,223680,298240,372800
74561,149122,223683,298244,372805
74562,149124,223686,298248,372810
74563,149126,223689,298252,372815
74564,149128,223692,298256,372820
74565,149130,223695,298260,372825
74566,149132,223698,298264,372830
74567,149134,223701,298268,372835
74568,149136,223704,298272,372840
74569,149138,223707,298276,372845
74570,149140,223710,298280,372850
74571,149142,223713,298284,372855
74572,149144,223716,298288,372860
74573,149146,223719,298292,372865
74574,149148,223722,298296,372870
74575,149150,223725,298300,372875
74576,149152,223728,298304,372880
74577,149154,223731,298308,372885
74578,149156,223734,298312,372890
74579,149158,223737,298316,372895
74580,149160,223740,298320,372900
74581,149162,223743,298324,372905
74582,149164,223746,298328,372910
74583,149166,223749,298332,372915
74584,149168,223752,298336,372920
74585,149170,223755,298340,372925
74586,149172,223758,298344,372930
74587,149174,223761,298348,372935
74588,149176,223764,298352,372940
74589,149178,223767,298356,372945
74590,149180,223770,298360,372950
74591,149182,223773,298364,372955
74592,149184,223776,298368,372960
74593,149186,223779,298372,372965
74594,149188,223782,298376,372970
74595,149190,223785,298380,372975
74596,149192,223788,298384,372980
74597,149194,223791,298388,372985
74598,149196,223794,298392,372990
74599,149198,223797,298396,372995
74600,149200,223800,298400,373000
74601,149202,223803,298404,373005
74602,149204,223806,298408,373010
74603,149206,223809,298412,373015
74604,149208,223812,298416,373020
74605,149210,223815,298420,373025
74606,149212,223818,298424,373030
74607,149214,223821,298428,373035
74608,149216,223824,298432,373040
74609,149218,223827,298436,373045
74610,149220,223830,298440,373050
74611,149222,223833,298444,373055
74612,149224,223836,298448,373060
74613,149226,223839,298452,373065
74614,149228,223842,298456,373070
74615,149230,223845,298460,373075
74616,149232,223848,298464,373080
74617,149234,223851,298468,373085
74618,149236,223854,298472,373090
74619,149238,223857,298476,373095
74620,149240,223860,298480,373100
74621,149242,223863,298484,373105
74622,149244,223866,298488,373110
74623,149246,223869,298492,373115
74624,149248,223872,298496,373120
74625,149250,223875,298500,373125
74626,149252,223878,298504,373130
74627,149254,223881,298508,373135
74628,149256,223884,298512,373140
74629,149258,223887,298516,373145
74630,149260,223890,298520,373150
74631,149262,223893,298524,373155
74632,149264,223896,298528,373160
74633,149266,223899,298532,373165
74634,149268,223902,298536,373170
74635,149270,223905,298540,373175
74636,149272,223908,298544,373180
74637,149274,223911,298548,373185
74638,149276,223914,298552,373190
74639,149278,223917,298556,373195
74640,149280,223920,298560,373200
74641,149282,223923,298564,373205
74642,149284,223926,298568,373210
74643,149286,223929,298572,373215
74644,149288,223932,298576,373220
74645,149290,223935,298580,373225
74646,149292,223938,298584,373230
74647,149294,223941,298588,373235
74648,149296,223944,298592,373240
74649,149298,223947,298596,373245
74650,149300,223950,298600,373250
74651,149302,223953,298604,373255
74652,149304,223956,298608,373260
74653,149306,223959,298612,373265
74654,149308,223962,298616,373270
74655,149310,223965,298620,373275
74656,149312,223968,298624,373280
74657,149314,223971,298628,373285
74658,149316,223974,298632,373290
74659,149318,223977,298636,373295
74660,149320,223980,298640,373300
74661,149322,223983,298644,373305
74662,149324,223986,298648,373310
74663,149326,223989,298652,373315
74664,149328,223992,298656,373320
74665,149330,223995,298660,373325
74666,149332,223998,298664,373330
74667,149334,224001,298668,373335
74668,149336,224004,298672,373340
74669,149338,224007,298676,373345
74670,149340,224010,298680,373350
74671,149342,224013,298684,373355
74672,149344,224016,298688,373360
74673,149346,224019,298692,373365
74674,149348,224022,298696,373370
74675,149350,224025,298700,373375
74676,149352,224028,298704,373380
74677,149354,224031,298708,373385
74678,149356,224034,298712,373390
74679,149358,224037,298716,373395
74680,149360,224040,298720,373400
74681,149362,224043,298724,373405
74682,149364,224046,298728,373410
74683,149366,224049,298732,373415
74684,149368,224052,298736,373420
74685,149370,224055,298740,373425
74686,149372,224058,298744,373430
74687,149374,224061,298748,373435
74688,149376,224064,298752,373440
74689,149378,224067,298756,373445
74690,149380,224070,298760,373450
74691,149382,224073,298764,373455
74692,149384,224076,298768,373460
74693,149386,224079,298772,373465
74694,149388,224082,298776,373470
74695,149390,224085,298780,373475
74696,149392,224088,298784,373480
74697,149394,224091,298788,373485
74698,149396,224094,298792,373490
74699,149398,224097,298796,373495
74700,149400,224100,298800,373500
74701,149402,224103,298804,373505
74702,149404,224106,298808,373510
74703,149406,224109,298812,373515
74704,149408,224112,298816,373520
74705,149410,224115,298820,373525
74706,149412,224118,298824,373530
74707,149414,224121,298828,373535
74708,149416,224124,298832,373540
74709,149418,224127,298836,373545
74710,149420,224130,298840,373550
74711,149422,224133,298844,373555
74712,149424,224136,298848,373560
74713,149426,224139,298852,373565
74714,149428,224142,298856,373570
74715,149430,224145,298860,373575
74716,149432,224148,298864,373580
74717,149434,224151,298868,373585
74718,149436,224154,298872,373590
74719,149438,224157,298876,373595
74720,149440,224160,298880,373600
74721,149442,224163,298884,373605
74722,149444,224166,298888,373610
74723,149446,224169,298892,373615
74724,149448,224172,298896,373620
74725,149450,224175,298900,373625
74726,149452,224178,298904,373630
74727,149454,224181,298908,373635
74728,149456,224184,298912,373640
74729,149458,224187,298916,373645
74730,149460,224190,298920,373650
74731,149462,224193,298924,373655
74732,149464,224196,298928,373660
74733,149466,224199,298932,373665
74734,149468,224202,298936,373670
74735,149470,224205,298940,373675
74736,149472,224208,298944,373680
74737,149474,224211,298948,373685
74738,149476,224214,298952,373690
74739,149478,224217,298956,373695
74740,149480,224220,298960,373700
74741,149482,224223,298964,373705
74742,149484,224226,298968,373710
74743,149486,224229,298972,373715
74744,149488,224232,298976,373720
74745,149490,224235,298980,373725
74746,149492,224238,298984,373730
74747,149494,224241,298988,373735
74748,149496,224244,298992,373740
74749,149498,224247,298996,373745
74750,149500,224250,299000,373750
74751,149502,224253,299004,373755
74752,149504,224256,299008,373760
74753,149506,224259,299012,373765
74754,149508,224262,299016,373770
74755,149510,224265,299020,373775
74756,149512,224268,299024,373780
74757,149514,224271,299028,373785
74758,149516,224274,299032,373790
74759,149518,224277,299036,373795
74760,149520,224280,299040,373800
74761,149522,224283,299044,373805
74762,149524,224286,299048,373810
74763,149526,224289,299052,373815
74764,149528,224292,299056,373820
74765,149530,224295,299060,373825
74766,149532,224298,299064,373830
74767,149534,224301,299068,373835
74768,149536,224304,299072,373840
74769,149538,224307,299076,373845
74770,149540,224310,299080,373850
74771,149542,224313,299084,373855
74772,149544,224316,299088,373860
74773,149546,224319,299092,373865
74774,149548,224322,299096,373870
74775,149550,224325,299100,373875
74776,149552,224328,299104,373880
74777,149554,224331,299108,373885
74778,149556,224334,299112,373890
74779,149558,224337,299116,373895
74780,149560,224340,299120,373900
74781,149562,224343,299124,373905
74782,149564,224346,299128,373910
74783,149566,224349,299132,373915
74784,149568,224352,299136,373920
74785,149570,224355,299140,373925
74786,149572,224358,299144,373930
74787,149574,224361,299148,373935
74788,149576,224364,299152,373940
74789,149578,224367,299156,373945
74790,149580,224370,299160,373950
74791,149582,224373,299164,373955
74792,149584,224376,299168,373960
74793,149586,224379,299172,373965
74794,149588,224382,299176,373970
74795,149590,224385,299180,373975
74796,149592,224388,299184,373980
74797,149594,224391,299188,373985
74798,149596,224394,299192,373990
74799,149598,224397,299196,373995
74800,149600,224400,299200,374000
74801,149602,224403,299204,374005
74802,149604,224406,299208,374010
74803,149606,224409,299212,374015
74804,149608,224412,299216,374020
74805,149610,224415,299220,374025
74806,149612,224418,299224,374030
74807,149614,224421,299228,374035
74808,149616,224424,299232,374040
74809,149618,224427,299236,374045
74810,149620,224430,299240,374050
74811,149622,224433,299244,374055
74812,149624,224436,299248,374060
74813,149626,224439,299252,374065
74814,149628,224442,299256,374070
74815,149630,224445,299260,374075
74816,149632,224448,299264,374080
74817,149634,224451,299268,374085
74818,149636,224454,299272,374090
74819,149638,224457,299276,374095
74820,149640,224460,299280,374100
74821,149642,224463,299284,374105
74822,149644,224466,299288,374110
74823,149646,224469,299292,374115
74824,149648,224472,299296,374120
74825,149650,224475,299300,374125
74826,149652,224478,299304,374130
74827,149654,224481,299308,374135
74828,149656,224484,299312,374140
74829,149658,224487,299316,374145
74830,149660,224490,299320,374150
74831,149662,224493,299324,374155
74832,149664,224496,299328,374160
74833,149666,224499,299332,374165
74834,149668,224502,299336,374170
74835,149670,224505,299340,374175
74836,149672,224508,299344,374180
74837,149674,224511,299348,374185
74838,149676,224514,299352,374190
74839,149678,224517,299356,374195
74840,149680,224520,299360,374200
74841,149682,224523,299364,374205
74842,149684,224526,299368,374210
74843,149686,224529,299372,374215
74844,149688,224532,299376,374220
74845,149690,224535,299380,374225
74846,149692,224538,299384,374230
74847,149694,224541,299388,374235
74848,149696,224544,299392,374240
74849,149698,224547,299396,374245
74850,149700,224550,299400,374250
74851,149702,224553,299404,374255
74852,149704,224556,299408,374260
74853,149706,224559,299412,374265
74854,149708,224562,299416,374270
74855,149710,224565,299420,374275
74856,149712,224568,299424,374280
74857,149714,224571,299428,374285
74858,149716,224574,299432,374290
74859,149718,224577,299436,374295
74860,149720,224580,299440,374300
74861,149722,224583,299444,374305
74862,149724,224586,299448,374310
74863,149726,224589,299452,374315
74864,149728,224592,299456,374320
74865,149730,224595,299460,374325
74866,149732,224598,299464,374330
74867,149734,224601,299468,374335
74868,149736,224604,299472,374340
74869,149738,224607,299476,374345
74870,149740,224610,299480,374350
74871,149742,224613,299484,374355
74872,149744,224616,299488,374360
74873,149746,224619,299492,374365
74874,149748,224622,299496,374370
74875,149750,224625,299500,374375
74876,149752,224628,299504,374380
74877,149754,224631,299508,374385
74878,149756,224634,299512,374390
74879,149758,224637,299516,374395
74880,149760,224640,299520,374400
74881,149762,224643,299524,374405
74882,149764,224646,299528,374410
74883,149766,224649,299532,374415
74884,149768,224652,299536,374420
74885,149770,224655,299540,374425
74886,149772,224658,299544,374430
74887,149774,224661,299548,374435
74888,149776,224664,299552,374440
74889,149778,224667,299556,374445
74890,149780,224670,299560,374450
74891,149782,224673,299564,374455
74892,149784,224676,299568,374460
74893,149786,224679,299572,374465
74894,149788,224682,299576,374470
74895,149790,224685,299580,374475
74896,149792,224688,299584,374480
74897,149794,224691,299588,374485
74898,149796,224694,299592,374490
74899,149798,224697,299596,374495
74900,149800,224700,299600,374500
74901,149802,224703,299604,374505
74902,149804,224706,299608,374510
74903,149806,224709,299612,374515
74904,149808,224712,299616,374520
74905,149810,224715,299620,374525
74906,149812,224718,299624,374530
74907,149814,224721,299628,374535
74908,149816,224724,299632,374540
74909,149818,224727,299636,374545
74910,149820,224730,299640,374550
74911,149822,224733,299644,374555
74912,149824,224736,299648,374560
74913,149826,224739,299652,374565
74914,149828,224742,299656,374570
74915,149830,224745,299660,374575
74916,149832,224748,299664,374580
74917,149834,224751,299668,374585
74918,149836,224754,299672,374590
74919,149838,224757,299676,374595
74920,149840,224760,299680,374600
74921,149842,224763,299684,374605
74922,149844,224766,299688,374610
74923,149846,224769,299692,374615
74924,149848,224772,299696,374620
74925,149850,224775,299700,374625
74926,149852,224778,299704,374630
74927,149854,224781,299708,374635
74928,149856,224784,299712,374640
74929,149858,224787,299716,374645
74930,149860,224790,299720,374650
74931,149862,224793,299724,374655
74932,149864,224796,299728,374660
74933,149866,224799,299732,374665
74934,149868,224802,299736,374670
74935,149870,224805,299740,374675
74936,149872,224808,299744,374680
74937,149874,224811,299748,374685
74938,149876,224814,299752,374690
74939,149878,224817,299756,374695
74940,149880,224820,299760,374700
74941,149882,224823,299764,374705
74942,149884,224826,299768,374710
74943,149886,224829,299772,374715
74944,149888,224832,299776,374720
74945,149890,224835,299780,374725
74946,149892,224838,299784,374730
74947,149894,224841,299788,374735
74948,149896,224844,299792,374740
74949,149898,224847,299796,374745
74950,149900,224850,299800,374750
74951,149902,224853,299804,374755
74952,149904,224856,299808,374760
74953,149906,224859,299812,374765
74954,149908,224862,299816,374770
74955,149910,224865,299820,374775
74956,149912,224868,299824,374780
74957,149914,224871,299828,374785
74958,149916,224874,299832,374790
74959,149918,224877,299836,374795
74960,149920,224880,299840,374800
74961,149922,224883,299844,374805
74962,149924,224886,299848,374810
74963,149926,224889,299852,374815
74964,149928,224892,299856,374820
74965,149930,224895,299860,374825
74966,149932,224898,299864,374830
74967,149934,224901,299868,374835
74968,149936,224904,299872,374840
74969,149938,224907,299876,374845
74970,149940,224910,299880,374850
74971,149942,224913,299884,374855
74972,149944,224916,299888,374860
74973,149946,224919,299892,374865
74974,149948,224922,299896,374870
74975,149950,224925,299900,374875
74976,149952,224928,299904,374880
74977,149954,224931,299908,374885
74978,149956,224934,299912,374890
74979,149958,224937,299916,374895
74980,149960,224940,299920,374900
74981,149962,224943,299924,374905
74982,149964,224946,299928,374910
74983,149966,224949,299932,374915
74984,149968,224952,299936,374920
74985,149970,224955,299940,374925
74986,149972,224958,299944,374930
74987,149974,224961,299948,374935
74988,149976,224964,299952,374940
74989,149978,224967,299956,374945
74990,149980,224970,299960,374950
74991,149982,224973,299964,374955
74992,149984,224976,299968,374960
74993,149986,224979,299972,374965
74994,149988,224982,299976,374970
74995,149990,224985,299980,374975
74996,149992,224988,299984,374980
74997,149994,224991,299988,374985
74998,149996,224994,299992,374990
74999,149998,224997,299996,374995
75000,150000,225000,300000,375000
75001,150002,225003,300004,375005
75002,150004,225006,300008,375010
75003,150006,225009,300012,375015
75004,150008,225012,300016,375020
75005,150010,225015,300020,375025
75006,150012,225018,300024,375030
75007,150014,225021,300028,375035
75008,150016,225024,300032,375040
75009,150018,225027,300036,375045
75010,150020,225030,300040,375050
75011,150022,225033,300044,375055
75012,150024,225036,300048,375060
75013,150026,225039,300052,375065
75014,150028,225042,300056,375070
75015,150030,225045,300060,375075
75016,150032,225048,300064,375080
75017,150034,225051,300068,375085
75018,150036,225054,300072,375090
75019,150038,225057,300076,375095
75020,150040,225060,300080,375100
75021,150042,225063,300084,375105
75022,150044,225066,300088,375110
75023,150046,225069,300092,375115
75024,150048,225072,300096,375120
75025,150050,225075,300100,375125
75026,150052,225078,300104,375130
75027,150054,225081,300108,375135
75028,150056,225084,300112,375140
75029,150058,225087,300116,375145
75030,150060,225090,300120,375150
75031,150062,225093,300124,375155
75032,150064,225096,300128,375160
75033,150066,225099,300132,375165
75034,150068,225102,300136,375170
75035,150070,225105,300140,375175
75036,150072,225108,300144,375180
75037,150074,225111,300148,375185
75038,150076,225114,300152,375190
75039,150078,225117,300156,375195
75040,150080,225120,300160,375200
75041,150082,225123,300164,375205
75042,150084,225126,300168,375210
75043,150086,225129,300172,375215
75044,150088,225132,300176,375220
75045,150090,225135,300180,375225
75046,150092,225138,300184,375230
75047,150094,225141,300188,375235
75048,150096,225144,300192,375240
75049,150098,225147,300196,375245
75050,150100,225150,300200,375250
75051,150102,225153,300204,375255
75052,150104,225156,300208,375260
75053,150106,225159,300212,375265
75054,150108,225162,300216,375270
75055,150110,225165,300220,375275
75056,150112,225168,300224,375280
75057,150114,225171,300228,375285
75058,150116,225174,300232,375290
75059,150118,225177,300236,375295
75060,150120,225180,300240,375300
75061,150122,225183,300244,375305
75062,150124,225186,300248,375310
75063,150126,225189,300252,375315
75064,150128,225192,300256,375320
75065,150130,225195,300260,375325
75066,150132,225198,300264,375330
75067,150134,225201,300268,375335
75068,150136,225204,300272,375340
75069,150138,225207,300276,375345
75070,150140,225210,300280,375350
75071,150142,225213,300284,375355
75072,150144,225216,300288,375360
75073,150146,225219,300292,375365
75074,150148,225222,300296,375370
75075,150150,225225,300300,375375
75076,150152,225228,300304,375380
75077,150154,225231,300308,375385
75078,150156,225234,300312,375390
75079,150158,225237,300316,375395
75080,150160,225240,300320,375400
75081,150162,225243,300324,375405
75082,150164,225246,300328,375410
75083,150166,225249,300332,375415
75084,150168,225252,300336,375420
75085,150170,225255,300340,375425
75086,150172,225258,300344,375430
75087,150174,225261,300348,375435
75088,150176,225264,300352,375440
75089,150178,225267,300356,375445
75090,150180,225270,300360,375450
75091,150182,225273,300364,375455
75092,150184,225276,300368,375460
75093,150186,225279,300372,375465
75094,150188,225282,300376,375470
75095,150190,225285,300380,375475
75096,150192,225288,300384,375480
75097,150194,225291,300388,375485
75098,150196,225294,300392,375490
75099,150198,225297,300396,375495
75100,150200,225300,300400,375500
75101,150202,225303,300404,375505
75102,150204,225306,300408,375510
75103,150206,225309,300412,375515
75104,150208,225312,300416,375520
75105,150210,225315,300420,375525
75106,150212,225318,300424,375530
75107,150214,225321,300428,375535
75108,150216,225324,300432,375540
75109,150218,225327,300436,375545
75110,150220,225330,300440,375550
75111,150222,225333,300444,375555
75112,150224,225336,300448,375560
75113,150226,225339,300452,375565
75114,150228,225342,300456,375570
75115,150230,225345,300460,375575
75116,150232,225348,300464,375580
75117,150234,225351,300468,375585
75118,150236,225354,300472,375590
75119,150238,225357,300476,375595
75120,150240,225360,300480,375600
75121,150242,225363,300484,375605
75122,150244,225366,300488,375610
75123,150246,225369,300492,375615
75124,150248,225372,300496,375620
75125,150250,225375,300500,375625
75126,150252,225378,300504,375630
75127,150254,225381,300508,375635
75128,150256,225384,300512,375640
75129,150258,225387,300516,375645
75130,150260,225390,300520,375650
75131,150262,225393,300524,375655
75132,150264,225396,300528,375660
75133,150266,225399,300532,375665
75134,150268,225402,300536,375670
75135,150270,225405,300540,375675
75136,150272,225408,300544,375680
75137,150274,225411,300548,375685
75138,150276,225414,300552,375690
75139,150278,225417,300556,375695
75140,150280,225420,300560,375700
75141,150282,225423,300564,375705
75142,150284,225426,300568,375710
75143,150286,225429,300572,375715
75144,150288,225432,300576,375720
75145,150290,225435,300580,375725
75146,150292,225438,300584,375730
75147,150294,225441,300588,375735
75148,150296,225444,300592,375740
75149,150298,225447,300596,375745
75150,150300,225450,300600,375750
75151,150302,225453,300604,375755
75152,150304,225456,300608,375760
75153,150306,225459,300612,375765
75154,150308,225462,300616,375770
75155,150310,225465,300620,375775
75156,150312,225468,300624,375780
75157,150314,225471,300628,375785
75158,150316,225474,300632,375790
75159,150318,225477,300636,375795
75160,150320,225480,300640,375800
75161,150322,225483,300644,375805
75162,150324,225486,300648,375810
75163,150326,225489,300652,375815
75164,150328,225492,300656,375820
75165,150330,225495,300660,375825
75166,150332,225498,300664,375830
75167,150334,225501,300668,375835
75168,150336,225504,300672,375840
75169,150338,225507,300676,375845
75170,150340,225510,300680,375850
75171,150342,225513,300684,375855
75172,150344,225516,300688,375860
75173,150346,225519,300692,375865
75174,150348,225522,300696,375870
75175,150350,225525,300700,375875
75176,150352,225528,300704,375880
75177,150354,225531,300708,375885
75178,150356,225534,300712,375890
75179,150358,225537,300716,375895
75180,150360,225540,300720,375900
75181,150362,225543,300724,375905
75182,150364,225546,300728,375910
75183,150366,225549,300732,375915
75184,150368,225552,300736,375920
75185,150370,225555,300740,375925
75186,150372,225558,300744,375930
75187,150374,225561,300748,375935
75188,150376,225564,300752,375940
75189,150378,225567,300756,375945
75190,150380,225570,300760,375950
75191,150382,225573,300764,375955
75192,150384,225576,300768,375960
75193,150386,225579,300772,375965
75194,150388,225582,300776,375970
75195,150390,225585,300780,375975
75196,150392,225588,300784,375980
75197,150394,225591,300788,375985
75198,150396,225594,300792,375990
75199,150398,225597,300796,375995
75200,150400,225600,300800,376000
75201,150402,225603,300804,376005
75202,150404,225606,300808,376010
75203,150406,225609,300812,376015
75204,150408,225612,300816,376020
75205,150410,225615,300820,376025
75206,150412,225618,300824,376030
75207,150414,225621,300828,376035
75208,150416,225624,300832,376040
75209,150418,225627,300836,376045
75210,150420,225630,300840,376050
75211,150422,225633,300844,376055
75212,150424,225636,300848,376060
75213,150426,225639,300852,376065
75214,150428,225642,300856,376070
75215,150430,225645,300860,376075
75216,150432,225648,300864,376080
75217,150434,225651,300868,376085
75218,150436,225654,300872,376090
75219,150438,225657,300876,376095
75220,150440,225660,300880,376100
75221,150442,225663,300884,376105
75222,150444,225666,300888,376110
75223,150446,225669,300892,376115
75224,150448,225672,300896,376120
75225,150450,225675,300900,376125
75226,150452,225678,300904,376130
75227,150454,225681,300908,376135
75228,150456,225684,300912,376140
75229,150458,225687,300916,376145
75230,150460,225690,300920,376150
75231,150462,225693,300924,376155
75232,150464,225696,300928,376160
75233,150466,225699,300932,376165
75234,150468,225702,300936,376170
75235,150470,225705,300940,376175
75236,150472,225708,300944,376180
75237,150474,225711,300948,376185
75238,150476,225714,300952,376190
75239,150478,225717,300956,376195
75240,150480,225720,300960,376200
75241,150482,225723,300964,376205
75242,150484,225726,300968,376210
75243,150486,225729,300972,376215
75244,150488,225732,300976,376220
75245,150490,225735,300980,376225
75246,150492,225738,300984,376230
75247,150494,225741,300988,376235
75248,150496,225744,300992,376240
75249,150498,225747,300996,376245
75250,150500,225750,301000,376250
75251,150502,225753,301004,376255
75252,150504,225756,301008,376260
75253,150506,225759,301012,376265
75254,150508,225762,301016,376270
75255,150510,225765,301020,376275
75256,150512,225768,301024,376280
75257,150514,225771,301028,376285
75258,150516,225774,301032,376290
75259,150518,225777,301036,376295
75260,150520,225780,301040,376300
75261,150522,225783,301044,376305
75262,150524,225786,301048,376310
75263,150526,225789,301052,376315
75264,150528,225792,301056,376320
75265,150530,225795,301060,376325
75266,150532,225798,301064,376330
75267,150534,225801,301068,376335
75268,150536,225804,301072,376340
75269,150538,225807,301076,376345
75270,150540,225810,301080,376350
75271,150542,225813,301084,376355
75272,150544,225816,301088,376360
75273,150546,225819,301092,376365
75274,150548,225822,301096,376370
75275,150550,225825,301100,376375
75276,150552,225828,301104,376380
75277,150554,225831,301108,376385
75278,150556,225834,301112,376390
75279,150558,225837,301116,376395
75280,150560,225840,301120,376400
75281,150562,225843,301124,376405
75282,150564,225846,301128,376410
75283,150566,225849,301132,376415
75284,150568,225852,301136,376420
75285,150570,225855,301140,376425
75286,150572,225858,301144,376430
75287,150574,225861,301148,376435
75288,150576,225864,301152,376440
75289,150578,225867,301156,376445
75290,150580,225870,301160,376450
75291,150582,225873,301164,376455
75292,150584,225876,301168,376460
75293,150586,225879,301172,376465
75294,150588,225882,301176,376470
75295,150590,225885,301180,376475
75296,150592,225888,301184,376480
75297,150594,225891,301188,376485
75298,150596,225894,301192,376490
75299,150598,225897,301196,376495
75300,150600,225900,301200,376500
75301,150602,225903,301204,376505
75302,150604,225906,301208,376510
75303,150606,225909,301212,376515
75304,150608,225912,301216,376520
75305,150610,225915,301220,376525
75306,150612,225918,301224,376530
75307,150614,225921,301228,376535
75308,150616,225924,301232,376540
75309,150618,225927,301236,376545
75310,150620,225930,301240,376550
75311,150622,225933,301244,376555
75312,150624,225936,301248,376560
75313,150626,225939,301252,376565
75314,150628,225942,301256,376570
75315,150630,225945,301260,376575
75316,150632,225948,301264,376580
75317,150634,225951,301268,376585
75318,150636,225954,301272,376590
75319,150638,225957,301276,376595
75320,150640,225960,301280,376600
75321,150642,225963,301284,376605
75322,150644,225966,301288,376610
75323,150646,225969,301292,376615
75324,150648,225972,301296,376620
75325,150650,225975,301300,376625
75326,150652,225978,301304,376630
75327,150654,225981,301308,376635
75328,150656,225984,301312,376640
75329,150658,225987,301316,376645
75330,150660,225990,301320,376650
75331,150662,225993,301324,376655
75332,150664,225996,301328,376660
75333,150666,225999,301332,376665
75334,150668,226002,301336,376670
75335,150670,226005,301340,376675
75336,150672,226008,301344,376680
75337,150674,226011,301348,376685
75338,150676,226014,301352,376690
75339,150678,226017,301356,376695
75340,150680,226020,301360,376700
75341,150682,226023,301364,376705
75342,150684,226026,301368,376710
75343,150686,226029,301372,376715
75344,150688,226032,301376,376720
75345,150690,226035,301380,376725
75346,150692,226038,301384,376730
75347,150694,226041,301388,376735
75348,150696,226044,301392,376740
75349,150698,226047,301396,376745
75350,150700,226050,301400,376750
75351,150702,226053,301404,376755
75352,150704,226056,301408,376760
75353,150706,226059,301412,376765
75354,150708,226062,301416,376770
75355,150710,226065,301420,376775
75356,150712,226068,301424,376780
75357,150714,226071,301428,376785
75358,150716,226074,301432,376790
75359,150718,226077,301436,376795
75360,150720,226080,301440,376800
75361,150722,226083,301444,376805
75362,150724,226086,301448,376810
75363,150726,226089,301452,376815
75364,150728,226092,301456,376820
75365,150730,226095,301460,376825
75366,150732,226098,301464,376830
75367,150734,226101,301468,376835
75368,150736,226104,301472,376840
75369,150738,226107,301476,376845
75370,150740,226110,301480,376850
75371,150742,226113,301484,376855
75372,150744,226116,301488,376860
75373,150746,226119,301492,376865
75374,150748,226122,301496,376870
75375,150750,226125,301500,376875
75376,150752,226128,301504,376880
75377,150754,226131,301508,376885
75378,150756,226134,301512,376890
75379,150758,226137,301516,376895
75380,150760,226140,301520,376900
75381,150762,226143,301524,376905
75382,150764,226146,301528,376910
75383,150766,226149,301532,376915
75384,150768,226152,301536,376920
75385,150770,226155,301540,376925
75386,150772,226158,301544,376930
75387,150774,226161,301548,376935
75388,150776,226164,301552,376940
75389,150778,226167,301556,376945
75390,150780,226170,301560,376950
75391,150782,226173,301564,376955
75392,150784,226176,301568,376960
75393,150786,226179,301572,376965
75394,150788,226182,301576,376970
75395,150790,226185,301580,376975
75396,150792,226188,301584,376980
75397,150794,226191,301588,376985
75398,150796,226194,301592,376990
75399,150798,226197,301596,376995
75400,150800,226200,301600,377000
75401,150802,226203,301604,377005
75402,150804,226206,301608,377010
75403,150806,226209,301612,377015
75404,150808,226212,301616,377020
75405,150810,226215,301620,377025
75406,150812,226218,301624,377030
75407,150814,226221,301628,377035
75408,150816,226224,301632,377040
75409,150818,226227,301636,377045
75410,150820,226230,301640,377050
75411,150822,226233,301644,377055
75412,150824,226236,301648,377060
75413,150826,226239,301652,377065
75414,150828,226242,301656,377070
75415,150830,226245,301660,377075
75416,150832,226248,301664,377080
75417,150834,226251,301668,377085
75418,150836,226254,301672,377090
75419,150838,226257,301676,377095
75420,150840,226260,301680,377100
75421,150842,226263,301684,377105
75422,150844,226266,301688,377110
75423,150846,226269,301692,377115
75424,150848,226272,301696,377120
75425,150850,226275,301700,377125
75426,150852,226278,301704,377130
75427,150854,226281,301708,377135
75428,150856,226284,301712,377140
75429,150858,226287,301716,377145
75430,150860,226290,301720,377150
75431,150862,226293,301724,377155
75432,150864,226296,301728,377160
75433,150866,226299,301732,377165
75434,150868,226302,301736,377170
75435,150870,226305,301740,377175
75436,150872,226308,301744,377180
75437,150874,226311,301748,377185
75438,150876,226314,301752,377190
75439,150878,226317,301756,377195
75440,150880,226320,301760,377200
75441,150882,226323,301764,377205
75442,150884,226326,301768,377210
75443,150886,226329,301772,377215
75444,150888,226332,301776,377220
75445,150890,226335,301780,377225
75446,150892,226338,301784,377230
75447,150894,226341,301788,377235
75448,150896,226344,301792,377240
75449,150898,226347,301796,377245
75450,150900,226350,301800,377250
75451,150902,226353,301804,377255
75452,150904,226356,301808,377260
75453,150906,226359,301812,377265
75454,150908,226362,301816,377270
75455,150910,226365,301820,377275
75456,150912,226368,301824,377280
75457,150914,226371,301828,377285
75458,150916,226374,301832,377290
75459,150918,226377,301836,377295
75460,150920,226380,301840,377300
75461,150922,226383,301844,377305
75462,150924,226386,301848,377310
75463,150926,226389,301852,377315
75464,150928,226392,301856,377320
75465,150930,226395,301860,377325
75466,150932,226398,301864,377330
75467,150934,226401,301868,377335
75468,150936,226404,301872,377340
75469,150938,226407,301876,377345
75470,150940,226410,301880,377350
75471,150942,226413,301884,377355
75472,150944,226416,301888,377360
75473,150946,226419,301892,377365
75474,150948,226422,301896,377370
75475,150950,226425,301900,377375
75476,150952,226428,301904,377380
75477,150954,226431,301908,377385
75478,150956,226434,301912,377390
75479,150958,226437,301916,377395
75480,150960,226440,301920,377400
75481,150962,226443,301924,377405
75482,150964,226446,301928,377410
75483,150966,226449,301932,377415
75484,150968,226452,301936,377420
75485,150970,226455,301940,377425
75486,150972,226458,301944,377430
75487,150974,226461,301948,377435
75488,150976,226464,301952,377440
75489,150978,226467,301956,377445
75490,150980,226470,301960,377450
75491,150982,226473,301964,377455
75492,150984,226476,301968,377460
75493,150986,226479,301972,377465
75494,150988,226482,301976,377470
75495,150990,226485,301980,377475
75496,150992,226488,301984,377480
75497,150994,226491,301988,377485
75498,150996,226494,301992,377490
75499,150998,226497,301996,377495
75500,151000,226500,302000,377500
75501,151002,226503,302004,377505
75502,151004,226506,302008,377510
75503,151006,226509,302012,377515
75504,151008,226512,302016,377520
75505,151010,226515,302020,377525
75506,151012,226518,302024,377530
75507,151014,226521,302028,377535
75508,151016,226524,302032,377540
75509,151018,226527,302036,377545
75510,151020,226530,302040,377550
75511,151022,226533,302044,377555
75512,151024,226536,302048,377560
75513,151026,226539,302052,377565
75514,151028,226542,302056,377570
75515,151030,226545,302060,377575
75516,151032,226548,302064,377580
75517,151034,226551,302068,377585
75518,151036,226554,302072,377590
75519,151038,226557,302076,377595
75520,151040,226560,302080,377600
75521,151042,226563,302084,377605
75522,151044,226566,302088,377610
75523,151046,226569,302092,377615
75524,151048,226572,302096,377620
75525,151050,226575,302100,377625
75526,151052,226578,302104,377630
75527,151054,226581,302108,377635
75528,151056,226584,302112,377640
75529,151058,226587,302116,377645
75530,151060,226590,302120,377650
75531,151062,226593,302124,377655
75532,151064,226596,302128,377660
75533,151066,226599,302132,377665
75534,151068,226602,302136,377670
75535,151070,226605,302140,377675
75536,151072,226608,302144,377680
75537,151074,226611,302148,377685
75538,151076,226614,302152,377690
75539,151078,226617,302156,377695
75540,151080,226620,302160,377700
75541,151082,226623,302164,377705
75542,151084,226626,302168,377710
75543,151086,226629,302172,377715
75544,151088,226632,302176,377720
75545,151090,226635,302180,377725
75546,151092,226638,302184,377730
75547,151094,226641,302188,377735
75548,151096,226644,302192,377740
75549,151098,226647,302196,377745
75550,151100,226650,302200,377750
75551,151102,226653,302204,377755
75552,151104,226656,302208,377760
75553,151106,226659,302212,377765
75554,151108,226662,302216,377770
75555,151110,226665,302220,377775
75556,151112,226668,302224,377780
75557,151114,226671,302228,377785
75558,151116,226674,302232,377790
75559,151118,226677,302236,377795
75560,151120,226680,302240,377800
75561,151122,226683,302244,377805
75562,151124,226686,302248,377810
75563,151126,226689,302252,377815
75564,151128,226692,302256,377820
75565,151130,226695,302260,377825
75566,151132,226698,302264,377830
75567,151134,226701,302268,377835
75568,151136,226704,302272,377840
75569,151138,226707,302276,377845
75570,151140,226710,302280,377850
75571,151142,226713,302284,377855
75572,151144,226716,302288,377860
75573,151146,226719,302292,377865
75574,151148,226722,302296,377870
75575,151150,226725,302300,377875
75576,151152,226728,302304,377880
75577,151154,226731,302308,377885
75578,151156,226734,302312,377890
75579,151158,226737,302316,377895
75580,151160,226740,302320,377900
75581,151162,226743,302324,377905
75582,151164,226746,302328,377910
75583,151166,226749,302332,377915
75584,151168,226752,302336,377920
75585,151170,226755,302340,377925
75586,151172,226758,302344,377930
75587,151174,226761,302348,377935
75588,151176,226764,302352,377940
75589,151178,226767,302356,377945
75590,151180,226770,302360,377950
75591,151182,226773,302364,377955
75592,151184,226776,302368,377960
75593,151186,226779,302372,377965
75594,151188,226782,302376,377970
75595,151190,226785,302380,377975
75596,151192,226788,302384,377980
75597,151194,226791,302388,377985
75598,151196,226794,302392,377990
75599,151198,226797,302396,377995
75600,151200,226800,302400,378000
75601,151202,226803,302404,378005
75602,151204,226806,302408,378010
75603,151206,226809,302412,378015
75604,151208,226812,302416,378020
75605,151210,226815,302420,378025
75606,151212,226818,302424,378030
75607,151214,226821,302428,378035
75608,151216,226824,302432,378040
75609,151218,226827,302436,378045
75610,151220,226830,302440,378050
75611,151222,226833,302444,378055
75612,151224,226836,302448,378060
75613,151226,226839,302452,378065
75614,151228,226842,302456,378070
75615,151230,226845,302460,378075
75616,151232,226848,302464,378080
75617,151234,226851,302468,378085
75618,151236,226854,302472,378090
75619,151238,226857,302476,378095
75620,151240,226860,302480,378100
75621,151242,226863,302484,378105
75622,151244,226866,302488,378110
75623,151246,226869,302492,378115
75624,151248,226872,302496,378120
75625,151250,226875,302500,378125
75626,151252,226878,302504,378130
75627,151254,226881,302508,378135
75628,151256,226884,302512,378140
75629,151258,226887,302516,378145
75630,151260,226890,302520,378150
75631,151262,226893,302524,378155
75632,151264,226896,302528,378160
75633,151266,226899,302532,378165
75634,151268,226902,302536,378170
75635,151270,226905,302540,378175
75636,151272,226908,302544,378180
75637,151274,226911,302548,378185
75638,151276,226914,302552,378190
75639,151278,226917,302556,378195
75640,151280,226920,302560,378200
75641,151282,226923,302564,378205
75642,151284,226926,302568,378210
75643,151286,226929,302572,378215
75644,151288,226932,302576,378220
75645,151290,226935,302580,378225
75646,151292,226938,302584,378230
75647,151294,226941,302588,378235
75648,151296,226944,302592,378240
75649,151298,226947,302596,378245
75650,151300,226950,302600,378250
75651,151302,226953,302604,378255
75652,151304,226956,302608,378260
75653,151306,226959,302612,378265
75654,151308,226962,302616,378270
75655,151310,226965,302620,378275
75656,151312,226968,302624,378280
75657,151314,226971,302628,378285
75658,151316,226974,302632,378290
75659,151318,226977,302636,378295
75660,151320,226980,302640,378300
75661,151322,226983,302644,378305
75662,151324,226986,302648,378310
75663,151326,226989,302652,378315
75664,151328,226992,302656,378320
75665,151330,226995,302660,378325
75666,151332,226998,302664,378330
75667,151334,227001,302668,378335
75668,151336,227004,302672,378340
75669,151338,227007,302676,378345
75670,151340,227010,302680,378350
75671,151342,227013,302684,378355
75672,151344,227016,302688,378360
75673,151346,227019,302692,378365
75674,151348,227022,302696,378370
75675,151350,227025,302700,378375
75676,151352,227028,302704,378380
75677,151354,227031,302708,378385
75678,151356,227034,302712,378390
75679,151358,227037,302716,378395
75680,151360,227040,302720,378400
75681,151362,227043,302724,378405
75682,151364,227046,302728,378410
75683,151366,227049,302732,378415
75684,151368,227052,302736,378420
75685,151370,227055,302740,378425
75686,151372,227058,302744,378430
75687,151374,227061,302748,378435
75688,151376,227064,302752,378440
75689,151378,227067,302756,378445
75690,151380,227070,302760,378450
75691,151382,227073,302764,378455
75692,151384,227076,302768,378460
75693,151386,227079,302772,378465
75694,151388,227082,302776,378470
75695,151390,227085,302780,378475
75696,151392,227088,302784,378480
75697,151394,227091,302788,378485
75698,151396,227094,302792,378490
75699,151398,227097,302796,378495
75700,151400,227100,302800,378500
75701,151402,227103,302804,378505
75702,151404,227106,302808,378510
75703,151406,227109,302812,378515
75704,151408,227112,302816,378520
75705,151410,227115,302820,378525
75706,151412,227118,302824,378530
75707,151414,227121,302828,378535
75708,151416,227124,302832,378540
75709,151418,227127,302836,378545
75710,151420,227130,302840,378550
75711,151422,227133,302844,378555
75712,151424,227136,302848,378560
75713,151426,227139,302852,378565
75714,151428,227142,302856,378570
75715,151430,227145,302860,378575
75716,151432,227148,302864,378580
75717,151434,227151,302868,378585
75718,151436,227154,302872,378590
75719,151438,227157,302876,378595
75720,151440,227160,302880,378600
75721,151442,227163,302884,378605
75722,151444,227166,302888,378610
75723,151446,227169,302892,378615
75724,151448,227172,302896,378620
75725,151450,227175,302900,378625
75726,151452,227178,302904,378630
75727,151454,227181,302908,378635
75728,151456,227184,302912,378640
75729,151458,227187,302916,378645
75730,151460,227190,302920,378650
75731,151462,227193,302924,378655
75732,151464,227196,302928,378660
75733,151466,227199,302932,378665
75734,151468,227202,302936,378670
75735,151470,227205,302940,378675
75736,151472,227208,302944,378680
75737,151474,227211,302948,378685
75738,151476,227214,302952,378690
75739,151478,227217,302956,378695
75740,151480,227220,302960,378700
75741,151482,227223,302964,378705
75742,151484,227226,302968,378710
75743,151486,227229,302972,378715
75744,151488,227232,302976,378720
75745,151490,227235,302980,378725
75746,151492,227238,302984,378730
75747,151494,227241,302988,378735
75748,151496,227244,302992,378740
75749,151498,227247,302996,378745
75750,151500,227250,303000,378750
75751,151502,227253,303004,378755
75752,151504,227256,303008,378760
75753,151506,227259,303012,378765
75754,151508,227262,303016,378770
75755,151510,227265,303020,378775
75756,151512,227268,303024,378780
75757,151514,227271,303028,378785
75758,151516,227274,303032,378790
75759,151518,227277,303036,378795
75760,151520,227280,303040,378800
75761,151522,227283,303044,378805
75762,151524,227286,303048,378810
75763,151526,227289,303052,378815
75764,151528,227292,303056,378820
75765,151530,227295,303060,378825
75766,151532,227298,303064,378830
75767,151534,227301,303068,378835
75768,151536,227304,303072,378840
75769,151538,227307,303076,378845
75770,151540,227310,303080,378850
75771,151542,227313,303084,378855
75772,151544,227316,303088,378860
75773,151546,227319,303092,378865
75774,151548,227322,303096,378870
75775,151550,227325,303100,378875
75776,151552,227328,303104,378880
75777,151554,227331,303108,378885
75778,151556,227334,303112,378890
75779,151558,227337,303116,378895
75780,151560,227340,303120,378900
75781,151562,227343,303124,378905
75782,151564,227346,303128,378910
75783,151566,227349,303132,378915
75784,151568,227352,303136,378920
75785,151570,227355,303140,378925
75786,151572,227358,303144,378930
75787,151574,227361,303148,378935
75788,151576,227364,303152,378940
75789,151578,227367,303156,378945
75790,151580,227370,303160,378950
75791,151582,227373,303164,378955
75792,151584,227376,303168,378960
75793,151586,227379,303172,378965
75794,151588,227382,303176,378970
75795,151590,227385,303180,378975
75796,151592,227388,303184,378980
75797,151594,227391,303188,378985
75798,151596,227394,303192,378990
75799,151598,227397,303196,378995
75800,151600,227400,303200,379000
75801,151602,227403,303204,379005
75802,151604,227406,303208,379010
75803,151606,227409,303212,379015
75804,151608,227412,303216,379020
75805,151610,227415,303220,379025
75806,151612,227418,303224,379030
75807,151614,227421,303228,379035
75808,151616,227424,303232,379040
75809,151618,227427,303236,379045
75810,151620,227430,303240,379050
75811,151622,227433,303244,379055
75812,151624,227436,303248,379060
75813,151626,227439,303252,379065
75814,151628,227442,303256,379070
75815,151630,227445,303260,379075
75816,151632,227448,303264,379080
75817,151634,227451,303268,379085
75818,151636,227454,303272,379090
75819,151638,227457,303276,379095
75820,151640,227460,303280,379100
75821,151642,227463,303284,379105
75822,151644,227466,303288,379110
75823,151646,227469,303292,379115
75824,151648,227472,303296,379120
75825,151650,227475,303300,379125
75826,151652,227478,303304,379130
75827,151654,227481,303308,379135
75828,151656,227484,303312,379140
75829,151658,227487,303316,379145
75830,151660,227490,303320,379150
75831,151662,227493,303324,379155
75832,151664,227496,303328,379160
75833,151666,227499,303332,379165
75834,151668,227502,303336,379170
75835,151670,227505,303340,379175
75836,151672,227508,303344,379180
75837,151674,227511,303348,379185
75838,151676,227514,303352,379190
75839,151678,227517,303356,379195
75840,151680,227520,303360,379200
75841,151682,227523,303364,379205
75842,151684,227526,303368,379210
75843,151686,227529,303372,379215
75844,151688,227532,303376,379220
75845,151690,227535,303380,379225
75846,151692,227538,303384,379230
75847,151694,227541,303388,379235
75848,151696,227544,303392,379240
75849,151698,227547,303396,379245
75850,151700,227550,303400,379250
75851,151702,227553,303404,379255
75852,151704,227556,303408,379260
75853,151706,227559,303412,379265
75854,151708,227562,303416,379270
75855,151710,227565,303420,379275
75856,151712,227568,303424,379280
75857,151714,227571,303428,379285
75858,151716,227574,303432,379290
75859,151718,227577,303436,379295
75860,151720,227580,303440,379300
75861,151722,227583,303444,379305
75862,151724,227586,303448,379310
75863,151726,227589,303452,379315
75864,151728,227592,303456,379320
75865,151730,227595,303460,379325
75866,151732,227598,303464,379330
75867,151734,227601,303468,379335
75868,151736,227604,303472,379340
75869,151738,227607,303476,379345
75870,151740,227610,303480,379350
75871,151742,227613,303484,379355
75872,151744,227616,303488,379360
75873,151746,227619,303492,379365
75874,151748,227622,303496,379370
75875,151750,227625,303500,379375
75876,151752,227628,303504,379380
75877,151754,227631,303508,379385
75878,151756,227634,303512,379390
75879,151758,227637,303516,379395
75880,151760,227640,303520,379400
75881,151762,227643,303524,379405
75882,151764,227646,303528,379410
75883,151766,227649,303532,379415
75884,151768,227652,303536,379420
75885,151770,227655,303540,379425
75886,151772,227658,303544,379430
75887,151774,227661,303548,379435
75888,151776,227664,303552,379440
75889,151778,227667,303556,379445
75890,151780,227670,303560,379450
75891,151782,227673,303564,379455
75892,151784,227676,303568,379460
75893,151786,227679,303572,379465
75894,151788,227682,303576,379470
75895,151790,227685,303580,379475
75896,151792,227688,303584,379480
75897,151794,227691,303588,379485
75898,151796,227694,303592,379490
75899,151798,227697,303596,379495
75900,151800,227700,303600,379500
75901,151802,227703,303604,379505
75902,151804,227706,303608,379510
75903,151806,227709,303612,379515
75904,151808,227712,303616,379520
75905,151810,227715,303620,379525
75906,151812,227718,303624,379530
75907,151814,227721,303628,379535
75908,151816,227724,303632,379540
75909,151818,227727,303636,379545
75910,151820,227730,303640,379550
75911,151822,227733,303644,379555
75912,151824,227736,303648,379560
75913,151826,227739,303652,379565
75914,151828,227742,303656,379570
75915,151830,227745,303660,379575
75916,151832,227748,303664,379580
75917,151834,227751,303668,379585
75918,151836,227754,303672,379590
75919,151838,227757,303676,379595
75920,151840,227760,303680,379600
75921,151842,227763,303684,379605
75922,151844,227766,303688,379610
75923,151846,227769,303692,379615
75924,151848,227772,303696,379620
75925,151850,227775,303700,379625
75926,151852,227778,303704,379630
75927,151854,227781,303708,379635
75928,151856,227784,303712,379640
75929,151858,227787,303716,379645
75930,151860,227790,303720,379650
75931,151862,227793,303724,379655
75932,151864,227796,303728,379660
75933,151866,227799,303732,379665
75934,151868,227802,303736,379670
75935,151870,227805,303740,379675
75936,151872,227808,303744,379680
75937,151874,227811,303748,379685
75938,151876,227814,303752,379690
75939,151878,227817,303756,379695
75940,151880,227820,303760,379700
75941,151882,227823,303764,379705
75942,151884,227826,303768,379710
75943,151886,227829,303772,379715
75944,151888,227832,303776,379720
75945,151890,227835,303780,379725
75946,151892,227838,303784,379730
75947,151894,227841,303788,379735
75948,151896,227844,303792,379740
75949,151898,227847,303796,379745
75950,151900,227850,303800,379750
75951,151902,227853,303804,379755
75952,151904,227856,303808,379760
75953,151906,227859,303812,379765
75954,151908,227862,303816,379770
75955,151910,227865,303820,379775
75956,151912,227868,303824,379780
75957,151914,227871,303828,379785
75958,151916,227874,303832,379790
75959,151918,227877,303836,379795
75960,151920,227880,303840,379800
75961,151922,227883,303844,379805
75962,151924,227886,303848,379810
75963,151926,227889,303852,379815
75964,151928,227892,303856,379820
75965,151930,227895,303860,379825
75966,151932,227898,303864,379830
75967,151934,227901,303868,379835
75968,151936,227904,303872,379840
75969,151938,227907,303876,379845
75970,151940,227910,303880,379850
75971,151942,227913,303884,379855
75972,151944,227916,303888,379860
75973,151946,227919,303892,379865
75974,151948,227922,303896,379870
75975,151950,227925,303900,379875
75976,151952,227928,303904,379880
75977,151954,227931,303908,379885
75978,151956,227934,303912,379890
75979,151958,227937,303916,379895
75980,151960,227940,303920,379900
75981,151962,227943,303924,379905
75982,151964,227946,303928,379910
75983,151966,227949,303932,379915
75984,151968,227952,303936,379920
75985,151970,227955,303940,379925
75986,151972,227958,303944,379930
75987,151974,227961,303948,379935
75988,151976,227964,303952,379940
75989,151978,227967,303956,379945
75990,151980,227970,303960,379950
75991,151982,227973,303964,379955
75992,151984,227976,303968,379960
75993,151986,227979,303972,379965
75994,151988,227982,303976,379970
75995,151990,227985,303980,379975
75996,151992,227988,303984,379980
75997,151994,227991,303988,379985
75998,151996,227994,303992,379990
75999,151998,227997,303996,379995
76000,152000,228000,304000,380000
76001,152002,228003,304004,380005
76002,152004,228006,304008,380010
76003,152006,228009,304012,380015
76004,152008,228012,304016,380020
76005,152010,228015,304020,380025
76006,152012,228018,304024,380030
76007,152014,228021,304028,380035
76008,152016,228024,304032,380040
76009,152018,228027,304036,380045
76010,152020,228030,304040,380050
76011,152022,228033,304044,380055
76012,152024,228036,304048,380060
76013,152026,228039,304052,380065
76014,152028,228042,304056,380070
76015,152030,228045,304060,380075
76016,152032,228048,304064,380080
76017,152034,228051,304068,380085
76018,152036,228054,304072,380090
76019,152038,228057,304076,380095
76020,152040,228060,304080,380100
76021,152042,228063,304084,380105
76022,152044,228066,304088,380110
76023,152046,228069,304092,380115
76024,152048,228072,304096,380120
76025,152050,228075,304100,380125
76026,152052,228078,304104,380130
76027,152054,228081,304108,380135
76028,152056,228084,304112,380140
76029,152058,228087,304116,380145
76030,152060,228090,304120,380150
76031,152062,228093,304124,380155
76032,152064,228096,304128,380160
76033,152066,228099,304132,380165
76034,152068,228102,304136,380170
76035,152070,228105,304140,380175
76036,152072,228108,304144,380180
76037,152074,228111,304148,380185
76038,152076,228114,304152,380190
76039,152078,228117,304156,380195
76040,152080,228120,304160,380200
76041,152082,228123,304164,380205
76042,152084,228126,304168,380210
76043,152086,228129,304172,380215
76044,152088,228132,304176,380220
76045,152090,228135,304180,380225
76046,152092,228138,304184,380230
76047,152094,228141,304188,380235
76048,152096,228144,304192,380240
76049,152098,228147,304196,380245
76050,152100,228150,304200,380250
76051,152102,228153,304204,380255
76052,152104,228156,304208,380260
76053,152106,228159,304212,380265
76054,152108,228162,304216,380270
76055,152110,228165,304220,380275
76056,152112,228168,304224,380280
76057,152114,228171,304228,380285
76058,152116,228174,304232,380290
76059,152118,228177,304236,380295
76060,152120,228180,304240,380300
76061,152122,228183,304244,380305
76062,152124,228186,304248,380310
76063,152126,228189,304252,380315
76064,152128,228192,304256,380320
76065,152130,228195,304260,380325
76066,152132,228198,304264,380330
76067,152134,228201,304268,380335
76068,152136,228204,304272,380340
76069,152138,228207,304276,380345
76070,152140,228210,304280,380350
76071,152142,228213,304284,380355
76072,152144,228216,304288,380360
76073,152146,228219,304292,380365
76074,152148,228222,304296,380370
76075,152150,228225,304300,380375
76076,152152,228228,304304,380380
76077,152154,228231,304308,380385
76078,152156,228234,304312,380390
76079,152158,228237,304316,380395
76080,152160,228240,304320,380400
76081,152162,228243,304324,380405
76082,152164,228246,304328,380410
76083,152166,228249,304332,380415
76084,152168,228252,304336,380420
76085,152170,228255,304340,380425
76086,152172,228258,304344,380430
76087,152174,228261,304348,380435
76088,152176,228264,304352,380440
76089,152178,228267,304356,380445
76090,152180,228270,304360,380450
76091,152182,228273,304364,380455
76092,152184,228276,304368,380460
76093,152186,228279,304372,380465
76094,152188,228282,304376,380470
76095,152190,228285,304380,380475
76096,152192,228288,304384,380480
76097,152194,228291,304388,380485
76098,152196,228294,304392,380490
76099,152198,228297,304396,380495
76100,152200,228300,304400,380500
76101,152202,228303,304404,380505
76102,152204,228306,304408,380510
76103,152206,228309,304412,380515
76104,152208,228312,304416,380520
76105,152210,228315,304420,380525
76106,152212,228318,304424,380530
76107,152214,228321,304428,380535
76108,152216,228324,304432,380540
76109,152218,228327,304436,380545
76110,152220,228330,304440,380550
76111,152222,228333,304444,380555
76112,152224,228336,304448,380560
76113,152226,228339,304452,380565
76114,152228,228342,304456,380570
76115,152230,228345,304460,380575
76116,152232,228348,304464,380580
76117,152234,228351,304468,380585
76118,152236,228354,304472,380590
76119,152238,228357,304476,380595
76120,152240,228360,304480,380600
76121,152242,228363,304484,380605
76122,152244,228366,304488,380610
76123,152246,228369,304492,380615
76124,152248,228372,304496,380620
76125,152250,228375,304500,380625
76126,152252,228378,304504,380630
76127,152254,228381,304508,380635
76128,152256,228384,304512,380640
76129,152258,228387,304516,380645
76130,152260,228390,304520,380650
76131,152262,228393,304524,380655
76132,152264,228396,304528,380660
76133,152266,228399,304532,380665
76134,152268,228402,304536,380670
76135,152270,228405,304540,380675
76136,152272,228408,304544,380680
76137,152274,228411,304548,380685
76138,152276,228414,304552,380690
76139,152278,228417,304556,380695
76140,152280,228420,304560,380700
76141,152282,228423,304564,380705
76142,152284,228426,304568,380710
76143,152286,228429,304572,380715
76144,152288,228432,304576,380720
76145,152290,228435,304580,380725
76146,152292,228438,304584,380730
76147,152294,228441,304588,380735
76148,152296,228444,304592,380740
76149,152298,228447,304596,380745
76150,152300,228450,304600,380750
76151,152302,228453,304604,380755
76152,152304,228456,304608,380760
76153,152306,228459,304612,380765
76154,152308,228462,304616,380770
76155,152310,228465,304620,380775
76156,152312,228468,304624,380780
76157,152314,228471,304628,380785
76158,152316,228474,304632,380790
76159,152318,228477,304636,380795
76160,152320,228480,304640,380800
76161,152322,228483,304644,380805
76162,152324,228486,304648,380810
76163,152326,228489,304652,380815
76164,152328,228492,304656,380820
76165,152330,228495,304660,380825
76166,152332,228498,304664,380830
76167,152334,228501,304668,380835
76168,152336,228504,304672,380840
76169,152338,228507,304676,380845
76170,152340,228510,304680,380850
76171,152342,228513,304684,380855
76172,152344,228516,304688,380860
76173,152346,228519,304692,380865
76174,152348,228522,304696,380870
76175,152350,228525,304700,380875
76176,152352,228528,304704,380880
76177,152354,228531,304708,380885
76178,152356,228534,304712,380890
76179,152358,228537,304716,380895
76180,152360,228540,304720,380900
76181,152362,228543,304724,380905
76182,152364,228546,304728,380910
76183,152366,228549,304732,380915
76184,152368,228552,304736,380920
76185,152370,228555,304740,380925
76186,152372,228558,304744,380930
76187,152374,228561,304748,380935
76188,152376,228564,304752,380940
76189,152378,228567,304756,380945
76190,152380,228570,304760,380950
76191,152382,228573,304764,380955
76192,152384,228576,304768,380960
76193,152386,228579,304772,380965
76194,152388,228582,304776,380970
76195,152390,228585,304780,380975
76196,152392,228588,304784,380980
76197,152394,228591,304788,380985
76198,152396,228594,304792,380990
76199,152398,228597,304796,380995
76200,152400,228600,304800,381000
76201,152402,228603,304804,381005
76202,152404,228606,304808,381010
76203,152406,228609,304812,381015
76204,152408,228612,304816,381020
76205,152410,228615,304820,381025
76206,152412,228618,304824,381030
76207,152414,228621,304828,381035
76208,152416,228624,304832,381040
76209,152418,228627,304836,381045
76210,152420,228630,304840,381050
76211,152422,228633,304844,381055
76212,152424,228636,304848,381060
76213,152426,228639,304852,381065
76214,152428,228642,304856,381070
76215,152430,228645,304860,381075
76216,152432,228648,304864,381080
76217,152434,228651,304868,381085
76218,152436,228654,304872,381090
76219,152438,228657,304876,381095
76220,152440,228660,304880,381100
76221,152442,228663,304884,381105
76222,152444,228666,304888,381110
76223,152446,228669,304892,381115
76224,152448,228672,304896,381120
76225,152450,228675,304900,381125
76226,152452,228678,304904,381130
76227,152454,228681,304908,381135
76228,152456,228684,304912,381140
76229,152458,228687,304916,381145
76230,152460,228690,304920,381150
76231,152462,228693,304924,381155
76232,152464,228696,304928,381160
76233,152466,228699,304932,381165
76234,152468,228702,304936,381170
76235,152470,228705,304940,381175
76236,152472,228708,304944,381180
76237,152474,228711,304948,381185
76238,152476,228714,304952,381190
76239,152478,228717,304956,381195
76240,152480,228720,304960,381200
76241,152482,228723,304964,381205
76242,152484,228726,304968,381210
76243,152486,228729,304972,381215
76244,152488,228732,304976,381220
76245,152490,228735,304980,381225
76246,152492,228738,304984,381230
76247,152494,228741,304988,381235
76248,152496,228744,304992,381240
76249,152498,228747,304996,381245
76250,152500,228750,305000,381250
76251,152502,228753,305004,381255
76252,152504,228756,305008,381260
76253,152506,228759,305012,381265
76254,152508,228762,305016,381270
76255,152510,228765,305020,381275
76256,152512,228768,305024,381280
76257,152514,228771,305028,381285
76258,152516,228774,305032,381290
76259,152518,228777,305036,381295
76260,152520,228780,305040,381300
76261,152522,228783,305044,381305
76262,152524,228786,305048,381310
76263,152526,228789,305052,381315
76264,152528,228792,305056,381320
76265,152530,228795,305060,381325
76266,152532,228798,305064,381330
76267,152534,228801,305068,381335
76268,152536,228804,305072,381340
76269,152538,228807,305076,381345
76270,152540,228810,305080,381350
76271,152542,228813,305084,381355
76272,152544,228816,305088,381360
76273,152546,228819,305092,381365
76274,152548,228822,305096,381370
76275,152550,228825,305100,381375
76276,152552,228828,305104,381380
76277,152554,228831,305108,381385
76278,152556,228834,305112,381390
76279,152558,228837,305116,381395
76280,152560,228840,305120,381400
76281,152562,228843,305124,381405
76282,152564,228846,305128,381410
76283,152566,228849,305132,381415
76284,152568,228852,305136,381420
76285,152570,228855,305140,381425
76286,152572,228858,305144,381430
76287,152574,228861,305148,381435
76288,152576,228864,305152,381440
76289,152578,228867,305156,381445
76290,152580,228870,305160,381450
76291,152582,228873,305164,381455
76292,152584,228876,305168,381460
76293,152586,228879,305172,381465
76294,152588,228882,305176,381470
76295,152590,228885,305180,381475
76296,152592,228888,305184,381480
76297,152594,228891,305188,381485
76298,152596,228894,305192,381490
76299,152598,228897,305196,381495
76300,152600,228900,305200,381500
76301,152602,228903,305204,381505
76302,152604,228906,305208,381510
76303,152606,228909,305212,381515
76304,152608,228912,305216,381520
76305,152610,228915,305220,381525
76306,152612,228918,305224,381530
76307,152614,228921,305228,381535
76308,152616,228924,305232,381540
76309,152618,228927,305236,381545
76310,152620,228930,305240,381550
76311,152622,228933,305244,381555
76312,152624,228936,305248,381560
76313,152626,228939,305252,381565
76314,152628,228942,305256,381570
76315,152630,228945,305260,381575
76316,152632,228948,305264,381580
76317,152634,228951,305268,381585
76318,152636,228954,305272,381590
76319,152638,228957,305276,381595
76320,152640,228960,305280,381600
76321,152642,228963,305284,381605
76322,152644,228966,305288,381610
76323,152646,228969,305292,381615
76324,152648,228972,305296,381620
76325,152650,228975,305300,381625
76326,152652,228978,305304,381630
76327,152654,228981,305308,381635
76328,152656,228984,305312,381640
76329,152658,228987,305316,381645
76330,152660,228990,305320,381650
76331,152662,228993,305324,381655
76332,152664,228996,305328,381660
76333,152666,228999,305332,381665
76334,152668,229002,305336,381670
76335,152670,229005,305340,381675
76336,152672,229008,305344,381680
76337,152674,229011,305348,381685
76338,152676,229014,305352,381690
76339,152678,229017,305356,381695
76340,152680,229020,305360,381700
76341,152682,229023,305364,381705
76342,152684,229026,305368,381710
76343,152686,229029,305372,381715
76344,152688,229032,305376,381720
76345,152690,229035,305380,381725
76346,152692,229038,305384,381730
76347,152694,229041,305388,381735
76348,152696,229044,305392,381740
76349,152698,229047,305396,381745
76350,152700,229050,305400,381750
76351,152702,229053,305404,381755
76352,152704,229056,305408,381760
76353,152706,229059,305412,381765
76354,152708,229062,305416,381770
76355,152710,229065,305420,381775
76356,152712,229068,305424,381780
76357,152714,229071,305428,381785
76358,152716,229074,305432,381790
76359,152718,229077,305436,381795
76360,152720,229080,305440,381800
76361,152722,229083,305444,381805
76362,152724,229086,305448,381810
76363,152726,229089,305452,381815
76364,152728,229092,305456,381820
76365,152730,229095,305460,381825
76366,152732,229098,305464,381830
76367,152734,229101,305468,381835
76368,152736,229104,305472,381840
76369,152738,229107,305476,381845
76370,152740,229110,305480,381850
76371,152742,229113,305484,381855
76372,152744,229116,305488,381860
76373,152746,229119,305492,381865
76374,152748,229122,305496,381870
76375,152750,229125,305500,381875
76376,152752,229128,305504,381880
76377,152754,229131,305508,381885
76378,152756,229134,305512,381890
76379,152758,229137,305516,381895
76380,152760,229140,305520,381900
76381,152762,229143,305524,381905
76382,152764,229146,305528,381910
76383,152766,229149,305532,381915
76384,152768,229152,305536,381920
76385,152770,229155,305540,381925
76386,152772,229158,305544,381930
76387,152774,229161,305548,381935
76388,152776,229164,305552,381940
76389,152778,229167,305556,381945
76390,152780,229170,305560,381950
76391,152782,229173,305564,381955
76392,152784,229176,305568,381960
76393,152786,229179,305572,381965
76394,152788,229182,305576,381970
76395,152790,229185,305580,381975
76396,152792,229188,305584,381980
76397,152794,229191,305588,381985
76398,152796,229194,305592,381990
76399,152798,229197,305596,381995
76400,152800,229200,305600,382000
76401,152802,229203,305604,382005
76402,152804,229206,305608,382010
76403,152806,229209,305612,382015
76404,152808,229212,305616,382020
76405,152810,229215,305620,382025
76406,152812,229218,305624,382030
76407,152814,229221,305628,382035
76408,152816,229224,305632,382040
76409,152818,229227,305636,382045
76410,152820,229230,305640,382050
76411,152822,229233,305644,382055
76412,152824,229236,305648,382060
76413,152826,229239,305652,382065
76414,152828,229242,305656,382070
76415,152830,229245,305660,382075
76416,152832,229248,305664,382080
76417,152834,229251,305668,382085
76418,152836,229254,305672,382090
76419,152838,229257,305676,382095
76420,152840,229260,305680,382100
76421,152842,229263,305684,382105
76422,152844,229266,305688,382110
76423,152846,229269,305692,382115
76424,152848,229272,305696,382120
76425,152850,229275,305700,382125
76426,152852,229278,305704,382130
76427,152854,229281,305708,382135
76428,152856,229284,305712,382140
76429,152858,229287,305716,382145
76430,152860,229290,305720,382150
76431,152862,229293,305724,382155
76432,152864,229296,305728,382160
76433,152866,229299,305732,382165
76434,152868,229302,305736,382170
76435,152870,229305,305740,382175
76436,152872,229308,305744,382180
76437,152874,229311,305748,382185
76438,152876,229314,305752,382190
76439,152878,229317,305756,382195
76440,152880,229320,305760,382200
76441,152882,229323,305764,382205
76442,152884,229326,305768,382210
76443,152886,229329,305772,382215
76444,152888,229332,305776,382220
76445,152890,229335,305780,382225
76446,152892,229338,305784,382230
76447,152894,229341,305788,382235
76448,152896,229344,305792,382240
76449,152898,229347,305796,382245
76450,152900,229350,305800,382250
76451,152902,229353,305804,382255
76452,152904,229356,305808,382260
76453,152906,229359,305812,382265
76454,152908,229362,305816,382270
76455,152910,229365,305820,382275
76456,152912,229368,305824,382280
76457,152914,229371,305828,382285
76458,152916,229374,305832,382290
76459,152918,229377,305836,382295
76460,152920,229380,305840,382300
76461,152922,229383,305844,382305
76462,152924,229386,305848,382310
76463,152926,229389,305852,382315
76464,152928,229392,305856,382320
76465,152930,229395,305860,382325
76466,152932,229398,305864,382330
76467,152934,229401,305868,382335
76468,152936,229404,305872,382340
76469,152938,229407,305876,382345
76470,152940,229410,305880,382350
76471,152942,229413,305884,382355
76472,152944,229416,305888,382360
76473,152946,229419,305892,382365
76474,152948,229422,305896,382370
76475,152950,229425,305900,382375
76476,152952,229428,305904,382380
76477,152954,229431,305908,382385
76478,152956,229434,305912,382390
76479,152958,229437,305916,382395
76480,152960,229440,305920,382400
76481,152962,229443,305924,382405
76482,152964,229446,305928,382410
76483,152966,229449,305932,382415
76484,152968,229452,305936,382420
76485,152970,229455,305940,382425
76486,152972,229458,305944,382430
76487,152974,229461,305948,382435
76488,152976,229464,305952,382440
76489,152978,229467,305956,382445
76490,152980,229470,305960,382450
76491,152982,229473,305964,382455
76492,152984,229476,305968,382460
76493,152986,229479,305972,382465
76494,152988,229482,305976,382470
76495,152990,229485,305980,382475
76496,152992,229488,305984,382480
76497,152994,229491,305988,382485
76498,152996,229494,305992,382490
76499,152998,229497,305996,382495
76500,153000,229500,306000,382500
76501,153002,229503,306004,382505
76502,153004,229506,306008,382510
76503,153006,229509,306012,382515
76504,153008,229512,306016,382520
76505,153010,229515,306020,382525
76506,153012,229518,306024,382530
76507,153014,229521,306028,382535
76508,153016,229524,306032,382540
76509,153018,229527,306036,382545
76510,153020,229530,306040,382550
76511,153022,229533,306044,382555
76512,153024,229536,306048,382560
76513,153026,229539,306052,382565
76514,153028,229542,306056,382570
76515,153030,229545,306060,382575
76516,153032,229548,306064,382580
76517,153034,229551,306068,382585
76518,153036,229554,306072,382590
76519,153038,229557,306076,382595
76520,153040,229560,306080,382600
76521,153042,229563,306084,382605
76522,153044,229566,306088,382610
76523,153046,229569,306092,382615
76524,153048,229572,306096,382620
76525,153050,229575,306100,382625
76526,153052,229578,306104,382630
76527,153054,229581,306108,382635
76528,153056,229584,306112,382640
76529,153058,229587,306116,382645
76530,153060,229590,306120,382650
76531,153062,229593,306124,382655
76532,153064,229596,306128,382660
76533,153066,229599,306132,382665
76534,153068,229602,306136,382670
76535,153070,229605,306140,382675
76536,153072,229608,306144,382680
76537,153074,229611,306148,382685
76538,153076,229614,306152,382690
76539,153078,229617,306156,382695
76540,153080,229620,306160,382700
76541,153082,229623,306164,382705
76542,153084,229626,306168,382710
76543,153086,229629,306172,382715
76544,153088,229632,306176,382720
76545,153090,229635,306180,382725
76546,153092,229638,306184,382730
76547,153094,229641,306188,382735
76548,153096,229644,306192,382740
76549,153098,229647,306196,382745
76550,153100,229650,306200,382750
76551,153102,229653,306204,382755
76552,153104,229656,306208,382760
76553,153106,229659,306212,382765
76554,153108,229662,306216,382770
76555,153110,229665,306220,382775
76556,153112,229668,306224,382780
76557,153114,229671,306228,382785
76558,153116,229674,306232,382790
76559,153118,229677,306236,382795
76560,153120,229680,306240,382800
76561,153122,229683,306244,382805
76562,153124,229686,306248,382810
76563,153126,229689,306252,382815
76564,153128,229692,306256,382820
76565,153130,229695,306260,382825
76566,153132,229698,306264,382830
76567,153134,229701,306268,382835
76568,153136,229704,306272,382840
76569,153138,229707,306276,382845
76570,153140,229710,306280,382850
76571,153142,229713,306284,382855
76572,153144,229716,306288,382860
76573,153146,229719,306292,382865
76574,153148,229722,306296,382870
76575,153150,229725,306300,382875
76576,153152,229728,306304,382880
76577,153154,229731,306308,382885
76578,153156,229734,306312,382890
76579,153158,229737,306316,382895
76580,153160,229740,306320,382900
76581,153162,229743,306324,382905
76582,153164,229746,306328,382910
76583,153166,229749,306332,382915
76584,153168,229752,306336,382920
76585,153170,229755,306340,382925
76586,153172,229758,306344,382930
76587,153174,229761,306348,382935
76588,153176,229764,306352,382940
76589,153178,229767,306356,382945
76590,153180,229770,306360,382950
76591,153182,229773,306364,382955
76592,153184,229776,306368,382960
76593,153186,229779,306372,382965
76594,153188,229782,306376,382970
76595,153190,229785,306380,382975
76596,153192,229788,306384,382980
76597,153194,229791,306388,382985
76598,153196,229794,306392,382990
76599,153198,229797,306396,382995
76600,153200,229800,306400,383000
76601,153202,229803,306404,383005
76602,153204,229806,306408,383010
76603,153206,229809,306412,383015
76604,153208,229812,306416,383020
76605,153210,229815,306420,383025
76606,153212,229818,306424,383030
76607,153214,229821,306428,383035
76608,153216,229824,306432,383040
76609,153218,229827,306436,383045
76610,153220,229830,306440,383050
76611,153222,229833,306444,383055
76612,153224,229836,306448,383060
76613,153226,229839,306452,383065
76614,153228,229842,306456,383070
76615,153230,229845,306460,383075
76616,153232,229848,306464,383080
76617,153234,229851,306468,383085
76618,153236,229854,306472,383090
76619,153238,229857,306476,383095
76620,153240,229860,306480,383100
76621,153242,229863,306484,383105
76622,153244,229866,306488,383110
76623,153246,229869,306492,383115
76624,153248,229872,306496,383120
76625,153250,229875,306500,383125
76626,153252,229878,306504,383130
76627,153254,229881,306508,383135
76628,153256,229884,306512,383140
76629,153258,229887,306516,383145
76630,153260,229890,306520,383150
76631,153262,229893,306524,383155
76632,153264,229896,306528,383160
76633,153266,229899,306532,383165
76634,153268,229902,306536,383170
76635,153270,229905,306540,383175
76636,153272,229908,306544,383180
76637,153274,229911,306548,383185
76638,153276,229914,306552,383190
76639,153278,229917,306556,383195
76640,153280,229920,306560,383200
76641,153282,229923,306564,383205
76642,153284,229926,306568,383210
76643,153286,229929,306572,383215
76644,153288,229932,306576,383220
76645,153290,229935,306580,383225
76646,153292,229938,306584,383230
76647,153294,229941,306588,383235
76648,153296,229944,306592,383240
76649,153298,229947,306596,383245
76650,153300,229950,306600,383250
76651,153302,229953,306604,383255
76652,153304,229956,306608,383260
76653,153306,229959,306612,383265
76654,153308,229962,306616,383270
76655,153310,229965,306620,383275
76656,153312,229968,306624,383280
76657,153314,229971,306628,383285
76658,153316,229974,306632,383290
76659,153318,229977,306636,383295
76660,153320,229980,306640,383300
76661,153322,229983,306644,383305
76662,153324,229986,306648,383310
76663,153326,229989,306652,383315
76664,153328,229992,306656,383320
76665,153330,229995,306660,383325
76666,153332,229998,306664,383330
76667,153334,230001,306668,383335
76668,153336,230004,306672,383340
76669,153338,230007,306676,383345
76670,153340,230010,306680,383350
76671,153342,230013,306684,383355
76672,153344,230016,306688,383360
76673,153346,230019,306692,383365
76674,153348,230022,306696,383370
76675,153350,230025,306700,383375
76676,153352,230028,306704,383380
76677,153354,230031,306708,383385
76678,153356,230034,306712,383390
76679,153358,230037,306716,383395
76680,153360,230040,306720,383400
76681,153362,230043,306724,383405
76682,153364,230046,306728,383410
76683,153366,230049,306732,383415
76684,153368,230052,306736,383420
76685,153370,230055,306740,383425
76686,153372,230058,306744,383430
76687,153374,230061,306748,383435
76688,153376,230064,306752,383440
76689,153378,230067,306756,383445
76690,153380,230070,306760,383450
76691,153382,230073,306764,383455
76692,153384,230076,306768,383460
76693,153386,230079,306772,383465
76694,153388,230082,306776,383470
76695,153390,230085,306780,383475
76696,153392,230088,306784,383480
76697,153394,230091,306788,383485
76698,153396,230094,306792,383490
76699,153398,230097,306796,383495
76700,153400,230100,306800,383500
76701,153402,230103,306804,383505
76702,153404,230106,306808,383510
76703,153406,230109,306812,383515
76704,153408,230112,306816,383520
76705,153410,230115,306820,383525
76706,153412,230118,306824,383530
76707,153414,230121,306828,383535
76708,153416,230124,306832,383540
76709,153418,230127,306836,383545
76710,153420,230130,306840,383550
76711,153422,230133,306844,383555
76712,153424,230136,306848,383560
76713,153426,230139,306852,383565
76714,153428,230142,306856,383570
76715,153430,230145,306860,383575
76716,153432,230148,306864,383580
76717,153434,230151,306868,383585
76718,153436,230154,306872,383590
76719,153438,230157,306876,383595
76720,153440,230160,306880,383600
76721,153442,230163,306884,383605
76722,153444,230166,306888,383610
76723,153446,230169,306892,383615
76724,153448,230172,306896,383620
76725,153450,230175,306900,383625
76726,153452,230178,306904,383630
76727,153454,230181,306908,383635
76728,153456,230184,306912,383640
76729,153458,230187,306916,383645
76730,153460,230190,306920,383650
76731,153462,230193,306924,383655
76732,153464,230196,306928,383660
76733,153466,230199,306932,383665
76734,153468,230202,306936,383670
76735,153470,230205,306940,383675
76736,153472,230208,306944,383680
76737,153474,230211,306948,383685
76738,153476,230214,306952,383690
76739,153478,230217,306956,383695
76740,153480,230220,306960,383700
76741,153482,230223,306964,383705
76742,153484,230226,306968,383710
76743,153486,230229,306972,383715
76744,153488,230232,306976,383720
76745,153490,230235,306980,383725
76746,153492,230238,306984,383730
76747,153494,230241,306988,383735
76748,153496,230244,306992,383740
76749,153498,230247,306996,383745
76750,153500,230250,307000,383750
76751,153502,230253,307004,383755
76752,153504,230256,307008,383760
76753,153506,230259,307012,383765
76754,153508,230262,307016,383770
76755,153510,230265,307020,383775
76756,153512,230268,307024,383780
76757,153514,230271,307028,383785
76758,153516,230274,307032,383790
76759,153518,230277,307036,383795
76760,153520,230280,307040,383800
76761,153522,230283,307044,383805
76762,153524,230286,307048,383810
76763,153526,230289,307052,383815
76764,153528,230292,307056,383820
76765,153530,230295,307060,383825
76766,153532,230298,307064,383830
76767,153534,230301,307068,383835
76768,153536,230304,307072,383840
76769,153538,230307,307076,383845
76770,153540,230310,307080,383850
76771,153542,230313,307084,383855
76772,153544,230316,307088,383860
76773,153546,230319,307092,383865
76774,153548,230322,307096,383870
76775,153550,230325,307100,383875
76776,153552,230328,307104,383880
76777,153554,230331,307108,383885
76778,153556,230334,307112,383890
76779,153558,230337,307116,383895
76780,153560,230340,307120,383900
76781,153562,230343,307124,383905
76782,153564,230346,307128,383910
76783,153566,230349,307132,383915
76784,153568,230352,307136,383920
76785,153570,230355,307140,383925
76786,153572,230358,307144,383930
76787,153574,230361,307148,383935
76788,153576,230364,307152,383940
76789,153578,230367,307156,383945
76790,153580,230370,307160,383950
76791,153582,230373,307164,383955
76792,153584,230376,307168,383960
76793,153586,230379,307172,383965
76794,153588,230382,307176,383970
76795,153590,230385,307180,383975
76796,153592,230388,307184,383980
76797,153594,230391,307188,383985
76798,153596,230394,307192,383990
76799,153598,230397,307196,383995
76800,153600,230400,307200,384000
76801,153602,230403,307204,384005
76802,153604,230406,307208,384010
76803,153606,230409,307212,384015
76804,153608,230412,307216,384020
76805,153610,230415,307220,384025
76806,153612,230418,307224,384030
76807,153614,230421,307228,384035
76808,153616,230424,307232,384040
76809,153618,230427,307236,384045
76810,153620,230430,307240,384050
76811,153622,230433,307244,384055
76812,153624,230436,307248,384060
76813,153626,230439,307252,384065
76814,153628,230442,307256,384070
76815,153630,230445,307260,384075
76816,153632,230448,307264,384080
76817,153634,230451,307268,384085
76818,153636,230454,307272,384090
76819,153638,230457,307276,384095
76820,153640,230460,307280,384100
76821,153642,230463,307284,384105
76822,153644,230466,307288,384110
76823,153646,230469,307292,384115
76824,153648,230472,307296,384120
76825,153650,230475,307300,384125
76826,153652,230478,307304,384130
76827,153654,230481,307308,384135
76828,153656,230484,307312,384140
76829,153658,230487,307316,384145
76830,153660,230490,307320,384150
76831,153662,230493,307324,384155
76832,153664,230496,307328,384160
76833,153666,230499,307332,384165
76834,153668,230502,307336,384170
76835,153670,230505,307340,384175
76836,153672,230508,307344,384180
76837,153674,230511,307348,384185
76838,153676,230514,307352,384190
76839,153678,230517,307356,384195
76840,153680,230520,307360,384200
76841,153682,230523,307364,384205
76842,153684,230526,307368,384210
76843,153686,230529,307372,384215
76844,153688,230532,307376,384220
76845,153690,230535,307380,384225
76846,153692,230538,307384,384230
76847,153694,230541,307388,384235
76848,153696,230544,307392,384240
76849,153698,230547,307396,384245
76850,153700,230550,307400,384250
76851,153702,230553,307404,384255
76852,153704,230556,307408,384260
76853,153706,230559,307412,384265
76854,153708,230562,307416,384270
76855,153710,230565,307420,384275
76856,153712,230568,307424,384280
76857,153714,230571,307428,384285
76858,153716,230574,307432,384290
76859,153718,230577,307436,384295
76860,153720,230580,307440,384300
76861,153722,230583,307444,384305
76862,153724,230586,307448,384310
76863,153726,230589,307452,384315
76864,153728,230592,307456,384320
76865,153730,230595,307460,384325
76866,153732,230598,307464,384330
76867,153734,230601,307468,384335
76868,153736,230604,307472,384340
76869,153738,230607,307476,384345
76870,153740,230610,307480,384350
76871,153742,230613,307484,384355
76872,153744,230616,307488,384360
76873,153746,230619,307492,384365
76874,153748,230622,307496,384370
76875,153750,230625,307500,384375
76876,153752,230628,307504,384380
76877,153754,230631,307508,384385
76878,153756,230634,307512,384390
76879,153758,230637,307516,384395
76880,153760,230640,307520,384400
76881,153762,230643,307524,384405
76882,153764,230646,307528,384410
76883,153766,230649,307532,384415
76884,153768,230652,307536,384420
76885,153770,230655,307540,384425
76886,153772,230658,307544,384430
76887,153774,230661,307548,384435
76888,153776,230664,307552,384440
76889,153778,230667,307556,384445
76890,153780,230670,307560,384450
76891,153782,230673,307564,384455
76892,153784,230676,307568,384460
76893,153786,230679,307572,384465
76894,153788,230682,307576,384470
76895,153790,230685,307580,384475
76896,153792,230688,307584,384480
76897,153794,230691,307588,384485
76898,153796,230694,307592,384490
76899,153798,230697,307596,384495
76900,153800,230700,307600,384500
76901,153802,230703,307604,384505
76902,153804,230706,307608,384510
76903,153806,230709,307612,384515
76904,153808,230712,307616,384520
76905,153810,230715,307620,384525
76906,153812,230718,307624,384530
76907,153814,230721,307628,384535
76908,153816,230724,307632,384540
76909,153818,230727,307636,384545
76910,153820,230730,307640,384550
76911,153822,230733,307644,384555
76912,153824,230736,307648,384560
76913,153826,230739,307652,384565
76914,153828,230742,307656,384570
76915,153830,230745,307660,384575
76916,153832,230748,307664,384580
76917,153834,230751,307668,384585
76918,153836,230754,307672,384590
76919,153838,230757,307676,384595
76920,153840,230760,307680,384600
76921,153842,230763,307684,384605
76922,153844,230766,307688,384610
76923,153846,230769,307692,384615
76924,153848,230772,307696,384620
76925,153850,230775,307700,384625
76926,153852,230778,307704,384630
76927,153854,230781,307708,384635
76928,153856,230784,307712,384640
76929,153858,230787,307716,384645
76930,153860,230790,307720,384650
76931,153862,230793,307724,384655
76932,153864,230796,307728,384660
76933,153866,230799,307732,384665
76934,153868,230802,307736,384670
76935,153870,230805,307740,384675
76936,153872,230808,307744,384680
76937,153874,230811,307748,384685
76938,153876,230814,307752,384690
76939,153878,230817,307756,384695
76940,153880,230820,307760,384700
76941,153882,230823,307764,384705
76942,153884,230826,307768,384710
76943,153886,230829,307772,384715
76944,153888,230832,307776,384720
76945,153890,230835,307780,384725
76946,153892,230838,307784,384730
76947,153894,230841,307788,384735
76948,153896,230844,307792,384740
76949,153898,230847,307796,384745
76950,153900,230850,307800,384750
76951,153902,230853,307804,384755
76952,153904,230856,307808,384760
76953,153906,230859,307812,384765
76954,153908,230862,307816,384770
76955,153910,230865,307820,384775
76956,153912,230868,307824,384780
76957,153914,230871,307828,384785
76958,153916,230874,307832,384790
76959,153918,230877,307836,384795
76960,153920,230880,307840,384800
76961,153922,230883,307844,384805
76962,153924,230886,307848,384810
76963,153926,230889,307852,384815
76964,153928,230892,307856,384820
76965,153930,230895,307860,384825
76966,153932,230898,307864,384830
76967,153934,230901,307868,384835
76968,153936,230904,307872,384840
76969,153938,230907,307876,384845
76970,153940,230910,307880,384850
76971,153942,230913,307884,384855
76972,153944,230916,307888,384860
76973,153946,230919,307892,384865
76974,153948,230922,307896,384870
76975,153950,230925,307900,384875
76976,153952,230928,307904,384880
76977,153954,230931,307908,384885
76978,153956,230934,307912,384890
76979,153958,230937,307916,384895
76980,153960,230940,307920,384900
76981,153962,230943,307924,384905
76982,153964,230946,307928,384910
76983,153966,230949,307932,384915
76984,153968,230952,307936,384920
76985,153970,230955,307940,384925
76986,153972,230958,307944,384930
76987,153974,230961,307948,384935
76988,153976,230964,307952,384940
76989,153978,230967,307956,384945
76990,153980,230970,307960,384950
76991,153982,230973,307964,384955
76992,153984,230976,307968,384960
76993,153986,230979,307972,384965
76994,153988,230982,307976,384970
76995,153990,230985,307980,384975
76996,153992,230988,307984,384980
76997,153994,230991,307988,384985
76998,153996,230994,307992,384990
76999,153998,230997,307996,384995
77000,154000,231000,308000,385000
77001,154002,231003,308004,385005
77002,154004,231006,308008,385010
77003,154006,231009,308012,385015
77004,154008,231012,308016,385020
77005,154010,231015,308020,385025
77006,154012,231018,308024,385030
77007,154014,231021,308028,385035
77008,154016,231024,308032,385040
77009,154018,231027,308036,385045
77010,154020,231030,308040,385050
77011,154022,231033,308044,385055
77012,154024,231036,308048,385060
77013,154026,231039,308052,385065
77014,154028,231042,308056,385070
77015,154030,231045,308060,385075
77016,154032,231048,308064,385080
77017,154034,231051,308068,385085
77018,154036,231054,308072,385090
77019,154038,231057,308076,385095
77020,154040,231060,308080,385100
77021,154042,231063,308084,385105
77022,154044,231066,308088,385110
77023,154046,231069,308092,385115
77024,154048,231072,308096,385120
77025,154050,231075,308100,385125
77026,154052,231078,308104,385130
77027,154054,231081,308108,385135
77028,154056,231084,308112,385140
77029,154058,231087,308116,385145
77030,154060,231090,308120,385150
77031,154062,231093,308124,385155
77032,154064,231096,308128,385160
77033,154066,231099,308132,385165
77034,154068,231102,308136,385170
77035,154070,231105,308140,385175
77036,154072,231108,308144,385180
77037,154074,231111,308148,385185
77038,154076,231114,308152,385190
77039,154078,231117,308156,385195
77040,154080,231120,308160,385200
77041,154082,231123,308164,385205
77042,154084,231126,308168,385210
77043,154086,231129,308172,385215
77044,154088,231132,308176,385220
77045,154090,231135,308180,385225
77046,154092,231138,308184,385230
77047,154094,231141,308188,385235
77048,154096,231144,308192,385240
77049,154098,231147,308196,385245
77050,154100,231150,308200,385250
77051,154102,231153,308204,385255
77052,154104,231156,308208,385260
77053,154106,231159,308212,385265
77054,154108,231162,308216,385270
77055,154110,231165,308220,385275
77056,154112,231168,308224,385280
77057,154114,231171,308228,385285
77058,154116,231174,308232,385290
77059,154118,231177,308236,385295
77060,154120,231180,308240,385300
77061,154122,231183,308244,385305
77062,154124,231186,308248,385310
77063,154126,231189,308252,385315
77064,154128,231192,308256,385320
77065,154130,231195,308260,385325
77066,154132,231198,308264,385330
77067,154134,231201,308268,385335
77068,154136,231204,308272,385340
77069,154138,231207,308276,385345
77070,154140,231210,308280,385350
77071,154142,231213,308284,385355
77072,154144,231216,308288,385360
77073,154146,231219,308292,385365
77074,154148,231222,308296,385370
77075,154150,231225,308300,385375
77076,154152,231228,308304,385380
77077,154154,231231,308308,385385
77078,154156,231234,308312,385390
77079,154158,231237,308316,385395
77080,154160,231240,308320,385400
77081,154162,231243,308324,385405
77082,154164,231246,308328,385410
77083,154166,231249,308332,385415
77084,154168,231252,308336,385420
77085,154170,231255,308340,385425
77086,154172,231258,308344,385430
77087,154174,231261,308348,385435
77088,154176,231264,308352,385440
77089,154178,231267,308356,385445
77090,154180,231270,308360,385450
77091,154182,231273,308364,385455
77092,154184,231276,308368,385460
77093,154186,231279,308372,385465
77094,154188,231282,308376,385470
77095,154190,231285,308380,385475
77096,154192,231288,308384,385480
77097,154194,231291,308388,385485
77098,154196,231294,308392,385490
77099,154198,231297,308396,385495
77100,154200,231300,308400,385500
77101,154202,231303,308404,385505
77102,154204,231306,308408,385510
77103,154206,231309,308412,385515
77104,154208,231312,308416,385520
77105,154210,231315,308420,385525
77106,154212,231318,308424,385530
77107,154214,231321,308428,385535
77108,154216,231324,308432,385540
77109,154218,231327,308436,385545
77110,154220,231330,308440,385550
77111,154222,231333,308444,385555
77112,154224,231336,308448,385560
77113,154226,231339,308452,385565
77114,154228,231342,308456,385570
77115,154230,231345,308460,385575
77116,154232,231348,308464,385580
77117,154234,231351,308468,385585
77118,154236,231354,308472,385590
77119,154238,231357,308476,385595
77120,154240,231360,308480,385600
77121,154242,231363,308484,385605
77122,154244,231366,308488,385610
77123,154246,231369,308492,385615
77124,154248,231372,308496,385620
77125,154250,231375,308500,385625
77126,154252,231378,308504,385630
77127,154254,231381,308508,385635
77128,154256,231384,308512,385640
77129,154258,231387,308516,385645
77130,154260,231390,308520,385650
77131,154262,231393,308524,385655
77132,154264,231396,308528,385660
77133,154266,231399,308532,385665
77134,154268,231402,308536,385670
77135,154270,231405,308540,385675
77136,154272,231408,308544,385680
77137,154274,231411,308548,385685
77138,154276,231414,308552,385690
77139,154278,231417,308556,385695
77140,154280,231420,308560,385700
77141,154282,231423,308564,385705
77142,154284,231426,308568,385710
77143,154286,231429,308572,385715
77144,154288,231432,308576,385720
77145,154290,231435,308580,385725
77146,154292,231438,308584,385730
77147,154294,231441,308588,385735
77148,154296,231444,308592,385740
77149,154298,231447,308596,385745
77150,154300,231450,308600,385750
77151,154302,231453,308604,385755
77152,154304,231456,308608,385760
77153,154306,231459,308612,385765
77154,154308,231462,308616,385770
77155,154310,231465,308620,385775
77156,154312,231468,308624,385780
77157,154314,231471,308628,385785
77158,154316,231474,308632,385790
77159,154318,231477,308636,385795
77160,154320,231480,308640,385800
77161,154322,231483,308644,385805
77162,154324,231486,308648,385810
77163,154326,231489,308652,385815
77164,154328,231492,308656,385820
77165,154330,231495,308660,385825
77166,154332,231498,308664,385830
77167,154334,231501,308668,385835
77168,154336,231504,308672,385840
77169,154338,231507,308676,385845
77170,154340,231510,308680,385850
77171,154342,231513,308684,385855
77172,154344,231516,308688,385860
77173,154346,231519,308692,385865
77174,154348,231522,308696,385870
77175,154350,231525,308700,385875
77176,154352,231528,308704,385880
77177,154354,231531,308708,385885
77178,154356,231534,308712,385890
77179,154358,231537,308716,385895
77180,154360,231540,308720,385900
77181,154362,231543,308724,385905
77182,154364,231546,308728,385910
77183,154366,231549,308732,385915
77184,154368,231552,308736,385920
77185,154370,231555,308740,385925
77186,154372,231558,308744,385930
77187,154374,231561,308748,385935
77188,154376,231564,308752,385940
77189,154378,231567,308756,385945
77190,154380,231570,308760,385950
77191,154382,231573,308764,385955
77192,154384,231576,308768,385960
77193,154386,231579,308772,385965
77194,154388,231582,308776,385970
77195,154390,231585,308780,385975
77196,154392,231588,308784,385980
77197,154394,231591,308788,385985
77198,154396,231594,308792,385990
77199,154398,231597,308796,385995
77200,154400,231600,308800,386000
77201,154402,231603,308804,386005
77202,154404,231606,308808,386010
77203,154406,231609,308812,386015
77204,154408,231612,308816,386020
77205,154410,231615,308820,386025
77206,154412,231618,308824,386030
77207,154414,231621,308828,386035
77208,154416,231624,308832,386040
77209,154418,231627,308836,386045
77210,154420,231630,308840,386050
77211,154422,231633,308844,386055
77212,154424,231636,308848,386060
77213,154426,231639,308852,386065
77214,154428,231642,308856,386070
77215,154430,231645,308860,386075
77216,154432,231648,308864,386080
77217,154434,231651,308868,386085
77218,154436,231654,308872,386090
77219,154438,231657,308876,386095
77220,154440,231660,308880,386100
77221,154442,231663,308884,386105
77222,154444,231666,308888,386110
77223,154446,231669,308892,386115
77224,154448,231672,308896,386120
77225,154450,231675,308900,386125
77226,154452,231678,308904,386130
77227,154454,231681,308908,386135
77228,154456,231684,308912,386140
77229,154458,231687,308916,386145
77230,154460,231690,308920,386150
77231,154462,231693,308924,386155
77232,154464,231696,308928,386160
77233,154466,231699,308932,386165
77234,154468,231702,308936,386170
77235,154470,231705,308940,386175
77236,154472,231708,308944,386180
77237,154474,231711,308948,386185
77238,154476,231714,308952,386190
77239,154478,231717,308956,386195
77240,154480,231720,308960,386200
77241,154482,231723,308964,386205
77242,154484,231726,308968,386210
77243,154486,231729,308972,386215
77244,154488,231732,308976,386220
77245,154490,231735,308980,386225
77246,154492,231738,308984,386230
77247,154494,231741,308988,386235
77248,154496,231744,308992,386240
77249,154498,231747,308996,386245
77250,154500,231750,309000,386250
77251,154502,231753,309004,386255
77252,154504,231756,309008,386260
77253,154506,231759,309012,386265
77254,154508,231762,309016,386270
77255,154510,231765,309020,386275
77256,154512,231768,309024,386280
77257,154514,231771,309028,386285
77258,154516,231774,309032,386290
77259,154518,231777,309036,386295
77260,154520,231780,309040,386300
77261,154522,231783,309044,386305
77262,154524,231786,309048,386310
77263,154526,231789,309052,386315
77264,154528,231792,309056,386320
77265,154530,231795,309060,386325
77266,154532,231798,309064,386330
77267,154534,231801,309068,386335
77268,154536,231804,309072,386340
77269,154538,231807,309076,386345
77270,154540,231810,309080,386350
77271,154542,231813,309084,386355
77272,154544,231816,309088,386360
77273,154546,231819,309092,386365
77274,154548,231822,309096,386370
77275,154550,231825,309100,386375
77276,154552,231828,309104,386380
77277,154554,231831,309108,386385
77278,154556,231834,309112,386390
77279,154558,231837,309116,386395
77280,154560,231840,309120,386400
77281,154562,231843,309124,386405
77282,154564,231846,309128,386410
77283,154566,231849,309132,386415
77284,154568,231852,309136,386420
77285,154570,231855,309140,386425
77286,154572,231858,309144,386430
77287,154574,231861,309148,386435
77288,154576,231864,309152,386440
77289,154578,231867,309156,386445
77290,154580,231870,309160,386450
77291,154582,231873,309164,386455
77292,154584,231876,309168,386460
77293,154586,231879,309172,386465
77294,154588,231882,309176,386470
77295,154590,231885,309180,386475
77296,154592,231888,309184,386480
77297,154594,231891,309188,386485
77298,154596,231894,309192,386490
77299,154598,231897,309196,386495
77300,154600,231900,309200,386500
77301,154602,231903,309204,386505
77302,154604,231906,309208,386510
77303,154606,231909,309212,386515
77304,154608,231912,309216,386520
77305,154610,231915,309220,386525
77306,154612,231918,309224,386530
77307,154614,231921,309228,386535
77308,154616,231924,309232,386540
77309,154618,231927,309236,386545
77310,154620,231930,309240,386550
77311,154622,231933,309244,386555
77312,154624,231936,309248,386560
77313,154626,231939,309252,386565
77314,154628,231942,309256,386570
77315,154630,231945,309260,386575
77316,154632,231948,309264,386580
77317,154634,231951,309268,386585
77318,154636,231954,309272,386590
77319,154638,231957,309276,386595
77320,154640,231960,309280,386600
77321,154642,231963,309284,386605
77322,154644,231966,309288,386610
77323,154646,231969,309292,386615
77324,154648,231972,309296,386620
77325,154650,231975,309300,386625
77326,154652,231978,309304,386630
77327,154654,231981,309308,386635
77328,154656,231984,309312,386640
77329,154658,231987,309316,386645
77330,154660,231990,309320,386650
77331,154662,231993,309324,386655
77332,154664,231996,309328,386660
77333,154666,231999,309332,386665
77334,154668,232002,309336,386670
77335,154670,232005,309340,386675
77336,154672,232008,309344,386680
77337,154674,232011,309348,386685
77338,154676,232014,309352,386690
77339,154678,232017,309356,386695
77340,154680,232020,309360,386700
77341,154682,232023,309364,386705
77342,154684,232026,309368,386710
77343,154686,232029,309372,386715
77344,154688,232032,309376,386720
77345,154690,232035,309380,386725
77346,154692,232038,309384,386730
77347,154694,232041,309388,386735
77348,154696,232044,309392,386740
77349,154698,232047,309396,386745
77350,154700,232050,309400,386750
77351,154702,232053,309404,386755
77352,154704,232056,309408,386760
77353,154706,232059,309412,386765
77354,154708,232062,309416,386770
77355,154710,232065,309420,386775
77356,154712,232068,309424,386780
77357,154714,232071,309428,386785
77358,154716,232074,309432,386790
77359,154718,232077,309436,386795
77360,154720,232080,309440,386800
77361,154722,232083,309444,386805
77362,154724,232086,309448,386810
77363,154726,232089,309452,386815
77364,154728,232092,309456,386820
77365,154730,232095,309460,386825
77366,154732,232098,309464,386830
77367,154734,232101,309468,386835
77368,154736,232104,309472,386840
77369,154738,232107,309476,386845
77370,154740,232110,309480,386850
77371,154742,232113,309484,386855
77372,154744,232116,309488,386860
77373,154746,232119,309492,386865
77374,154748,232122,309496,386870
77375,154750,232125,309500,386875
77376,154752,232128,309504,386880
77377,154754,232131,309508,386885
77378,154756,232134,309512,386890
77379,154758,232137,309516,386895
77380,154760,232140,309520,386900
77381,154762,232143,309524,386905
77382,154764,232146,309528,386910
77383,154766,232149,309532,386915
77384,154768,232152,309536,386920
77385,154770,232155,309540,386925
77386,154772,232158,309544,386930
77387,154774,232161,309548,386935
77388,154776,232164,309552,386940
77389,154778,232167,309556,386945
77390,154780,232170,309560,386950
77391,154782,232173,309564,386955
77392,154784,232176,309568,386960
77393,154786,232179,309572,386965
77394,154788,232182,309576,386970
77395,154790,232185,309580,386975
77396,154792,232188,309584,386980
77397,154794,232191,309588,386985
77398,154796,232194,309592,386990
77399,154798,232197,309596,386995
77400,154800,232200,309600,387000
77401,154802,232203,309604,387005
77402,154804,232206,309608,387010
77403,154806,232209,309612,387015
77404,154808,232212,309616,387020
77405,154810,232215,309620,387025
77406,154812,232218,309624,387030
77407,154814,232221,309628,387035
77408,154816,232224,309632,387040
77409,154818,232227,309636,387045
77410,154820,232230,309640,387050
77411,154822,232233,309644,387055
77412,154824,232236,309648,387060
77413,154826,232239,309652,387065
77414,154828,232242,309656,387070
77415,154830,232245,309660,387075
77416,154832,232248,309664,387080
77417,154834,232251,309668,387085
77418,154836,232254,309672,387090
77419,154838,232257,309676,387095
77420,154840,232260,309680,387100
77421,154842,232263,309684,387105
77422,154844,232266,309688,387110
77423,154846,232269,309692,387115
77424,154848,232272,309696,387120
77425,154850,232275,309700,387125
77426,154852,232278,309704,387130
77427,154854,232281,309708,387135
77428,154856,232284,309712,387140
77429,154858,232287,309716,387145
77430,154860,232290,309720,387150
77431,154862,232293,309724,387155
77432,154864,232296,309728,387160
77433,154866,232299,309732,387165
77434,154868,232302,309736,387170
77435,154870,232305,309740,387175
77436,154872,232308,309744,387180
77437,154874,232311,309748,387185
77438,154876,232314,309752,387190
77439,154878,232317,309756,387195
77440,154880,232320,309760,387200
77441,154882,232323,309764,387205
77442,154884,232326,309768,387210
77443,154886,232329,309772,387215
77444,154888,232332,309776,387220
77445,154890,232335,309780,387225
77446,154892,232338,309784,387230
77447,154894,232341,309788,387235
77448,154896,232344,309792,387240
77449,154898,232347,309796,387245
77450,154900,232350,309800,387250
77451,154902,232353,309804,387255
77452,154904,232356,309808,387260
77453,154906,232359,309812,387265
77454,154908,232362,309816,387270
77455,154910,232365,309820,387275
77456,154912,232368,309824,387280
77457,154914,232371,309828,387285
77458,154916,232374,309832,387290
77459,154918,232377,309836,387295
77460,154920,232380,309840,387300
77461,154922,232383,309844,387305
77462,154924,232386,309848,387310
77463,154926,232389,309852,387315
77464,154928,232392,309856,387320
77465,154930,232395,309860,387325
77466,154932,232398,309864,387330
77467,154934,232401,309868,387335
77468,154936,232404,309872,387340
77469,154938,232407,309876,387345
77470,154940,232410,309880,387350
77471,154942,232413,309884,387355
77472,154944,232416,309888,387360
77473,154946,232419,309892,387365
77474,154948,232422,309896,387370
77475,154950,232425,309900,387375
77476,154952,232428,309904,387380
77477,154954,232431,309908,387385
77478,154956,232434,309912,387390
77479,154958,232437,309916,387395
77480,154960,232440,309920,387400
77481,154962,232443,309924,387405
77482,154964,232446,309928,387410
77483,154966,232449,309932,387415
77484,154968,232452,309936,387420
77485,154970,232455,309940,387425
77486,154972,232458,309944,387430
77487,154974,232461,309948,387435
77488,154976,232464,309952,387440
77489,154978,232467,309956,387445
77490,154980,232470,309960,387450
77491,154982,232473,309964,387455
77492,154984,232476,309968,387460
77493,154986,232479,309972,387465
77494,154988,232482,309976,387470
77495,154990,232485,309980,387475
77496,154992,232488,309984,387480
77497,154994,232491,309988,387485
77498,154996,232494,309992,387490
77499,154998,232497,309996,387495
77500,155000,232500,310000,387500
77501,155002,232503,310004,387505
77502,155004,232506,310008,387510
77503,155006,232509,310012,387515
77504,155008,232512,310016,387520
77505,155010,232515,310020,387525
77506,155012,232518,310024,387530
77507,155014,232521,310028,387535
77508,155016,232524,310032,387540
77509,155018,232527,310036,387545
77510,155020,232530,310040,387550
77511,155022,232533,310044,387555
77512,155024,232536,310048,387560
77513,155026,232539,310052,387565
77514,155028,232542,310056,387570
77515,155030,232545,310060,387575
77516,155032,232548,310064,387580
77517,155034,232551,310068,387585
77518,155036,232554,310072,387590
77519,155038,232557,310076,387595
77520,155040,232560,310080,387600
77521,155042,232563,310084,387605
77522,155044,232566,310088,387610
77523,155046,232569,310092,387615
77524,155048,232572,310096,387620
77525,155050,232575,310100,387625
77526,155052,232578,310104,387630
77527,155054,232581,310108,387635
77528,155056,232584,310112,387640
77529,155058,232587,310116,387645
77530,155060,232590,310120,387650
77531,155062,232593,310124,387655
77532,155064,232596,310128,387660
77533,155066,232599,310132,387665
77534,155068,232602,310136,387670
77535,155070,232605,310140,387675
77536,155072,232608,310144,387680
77537,155074,232611,310148,387685
77538,155076,232614,310152,387690
77539,155078,232617,310156,387695
77540,155080,232620,310160,387700
77541,155082,232623,310164,387705
77542,155084,232626,310168,387710
77543,155086,232629,310172,387715
77544,155088,232632,310176,387720
77545,155090,232635,310180,387725
77546,155092,232638,310184,387730
77547,155094,232641,310188,387735
77548,155096,232644,310192,387740
77549,155098,232647,310196,387745
77550,155100,232650,310200,387750
77551,155102,232653,310204,387755
77552,155104,232656,310208,387760
77553,155106,232659,310212,387765
77554,155108,232662,310216,387770
77555,155110,232665,310220,387775
77556,155112,232668,310224,387780
77557,155114,232671,310228,387785
77558,155116,232674,310232,387790
77559,155118,232677,310236,387795
77560,155120,232680,310240,387800
77561,155122,232683,310244,387805
77562,155124,232686,310248,387810
77563,155126,232689,310252,387815
77564,155128,232692,310256,387820
77565,155130,232695,310260,387825
77566,155132,232698,310264,387830
77567,155134,232701,310268,387835
77568,155136,232704,310272,387840
77569,155138,232707,310276,387845
77570,155140,232710,310280,387850
77571,155142,232713,310284,387855
77572,155144,232716,310288,387860
77573,155146,232719,310292,387865
77574,155148,232722,310296,387870
77575,155150,232725,310300,387875
77576,155152,232728,310304,387880
77577,155154,232731,310308,387885
77578,155156,232734,310312,387890
77579,155158,232737,310316,387895
77580,155160,232740,310320,387900
77581,155162,232743,310324,387905
77582,155164,232746,310328,387910
77583,155166,232749,310332,387915
77584,155168,232752,310336,387920
77585,155170,232755,310340,387925
77586,155172,232758,310344,387930
77587,155174,232761,310348,387935
77588,155176,232764,310352,387940
77589,155178,232767,310356,387945
77590,155180,232770,310360,387950
77591,155182,232773,310364,387955
77592,155184,232776,310368,387960
77593,155186,232779,310372,387965
77594,155188,232782,310376,387970
77595,155190,232785,310380,387975
77596,155192,232788,310384,387980
77597,155194,232791,310388,387985
77598,155196,232794,310392,387990
77599,155198,232797,310396,387995
77600,155200,232800,310400,388000
77601,155202,232803,310404,388005
77602,155204,232806,310408,388010
77603,155206,232809,310412,388015
77604,155208,232812,310416,388020
77605,155210,232815,310420,388025
77606,155212,232818,310424,388030
77607,155214,232821,310428,388035
77608,155216,232824,310432,388040
77609,155218,232827,310436,388045
77610,155220,232830,310440,388050
77611,155222,232833,310444,388055
77612,155224,232836,310448,388060
77613,155226,232839,310452,388065
77614,155228,232842,310456,388070
77615,155230,232845,310460,388075
77616,155232,232848,310464,388080
77617,155234,232851,310468,388085
77618,155236,232854,310472,388090
77619,155238,232857,310476,388095
77620,155240,232860,310480,388100
77621,155242,232863,310484,388105
77622,155244,232866,310488,388110
77623,155246,232869,310492,388115
77624,155248,232872,310496,388120
77625,155250,232875,310500,388125
77626,155252,232878,310504,388130
77627,155254,232881,310508,388135
77628,155256,232884,310512,388140
77629,155258,232887,310516,388145
77630,155260,232890,310520,388150
77631,155262,232893,310524,388155
77632,155264,232896,310528,388160
77633,155266,232899,310532,388165
77634,155268,232902,310536,388170
77635,155270,232905,310540,388175
77636,155272,232908,310544,388180
77637,155274,232911,310548,388185
77638,155276,232914,310552,388190
77639,155278,232917,310556,388195
77640,155280,232920,310560,388200
77641,155282,232923,310564,388205
77642,155284,232926,310568,388210
77643,155286,232929,310572,388215
77644,155288,232932,310576,388220
77645,155290,232935,310580,388225
77646,155292,232938,310584,388230
77647,155294,232941,310588,388235
77648,155296,232944,310592,388240
77649,155298,232947,310596,388245
77650,155300,232950,310600,388250
77651,155302,232953,310604,388255
77652,155304,232956,310608,388260
77653,155306,232959,310612,388265
77654,155308,232962,310616,388270
77655,155310,232965,310620,388275
77656,155312,232968,310624,388280
77657,155314,232971,310628,388285
77658,155316,232974,310632,388290
77659,155318,232977,310636,388295
77660,155320,232980,310640,388300
77661,155322,232983,310644,388305
77662,155324,232986,310648,388310
77663,155326,232989,310652,388315
77664,155328,232992,310656,388320
77665,155330,232995,310660,388325
77666,155332,232998,310664,388330
77667,155334,233001,310668,388335
77668,155336,233004,310672,388340
77669,155338,233007,310676,388345
77670,155340,233010,310680,388350
77671,155342,233013,310684,388355
77672,155344,233016,310688,388360
77673,155346,233019,310692,388365
77674,155348,233022,310696,388370
77675,155350,233025,310700,388375
77676,155352,233028,310704,388380
77677,155354,233031,310708,388385
77678,155356,233034,310712,388390
77679,155358,233037,310716,388395
77680,155360,233040,310720,388400
77681,155362,233043,310724,388405
77682,155364,233046,310728,388410
77683,155366,233049,310732,388415
77684,155368,233052,310736,388420
77685,155370,233055,310740,388425
77686,155372,233058,310744,388430
77687,155374,233061,310748,388435
77688,155376,233064,310752,388440
77689,155378,233067,310756,388445
77690,155380,233070,310760,388450
77691,155382,233073,310764,388455
77692,155384,233076,310768,388460
77693,155386,233079,310772,388465
77694,155388,233082,310776,388470
77695,155390,233085,310780,388475
77696,155392,233088,310784,388480
77697,155394,233091,310788,388485
77698,155396,233094,310792,388490
77699,155398,233097,310796,388495
77700,155400,233100,310800,388500
77701,155402,233103,310804,388505
77702,155404,233106,310808,388510
77703,155406,233109,310812,388515
77704,155408,233112,310816,388520
77705,155410,233115,310820,388525
77706,155412,233118,310824,388530
77707,155414,233121,310828,388535
77708,155416,233124,310832,388540
77709,155418,233127,310836,388545
77710,155420,233130,310840,388550
77711,155422,233133,310844,388555
77712,155424,233136,310848,388560
77713,155426,233139,310852,388565
77714,155428,233142,310856,388570
77715,155430,233145,310860,388575
77716,155432,233148,310864,388580
77717,155434,233151,310868,388585
77718,155436,233154,310872,388590
77719,155438,233157,310876,388595
77720,155440,233160,310880,388600
77721,155442,233163,310884,388605
77722,155444,233166,310888,388610
77723,155446,233169,310892,388615
77724,155448,233172,310896,388620
77725,155450,233175,310900,388625
77726,155452,233178,310904,388630
77727,155454,233181,310908,388635
77728,155456,233184,310912,388640
77729,155458,233187,310916,388645
77730,155460,233190,310920,388650
77731,155462,233193,310924,388655
77732,155464,233196,310928,388660
77733,155466,233199,310932,388665
77734,155468,233202,310936,388670
77735,155470,233205,310940,388675
77736,155472,233208,310944,388680
77737,155474,233211,310948,388685
77738,155476,233214,310952,388690
77739,155478,233217,310956,388695
77740,155480,233220,310960,388700
77741,155482,233223,310964,388705
77742,155484,233226,310968,388710
77743,155486,233229,310972,388715
77744,155488,233232,310976,388720
77745,155490,233235,310980,388725
77746,155492,233238,310984,388730
77747,155494,233241,310988,388735
77748,155496,233244,310992,388740
77749,155498,233247,310996,388745
77750,155500,233250,311000,388750
77751,155502,233253,311004,388755
77752,155504,233256,311008,388760
77753,155506,233259,311012,388765
77754,155508,233262,311016,388770
77755,155510,233265,311020,388775
77756,155512,233268,311024,388780
77757,155514,233271,311028,388785
77758,155516,233274,311032,388790
77759,155518,233277,311036,388795
77760,155520,233280,311040,388800
77761,155522,233283,311044,388805
77762,155524,233286,311048,388810
77763,155526,233289,311052,388815
77764,155528,233292,311056,388820
77765,155530,233295,311060,388825
77766,155532,233298,311064,388830
77767,155534,233301,311068,388835
77768,155536,233304,311072,388840
77769,155538,233307,311076,388845
77770,155540,233310,311080,388850
77771,155542,233313,311084,388855
77772,155544,233316,311088,388860
77773,155546,233319,311092,388865
77774,155548,233322,311096,388870
77775,155550,233325,311100,388875
77776,155552,233328,311104,388880
77777,155554,233331,311108,388885
77778,155556,233334,311112,388890
77779,155558,233337,311116,388895
77780,155560,233340,311120,388900
77781,155562,233343,311124,388905
77782,155564,233346,311128,388910
77783,155566,233349,311132,388915
77784,155568,233352,311136,388920
77785,155570,233355,311140,388925
77786,155572,233358,311144,388930
77787,155574,233361,311148,388935
77788,155576,233364,311152,388940
77789,155578,233367,311156,388945
77790,155580,233370,311160,388950
77791,155582,233373,311164,388955
77792,155584,233376,311168,388960
77793,155586,233379,311172,388965
77794,155588,233382,311176,388970
77795,155590,233385,311180,388975
77796,155592,233388,311184,388980
77797,155594,233391,311188,388985
77798,155596,233394,311192,388990
77799,155598,233397,311196,388995
77800,155600,233400,311200,389000
77801,155602,233403,311204,389005
77802,155604,233406,311208,389010
77803,155606,233409,311212,389015
77804,155608,233412,311216,389020
77805,155610,233415,311220,389025
77806,155612,233418,311224,389030
77807,155614,233421,311228,389035
77808,155616,233424,311232,389040
77809,155618,233427,311236,389045
77810,155620,233430,311240,389050
77811,155622,233433,311244,389055
77812,155624,233436,311248,389060
77813,155626,233439,311252,389065
77814,155628,233442,311256,389070
77815,155630,233445,311260,389075
77816,155632,233448,311264,389080
77817,155634,233451,311268,389085
77818,155636,233454,311272,389090
77819,155638,233457,311276,389095
77820,155640,233460,311280,389100
77821,155642,233463,311284,389105
77822,155644,233466,311288,389110
77823,155646,233469,311292,389115
77824,155648,233472,311296,389120
77825,155650,233475,311300,389125
77826,155652,233478,311304,389130
77827,155654,233481,311308,389135
77828,155656,233484,311312,389140
77829,155658,233487,311316,389145
77830,155660,233490,311320,389150
77831,155662,233493,311324,389155
77832,155664,233496,311328,389160
77833,155666,233499,311332,389165
77834,155668,233502,311336,389170
77835,155670,233505,311340,389175
77836,155672,233508,311344,389180
77837,155674,233511,311348,389185
77838,155676,233514,311352,389190
77839,155678,233517,311356,389195
77840,155680,233520,311360,389200
77841,155682,233523,311364,389205
77842,155684,233526,311368,389210
77843,155686,233529,311372,389215
77844,155688,233532,311376,389220
77845,155690,233535,311380,389225
77846,155692,233538,311384,389230
77847,155694,233541,311388,389235
77848,155696,233544,311392,389240
77849,155698,233547,311396,389245
77850,155700,233550,311400,389250
77851,155702,233553,311404,389255
77852,155704,233556,311408,389260
77853,155706,233559,311412,389265
77854,155708,233562,311416,389270
77855,155710,233565,311420,389275
77856,155712,233568,311424,389280
77857,155714,233571,311428,389285
77858,155716,233574,311432,389290
77859,155718,233577,311436,389295
77860,155720,233580,311440,389300
77861,155722,233583,311444,389305
77862,155724,233586,311448,389310
77863,155726,233589,311452,389315
77864,155728,233592,311456,389320
77865,155730,233595,311460,389325
77866,155732,233598,311464,389330
77867,155734,233601,311468,389335
77868,155736,233604,311472,389340
77869,155738,233607,311476,389345
77870,155740,233610,311480,389350
77871,155742,233613,311484,389355
77872,155744,233616,311488,389360
77873,155746,233619,311492,389365
77874,155748,233622,311496,389370
77875,155750,233625,311500,389375
77876,155752,233628,311504,389380
77877,155754,233631,311508,389385
77878,155756,233634,311512,389390
77879,155758,233637,311516,389395
77880,155760,233640,311520,389400
77881,155762,233643,311524,389405
77882,155764,233646,311528,389410
77883,155766,233649,311532,389415
77884,155768,233652,311536,389420
77885,155770,233655,311540,389425
77886,155772,233658,311544,389430
77887,155774,233661,311548,389435
77888,155776,233664,311552,389440
77889,155778,233667,311556,389445
77890,155780,233670,311560,389450
77891,155782,233673,311564,389455
77892,155784,233676,311568,389460
77893,155786,233679,311572,389465
77894,155788,233682,311576,389470
77895,155790,233685,311580,389475
77896,155792,233688,311584,389480
77897,155794,233691,311588,389485
77898,155796,233694,311592,389490
77899,155798,233697,311596,389495
77900,155800,233700,311600,389500
77901,155802,233703,311604,389505
77902,155804,233706,311608,389510
77903,155806,233709,311612,389515
77904,155808,233712,311616,389520
77905,155810,233715,311620,389525
77906,155812,233718,311624,389530
77907,155814,233721,311628,389535
77908,155816,233724,311632,389540
77909,155818,233727,311636,389545
77910,155820,233730,311640,389550
77911,155822,233733,311644,389555
77912,155824,233736,311648,389560
77913,155826,233739,311652,389565
77914,155828,233742,311656,389570
77915,155830,233745,311660,389575
77916,155832,233748,311664,389580
77917,155834,233751,311668,389585
77918,155836,233754,311672,389590
77919,155838,233757,311676,389595
77920,155840,233760,311680,389600
77921,155842,233763,311684,389605
77922,155844,233766,311688,389610
77923,155846,233769,311692,389615
77924,155848,233772,311696,389620
77925,155850,233775,311700,389625
77926,155852,233778,311704,389630
77927,155854,233781,311708,389635
77928,155856,233784,311712,389640
77929,155858,233787,311716,389645
77930,155860,233790,311720,389650
77931,155862,233793,311724,389655
77932,155864,233796,311728,389660
77933,155866,233799,311732,389665
77934,155868,233802,311736,389670
77935,155870,233805,311740,389675
77936,155872,233808,311744,389680
77937,155874,233811,311748,389685
77938,155876,233814,311752,389690
77939,155878,233817,311756,389695
77940,155880,233820,311760,389700
77941,155882,233823,311764,389705
77942,155884,233826,311768,389710
77943,155886,233829,311772,389715
77944,155888,233832,311776,389720
77945,155890,233835,311780,389725
77946,155892,233838,311784,389730
77947,155894,233841,311788,389735
77948,155896,233844,311792,389740
77949,155898,233847,311796,389745
77950,155900,233850,311800,389750
77951,155902,233853,311804,389755
77952,155904,233856,311808,389760
77953,155906,233859,311812,389765
77954,155908,233862,311816,389770
77955,155910,233865,311820,389775
77956,155912,233868,311824,389780
77957,155914,233871,311828,389785
77958,155916,233874,311832,389790
77959,155918,233877,311836,389795
77960,155920,233880,311840,389800
77961,155922,233883,311844,389805
77962,155924,233886,311848,389810
77963,155926,233889,311852,389815
77964,155928,233892,311856,389820
77965,155930,233895,311860,389825
77966,155932,233898,311864,389830
77967,155934,233901,311868,389835
77968,155936,233904,311872,389840
77969,155938,233907,311876,389845
77970,155940,233910,311880,389850
77971,155942,233913,311884,389855
77972,155944,233916,311888,389860
77973,155946,233919,311892,389865
77974,155948,233922,311896,389870
77975,155950,233925,311900,389875
77976,155952,233928,311904,389880
77977,155954,233931,311908,389885
77978,155956,233934,311912,389890
77979,155958,233937,311916,389895
77980,155960,233940,311920,389900
77981,155962,233943,311924,389905
77982,155964,233946,311928,389910
77983,155966,233949,311932,389915
77984,155968,233952,311936,389920
77985,155970,233955,311940,389925
77986,155972,233958,311944,389930
77987,155974,233961,311948,389935
77988,155976,233964,311952,389940
77989,155978,233967,311956,389945
77990,155980,233970,311960,389950
77991,155982,233973,311964,389955
77992,155984,233976,311968,389960
77993,155986,233979,311972,389965
77994,155988,233982,311976,389970
77995,155990,233985,311980,389975
77996,155992,233988,311984,389980
77997,155994,233991,311988,389985
77998,155996,233994,311992,389990
77999,155998,233997,311996,389995
78000,156000,234000,312000,390000
78001,156002,234003,312004,390005
78002,156004,234006,312008,390010
78003,156006,234009,312012,390015
78004,156008,234012,312016,390020
78005,156010,234015,312020,390025
78006,156012,234018,312024,390030
78007,156014,234021,312028,390035
78008,156016,234024,312032,390040
78009,156018,234027,312036,390045
78010,156020,234030,312040,390050
78011,156022,234033,312044,390055
78012,156024,234036,312048,390060
78013,156026,234039,312052,390065
78014,156028,234042,312056,390070
78015,156030,234045,312060,390075
78016,156032,234048,312064,390080
78017,156034,234051,312068,390085
78018,156036,234054,312072,390090
78019,156038,234057,312076,390095
78020,156040,234060,312080,390100
78021,156042,234063,312084,390105
78022,156044,234066,312088,390110
78023,156046,234069,312092,390115
78024,156048,234072,312096,390120
78025,156050,234075,312100,390125
78026,156052,234078,312104,390130
78027,156054,234081,312108,390135
78028,156056,234084,312112,390140
78029,156058,234087,312116,390145
78030,156060,234090,312120,390150
78031,156062,234093,312124,390155
78032,156064,234096,312128,390160
78033,156066,234099,312132,390165
78034,156068,234102,312136,390170
78035,156070,234105,312140,390175
78036,156072,234108,312144,390180
78037,156074,234111,312148,390185
78038,156076,234114,312152,390190
78039,156078,234117,312156,390195
78040,156080,234120,312160,390200
78041,156082,234123,312164,390205
78042,156084,234126,312168,390210
78043,156086,234129,312172,390215
78044,156088,234132,312176,390220
78045,156090,234135,312180,390225
78046,156092,234138,312184,390230
78047,156094,234141,312188,390235
78048,156096,234144,312192,390240
78049,156098,234147,312196,390245
78050,156100,234150,312200,390250
78051,156102,234153,312204,390255
78052,156104,234156,312208,390260
78053,156106,234159,312212,390265
78054,156108,234162,312216,390270
78055,156110,234165,312220,390275
78056,156112,234168,312224,390280
78057,156114,234171,312228,390285
78058,156116,234174,312232,390290
78059,156118,234177,312236,390295
78060,156120,234180,312240,390300
78061,156122,234183,312244,390305
78062,156124,234186,312248,390310
78063,156126,234189,312252,390315
78064,156128,234192,312256,390320
78065,156130,234195,312260,390325
78066,156132,234198,312264,390330
78067,156134,234201,312268,390335
78068,156136,234204,312272,390340
78069,156138,234207,312276,390345
78070,156140,234210,312280,390350
78071,156142,234213,312284,390355
78072,156144,234216,312288,390360
78073,156146,234219,312292,390365
78074,156148,234222,312296,390370
78075,156150,234225,312300,390375
78076,156152,234228,312304,390380
78077,156154,234231,312308,390385
78078,156156,234234,312312,390390
78079,156158,234237,312316,390395
78080,156160,234240,312320,390400
78081,156162,234243,312324,390405
78082,156164,234246,312328,390410
78083,156166,234249,312332,390415
78084,156168,234252,312336,390420
78085,156170,234255,312340,390425
78086,156172,234258,312344,390430
78087,156174,234261,312348,390435
78088,156176,234264,312352,390440
78089,156178,234267,312356,390445
78090,156180,234270,312360,390450
78091,156182,234273,312364,390455
78092,156184,234276,312368,390460
78093,156186,234279,312372,390465
78094,156188,234282,312376,390470
78095,156190,234285,312380,390475
78096,156192,234288,312384,390480
78097,156194,234291,312388,390485
78098,156196,234294,312392,390490
78099,156198,234297,312396,390495
78100,156200,234300,312400,390500
78101,156202,234303,312404,390505
78102,156204,234306,312408,390510
78103,156206,234309,312412,390515
78104,156208,234312,312416,390520
78105,156210,234315,312420,390525
78106,156212,234318,312424,390530
78107,156214,234321,312428,390535
78108,156216,234324,312432,390540
78109,156218,234327,312436,390545
78110,156220,234330,312440,390550
78111,156222,234333,312444,390555
78112,156224,234336,312448,390560
78113,156226,234339,312452,390565
78114,156228,234342,312456,390570
78115,156230,234345,312460,390575
78116,156232,234348,312464,390580
78117,156234,234351,312468,390585
78118,156236,234354,312472,390590
78119,156238,234357,312476,390595
78120,156240,234360,312480,390600
78121,156242,234363,312484,390605
78122,156244,234366,312488,390610
78123,156246,234369,312492,390615
78124,156248,234372,312496,390620
78125,156250,234375,312500,390625
78126,156252,234378,312504,390630
78127,156254,234381,312508,390635
78128,156256,234384,312512,390640
78129,156258,234387,312516,390645
78130,156260,234390,312520,390650
78131,156262,234393,312524,390655
78132,156264,234396,312528,390660
78133,156266,234399,312532,390665
78134,156268,234402,312536,390670
78135,156270,234405,312540,390675
78136,156272,234408,312544,390680
78137,156274,234411,312548,390685
78138,156276,234414,312552,390690
78139,156278,234417,312556,390695
78140,156280,234420,312560,390700
78141,156282,234423,312564,390705
78142,156284,234426,312568,390710
78143,156286,234429,312572,390715
78144,156288,234432,312576,390720
78145,156290,234435,312580,390725
78146,156292,234438,312584,390730
78147,156294,234441,312588,390735
78148,156296,234444,312592,390740
78149,156298,234447,312596,390745
78150,156300,234450,312600,390750
78151,156302,234453,312604,390755
78152,156304,234456,312608,390760
78153,156306,234459,312612,390765
78154,156308,234462,312616,390770
78155,156310,234465,312620,390775
78156,156312,234468,312624,390780
78157,156314,234471,312628,390785
78158,156316,234474,312632,390790
78159,156318,234477,312636,390795
78160,156320,234480,312640,390800
78161,156322,234483,312644,390805
78162,156324,234486,312648,390810
78163,156326,234489,312652,390815
78164,156328,234492,312656,390820
78165,156330,234495,312660,390825
78166,156332,234498,312664,390830
78167,156334,234501,312668,390835
78168,156336,234504,312672,390840
78169,156338,234507,312676,390845
78170,156340,234510,312680,390850
78171,156342,234513,312684,390855
78172,156344,234516,312688,390860
78173,156346,234519,312692,390865
78174,156348,234522,312696,390870
78175,156350,234525,312700,390875
78176,156352,234528,312704,390880
78177,156354,234531,312708,390885
78178,156356,234534,312712,390890
78179,156358,234537,312716,390895
78180,156360,234540,312720,390900
78181,156362,234543,312724,390905
78182,156364,234546,312728,390910
78183,156366,234549,312732,390915
78184,156368,234552,312736,390920
78185,156370,234555,312740,390925
78186,156372,234558,312744,390930
78187,156374,234561,312748,390935
78188,156376,234564,312752,390940
78189,156378,234567,312756,390945
78190,156380,234570,312760,390950
78191,156382,234573,312764,390955
78192,156384,234576,312768,390960
78193,156386,234579,312772,390965
78194,156388,234582,312776,390970
78195,156390,234585,312780,390975
78196,156392,234588,312784,390980
78197,156394,234591,312788,390985
78198,156396,234594,312792,390990
78199,156398,234597,312796,390995
78200,156400,234600,312800,391000
78201,156402,234603,312804,391005
78202,156404,234606,312808,391010
78203,156406,234609,312812,391015
78204,156408,234612,312816,391020
78205,156410,234615,312820,391025
78206,156412,234618,312824,391030
78207,156414,234621,312828,391035
78208,156416,234624,312832,391040
78209,156418,234627,312836,391045
78210,156420,234630,312840,391050
78211,156422,234633,312844,391055
78212,156424,234636,312848,391060
78213,156426,234639,312852,391065
78214,156428,234642,312856,391070
78215,156430,234645,312860,391075
78216,156432,234648,312864,391080
78217,156434,234651,312868,391085
78218,156436,234654,312872,391090
78219,156438,234657,312876,391095
78220,156440,234660,312880,391100
78221,156442,234663,312884,391105
78222,156444,234666,312888,391110
78223,156446,234669,312892,391115
78224,156448,234672,312896,391120
78225,156450,234675,312900,391125
78226,156452,234678,312904,391130
78227,156454,234681,312908,391135
78228,156456,234684,312912,391140
78229,156458,234687,312916,391145
78230,156460,234690,312920,391150
78231,156462,234693,312924,391155
78232,156464,234696,312928,391160
78233,156466,234699,312932,391165
78234,156468,234702,312936,391170
78235,156470,234705,312940,391175
78236,156472,234708,312944,391180
78237,156474,234711,312948,391185
78238,156476,234714,312952,391190
78239,156478,234717,312956,391195
78240,156480,234720,312960,391200
78241,156482,234723,312964,391205
78242,156484,234726,312968,391210
78243,156486,234729,312972,391215
78244,156488,234732,312976,391220
78245,156490,234735,312980,391225
78246,156492,234738,312984,391230
78247,156494,234741,312988,391235
78248,156496,234744,312992,391240
78249,156498,234747,312996,391245
78250,156500,234750,313000,391250
78251,156502,234753,313004,391255
78252,156504,234756,313008,391260
78253,156506,234759,313012,391265
78254,156508,234762,313016,391270
78255,156510,234765,313020,391275
78256,156512,234768,313024,391280
78257,156514,234771,313028,391285
78258,156516,234774,313032,391290
78259,156518,234777,313036,391295
78260,156520,234780,313040,391300
78261,156522,234783,313044,391305
78262,156524,234786,313048,391310
78263,156526,234789,313052,391315
78264,156528,234792,313056,391320
78265,156530,234795,313060,391325
78266,156532,234798,313064,391330
78267,156534,234801,313068,391335
78268,156536,234804,313072,391340
78269,156538,234807,313076,391345
78270,156540,234810,313080,391350
78271,156542,234813,313084,391355
78272,156544,234816,313088,391360
78273,156546,234819,313092,391365
78274,156548,234822,313096,391370
78275,156550,234825,313100,391375
78276,156552,234828,313104,391380
78277,156554,234831,313108,391385
78278,156556,234834,313112,391390
78279,156558,234837,313116,391395
78280,156560,234840,313120,391400
78281,156562,234843,313124,391405
78282,156564,234846,313128,391410
78283,156566,234849,313132,391415
78284,156568,234852,313136,391420
78285,156570,234855,313140,391425
78286,156572,234858,313144,391430
78287,156574,234861,313148,391435
78288,156576,234864,313152,391440
78289,156578,234867,313156,391445
78290,156580,234870,313160,391450
78291,156582,234873,313164,391455
78292,156584,234876,313168,391460
78293,156586,234879,313172,391465
78294,156588,234882,313176,391470
78295,156590,234885,313180,391475
78296,156592,234888,313184,391480
78297,156594,234891,313188,391485
78298,156596,234894,313192,391490
78299,156598,234897,313196,391495
78300,156600,234900,313200,391500
78301,156602,234903,313204,391505
78302,156604,234906,313208,391510
78303,156606,234909,313212,391515
78304,156608,234912,313216,391520
78305,156610,234915,313220,391525
78306,156612,234918,313224,391530
78307,156614,234921,313228,391535
78308,156616,234924,313232,391540
78309,156618,234927,313236,391545
78310,156620,234930,313240,391550
78311,156622,234933,313244,391555
78312,156624,234936,313248,391560
78313,156626,234939,313252,391565
78314,156628,234942,313256,391570
78315,156630,234945,313260,391575
78316,156632,234948,313264,391580
78317,156634,234951,313268,391585
78318,156636,234954,313272,391590
78319,156638,234957,313276,391595
78320,156640,234960,313280,391600
78321,156642,234963,313284,391605
78322,156644,234966,313288,391610
78323,156646,234969,313292,391615
78324,156648,234972,313296,391620
78325,156650,234975,313300,391625
78326,156652,234978,313304,391630
78327,156654,234981,313308,391635
78328,156656,234984,313312,391640
78329,156658,234987,313316,391645
78330,156660,234990,313320,391650
78331,156662,234993,313324,391655
78332,156664,234996,313328,391660
78333,156666,234999,313332,391665
78334,156668,235002,313336,391670
78335,156670,235005,313340,391675
78336,156672,235008,313344,391680
78337,156674,235011,313348,391685
78338,156676,235014,313352,391690
78339,156678,235017,313356,391695
78340,156680,235020,313360,391700
78341,156682,235023,313364,391705
78342,156684,235026,313368,391710
78343,156686,235029,313372,391715
78344,156688,235032,313376,391720
78345,156690,235035,313380,391725
78346,156692,235038,313384,391730
78347,156694,235041,313388,391735
78348,156696,235044,313392,391740
78349,156698,235047,313396,391745
78350,156700,235050,313400,391750
78351,156702,235053,313404,391755
78352,156704,235056,313408,391760
78353,156706,235059,313412,391765
78354,156708,235062,313416,391770
78355,156710,235065,313420,391775
78356,156712,235068,313424,391780
78357,156714,235071,313428,391785
78358,156716,235074,313432,391790
78359,156718,235077,313436,391795
78360,156720,235080,313440,391800
78361,156722,235083,313444,391805
78362,156724,235086,313448,391810
78363,156726,235089,313452,391815
78364,156728,235092,313456,391820
78365,156730,235095,313460,391825
78366,156732,235098,313464,391830
78367,156734,235101,313468,391835
78368,156736,235104,313472,391840
78369,156738,235107,313476,391845
78370,156740,235110,313480,391850
78371,156742,235113,313484,391855
78372,156744,235116,313488,391860
78373,156746,235119,313492,391865
78374,156748,235122,313496,391870
78375,156750,235125,313500,391875
78376,156752,235128,313504,391880
78377,156754,235131,313508,391885
78378,156756,235134,313512,391890
78379,156758,235137,313516,391895
78380,156760,235140,313520,391900
78381,156762,235143,313524,391905
78382,156764,235146,313528,391910
78383,156766,235149,313532,391915
78384,156768,235152,313536,391920
78385,156770,235155,313540,391925
78386,156772,235158,313544,391930
78387,156774,235161,313548,391935
78388,156776,235164,313552,391940
78389,156778,235167,313556,391945
78390,156780,235170,313560,391950
78391,156782,235173,313564,391955
78392,156784,235176,313568,391960
78393,156786,235179,313572,391965
78394,156788,235182,313576,391970
78395,156790,235185,313580,391975
78396,156792,235188,313584,391980
78397,156794,235191,313588,391985
78398,156796,235194,313592,391990
78399,156798,235197,313596,391995
78400,156800,235200,313600,392000
78401,156802,235203,313604,392005
78402,156804,235206,313608,392010
78403,156806,235209,313612,392015
78404,156808,235212,313616,392020
78405,156810,235215,313620,392025
78406,156812,235218,313624,392030
78407,156814,235221,313628,392035
78408,156816,235224,313632,392040
78409,156818,235227,313636,392045
78410,156820,235230,313640,392050
78411,156822,235233,313644,392055
78412,156824,235236,313648,392060
78413,156826,235239,313652,392065
78414,156828,235242,313656,392070
78415,156830,235245,313660,392075
78416,156832,235248,313664,392080
78417,156834,235251,313668,392085
78418,156836,235254,313672,392090
78419,156838,235257,313676,392095
78420,156840,235260,313680,392100
78421,156842,235263,313684,392105
78422,156844,235266,313688,392110
78423,156846,235269,313692,392115
78424,156848,235272,313696,392120
78425,156850,235275,313700,392125
78426,156852,235278,313704,392130
78427,156854,235281,313708,392135
78428,156856,235284,313712,392140
78429,156858,235287,313716,392145
78430,156860,235290,313720,392150
78431,156862,235293,313724,392155
78432,156864,235296,313728,392160
78433,156866,235299,313732,392165
78434,156868,235302,313736,392170
78435,156870,235305,313740,392175
78436,156872,235308,313744,392180
78437,156874,235311,313748,392185
78438,156876,235314,313752,392190
78439,156878,235317,313756,392195
78440,156880,235320,313760,392200
78441,156882,235323,313764,392205
78442,156884,235326,313768,392210
78443,156886,235329,313772,392215
78444,156888,235332,313776,392220
78445,156890,235335,313780,392225
78446,156892,235338,313784,392230
78447,156894,235341,313788,392235
78448,156896,235344,313792,392240
78449,156898,235347,313796,392245
78450,156900,235350,313800,392250
78451,156902,235353,313804,392255
78452,156904,235356,313808,392260
78453,156906,235359,313812,392265
78454,156908,235362,313816,392270
78455,156910,235365,313820,392275
78456,156912,235368,313824,392280
78457,156914,235371,313828,392285
78458,156916,235374,313832,392290
78459,156918,235377,313836,392295
78460,156920,235380,313840,392300
78461,156922,235383,313844,392305
78462,156924,235386,313848,392310
78463,156926,235389,313852,392315
78464,156928,235392,313856,392320
78465,156930,235395,313860,392325
78466,156932,235398,313864,392330
78467,156934,235401,313868,392335
78468,156936,235404,313872,392340
78469,156938,235407,313876,392345
78470,156940,235410,313880,392350
78471,156942,235413,313884,392355
78472,156944,235416,313888,392360
78473,156946,235419,313892,392365
78474,156948,235422,313896,392370
78475,156950,235425,313900,392375
78476,156952,235428,313904,392380
78477,156954,235431,313908,392385
78478,156956,235434,313912,392390
78479,156958,235437,313916,392395
78480,156960,235440,313920,392400
78481,156962,235443,313924,392405
78482,156964,235446,313928,392410
78483,156966,235449,313932,392415
78484,156968,235452,313936,392420
78485,156970,235455,313940,392425
78486,156972,235458,313944,392430
78487,156974,235461,313948,392435
78488,156976,235464,313952,392440
78489,156978,235467,313956,392445
78490,156980,235470,313960,392450
78491,156982,235473,313964,392455
78492,156984,235476,313968,392460
78493,156986,235479,313972,392465
78494,156988,235482,313976,392470
78495,156990,235485,313980,392475
78496,156992,235488,313984,392480
78497,156994,235491,313988,392485
78498,156996,235494,313992,392490
78499,156998,235497,313996,392495
78500,157000,235500,314000,392500
78501,157002,235503,314004,392505
78502,157004,235506,314008,392510
78503,157006,235509,314012,392515
78504,157008,235512,314016,392520
78505,157010,235515,314020,392525
78506,157012,235518,314024,392530
78507,157014,235521,314028,392535
78508,157016,235524,314032,392540
78509,157018,235527,314036,392545
78510,157020,235530,314040,392550
78511,157022,235533,314044,392555
78512,157024,235536,314048,392560
78513,157026,235539,314052,392565
78514,157028,235542,314056,392570
78515,157030,235545,314060,392575
78516,157032,235548,314064,392580
78517,157034,235551,314068,392585
78518,157036,235554,314072,392590
78519,157038,235557,314076,392595
78520,157040,235560,314080,392600
78521,157042,235563,314084,392605
78522,157044,235566,314088,392610
78523,157046,235569,314092,392615
78524,157048,235572,314096,392620
78525,157050,235575,314100,392625
78526,157052,235578,314104,392630
78527,157054,235581,314108,392635
78528,157056,235584,314112,392640
78529,157058,235587,314116,392645
78530,157060,235590,314120,392650
78531,157062,235593,314124,392655
78532,157064,235596,314128,392660
78533,157066,235599,314132,392665
78534,157068,235602,314136,392670
78535,157070,235605,314140,392675
78536,157072,235608,314144,392680
78537,157074,235611,314148,392685
78538,157076,235614,314152,392690
78539,157078,235617,314156,392695
78540,157080,235620,314160,392700
78541,157082,235623,314164,392705
78542,157084,235626,314168,392710
78543,157086,235629,314172,392715
78544,157088,235632,314176,392720
78545,157090,235635,314180,392725
78546,157092,235638,314184,392730
78547,157094,235641,314188,392735
78548,157096,235644,314192,392740
78549,157098,235647,314196,392745
78550,157100,235650,314200,392750
78551,157102,235653,314204,392755
78552,157104,235656,314208,392760
78553,157106,235659,314212,392765
78554,157108,235662,314216,392770
78555,157110,235665,314220,392775
78556,157112,235668,314224,392780
78557,157114,235671,314228,392785
78558,157116,235674,314232,392790
78559,157118,235677,314236,392795
78560,157120,235680,314240,392800
78561,157122,235683,314244,392805
78562,157124,235686,314248,392810
78563,157126,235689,314252,392815
78564,157128,235692,314256,392820
78565,157130,235695,314260,392825
78566,157132,235698,314264,392830
78567,157134,235701,314268,392835
78568,157136,235704,314272,392840
78569,157138,235707,314276,392845
78570,157140,235710,314280,392850
78571,157142,235713,314284,392855
78572,157144,235716,314288,392860
78573,157146,235719,314292,392865
78574,157148,235722,314296,392870
78575,157150,235725,314300,392875
78576,157152,235728,314304,392880
78577,157154,235731,314308,392885
78578,157156,235734,314312,392890
78579,157158,235737,314316,392895
78580,157160,235740,314320,392900
78581,157162,235743,314324,392905
78582,157164,235746,314328,392910
78583,157166,235749,314332,392915
78584,157168,235752,314336,392920
78585,157170,235755,314340,392925
78586,157172,235758,314344,392930
78587,157174,235761,314348,392935
78588,157176,235764,314352,392940
78589,157178,235767,314356,392945
78590,157180,235770,314360,392950
78591,157182,235773,314364,392955
78592,157184,235776,314368,392960
78593,157186,235779,314372,392965
78594,157188,235782,314376,392970
78595,157190,235785,314380,392975
78596,157192,235788,314384,392980
78597,157194,235791,314388,392985
78598,157196,235794,314392,392990
78599,157198,235797,314396,392995
78600,157200,235800,314400,393000
78601,157202,235803,314404,393005
78602,157204,235806,314408,393010
78603,157206,235809,314412,393015
78604,157208,235812,314416,393020
78605,157210,235815,314420,393025
78606,157212,235818,314424,393030
78607,157214,235821,314428,393035
78608,157216,235824,314432,393040
78609,157218,235827,314436,393045
78610,157220,235830,314440,393050
78611,157222,235833,314444,393055
78612,157224,235836,314448,393060
78613,157226,235839,314452,393065
78614,157228,235842,314456,393070
78615,157230,235845,314460,393075
78616,157232,235848,314464,393080
78617,157234,235851,314468,393085
78618,157236,235854,314472,393090
78619,157238,235857,314476,393095
78620,157240,235860,314480,393100
78621,157242,235863,314484,393105
78622,157244,235866,314488,393110
78623,157246,235869,314492,393115
78624,157248,235872,314496,393120
78625,157250,235875,314500,393125
78626,157252,235878,314504,393130
78627,157254,235881,314508,393135
78628,157256,235884,314512,393140
78629,157258,235887,314516,393145
78630,157260,235890,314520,393150
78631,157262,235893,314524,393155
78632,157264,235896,314528,393160
78633,157266,235899,314532,393165
78634,157268,235902,314536,393170
78635,157270,235905,314540,393175
78636,157272,235908,314544,393180
78637,157274,235911,314548,393185
78638,157276,235914,314552,393190
78639,157278,235917,314556,393195
78640,157280,235920,314560,393200
78641,157282,235923,314564,393205
78642,157284,235926,314568,393210
78643,157286,235929,314572,393215
78644,157288,235932,314576,393220
78645,157290,235935,314580,393225
78646,157292,235938,314584,393230
78647,157294,235941,314588,393235
78648,157296,235944,314592,393240
78649,157298,235947,314596,393245
78650,157300,235950,314600,393250
78651,157302,235953,314604,393255
78652,157304,235956,314608,393260
78653,157306,235959,314612,393265
78654,157308,235962,314616,393270
78655,157310,235965,314620,393275
78656,157312,235968,314624,393280
78657,157314,235971,314628,393285
78658,157316,235974,314632,393290
78659,157318,235977,314636,393295
78660,157320,235980,314640,393300
78661,157322,235983,314644,393305
78662,157324,235986,314648,393310
78663,157326,235989,314652,393315
78664,157328,235992,314656,393320
78665,157330,235995,314660,393325
78666,157332,235998,314664,393330
78667,157334,236001,314668,393335
78668,157336,236004,314672,393340
78669,157338,236007,314676,393345
78670,157340,236010,314680,393350
78671,157342,236013,314684,393355
78672,157344,236016,314688,393360
78673,157346,236019,314692,393365
78674,157348,236022,314696,393370
78675,157350,236025,314700,393375
78676,157352,236028,314704,393380
78677,157354,236031,314708,393385
78678,157356,236034,314712,393390
78679,157358,236037,314716,393395
78680,157360,236040,314720,393400
78681,157362,236043,314724,393405
78682,157364,236046,314728,393410
78683,157366,236049,314732,393415
78684,157368,236052,314736,393420
78685,157370,236055,314740,393425
78686,157372,236058,314744,393430
78687,157374,236061,314748,393435
78688,157376,236064,314752,393440
78689,157378,236067,314756,393445
78690,157380,236070,314760,393450
78691,157382,236073,314764,393455
78692,157384,236076,314768,393460
78693,157386,236079,314772,393465
78694,157388,236082,314776,393470
78695,157390,236085,314780,393475
78696,157392,236088,314784,393480
78697,157394,236091,314788,393485
78698,157396,236094,314792,393490
78699,157398,236097,314796,393495
78700,157400,236100,314800,393500
78701,157402,236103,314804,393505
78702,157404,236106,314808,393510
78703,157406,236109,314812,393515
78704,157408,236112,314816,393520
78705,157410,236115,314820,393525
78706,157412,236118,314824,393530
78707,157414,236121,314828,393535
78708,157416,236124,314832,393540
78709,157418,236127,314836,393545
78710,157420,236130,314840,393550
78711,157422,236133,314844,393555
78712,157424,236136,314848,393560
78713,157426,236139,314852,393565
78714,157428,236142,314856,393570
78715,157430,236145,314860,393575
78716,157432,236148,314864,393580
78717,157434,236151,314868,393585
78718,157436,236154,314872,393590
78719,157438,236157,314876,393595
78720,157440,236160,314880,393600
78721,157442,236163,314884,393605
78722,157444,236166,314888,393610
78723,157446,236169,314892,393615
78724,157448,236172,314896,393620
78725,157450,236175,314900,393625
78726,157452,236178,314904,393630
78727,157454,236181,314908,393635
78728,157456,236184,314912,393640
78729,157458,236187,314916,393645
78730,157460,236190,314920,393650
78731,157462,236193,314924,393655
78732,157464,236196,314928,393660
78733,157466,236199,314932,393665
78734,157468,236202,314936,393670
78735,157470,236205,314940,393675
78736,157472,236208,314944,393680
78737,157474,236211,314948,393685
78738,157476,236214,314952,393690
78739,157478,236217,314956,393695
78740,157480,236220,314960,393700
78741,157482,236223,314964,393705
78742,157484,236226,314968,393710
78743,157486,236229,314972,393715
78744,157488,236232,314976,393720
78745,157490,236235,314980,393725
78746,157492,236238,314984,393730
78747,157494,236241,314988,393735
78748,157496,236244,314992,393740
78749,157498,236247,314996,393745
78750,157500,236250,315000,393750
78751,157502,236253,315004,393755
78752,157504,236256,315008,393760
78753,157506,236259,315012,393765
78754,157508,236262,315016,393770
78755,157510,236265,315020,393775
78756,157512,236268,315024,393780
78757,157514,236271,315028,393785
78758,157516,236274,315032,393790
78759,157518,236277,315036,393795
78760,157520,236280,315040,393800
78761,157522,236283,315044,393805
78762,157524,236286,315048,393810
78763,157526,236289,315052,393815
78764,157528,236292,315056,393820
78765,157530,236295,315060,393825
78766,157532,236298,315064,393830
78767,157534,236301,315068,393835
78768,157536,236304,315072,393840
78769,157538,236307,315076,393845
78770,157540,236310,315080,393850
78771,157542,236313,315084,393855
78772,157544,236316,315088,393860
78773,157546,236319,315092,393865
78774,157548,236322,315096,393870
78775,157550,236325,315100,393875
78776,157552,236328,315104,393880
78777,157554,236331,315108,393885
78778,157556,236334,315112,393890
78779,157558,236337,315116,393895
78780,157560,236340,315120,393900
78781,157562,236343,315124,393905
78782,157564,236346,315128,393910
78783,157566,236349,315132,393915
78784,157568,236352,315136,393920
78785,157570,236355,315140,393925
78786,157572,236358,315144,393930
78787,157574,236361,315148,393935
78788,157576,236364,315152,393940
78789,157578,236367,315156,393945
78790,157580,236370,315160,393950
78791,157582,236373,315164,393955
78792,157584,236376,315168,393960
78793,157586,236379,315172,393965
78794,157588,236382,315176,393970
78795,157590,236385,315180,393975
78796,157592,236388,315184,393980
78797,157594,236391,315188,393985
78798,157596,236394,315192,393990
78799,157598,236397,315196,393995
78800,157600,236400,315200,394000
78801,157602,236403,315204,394005
78802,157604,236406,315208,394010
78803,157606,236409,315212,394015
78804,157608,236412,315216,394020
78805,157610,236415,315220,394025
78806,157612,236418,315224,394030
78807,157614,236421,315228,394035
78808,157616,236424,315232,394040
78809,157618,236427,315236,394045
78810,157620,236430,315240,394050
78811,157622,236433,315244,394055
78812,157624,236436,315248,394060
78813,157626,236439,315252,394065
78814,157628,236442,315256,394070
78815,157630,236445,315260,394075
78816,157632,236448,315264,394080
78817,157634,236451,315268,394085
78818,157636,236454,315272,394090
78819,157638,236457,315276,394095
78820,157640,236460,315280,394100
78821,157642,236463,315284,394105
78822,157644,236466,315288,394110
78823,157646,236469,315292,394115
78824,157648,236472,315296,394120
78825,157650,236475,315300,394125
78826,157652,236478,315304,394130
78827,157654,236481,315308,394135
78828,157656,236484,315312,394140
78829,157658,236487,315316,394145
78830,157660,236490,315320,394150
78831,157662,236493,315324,394155
78832,157664,236496,315328,394160
78833,157666,236499,315332,394165
78834,157668,236502,315336,394170
78835,157670,236505,315340,394175
78836,157672,236508,315344,394180
78837,157674,236511,315348,394185
78838,157676,236514,315352,394190
78839,157678,236517,315356,394195
78840,157680,236520,315360,394200
78841,157682,236523,315364,394205
78842,157684,236526,315368,394210
78843,157686,236529,315372,394215
78844,157688,236532,315376,394220
78845,157690,236535,315380,394225
78846,157692,236538,315384,394230
78847,157694,236541,315388,394235
78848,157696,236544,315392,394240
78849,157698,236547,315396,394245
78850,157700,236550,315400,394250
78851,157702,236553,315404,394255
78852,157704,236556,315408,394260
78853,157706,236559,315412,394265
78854,157708,236562,315416,394270
78855,157710,236565,315420,394275
78856,157712,236568,315424,394280
78857,157714,236571,315428,394285
78858,157716,236574,315432,394290
78859,157718,236577,315436,394295
78860,157720,236580,315440,394300
78861,157722,236583,315444,394305
78862,157724,236586,315448,394310
78863,157726,236589,315452,394315
78864,157728,236592,315456,394320
78865,157730,236595,315460,394325
78866,157732,236598,315464,394330
78867,157734,236601,315468,394335
78868,157736,236604,315472,394340
78869,157738,236607,315476,394345
78870,157740,236610,315480,394350
78871,157742,236613,315484,394355
78872,157744,236616,315488,394360
78873,157746,236619,315492,394365
78874,157748,236622,315496,394370
78875,157750,236625,315500,394375
78876,157752,236628,315504,394380
78877,157754,236631,315508,394385
78878,157756,236634,315512,394390
78879,157758,236637,315516,394395
78880,157760,236640,315520,394400
78881,157762,236643,315524,394405
78882,157764,236646,315528,394410
78883,157766,236649,315532,394415
78884,157768,236652,315536,394420
78885,157770,236655,315540,394425
78886,157772,236658,315544,394430
78887,157774,236661,315548,394435
78888,157776,236664,315552,394440
78889,157778,236667,315556,394445
78890,157780,236670,315560,394450
78891,157782,236673,315564,394455
78892,157784,236676,315568,394460
78893,157786,236679,315572,394465
78894,157788,236682,315576,394470
78895,157790,236685,315580,394475
78896,157792,236688,315584,394480
78897,157794,236691,315588,394485
78898,157796,236694,315592,394490
78899,157798,236697,315596,394495
78900,157800,236700,315600,394500
78901,157802,236703,315604,394505
78902,157804,236706,315608,394510
78903,157806,236709,315612,394515
78904,157808,236712,315616,394520
78905,157810,236715,315620,394525
78906,157812,236718,315624,394530
78907,157814,236721,315628,394535
78908,157816,236724,315632,394540
78909,157818,236727,315636,394545
78910,157820,236730,315640,394550
78911,157822,236733,315644,394555
78912,157824,236736,315648,394560
78913,157826,236739,315652,394565
78914,157828,236742,315656,394570
78915,157830,236745,315660,394575
78916,157832,236748,315664,394580
78917,157834,236751,315668,394585
78918,157836,236754,315672,394590
78919,157838,236757,315676,394595
78920,157840,236760,315680,394600
78921,157842,236763,315684,394605
78922,157844,236766,315688,394610
78923,157846,236769,315692,394615
78924,157848,236772,315696,394620
78925,157850,236775,315700,394625
78926,157852,236778,315704,394630
78927,157854,236781,315708,394635
78928,157856,236784,315712,394640
78929,157858,236787,315716,394645
78930,157860,236790,315720,394650
78931,157862,236793,315724,394655
78932,157864,236796,315728,394660
78933,157866,236799,315732,394665
78934,157868,236802,315736,394670
78935,157870,236805,315740,394675
78936,157872,236808,315744,394680
78937,157874,236811,315748,394685
78938,157876,236814,315752,394690
78939,157878,236817,315756,394695
78940,157880,236820,315760,394700
78941,157882,236823,315764,394705
78942,157884,236826,315768,394710
78943,157886,236829,315772,394715
78944,157888,236832,315776,394720
78945,157890,236835,315780,394725
78946,157892,236838,315784,394730
78947,157894,236841,315788,394735
78948,157896,236844,315792,394740
78949,157898,236847,315796,394745
78950,157900,236850,315800,394750
78951,157902,236853,315804,394755
78952,157904,236856,315808,394760
78953,157906,236859,315812,394765
78954,157908,236862,315816,394770
78955,157910,236865,315820,394775
78956,157912,236868,315824,394780
78957,157914,236871,315828,394785
78958,157916,236874,315832,394790
78959,157918,236877,315836,394795
78960,157920,236880,315840,394800
78961,157922,236883,315844,394805
78962,157924,236886,315848,394810
78963,157926,236889,315852,394815
78964,157928,236892,315856,394820
78965,157930,236895,315860,394825
78966,157932,236898,315864,394830
78967,157934,236901,315868,394835
78968,157936,236904,315872,394840
78969,157938,236907,315876,394845
78970,157940,236910,315880,394850
78971,157942,236913,315884,394855
78972,157944,236916,315888,394860
78973,157946,236919,315892,394865
78974,157948,236922,315896,394870
78975,157950,236925,315900,394875
78976,157952,236928,315904,394880
78977,157954,236931,315908,394885
78978,157956,236934,315912,394890
78979,157958,236937,315916,394895
78980,157960,236940,315920,394900
78981,157962,236943,315924,394905
78982,157964,236946,315928,394910
78983,157966,236949,315932,394915
78984,157968,236952,315936,394920
78985,157970,236955,315940,394925
78986,157972,236958,315944,394930
78987,157974,236961,315948,394935
78988,157976,236964,315952,394940
78989,157978,236967,315956,394945
78990,157980,236970,315960,394950
78991,157982,236973,315964,394955
78992,157984,236976,315968,394960
78993,157986,236979,315972,394965
78994,157988,236982,315976,394970
78995,157990,236985,315980,394975
78996,157992,236988,315984,394980
78997,157994,236991,315988,394985
78998,157996,236994,315992,394990
78999,157998,236997,315996,394995
79000,158000,237000,316000,395000
79001,158002,237003,316004,395005
79002,158004,237006,316008,395010
79003,158006,237009,316012,395015
79004,158008,237012,316016,395020
79005,158010,237015,316020,395025
79006,158012,237018,316024,395030
79007,158014,237021,316028,395035
79008,158016,237024,316032,395040
79009,158018,237027,316036,395045
79010,158020,237030,316040,395050
79011,158022,237033,316044,395055
79012,158024,237036,316048,395060
79013,158026,237039,316052,395065
79014,158028,237042,316056,395070
79015,158030,237045,316060,395075
79016,158032,237048,316064,395080
79017,158034,237051,316068,395085
79018,158036,237054,316072,395090
79019,158038,237057,316076,395095
79020,158040,237060,316080,395100
79021,158042,237063,316084,395105
79022,158044,237066,316088,395110
79023,158046,237069,316092,395115
79024,158048,237072,316096,395120
79025,158050,237075,316100,395125
79026,158052,237078,316104,395130
79027,158054,237081,316108,395135
79028,158056,237084,316112,395140
79029,158058,237087,316116,395145
79030,158060,237090,316120,395150
79031,158062,237093,316124,395155
79032,158064,237096,316128,395160
79033,158066,237099,316132,395165
79034,158068,237102,316136,395170
79035,158070,237105,316140,395175
79036,158072,237108,316144,395180
79037,158074,237111,316148,395185
79038,158076,237114,316152,395190
79039,158078,237117,316156,395195
79040,158080,237120,316160,395200
79041,158082,237123,316164,395205
79042,158084,237126,316168,395210
79043,158086,237129,316172,395215
79044,158088,237132,316176,395220
79045,158090,237135,316180,395225
79046,158092,237138,316184,395230
79047,158094,237141,316188,395235
79048,158096,237144,316192,395240
79049,158098,237147,316196,395245
79050,158100,237150,316200,395250
79051,158102,237153,316204,395255
79052,158104,237156,316208,395260
79053,158106,237159,316212,395265
79054,158108,237162,316216,395270
79055,158110,237165,316220,395275
79056,158112,237168,316224,395280
79057,158114,237171,316228,395285
79058,158116,237174,316232,395290
79059,158118,237177,316236,395295
79060,158120,237180,316240,395300
79061,158122,237183,316244,395305
79062,158124,237186,316248,395310
79063,158126,237189,316252,395315
79064,158128,237192,316256,395320
79065,158130,237195,316260,395325
79066,158132,237198,316264,395330
79067,158134,237201,316268,395335
79068,158136,237204,316272,395340
79069,158138,237207,316276,395345
79070,158140,237210,316280,395350
79071,158142,237213,316284,395355
79072,158144,237216,316288,395360
79073,158146,237219,316292,395365
79074,158148,237222,316296,395370
79075,158150,237225,316300,395375
79076,158152,237228,316304,395380
79077,158154,237231,316308,395385
79078,158156,237234,316312,395390
79079,158158,237237,316316,395395
79080,158160,237240,316320,395400
79081,158162,237243,316324,395405
79082,158164,237246,316328,395410
79083,158166,237249,316332,395415
79084,158168,237252,316336,395420
79085,158170,237255,316340,395425
79086,158172,237258,316344,395430
79087,158174,237261,316348,395435
79088,158176,237264,316352,395440
79089,158178,237267,316356,395445
79090,158180,237270,316360,395450
79091,158182,237273,316364,395455
79092,158184,237276,316368,395460
79093,158186,237279,316372,395465
79094,158188,237282,316376,395470
79095,158190,237285,316380,395475
79096,158192,237288,316384,395480
79097,158194,237291,316388,395485
79098,158196,237294,316392,395490
79099,158198,237297,316396,395495
79100,158200,237300,316400,395500
79101,158202,237303,316404,395505
79102,158204,237306,316408,395510
79103,158206,237309,316412,395515
79104,158208,237312,316416,395520
79105,158210,237315,316420,395525
79106,158212,237318,316424,395530
79107,158214,237321,316428,395535
79108,158216,237324,316432,395540
79109,158218,237327,316436,395545
79110,158220,237330,316440,395550
79111,158222,237333,316444,395555
79112,158224,237336,316448,395560
79113,158226,237339,316452,395565
79114,158228,237342,316456,395570
79115,158230,237345,316460,395575
79116,158232,237348,316464,395580
79117,158234,237351,316468,395585
79118,158236,237354,316472,395590
79119,158238,237357,316476,395595
79120,158240,237360,316480,395600
79121,158242,237363,316484,395605
79122,158244,237366,316488,395610
79123,158246,237369,316492,395615
79124,158248,237372,316496,395620
79125,158250,237375,316500,395625
79126,158252,237378,316504,395630
79127,158254,237381,316508,395635
79128,158256,237384,316512,395640
79129,158258,237387,316516,395645
79130,158260,237390,316520,395650
79131,158262,237393,316524,395655
79132,158264,237396,316528,395660
79133,158266,237399,316532,395665
79134,158268,237402,316536,395670
79135,158270,237405,316540,395675
79136,158272,237408,316544,395680
79137,158274,237411,316548,395685
79138,158276,237414,316552,395690
79139,158278,237417,316556,395695
79140,158280,237420,316560,395700
79141,158282,237423,316564,395705
79142,158284,237426,316568,395710
79143,158286,237429,316572,395715
79144,158288,237432,316576,395720
79145,158290,237435,316580,395725
79146,158292,237438,316584,395730
79147,158294,237441,316588,395735
79148,158296,237444,316592,395740
79149,158298,237447,316596,395745
79150,158300,237450,316600,395750
79151,158302,237453,316604,395755
79152,158304,237456,316608,395760
79153,158306,237459,316612,395765
79154,158308,237462,316616,395770
79155,158310,237465,316620,395775
79156,158312,237468,316624,395780
79157,158314,237471,316628,395785
79158,158316,237474,316632,395790
79159,158318,237477,316636,395795
79160,158320,237480,316640,395800
79161,158322,237483,316644,395805
79162,158324,237486,316648,395810
79163,158326,237489,316652,395815
79164,158328,237492,316656,395820
79165,158330,237495,316660,395825
79166,158332,237498,316664,395830
79167,158334,237501,316668,395835
79168,158336,237504,316672,395840
79169,158338,237507,316676,395845
79170,158340,237510,316680,395850
79171,158342,237513,316684,395855
79172,158344,237516,316688,395860
79173,158346,237519,316692,395865
79174,158348,237522,316696,395870
79175,158350,237525,316700,395875
79176,158352,237528,316704,395880
79177,158354,237531,316708,395885
79178,158356,237534,316712,395890
79179,158358,237537,316716,395895
79180,158360,237540,316720,395900
79181,158362,237543,316724,395905
79182,158364,237546,316728,395910
79183,158366,237549,316732,395915
79184,158368,237552,316736,395920
79185,158370,237555,316740,395925
79186,158372,237558,316744,395930
79187,158374,237561,316748,395935
79188,158376,237564,316752,395940
79189,158378,237567,316756,395945
79190,158380,237570,316760,395950
79191,158382,237573,316764,395955
79192,158384,237576,316768,395960
79193,158386,237579,316772,395965
79194,158388,237582,316776,395970
79195,158390,237585,316780,395975
79196,158392,237588,316784,395980
79197,158394,237591,316788,395985
79198,158396,237594,316792,395990
79199,158398,237597,316796,395995
79200,158400,237600,316800,396000
79201,158402,237603,316804,396005
79202,158404,237606,316808,396010
79203,158406,237609,316812,396015
79204,158408,237612,316816,396020
79205,158410,237615,316820,396025
79206,158412,237618,316824,396030
79207,158414,237621,316828,396035
79208,158416,237624,316832,396040
79209,158418,237627,316836,396045
79210,158420,237630,316840,396050
79211,158422,237633,316844,396055
79212,158424,237636,316848,396060
79213,158426,237639,316852,396065
79214,158428,237642,316856,396070
79215,158430,237645,316860,396075
79216,158432,237648,316864,396080
79217,158434,237651,316868,396085
79218,158436,237654,316872,396090
79219,158438,237657,316876,396095
79220,158440,237660,316880,396100
79221,158442,237663,316884,396105
79222,158444,237666,316888,396110
79223,158446,237669,316892,396115
79224,158448,237672,316896,396120
79225,158450,237675,316900,396125
79226,158452,237678,316904,396130
79227,158454,237681,316908,396135
79228,158456,237684,316912,396140
79229,158458,237687,316916,396145
79230,158460,237690,316920,396150
79231,158462,237693,316924,396155
79232,158464,237696,316928,396160
79233,158466,237699,316932,396165
79234,158468,237702,316936,396170
79235,158470,237705,316940,396175
79236,158472,237708,316944,396180
79237,158474,237711,316948,396185
79238,158476,237714,316952,396190
79239,158478,237717,316956,396195
79240,158480,237720,316960,396200
79241,158482,237723,316964,396205
79242,158484,237726,316968,396210
79243,158486,237729,316972,396215
79244,158488,237732,316976,396220
79245,158490,237735,316980,396225
79246,158492,237738,316984,396230
79247,158494,237741,316988,396235
79248,158496,237744,316992,396240
79249,158498,237747,316996,396245
79250,158500,237750,317000,396250
79251,158502,237753,317004,396255
79252,158504,237756,317008,396260
79253,158506,237759,317012,396265
79254,158508,237762,317016,396270
79255,158510,237765,317020,396275
79256,158512,237768,317024,396280
79257,158514,237771,317028,396285
79258,158516,237774,317032,396290
79259,158518,237777,317036,396295
79260,158520,237780,317040,396300
79261,158522,237783,317044,396305
79262,158524,237786,317048,396310
79263,158526,237789,317052,396315
79264,158528,237792,317056,396320
79265,158530,237795,317060,396325
79266,158532,237798,317064,396330
79267,158534,237801,317068,396335
79268,158536,237804,317072,396340
79269,158538,237807,317076,396345
79270,158540,237810,317080,396350
79271,158542,237813,317084,396355
79272,158544,237816,317088,396360
79273,158546,237819,317092,396365
79274,158548,237822,317096,396370
79275,158550,237825,317100,396375
79276,158552,237828,317104,396380
79277,158554,237831,317108,396385
79278,158556,237834,317112,396390
79279,158558,237837,317116,396395
79280,158560,237840,317120,396400
79281,158562,237843,317124,396405
79282,158564,237846,317128,396410
79283,158566,237849,317132,396415
79284,158568,237852,317136,396420
79285,158570,237855,317140,396425
79286,158572,237858,317144,396430
79287,158574,237861,317148,396435
79288,158576,237864,317152,396440
79289,158578,237867,317156,396445
79290,158580,237870,317160,396450
79291,158582,237873,317164,396455
79292,158584,237876,317168,396460
79293,158586,237879,317172,396465
79294,158588,237882,317176,396470
79295,158590,237885,317180,396475
79296,158592,237888,317184,396480
79297,158594,237891,317188,396485
79298,158596,237894,317192,396490
79299,158598,237897,317196,396495
79300,158600,237900,317200,396500
79301,158602,237903,317204,396505
79302,158604,237906,317208,396510
79303,158606,237909,317212,396515
79304,158608,237912,317216,396520
79305,158610,237915,317220,396525
79306,158612,237918,317224,396530
79307,158614,237921,317228,396535
79308,158616,237924,317232,396540
79309,158618,237927,317236,396545
79310,158620,237930,317240,396550
79311,158622,237933,317244,396555
79312,158624,237936,317248,396560
79313,158626,237939,317252,396565
79314,158628,237942,317256,396570
79315,158630,237945,317260,396575
79316,158632,237948,317264,396580
79317,158634,237951,317268,396585
79318,158636,237954,317272,396590
79319,158638,237957,317276,396595
79320,158640,237960,317280,396600
79321,158642,237963,317284,396605
79322,158644,237966,317288,396610
79323,158646,237969,317292,396615
79324,158648,237972,317296,396620
79325,158650,237975,317300,396625
79326,158652,237978,317304,396630
79327,158654,237981,317308,396635
79328,158656,237984,317312,396640
79329,158658,237987,317316,396645
79330,158660,237990,317320,396650
79331,158662,237993,317324,396655
79332,158664,237996,317328,396660
79333,158666,237999,317332,396665
79334,158668,238002,317336,396670
79335,158670,238005,317340,396675
79336,158672,238008,317344,396680
79337,158674,238011,317348,396685
79338,158676,238014,317352,396690
79339,158678,238017,317356,396695
79340,158680,238020,317360,396700
79341,158682,238023,317364,396705
79342,158684,238026,317368,396710
79343,158686,238029,317372,396715
79344,158688,238032,317376,396720
79345,158690,238035,317380,396725
79346,158692,238038,317384,396730
79347,158694,238041,317388,396735
79348,158696,238044,317392,396740
79349,158698,238047,317396,396745
79350,158700,238050,317400,396750
79351,158702,238053,317404,396755
79352,158704,238056,317408,396760
79353,158706,238059,317412,396765
79354,158708,238062,317416,396770
79355,158710,238065,317420,396775
79356,158712,238068,317424,396780
79357,158714,238071,317428,396785
79358,158716,238074,317432,396790
79359,158718,238077,317436,396795
79360,158720,238080,317440,396800
79361,158722,238083,317444,396805
79362,158724,238086,317448,396810
79363,158726,238089,317452,396815
79364,158728,238092,317456,396820
79365,158730,238095,317460,396825
79366,158732,238098,317464,396830
79367,158734,238101,317468,396835
79368,158736,238104,317472,396840
79369,158738,238107,317476,396845
79370,158740,238110,317480,396850
79371,158742,238113,317484,396855
79372,158744,238116,317488,396860
79373,158746,238119,317492,396865
79374,158748,238122,317496,396870
79375,158750,238125,317500,396875
79376,158752,238128,317504,396880
79377,158754,238131,317508,396885
79378,158756,238134,317512,396890
79379,158758,238137,317516,396895
79380,158760,238140,317520,396900
79381,158762,238143,317524,396905
79382,158764,238146,317528,396910
79383,158766,238149,317532,396915
79384,158768,238152,317536,396920
79385,158770,238155,317540,396925
79386,158772,238158,317544,396930
79387,158774,238161,317548,396935
79388,158776,238164,317552,396940
79389,158778,238167,317556,396945
79390,158780,238170,317560,396950
79391,158782,238173,317564,396955
79392,158784,238176,317568,396960
79393,158786,238179,317572,396965
79394,158788,238182,317576,396970
79395,158790,238185,317580,396975
79396,158792,238188,317584,396980
79397,158794,238191,317588,396985
79398,158796,238194,317592,396990
79399,158798,238197,317596,396995
79400,158800,238200,317600,397000
79401,158802,238203,317604,397005
79402,158804,238206,317608,397010
79403,158806,238209,317612,397015
79404,158808,238212,317616,397020
79405,158810,238215,317620,397025
79406,158812,238218,317624,397030
79407,158814,238221,317628,397035
79408,158816,238224,317632,397040
79409,158818,238227,317636,397045
79410,158820,238230,317640,397050
79411,158822,238233,317644,397055
79412,158824,238236,317648,397060
79413,158826,238239,317652,397065
79414,158828,238242,317656,397070
79415,158830,238245,317660,397075
79416,158832,238248,317664,397080
79417,158834,238251,317668,397085
79418,158836,238254,317672,397090
79419,158838,238257,317676,397095
79420,158840,238260,317680,397100
79421,158842,238263,317684,397105
79422,158844,238266,317688,397110
79423,158846,238269,317692,397115
79424,158848,238272,317696,397120
79425,158850,238275,317700,397125
79426,158852,238278,317704,397130
79427,158854,238281,317708,397135
79428,158856,238284,317712,397140
79429,158858,238287,317716,397145
79430,158860,238290,317720,397150
79431,158862,238293,317724,397155
79432,158864,238296,317728,397160
79433,158866,238299,317732,397165
79434,158868,238302,317736,397170
79435,158870,238305,317740,397175
79436,158872,238308,317744,397180
79437,158874,238311,317748,397185
79438,158876,238314,317752,397190
79439,158878,238317,317756,397195
79440,158880,238320,317760,397200
79441,158882,238323,317764,397205
79442,158884,238326,317768,397210
79443,158886,238329,317772,397215
79444,158888,238332,317776,397220
79445,158890,238335,317780,397225
79446,158892,238338,317784,397230
79447,158894,238341,317788,397235
79448,158896,238344,317792,397240
79449,158898,238347,317796,397245
79450,158900,238350,317800,397250
79451,158902,238353,317804,397255
79452,158904,238356,317808,397260
79453,158906,238359,317812,397265
79454,158908,238362,317816,397270
79455,158910,238365,317820,397275
79456,158912,238368,317824,397280
79457,158914,238371,317828,397285
79458,158916,238374,317832,397290
79459,158918,238377,317836,397295
79460,158920,238380,317840,397300
79461,158922,238383,317844,397305
79462,158924,238386,317848,397310
79463,158926,238389,317852,397315
79464,158928,238392,317856,397320
79465,158930,238395,317860,397325
79466,158932,238398,317864,397330
79467,158934,238401,317868,397335
79468,158936,238404,317872,397340
79469,158938,238407,317876,397345
79470,158940,238410,317880,397350
79471,158942,238413,317884,397355
79472,158944,238416,317888,397360
79473,158946,238419,317892,397365
79474,158948,238422,317896,397370
79475,158950,238425,317900,397375
79476,158952,238428,317904,397380
79477,158954,238431,317908,397385
79478,158956,238434,317912,397390
79479,158958,238437,317916,397395
79480,158960,238440,317920,397400
79481,158962,238443,317924,397405
79482,158964,238446,317928,397410
79483,158966,238449,317932,397415
79484,158968,238452,317936,397420
79485,158970,238455,317940,397425
79486,158972,238458,317944,397430
79487,158974,238461,317948,397435
79488,158976,238464,317952,397440
79489,158978,238467,317956,397445
79490,158980,238470,317960,397450
79491,158982,238473,317964,397455
79492,158984,238476,317968,397460
79493,158986,238479,317972,397465
79494,158988,238482,317976,397470
79495,158990,238485,317980,397475
79496,158992,238488,317984,397480
79497,158994,238491,317988,397485
79498,158996,238494,317992,397490
79499,158998,238497,317996,397495
79500,159000,238500,318000,397500
79501,159002,238503,318004,397505
79502,159004,238506,318008,397510
79503,159006,238509,318012,397515
79504,159008,238512,318016,397520
79505,159010,238515,318020,397525
79506,159012,238518,318024,397530
79507,159014,238521,318028,397535
79508,159016,238524,318032,397540
79509,159018,238527,318036,397545
79510,159020,238530,318040,397550
79511,159022,238533,318044,397555
79512,159024,238536,318048,397560
79513,159026,238539,318052,397565
79514,159028,238542,318056,397570
79515,159030,238545,318060,397575
79516,159032,238548,318064,397580
79517,159034,238551,318068,397585
79518,159036,238554,318072,397590
79519,159038,238557,318076,397595
79520,159040,238560,318080,397600
79521,159042,238563,318084,397605
79522,159044,238566,318088,397610
79523,159046,238569,318092,397615
79524,159048,238572,318096,397620
79525,159050,238575,318100,397625
79526,159052,238578,318104,397630
79527,159054,238581,318108,397635
79528,159056,238584,318112,397640
79529,159058,238587,318116,397645
79530,159060,238590,318120,397650
79531,159062,238593,318124,397655
79532,159064,238596,318128,397660
79533,159066,238599,318132,397665
79534,159068,238602,318136,397670
79535,159070,238605,318140,397675
79536,159072,238608,318144,397680
79537,159074,238611,318148,397685
79538,159076,238614,318152,397690
79539,159078,238617,318156,397695
79540,159080,238620,318160,397700
79541,159082,238623,318164,397705
79542,159084,238626,318168,397710
79543,159086,238629,318172,397715
79544,159088,238632,318176,397720
79545,159090,238635,318180,397725
79546,159092,238638,318184,397730
79547,159094,238641,318188,397735
79548,159096,238644,318192,397740
79549,159098,238647,318196,397745
79550,159100,238650,318200,397750
79551,159102,238653,318204,397755
79552,159104,238656,318208,397760
79553,159106,238659,318212,397765
79554,159108,238662,318216,397770
79555,159110,238665,318220,397775
79556,159112,238668,318224,397780
79557,159114,238671,318228,397785
79558,159116,238674,318232,397790
79559,159118,238677,318236,397795
79560,159120,238680,318240,397800
79561,159122,238683,318244,397805
79562,159124,238686,318248,397810
79563,159126,238689,318252,397815
79564,159128,238692,318256,397820
79565,159130,238695,318260,397825
79566,159132,238698,318264,397830
79567,159134,238701,318268,397835
79568,159136,238704,318272,397840
79569,159138,238707,318276,397845
79570,159140,238710,318280,397850
79571,159142,238713,318284,397855
79572,159144,238716,318288,397860
79573,159146,238719,318292,397865
79574,159148,238722,318296,397870
79575,159150,238725,318300,397875
79576,159152,238728,318304,397880
79577,159154,238731,318308,397885
79578,159156,238734,318312,397890
79579,159158,238737,318316,397895
79580,159160,238740,318320,397900
79581,159162,238743,318324,397905
79582,159164,238746,318328,397910
79583,159166,238749,318332,397915
79584,159168,238752,318336,397920
79585,159170,238755,318340,397925
79586,159172,238758,318344,397930
79587,159174,238761,318348,397935
79588,159176,238764,318352,397940
79589,159178,238767,318356,397945
79590,159180,238770,318360,397950
79591,159182,238773,318364,397955
79592,159184,238776,318368,397960
79593,159186,238779,318372,397965
79594,159188,238782,318376,397970
79595,159190,238785,318380,397975
79596,159192,238788,318384,397980
79597,159194,238791,318388,397985
79598,159196,238794,318392,397990
79599,159198,238797,318396,397995
79600,159200,238800,318400,398000
79601,159202,238803,318404,398005
79602,159204,238806,318408,398010
79603,159206,238809,318412,398015
79604,159208,238812,318416,398020
79605,159210,238815,318420,398025
79606,159212,238818,318424,398030
79607,159214,238821,318428,398035
79608,159216,238824,318432,398040
79609,159218,238827,318436,398045
79610,159220,238830,318440,398050
79611,159222,238833,318444,398055
79612,159224,238836,318448,398060
79613,159226,238839,318452,398065
79614,159228,238842,318456,398070
79615,159230,238845,318460,398075
79616,159232,238848,318464,398080
79617,159234,238851,318468,398085
79618,159236,238854,318472,398090
79619,159238,238857,318476,398095
79620,159240,238860,318480,398100
79621,159242,238863,318484,398105
79622,159244,238866,318488,398110
79623,159246,238869,318492,398115
79624,159248,238872,318496,398120
79625,159250,238875,318500,398125
79626,159252,238878,318504,398130
79627,159254,238881,318508,398135
79628,159256,238884,318512,398140
79629,159258,238887,318516,398145
79630,159260,238890,318520,398150
79631,159262,238893,318524,398155
79632,159264,238896,318528,398160
79633,159266,238899,318532,398165
79634,159268,238902,318536,398170
79635,159270,238905,318540,398175
79636,159272,238908,318544,398180
79637,159274,238911,318548,398185
79638,159276,238914,318552,398190
79639,159278,238917,318556,398195
79640,159280,238920,318560,398200
79641,159282,238923,318564,398205
79642,159284,238926,318568,398210
79643,159286,238929,318572,398215
79644,159288,238932,318576,398220
79645,159290,238935,318580,398225
79646,159292,238938,318584,398230
79647,159294,238941,318588,398235
79648,159296,238944,318592,398240
79649,159298,238947,318596,398245
79650,159300,238950,318600,398250
79651,159302,238953,318604,398255
79652,159304,238956,318608,398260
79653,159306,238959,318612,398265
79654,159308,238962,318616,398270
79655,159310,238965,318620,398275
79656,159312,238968,318624,398280
79657,159314,238971,318628,398285
79658,159316,238974,318632,398290
79659,159318,238977,318636,398295
79660,159320,238980,318640,398300
79661,159322,238983,318644,398305
79662,159324,238986,318648,398310
79663,159326,238989,318652,398315
79664,159328,238992,318656,398320
79665,159330,238995,318660,398325
79666,159332,238998,318664,398330
79667,159334,239001,318668,398335
79668,159336,239004,318672,398340
79669,159338,239007,318676,398345
79670,159340,239010,318680,398350
79671,159342,239013,318684,398355
79672,159344,239016,318688,398360
79673,159346,239019,318692,398365
79674,159348,239022,318696,398370
79675,159350,239025,318700,398375
79676,159352,239028,318704,398380
79677,159354,239031,318708,398385
79678,159356,239034,318712,398390
79679,159358,239037,318716,398395
79680,159360,239040,318720,398400
79681,159362,239043,318724,398405
79682,159364,239046,318728,398410
79683,159366,239049,318732,398415
79684,159368,239052,318736,398420
79685,159370,239055,318740,398425
79686,159372,239058,318744,398430
79687,159374,239061,318748,398435
79688,159376,239064,318752,398440
79689,159378,239067,318756,398445
79690,159380,239070,318760,398450
79691,159382,239073,318764,398455
79692,159384,239076,318768,398460
79693,159386,239079,318772,398465
79694,159388,239082,318776,398470
79695,159390,239085,318780,398475
79696,159392,239088,318784,398480
79697,159394,239091,318788,398485
79698,159396,239094,318792,398490
79699,159398,239097,318796,398495
79700,159400,239100,318800,398500
79701,159402,239103,318804,398505
79702,159404,239106,318808,398510
79703,159406,239109,318812,398515
79704,159408,239112,318816,398520
79705,159410,239115,318820,398525
79706,159412,239118,318824,398530
79707,159414,239121,318828,398535
79708,159416,239124,318832,398540
79709,159418,239127,318836,398545
79710,159420,239130,318840,398550
79711,159422,239133,318844,398555
79712,159424,239136,318848,398560
79713,159426,239139,318852,398565
79714,159428,239142,318856,398570
79715,159430,239145,318860,398575
79716,159432,239148,318864,398580
79717,159434,239151,318868,398585
79718,159436,239154,318872,398590
79719,159438,239157,318876,398595
79720,159440,239160,318880,398600
79721,159442,239163,318884,398605
79722,159444,239166,318888,398610
79723,159446,239169,318892,398615
79724,159448,239172,318896,398620
79725,159450,239175,318900,398625
79726,159452,239178,318904,398630
79727,159454,239181,318908,398635
79728,159456,239184,318912,398640
79729,159458,239187,318916,398645
79730,159460,239190,318920,398650
79731,159462,239193,318924,398655
79732,159464,239196,318928,398660
79733,159466,239199,318932,398665
79734,159468,239202,318936,398670
79735,159470,239205,318940,398675
79736,159472,239208,318944,398680
79737,159474,239211,318948,398685
79738,159476,239214,318952,398690
79739,159478,239217,318956,398695
79740,159480,239220,318960,398700
79741,159482,239223,318964,398705
79742,159484,239226,318968,398710
79743,159486,239229,318972,398715
79744,159488,239232,318976,398720
79745,159490,239235,318980,398725
79746,159492,239238,318984,398730
79747,159494,239241,318988,398735
79748,159496,239244,318992,398740
79749,159498,239247,318996,398745
79750,159500,239250,319000,398750
79751,159502,239253,319004,398755
79752,159504,239256,319008,398760
79753,159506,239259,319012,398765
79754,159508,239262,319016,398770
79755,159510,239265,319020,398775
79756,159512,239268,319024,398780
79757,159514,239271,319028,398785
79758,159516,239274,319032,398790
79759,159518,239277,319036,398795
79760,159520,239280,319040,398800
79761,159522,239283,319044,398805
79762,159524,239286,319048,398810
79763,159526,239289,319052,398815
79764,159528,239292,319056,398820
79765,159530,239295,319060,398825
79766,159532,239298,319064,398830
79767,159534,239301,319068,398835
79768,159536,239304,319072,398840
79769,159538,239307,319076,398845
79770,159540,239310,319080,398850
79771,159542,239313,319084,398855
79772,159544,239316,319088,398860
79773,159546,239319,319092,398865
79774,159548,239322,319096,398870
79775,159550,239325,319100,398875
79776,159552,239328,319104,398880
79777,159554,239331,319108,398885
79778,159556,239334,319112,398890
79779,159558,239337,319116,398895
79780,159560,239340,319120,398900
79781,159562,239343,319124,398905
79782,159564,239346,319128,398910
79783,159566,239349,319132,398915
79784,159568,239352,319136,398920
79785,159570,239355,319140,398925
79786,159572,239358,319144,398930
79787,159574,239361,319148,398935
79788,159576,239364,319152,398940
79789,159578,239367,319156,398945
79790,159580,239370,319160,398950
79791,159582,239373,319164,398955
79792,159584,239376,319168,398960
79793,159586,239379,319172,398965
79794,159588,239382,319176,398970
79795,159590,239385,319180,398975
79796,159592,239388,319184,398980
79797,159594,239391,319188,398985
79798,159596,239394,319192,398990
79799,159598,239397,319196,398995
79800,159600,239400,319200,399000
79801,159602,239403,319204,399005
79802,159604,239406,319208,399010
79803,159606,239409,319212,399015
79804,159608,239412,319216,399020
79805,159610,239415,319220,399025
79806,159612,239418,319224,399030
79807,159614,239421,319228,399035
79808,159616,239424,319232,399040
79809,159618,239427,319236,399045
79810,159620,239430,319240,399050
79811,159622,239433,319244,399055
79812,159624,239436,319248,399060
79813,159626,239439,319252,399065
79814,159628,239442,319256,399070
79815,159630,239445,319260,399075
79816,159632,239448,319264,399080
79817,159634,239451,319268,399085
79818,159636,239454,319272,399090
79819,159638,239457,319276,399095
79820,159640,239460,319280,399100
79821,159642,239463,319284,399105
79822,159644,239466,319288,399110
79823,159646,239469,319292,399115
79824,159648,239472,319296,399120
79825,159650,239475,319300,399125
79826,159652,239478,319304,399130
79827,159654,239481,319308,399135
79828,159656,239484,319312,399140
79829,159658,239487,319316,399145
79830,159660,239490,319320,399150
79831,159662,239493,319324,399155
79832,159664,239496,319328,399160
79833,159666,239499,319332,399165
79834,159668,239502,319336,399170
79835,159670,239505,319340,399175
79836,159672,239508,319344,399180
79837,159674,239511,319348,399185
79838,159676,239514,319352,399190
79839,159678,239517,319356,399195
79840,159680,239520,319360,399200
79841,159682,239523,319364,399205
79842,159684,239526,319368,399210
79843,159686,239529,319372,399215
79844,159688,239532,319376,399220
79845,159690,239535,319380,399225
79846,159692,239538,319384,399230
79847,159694,239541,319388,399235
79848,159696,239544,319392,399240
79849,159698,239547,319396,399245
79850,159700,239550,319400,399250
79851,159702,239553,319404,399255
79852,159704,239556,319408,399260
79853,159706,239559,319412,399265
79854,159708,239562,319416,399270
79855,159710,239565,319420,399275
79856,159712,239568,319424,399280
79857,159714,239571,319428,399285
79858,159716,239574,319432,399290
79859,159718,239577,319436,399295
79860,159720,239580,319440,399300
79861,159722,239583,319444,399305
79862,159724,239586,319448,399310
79863,159726,239589,319452,399315
79864,159728,239592,319456,399320
79865,159730,239595,319460,399325
79866,159732,239598,319464,399330
79867,159734,239601,319468,399335
79868,159736,239604,319472,399340
79869,159738,239607,319476,399345
79870,159740,239610,319480,399350
79871,159742,239613,319484,399355
79872,159744,239616,319488,399360
79873,159746,239619,319492,399365
79874,159748,239622,319496,399370
79875,159750,239625,319500,399375
79876,159752,239628,319504,399380
79877,159754,239631,319508,399385
79878,159756,239634,319512,399390
79879,159758,239637,319516,399395
79880,159760,239640,319520,399400
79881,159762,239643,319524,399405
79882,159764,239646,319528,399410
79883,159766,239649,319532,399415
79884,159768,239652,319536,399420
79885,159770,239655,319540,399425
79886,159772,239658,319544,399430
79887,159774,239661,319548,399435
79888,159776,239664,319552,399440
79889,159778,239667,319556,399445
79890,159780,239670,319560,399450
79891,159782,239673,319564,399455
79892,159784,239676,319568,399460
79893,159786,239679,319572,399465
79894,159788,239682,319576,399470
79895,159790,239685,319580,399475
79896,159792,239688,319584,399480
79897,159794,239691,319588,399485
79898,159796,239694,319592,399490
79899,159798,239697,319596,399495
79900,159800,239700,319600,399500
79901,159802,239703,319604,399505
79902,159804,239706,319608,399510
79903,159806,239709,319612,399515
79904,159808,239712,319616,399520
79905,159810,239715,319620,399525
79906,159812,239718,319624,399530
79907,159814,239721,319628,399535
79908,159816,239724,319632,399540
79909,159818,239727,319636,399545
79910,159820,239730,319640,399550
79911,159822,239733,319644,399555
79912,159824,239736,319648,399560
79913,159826,239739,319652,399565
79914,159828,239742,319656,399570
79915,159830,239745,319660,399575
79916,159832,239748,319664,399580
79917,159834,239751,319668,399585
79918,159836,239754,319672,399590
79919,159838,239757,319676,399595
79920,159840,239760,319680,399600
79921,159842,239763,319684,399605
79922,159844,239766,319688,399610
79923,159846,239769,319692,399615
79924,159848,239772,319696,399620
79925,159850,239775,319700,399625
79926,159852,239778,319704,399630
79927,159854,239781,319708,399635
79928,159856,239784,319712,399640
79929,159858,239787,319716,399645
79930,159860,239790,319720,399650
79931,159862,239793,319724,399655
79932,159864,239796,319728,399660
79933,159866,239799,319732,399665
79934,159868,239802,319736,399670
79935,159870,239805,319740,399675
79936,159872,239808,319744,399680
79937,159874,239811,319748,399685
79938,159876,239814,319752,399690
79939,159878,239817,319756,399695
79940,159880,239820,319760,399700
79941,159882,239823,319764,399705
79942,159884,239826,319768,399710
79943,159886,239829,319772,399715
79944,159888,239832,319776,399720
79945,159890,239835,319780,399725
79946,159892,239838,319784,399730
79947,159894,239841,319788,399735
79948,159896,239844,319792,399740
79949,159898,239847,319796,399745
79950,159900,239850,319800,399750
79951,159902,239853,319804,399755
79952,159904,239856,319808,399760
79953,159906,239859,319812,399765
79954,159908,239862,319816,399770
79955,159910,239865,319820,399775
79956,159912,239868,319824,399780
79957,159914,239871,319828,399785
79958,159916,239874,319832,399790
79959,159918,239877,319836,399795
79960,159920,239880,319840,399800
79961,159922,239883,319844,399805
79962,159924,239886,319848,399810
79963,159926,239889,319852,399815
79964,159928,239892,319856,399820
79965,159930,239895,319860,399825
79966,159932,239898,319864,399830
79967,159934,239901,319868,399835
79968,159936,239904,319872,399840
79969,159938,239907,319876,399845
79970,159940,239910,319880,399850
79971,159942,239913,319884,399855
79972,159944,239916,319888,399860
79973,159946,239919,319892,399865
79974,159948,239922,319896,399870
79975,159950,239925,319900,399875
79976,159952,239928,319904,399880
79977,159954,239931,319908,399885
79978,159956,239934,319912,399890
79979,159958,239937,319916,399895
79980,159960,239940,319920,399900
79981,159962,239943,319924,399905
79982,159964,239946,319928,399910
79983,159966,239949,319932,399915
79984,159968,239952,319936,399920
79985,159970,239955,319940,399925
79986,159972,239958,319944,399930
79987,159974,239961,319948,399935
79988,159976,239964,319952,399940
79989,159978,239967,319956,399945
79990,159980,239970,319960,399950
79991,159982,239973,319964,399955
79992,159984,239976,319968,399960
79993,159986,239979,319972,399965
79994,159988,239982,319976,399970
79995,159990,239985,319980,399975
79996,159992,239988,319984,399980
79997,159994,239991,319988,399985
79998,159996,239994,319992,399990
79999,159998,239997,319996,399995
80000,160000,240000,320000,400000
80001,160002,240003,320004,400005
80002,160004,240006,320008,400010
80003,160006,240009,320012,400015
80004,160008,240012,320016,400020
80005,160010,240015,320020,400025
80006,160012,240018,320024,400030
80007,160014,240021,320028,400035
80008,160016,240024,320032,400040
80009,160018,240027,320036,400045
80010,160020,240030,320040,400050
80011,160022,240033,320044,400055
80012,160024,240036,320048,400060
80013,160026,240039,320052,400065
80014,160028,240042,320056,400070
80015,160030,240045,320060,400075
80016,160032,240048,320064,400080
80017,160034,240051,320068,400085
80018,160036,240054,320072,400090
80019,160038,240057,320076,400095
80020,160040,240060,320080,400100
80021,160042,240063,320084,400105
80022,160044,240066,320088,400110
80023,160046,240069,320092,400115
80024,160048,240072,320096,400120
80025,160050,240075,320100,400125
80026,160052,240078,320104,400130
80027,160054,240081,320108,400135
80028,160056,240084,320112,400140
80029,160058,240087,320116,400145
80030,160060,240090,320120,400150
80031,160062,240093,320124,400155
80032,160064,240096,320128,400160
80033,160066,240099,320132,400165
80034,160068,240102,320136,400170
80035,160070,240105,320140,400175
80036,160072,240108,320144,400180
80037,160074,240111,320148,400185
80038,160076,240114,320152,400190
80039,160078,240117,320156,400195
80040,160080,240120,320160,400200
80041,160082,240123,320164,400205
80042,160084,240126,320168,400210
80043,160086,240129,320172,400215
80044,160088,240132,320176,400220
80045,160090,240135,320180,400225
80046,160092,240138,320184,400230
80047,160094,240141,320188,400235
80048,160096,240144,320192,400240
80049,160098,240147,320196,400245
80050,160100,240150,320200,400250
80051,160102,240153,320204,400255
80052,160104,240156,320208,400260
80053,160106,240159,320212,400265
80054,160108,240162,320216,400270
80055,160110,240165,320220,400275
80056,160112,240168,320224,400280
80057,160114,240171,320228,400285
80058,160116,240174,320232,400290
80059,160118,240177,320236,400295
80060,160120,240180,320240,400300
80061,160122,240183,320244,400305
80062,160124,240186,320248,400310
80063,160126,240189,320252,400315
80064,160128,240192,320256,400320
80065,160130,240195,320260,400325
80066,160132,240198,320264,400330
80067,160134,240201,320268,400335
80068,160136,240204,320272,400340
80069,160138,240207,320276,400345
80070,160140,240210,320280,400350
80071,160142,240213,320284,400355
80072,160144,240216,320288,400360
80073,160146,240219,320292,400365
80074,160148,240222,320296,400370
80075,160150,240225,320300,400375
80076,160152,240228,320304,400380
80077,160154,240231,320308,400385
80078,160156,240234,320312,400390
80079,160158,240237,320316,400395
80080,160160,240240,320320,400400
80081,160162,240243,320324,400405
80082,160164,240246,320328,400410
80083,160166,240249,320332,400415
80084,160168,240252,320336,400420
80085,160170,240255,320340,400425
80086,160172,240258,320344,400430
80087,160174,240261,320348,400435
80088,160176,240264,320352,400440
80089,160178,240267,320356,400445
80090,160180,240270,320360,400450
80091,160182,240273,320364,400455
80092,160184,240276,320368,400460
80093,160186,240279,320372,400465
80094,160188,240282,320376,400470
80095,160190,240285,320380,400475
80096,160192,240288,320384,400480
80097,160194,240291,320388,400485
80098,160196,240294,320392,400490
80099,160198,240297,320396,400495
80100,160200,240300,320400,400500
80101,160202,240303,320404,400505
80102,160204,240306,320408,400510
80103,160206,240309,320412,400515
80104,160208,240312,320416,400520
80105,160210,240315,320420,400525
80106,160212,240318,320424,400530
80107,160214,240321,320428,400535
80108,160216,240324,320432,400540
80109,160218,240327,320436,400545
80110,160220,240330,320440,400550
80111,160222,240333,320444,400555
80112,160224,240336,320448,400560
80113,160226,240339,320452,400565
80114,160228,240342,320456,400570
80115,160230,240345,320460,400575
80116,160232,240348,320464,400580
80117,160234,240351,320468,400585
80118,160236,240354,320472,400590
80119,160238,240357,320476,400595
80120,160240,240360,320480,400600
80121,160242,240363,320484,400605
80122,160244,240366,320488,400610
80123,160246,240369,320492,400615
80124,160248,240372,320496,400620
80125,160250,240375,320500,400625
80126,160252,240378,320504,400630
80127,160254,240381,320508,400635
80128,160256,240384,320512,400640
80129,160258,240387,320516,400645
80130,160260,240390,320520,400650
80131,160262,240393,320524,400655
80132,160264,240396,320528,400660
80133,160266,240399,320532,400665
80134,160268,240402,320536,400670
80135,160270,240405,320540,400675
80136,160272,240408,320544,400680
80137,160274,240411,320548,400685
80138,160276,240414,320552,400690
80139,160278,240417,320556,400695
80140,160280,240420,320560,400700
80141,160282,240423,320564,400705
80142,160284,240426,320568,400710
80143,160286,240429,320572,400715
80144,160288,240432,320576,400720
80145,160290,240435,320580,400725
80146,160292,240438,320584,400730
80147,160294,240441,320588,400735
80148,160296,240444,320592,400740
80149,160298,240447,320596,400745
80150,160300,240450,320600,400750
80151,160302,240453,320604,400755
80152,160304,240456,320608,400760
80153,160306,240459,320612,400765
80154,160308,240462,320616,400770
80155,160310,240465,320620,400775
80156,160312,240468,320624,400780
80157,160314,240471,320628,400785
80158,160316,240474,320632,400790
80159,160318,240477,320636,400795
80160,160320,240480,320640,400800
80161,160322,240483,320644,400805
80162,160324,240486,320648,400810
80163,160326,240489,320652,400815
80164,160328,240492,320656,400820
80165,160330,240495,320660,400825
80166,160332,240498,320664,400830
80167,160334,240501,320668,400835
80168,160336,240504,320672,400840
80169,160338,240507,320676,400845
80170,160340,240510,320680,400850
80171,160342,240513,320684,400855
80172,160344,240516,320688,400860
80173,160346,240519,320692,400865
80174,160348,240522,320696,400870
80175,160350,240525,320700,400875
80176,160352,240528,320704,400880
80177,160354,240531,320708,400885
80178,160356,240534,320712,400890
80179,160358,240537,320716,400895
80180,160360,240540,320720,400900
80181,160362,240543,320724,400905
80182,160364,240546,320728,400910
80183,160366,240549,320732,400915
80184,160368,240552,320736,400920
80185,160370,240555,320740,400925
80186,160372,240558,320744,400930
80187,160374,240561,320748,400935
80188,160376,240564,320752,400940
80189,160378,240567,320756,400945
80190,160380,240570,320760,400950
80191,160382,240573,320764,400955
80192,160384,240576,320768,400960
80193,160386,240579,320772,400965
80194,160388,240582,320776,400970
80195,160390,240585,320780,400975
80196,160392,240588,320784,400980
80197,160394,240591,320788,400985
80198,160396,240594,320792,400990
80199,160398,240597,320796,400995
80200,160400,240600,320800,401000
80201,160402,240603,320804,401005
80202,160404,240606,320808,401010
80203,160406,240609,320812,401015
80204,160408,240612,320816,401020
80205,160410,240615,320820,401025
80206,160412,240618,320824,401030
80207,160414,240621,320828,401035
80208,160416,240624,320832,401040
80209,160418,240627,320836,401045
80210,160420,240630,320840,401050
80211,160422,240633,320844,401055
80212,160424,240636,320848,401060
80213,160426,240639,320852,401065
80214,160428,240642,320856,401070
80215,160430,240645,320860,401075
80216,160432,240648,320864,401080
80217,160434,240651,320868,401085
80218,160436,240654,320872,401090
80219,160438,240657,320876,401095
80220,160440,240660,320880,401100
80221,160442,240663,320884,401105
80222,160444,240666,320888,401110
80223,160446,240669,320892,401115
80224,160448,240672,320896,401120
80225,160450,240675,320900,401125
80226,160452,240678,320904,401130
80227,160454,240681,320908,401135
80228,160456,240684,320912,401140
80229,160458,240687,320916,401145
80230,160460,240690,320920,401150
80231,160462,240693,320924,401155
80232,160464,240696,320928,401160
80233,160466,240699,320932,401165
80234,160468,240702,320936,401170
80235,160470,240705,320940,401175
80236,160472,240708,320944,401180
80237,160474,240711,320948,401185
80238,160476,240714,320952,401190
80239,160478,240717,320956,401195
80240,160480,240720,320960,401200
80241,160482,240723,320964,401205
80242,160484,240726,320968,401210
80243,160486,240729,320972,401215
80244,160488,240732,320976,401220
80245,160490,240735,320980,401225
80246,160492,240738,320984,401230
80247,160494,240741,320988,401235
80248,160496,240744,320992,401240
80249,160498,240747,320996,401245
80250,160500,240750,321000,401250
80251,160502,240753,321004,401255
80252,160504,240756,321008,401260
80253,160506,240759,321012,401265
80254,160508,240762,321016,401270
80255,160510,240765,321020,401275
80256,160512,240768,321024,401280
80257,160514,240771,321028,401285
80258,160516,240774,321032,401290
80259,160518,240777,321036,401295
80260,160520,240780,321040,401300
80261,160522,240783,321044,401305
80262,160524,240786,321048,401310
80263,160526,240789,321052,401315
80264,160528,240792,321056,401320
80265,160530,240795,321060,401325
80266,160532,240798,321064,401330
80267,160534,240801,321068,401335
80268,160536,240804,321072,401340
80269,160538,240807,321076,401345
80270,160540,240810,321080,401350
80271,160542,240813,321084,401355
80272,160544,240816,321088,401360
80273,160546,240819,321092,401365
80274,160548,240822,321096,401370
80275,160550,240825,321100,401375
80276,160552,240828,321104,401380
80277,160554,240831,321108,401385
80278,160556,240834,321112,401390
80279,160558,240837,321116,401395
80280,160560,240840,321120,401400
80281,160562,240843,321124,401405
80282,160564,240846,321128,401410
80283,160566,240849,321132,401415
80284,160568,240852,321136,401420
80285,160570,240855,321140,401425
80286,160572,240858,321144,401430
80287,160574,240861,321148,401435
80288,160576,240864,321152,401440
80289,160578,240867,321156,401445
80290,160580,240870,321160,401450
80291,160582,240873,321164,401455
80292,160584,240876,321168,401460
80293,160586,240879,321172,401465
80294,160588,240882,321176,401470
80295,160590,240885,321180,401475
80296,160592,240888,321184,401480
80297,160594,240891,321188,401485
80298,160596,240894,321192,401490
80299,160598,240897,321196,401495
80300,160600,240900,321200,401500
80301,160602,240903,321204,401505
80302,160604,240906,321208,401510
80303,160606,240909,321212,401515
80304,160608,240912,321216,401520
80305,160610,240915,321220,401525
80306,160612,240918,321224,401530
80307,160614,240921,321228,401535
80308,160616,240924,321232,401540
80309,160618,240927,321236,401545
80310,160620,240930,321240,401550
80311,160622,240933,321244,401555
80312,160624,240936,321248,401560
80313,160626,240939,321252,401565
80314,160628,240942,321256,401570
80315,160630,240945,321260,401575
80316,160632,240948,321264,401580
80317,160634,240951,321268,401585
80318,160636,240954,321272,401590
80319,160638,240957,321276,401595
80320,160640,240960,321280,401600
80321,160642,240963,321284,401605
80322,160644,240966,321288,401610
80323,160646,240969,321292,401615
80324,160648,240972,321296,401620
80325,160650,240975,321300,401625
80326,160652,240978,321304,401630
80327,160654,240981,321308,401635
80328,160656,240984,321312,401640
80329,160658,240987,321316,401645
80330,160660,240990,321320,401650
80331,160662,240993,321324,401655
80332,160664,240996,321328,401660
80333,160666,240999,321332,401665
80334,160668,241002,321336,401670
80335,160670,241005,321340,401675
80336,160672,241008,321344,401680
80337,160674,241011,321348,401685
80338,160676,241014,321352,401690
80339,160678,241017,321356,401695
80340,160680,241020,321360,401700
80341,160682,241023,321364,401705
80342,160684,241026,321368,401710
80343,160686,241029,321372,401715
80344,160688,241032,321376,401720
80345,160690,241035,321380,401725
80346,160692,241038,321384,401730
80347,160694,241041,321388,401735
80348,160696,241044,321392,401740
80349,160698,241047,321396,401745
80350,160700,241050,321400,401750
80351,160702,241053,321404,401755
80352,160704,241056,321408,401760
80353,160706,241059,321412,401765
80354,160708,241062,321416,401770
80355,160710,241065,321420,401775
80356,160712,241068,321424,401780
80357,160714,241071,321428,401785
80358,160716,241074,321432,401790
80359,160718,241077,321436,401795
80360,160720,241080,321440,401800
80361,160722,241083,321444,401805
80362,160724,241086,321448,401810
80363,160726,241089,321452,401815
80364,160728,241092,321456,401820
80365,160730,241095,321460,401825
80366,160732,241098,321464,401830
80367,160734,241101,321468,401835
80368,160736,241104,321472,401840
80369,160738,241107,321476,401845
80370,160740,241110,321480,401850
80371,160742,241113,321484,401855
80372,160744,241116,321488,401860
80373,160746,241119,321492,401865
80374,160748,241122,321496,401870
80375,160750,241125,321500,401875
80376,160752,241128,321504,401880
80377,160754,241131,321508,401885
80378,160756,241134,321512,401890
80379,160758,241137,321516,401895
80380,160760,241140,321520,401900
80381,160762,241143,321524,401905
80382,160764,241146,321528,401910
80383,160766,241149,321532,401915
80384,160768,241152,321536,401920
80385,160770,241155,321540,401925
80386,160772,241158,321544,401930
80387,160774,241161,321548,401935
80388,160776,241164,321552,401940
80389,160778,241167,321556,401945
80390,160780,241170,321560,401950
80391,160782,241173,321564,401955
80392,160784,241176,321568,401960
80393,160786,241179,321572,401965
80394,160788,241182,321576,401970
80395,160790,241185,321580,401975
80396,160792,241188,321584,401980
80397,160794,241191,321588,401985
80398,160796,241194,321592,401990
80399,160798,241197,321596,401995
80400,160800,241200,321600,402000
80401,160802,241203,321604,402005
80402,160804,241206,321608,402010
80403,160806,241209,321612,402015
80404,160808,241212,321616,402020
80405,160810,241215,321620,402025
80406,160812,241218,321624,402030
80407,160814,241221,321628,402035
80408,160816,241224,321632,402040
80409,160818,241227,321636,402045
80410,160820,241230,321640,402050
80411,160822,241233,321644,402055
80412,160824,241236,321648,402060
80413,160826,241239,321652,402065
80414,160828,241242,321656,402070
80415,160830,241245,321660,402075
80416,160832,241248,321664,402080
80417,160834,241251,321668,402085
80418,160836,241254,321672,402090
80419,160838,241257,321676,402095
80420,160840,241260,321680,402100
80421,160842,241263,321684,402105
80422,160844,241266,321688,402110
80423,160846,241269,321692,402115
80424,160848,241272,321696,402120
80425,160850,241275,321700,402125
80426,160852,241278,321704,402130
80427,160854,241281,321708,402135
80428,160856,241284,321712,402140
80429,160858,241287,321716,402145
80430,160860,241290,321720,402150
80431,160862,241293,321724,402155
80432,160864,241296,321728,402160
80433,160866,241299,321732,402165
80434,160868,241302,321736,402170
80435,160870,241305,321740,402175
80436,160872,241308,321744,402180
80437,160874,241311,321748,402185
80438,160876,241314,321752,402190
80439,160878,241317,321756,402195
80440,160880,241320,321760,402200
80441,160882,241323,321764,402205
80442,160884,241326,321768,402210
80443,160886,241329,321772,402215
80444,160888,241332,321776,402220
80445,160890,241335,321780,402225
80446,160892,241338,321784,402230
80447,160894,241341,321788,402235
80448,160896,241344,321792,402240
80449,160898,241347,321796,402245
80450,160900,241350,321800,402250
80451,160902,241353,321804,402255
80452,160904,241356,321808,402260
80453,160906,241359,321812,402265
80454,160908,241362,321816,402270
80455,160910,241365,321820,402275
80456,160912,241368,321824,402280
80457,160914,241371,321828,402285
80458,160916,241374,321832,402290
80459,160918,241377,321836,402295
80460,160920,241380,321840,402300
80461,160922,241383,321844,402305
80462,160924,241386,321848,402310
80463,160926,241389,321852,402315
80464,160928,241392,321856,402320
80465,160930,241395,321860,402325
80466,160932,241398,321864,402330
80467,160934,241401,321868,402335
80468,160936,241404,321872,402340
80469,160938,241407,321876,402345
80470,160940,241410,321880,402350
80471,160942,241413,321884,402355
80472,160944,241416,321888,402360
80473,160946,241419,321892,402365
80474,160948,241422,321896,402370
80475,160950,241425,321900,402375
80476,160952,241428,321904,402380
80477,160954,241431,321908,402385
80478,160956,241434,321912,402390
80479,160958,241437,321916,402395
80480,160960,241440,321920,402400
80481,160962,241443,321924,402405
80482,160964,241446,321928,402410
80483,160966,241449,321932,402415
80484,160968,241452,321936,402420
80485,160970,241455,321940,402425
80486,160972,241458,321944,402430
80487,160974,241461,321948,402435
80488,160976,241464,321952,402440
80489,160978,241467,321956,402445
80490,160980,241470,321960,402450
80491,160982,241473,321964,402455
80492,160984,241476,321968,402460
80493,160986,241479,321972,402465
80494,160988,241482,321976,402470
80495,160990,241485,321980,402475
80496,160992,241488,321984,402480
80497,160994,241491,321988,402485
80498,160996,241494,321992,402490
80499,160998,241497,321996,402495
80500,161000,241500,322000,402500
80501,161002,241503,322004,402505
80502,161004,241506,322008,402510
80503,161006,241509,322012,402515
80504,161008,241512,322016,402520
80505,161010,241515,322020,402525
80506,161012,241518,322024,402530
80507,161014,241521,322028,402535
80508,161016,241524,322032,402540
80509,161018,241527,322036,402545
80510,161020,241530,322040,402550
80511,161022,241533,322044,402555
80512,161024,241536,322048,402560
80513,161026,241539,322052,402565
80514,161028,241542,322056,402570
80515,161030,241545,322060,402575
80516,161032,241548,322064,402580
80517,161034,241551,322068,402585
80518,161036,241554,322072,402590
80519,161038,241557,322076,402595
80520,161040,241560,322080,402600
80521,161042,241563,322084,402605
80522,161044,241566,322088,402610
80523,161046,241569,322092,402615
80524,161048,241572,322096,402620
80525,161050,241575,322100,402625
80526,161052,241578,322104,402630
80527,161054,241581,322108,402635
80528,161056,241584,322112,402640
80529,161058,241587,322116,402645
80530,161060,241590,322120,402650
80531,161062,241593,322124,402655
80532,161064,241596,322128,402660
80533,161066,241599,322132,402665
80534,161068,241602,322136,402670
80535,161070,241605,322140,402675
80536,161072,241608,322144,402680
80537,161074,241611,322148,402685
80538,161076,241614,322152,402690
80539,161078,241617,322156,402695
80540,161080,241620,322160,402700
80541,161082,241623,322164,402705
80542,161084,241626,322168,402710
80543,161086,241629,322172,402715
80544,161088,241632,322176,402720
80545,161090,241635,322180,402725
80546,161092,241638,322184,402730
80547,161094,241641,322188,402735
80548,161096,241644,322192,402740
80549,161098,241647,322196,402745
80550,161100,241650,322200,402750
80551,161102,241653,322204,402755
80552,161104,241656,322208,402760
80553,161106,241659,322212,402765
80554,161108,241662,322216,402770
80555,161110,241665,322220,402775
80556,161112,241668,322224,402780
80557,161114,241671,322228,402785
80558,161116,241674,322232,402790
80559,161118,241677,322236,402795
80560,161120,241680,322240,402800
80561,161122,241683,322244,402805
80562,161124,241686,322248,402810
80563,161126,241689,322252,402815
80564,161128,241692,322256,402820
80565,161130,241695,322260,402825
80566,161132,241698,322264,402830
80567,161134,241701,322268,402835
80568,161136,241704,322272,402840
80569,161138,241707,322276,402845
80570,161140,241710,322280,402850
80571,161142,241713,322284,402855
80572,161144,241716,322288,402860
80573,161146,241719,322292,402865
80574,161148,241722,322296,402870
80575,161150,241725,322300,402875
80576,161152,241728,322304,402880
80577,161154,241731,322308,402885
80578,161156,241734,322312,402890
80579,161158,241737,322316,402895
80580,161160,241740,322320,402900
80581,161162,241743,322324,402905
80582,161164,241746,322328,402910
80583,161166,241749,322332,402915
80584,161168,241752,322336,402920
80585,161170,241755,322340,402925
80586,161172,241758,322344,402930
80587,161174,241761,322348,402935
80588,161176,241764,322352,402940
80589,161178,241767,322356,402945
80590,161180,241770,322360,402950
80591,161182,241773,322364,402955
80592,161184,241776,322368,402960
80593,161186,241779,322372,402965
80594,161188,241782,322376,402970
80595,161190,241785,322380,402975
80596,161192,241788,322384,402980
80597,161194,241791,322388,402985
80598,161196,241794,322392,402990
80599,161198,241797,322396,402995
80600,161200,241800,322400,403000
80601,161202,241803,322404,403005
80602,161204,241806,322408,403010
80603,161206,241809,322412,403015
80604,161208,241812,322416,403020
80605,161210,241815,322420,403025
80606,161212,241818,322424,403030
80607,161214,241821,322428,403035
80608,161216,241824,322432,403040
80609,161218,241827,322436,403045
80610,161220,241830,322440,403050
80611,161222,241833,322444,403055
80612,161224,241836,322448,403060
80613,161226,241839,322452,403065
80614,161228,241842,322456,403070
80615,161230,241845,322460,403075
80616,161232,241848,322464,403080
80617,161234,241851,322468,403085
80618,161236,241854,322472,403090
80619,161238,241857,322476,403095
80620,161240,241860,322480,403100
80621,161242,241863,322484,403105
80622,161244,241866,322488,403110
80623,161246,241869,322492,403115
80624,161248,241872,322496,403120
80625,161250,241875,322500,403125
80626,161252,241878,322504,403130
80627,161254,241881,322508,403135
80628,161256,241884,322512,403140
80629,161258,241887,322516,403145
80630,161260,241890,322520,403150
80631,161262,241893,322524,403155
80632,161264,241896,322528,403160
80633,161266,241899,322532,403165
80634,161268,241902,322536,403170
80635,161270,241905,322540,403175
80636,161272,241908,322544,403180
80637,161274,241911,322548,403185
80638,161276,241914,322552,403190
80639,161278,241917,322556,403195
80640,161280,241920,322560,403200
80641,161282,241923,322564,403205
80642,161284,241926,322568,403210
80643,161286,241929,322572,403215
80644,161288,241932,322576,403220
80645,161290,241935,322580,403225
80646,161292,241938,322584,403230
80647,161294,241941,322588,403235
80648,161296,241944,322592,403240
80649,161298,241947,322596,403245
80650,161300,241950,322600,403250
80651,161302,241953,322604,403255
80652,161304,241956,322608,403260
80653,161306,241959,322612,403265
80654,161308,241962,322616,403270
80655,161310,241965,322620,403275
80656,161312,241968,322624,403280
80657,161314,241971,322628,403285
80658,161316,241974,322632,403290
80659,161318,241977,322636,403295
80660,161320,241980,322640,403300
80661,161322,241983,322644,403305
80662,161324,241986,322648,403310
80663,161326,241989,322652,403315
80664,161328,241992,322656,403320
80665,161330,241995,322660,403325
80666,161332,241998,322664,403330
80667,161334,242001,322668,403335
80668,161336,242004,322672,403340
80669,161338,242007,322676,403345
80670,161340,242010,322680,403350
80671,161342,242013,322684,403355
80672,161344,242016,322688,403360
80673,161346,242019,322692,403365
80674,161348,242022,322696,403370
80675,161350,242025,322700,403375
80676,161352,242028,322704,403380
80677,161354,242031,322708,403385
80678,161356,242034,322712,403390
80679,161358,242037,322716,403395
80680,161360,242040,322720,403400
80681,161362,242043,322724,403405
80682,161364,242046,322728,403410
80683,161366,242049,322732,403415
80684,161368,242052,322736,403420
80685,161370,242055,322740,403425
80686,161372,242058,322744,403430
80687,161374,242061,322748,403435
80688,161376,242064,322752,403440
80689,161378,242067,322756,403445
80690,161380,242070,322760,403450
80691,161382,242073,322764,403455
80692,161384,242076,322768,403460
80693,161386,242079,322772,403465
80694,161388,242082,322776,403470
80695,161390,242085,322780,403475
80696,161392,242088,322784,403480
80697,161394,242091,322788,403485
80698,161396,242094,322792,403490
80699,161398,242097,322796,403495
80700,161400,242100,322800,403500
80701,161402,242103,322804,403505
80702,161404,242106,322808,403510
80703,161406,242109,322812,403515
80704,161408,242112,322816,403520
80705,161410,242115,322820,403525
80706,161412,242118,322824,403530
80707,161414,242121,322828,403535
80708,161416,242124,322832,403540
80709,161418,242127,322836,403545
80710,161420,242130,322840,403550
80711,161422,242133,322844,403555
80712,161424,242136,322848,403560
80713,161426,242139,322852,403565
80714,161428,242142,322856,403570
80715,161430,242145,322860,403575
80716,161432,242148,322864,403580
80717,161434,242151,322868,403585
80718,161436,242154,322872,403590
80719,161438,242157,322876,403595
80720,161440,242160,322880,403600
80721,161442,242163,322884,403605
80722,161444,242166,322888,403610
80723,161446,242169,322892,403615
80724,161448,242172,322896,403620
80725,161450,242175,322900,403625
80726,161452,242178,322904,403630
80727,161454,242181,322908,403635
80728,161456,242184,322912,403640
80729,161458,242187,322916,403645
80730,161460,242190,322920,403650
80731,161462,242193,322924,403655
80732,161464,242196,322928,403660
80733,161466,242199,322932,403665
80734,161468,242202,322936,403670
80735,161470,242205,322940,403675
80736,161472,242208,322944,403680
80737,161474,242211,322948,403685
80738,161476,242214,322952,403690
80739,161478,242217,322956,403695
80740,161480,242220,322960,403700
80741,161482,242223,322964,403705
80742,161484,242226,322968,403710
80743,161486,242229,322972,403715
80744,161488,242232,322976,403720
80745,161490,242235,322980,403725
80746,161492,242238,322984,403730
80747,161494,242241,322988,403735
80748,161496,242244,322992,403740
80749,161498,242247,322996,403745
80750,161500,242250,323000,403750
80751,161502,242253,323004,403755
80752,161504,242256,323008,403760
80753,161506,242259,323012,403765
80754,161508,242262,323016,403770
80755,161510,242265,323020,403775
80756,161512,242268,323024,403780
80757,161514,242271,323028,403785
80758,161516,242274,323032,403790
80759,161518,242277,323036,403795
80760,161520,242280,323040,403800
80761,161522,242283,323044,403805
80762,161524,242286,323048,403810
80763,161526,242289,323052,403815
80764,161528,242292,323056,403820
80765,161530,242295,323060,403825
80766,161532,242298,323064,403830
80767,161534,242301,323068,403835
80768,161536,242304,323072,403840
80769,161538,242307,323076,403845
80770,161540,242310,323080,403850
80771,161542,242313,323084,403855
80772,161544,242316,323088,403860
80773,161546,242319,323092,403865
80774,161548,242322,323096,403870
80775,161550,242325,323100,403875
80776,161552,242328,323104,403880
80777,161554,242331,323108,403885
80778,161556,242334,323112,403890
80779,161558,242337,323116,403895
80780,161560,242340,323120,403900
80781,161562,242343,323124,403905
80782,161564,242346,323128,403910
80783,161566,242349,323132,403915
80784,161568,242352,323136,403920
80785,161570,242355,323140,403925
80786,161572,242358,323144,403930
80787,161574,242361,323148,403935
80788,161576,242364,323152,403940
80789,161578,242367,323156,403945
80790,161580,242370,323160,403950
80791,161582,242373,323164,403955
80792,161584,242376,323168,403960
80793,161586,242379,323172,403965
80794,161588,242382,323176,403970
80795,161590,242385,323180,403975
80796,161592,242388,323184,403980
80797,161594,242391,323188,403985
80798,161596,242394,323192,403990
80799,161598,242397,323196,403995
80800,161600,242400,323200,404000
80801,161602,242403,323204,404005
80802,161604,242406,323208,404010
80803,161606,242409,323212,404015
80804,161608,242412,323216,404020
80805,161610,242415,323220,404025
80806,161612,242418,323224,404030
80807,161614,242421,323228,404035
80808,161616,242424,323232,404040
80809,161618,242427,323236,404045
80810,161620,242430,323240,404050
80811,161622,242433,323244,404055
80812,161624,242436,323248,404060
80813,161626,242439,323252,404065
80814,161628,242442,323256,404070
80815,161630,242445,323260,404075
80816,161632,242448,323264,404080
80817,161634,242451,323268,404085
80818,161636,242454,323272,404090
80819,161638,242457,323276,404095
80820,161640,242460,323280,404100
80821,161642,242463,323284,404105
80822,161644,242466,323288,404110
80823,161646,242469,323292,404115
80824,161648,242472,323296,404120
80825,161650,242475,323300,404125
80826,161652,242478,323304,404130
80827,161654,242481,323308,404135
80828,161656,242484,323312,404140
80829,161658,242487,323316,404145
80830,161660,242490,323320,404150
80831,161662,242493,323324,404155
80832,161664,242496,323328,404160
80833,161666,242499,323332,404165
80834,161668,242502,323336,404170
80835,161670,242505,323340,404175
80836,161672,242508,323344,404180
80837,161674,242511,323348,404185
80838,161676,242514,323352,404190
80839,161678,242517,323356,404195
80840,161680,242520,323360,404200
80841,161682,242523,323364,404205
80842,161684,242526,323368,404210
80843,161686,242529,323372,404215
80844,161688,242532,323376,404220
80845,161690,242535,323380,404225
80846,161692,242538,323384,404230
80847,161694,242541,323388,404235
80848,161696,242544,323392,404240
80849,161698,242547,323396,404245
80850,161700,242550,323400,404250
80851,161702,242553,323404,404255
80852,161704,242556,323408,404260
80853,161706,242559,323412,404265
80854,161708,242562,323416,404270
80855,161710,242565,323420,404275
80856,161712,242568,323424,404280
80857,161714,242571,323428,404285
80858,161716,242574,323432,404290
80859,161718,242577,323436,404295
80860,161720,242580,323440,404300
80861,161722,242583,323444,404305
80862,161724,242586,323448,404310
80863,161726,242589,323452,404315
80864,161728,242592,323456,404320
80865,161730,242595,323460,404325
80866,161732,242598,323464,404330
80867,161734,242601,323468,404335
80868,161736,242604,323472,404340
80869,161738,242607,323476,404345
80870,161740,242610,323480,404350
80871,161742,242613,323484,404355
80872,161744,242616,323488,404360
80873,161746,242619,323492,404365
80874,161748,242622,323496,404370
80875,161750,242625,323500,404375
80876,161752,242628,323504,404380
80877,161754,242631,323508,404385
80878,161756,242634,323512,404390
80879,161758,242637,323516,404395
80880,161760,242640,323520,404400
80881,161762,242643,323524,404405
80882,161764,242646,323528,404410
80883,161766,242649,323532,404415
80884,161768,242652,323536,404420
80885,161770,242655,323540,404425
80886,161772,242658,323544,404430
80887,161774,242661,323548,404435
80888,161776,242664,323552,404440
80889,161778,242667,323556,404445
80890,161780,242670,323560,404450
80891,161782,242673,323564,404455
80892,161784,242676,323568,404460
80893,161786,242679,323572,404465
80894,161788,242682,323576,404470
80895,161790,242685,323580,404475
80896,161792,242688,323584,404480
80897,161794,242691,323588,404485
80898,161796,242694,323592,404490
80899,161798,242697,323596,404495
80900,161800,242700,323600,404500
80901,161802,242703,323604,404505
80902,161804,242706,323608,404510
80903,161806,242709,323612,404515
80904,161808,242712,323616,404520
80905,161810,242715,323620,404525
80906,161812,242718,323624,404530
80907,161814,242721,323628,404535
80908,161816,242724,323632,404540
80909,161818,242727,323636,404545
80910,161820,242730,323640,404550
80911,161822,242733,323644,404555
80912,161824,242736,323648,404560
80913,161826,242739,323652,404565
80914,161828,242742,323656,404570
80915,161830,242745,323660,404575
80916,161832,242748,323664,404580
80917,161834,242751,323668,404585
80918,161836,242754,323672,404590
80919,161838,242757,323676,404595
80920,161840,242760,323680,404600
80921,161842,242763,323684,404605
80922,161844,242766,323688,404610
80923,161846,242769,323692,404615
80924,161848,242772,323696,404620
80925,161850,242775,323700,404625
80926,161852,242778,323704,404630
80927,161854,242781,323708,404635
80928,161856,242784,323712,404640
80929,161858,242787,323716,404645
80930,161860,242790,323720,404650
80931,161862,242793,323724,404655
80932,161864,242796,323728,404660
80933,161866,242799,323732,404665
80934,161868,242802,323736,404670
80935,161870,242805,323740,404675
80936,161872,242808,323744,404680
80937,161874,242811,323748,404685
80938,161876,242814,323752,404690
80939,161878,242817,323756,404695
80940,161880,242820,323760,404700
80941,161882,242823,323764,404705
80942,161884,242826,323768,404710
80943,161886,242829,323772,404715
80944,161888,242832,323776,404720
80945,161890,242835,323780,404725
80946,161892,242838,323784,404730
80947,161894,242841,323788,404735
80948,161896,242844,323792,404740
80949,161898,242847,323796,404745
80950,161900,242850,323800,404750
80951,161902,242853,323804,404755
80952,161904,242856,323808,404760
80953,161906,242859,323812,404765
80954,161908,242862,323816,404770
80955,161910,242865,323820,404775
80956,161912,242868,323824,404780
80957,161914,242871,323828,404785
80958,161916,242874,323832,404790
80959,161918,242877,323836,404795
80960,161920,242880,323840,404800
80961,161922,242883,323844,404805
80962,161924,242886,323848,404810
80963,161926,242889,323852,404815
80964,161928,242892,323856,404820
80965,161930,242895,323860,404825
80966,161932,242898,323864,404830
80967,161934,242901,323868,404835
80968,161936,242904,323872,404840
80969,161938,242907,323876,404845
80970,161940,242910,323880,404850
80971,161942,242913,323884,404855
80972,161944,242916,323888,404860
80973,161946,242919,323892,404865
80974,161948,242922,323896,404870
80975,161950,242925,323900,404875
80976,161952,242928,323904,404880
80977,161954,242931,323908,404885
80978,161956,242934,323912,404890
80979,161958,242937,323916,404895
80980,161960,242940,323920,404900
80981,161962,242943,323924,404905
80982,161964,242946,323928,404910
80983,161966,242949,323932,404915
80984,161968,242952,323936,404920
80985,161970,242955,323940,404925
80986,161972,242958,323944,404930
80987,161974,242961,323948,404935
80988,161976,242964,323952,404940
80989,161978,242967,323956,404945
80990,161980,242970,323960,404950
80991,161982,242973,323964,404955
80992,161984,242976,323968,404960
80993,161986,242979,323972,404965
80994,161988,242982,323976,404970
80995,161990,242985,323980,404975
80996,161992,242988,323984,404980
80997,161994,242991,323988,404985
80998,161996,242994,323992,404990
80999,161998,242997,323996,404995
81000,162000,243000,324000,405000
81001,162002,243003,324004,405005
81002,162004,243006,324008,405010
81003,162006,243009,324012,405015
81004,162008,243012,324016,405020
81005,162010,243015,324020,405025
81006,162012,243018,324024,405030
81007,162014,243021,324028,405035
81008,162016,243024,324032,405040
81009,162018,243027,324036,405045
81010,162020,243030,324040,405050
81011,162022,243033,324044,405055
81012,162024,243036,324048,405060
81013,162026,243039,324052,405065
81014,162028,243042,324056,405070
81015,162030,243045,324060,405075
81016,162032,243048,324064,405080
81017,162034,243051,324068,405085
81018,162036,243054,324072,405090
81019,162038,243057,324076,405095
81020,162040,243060,324080,405100
81021,162042,243063,324084,405105
81022,162044,243066,324088,405110
81023,162046,243069,324092,405115
81024,162048,243072,324096,405120
81025,162050,243075,324100,405125
81026,162052,243078,324104,405130
81027,162054,243081,324108,405135
81028,162056,243084,324112,405140
81029,162058,243087,324116,405145
81030,162060,243090,324120,405150
81031,162062,243093,324124,405155
81032,162064,243096,324128,405160
81033,162066,243099,324132,405165
81034,162068,243102,324136,405170
81035,162070,243105,324140,405175
81036,162072,243108,324144,405180
81037,162074,243111,324148,405185
81038,162076,243114,324152,405190
81039,162078,243117,324156,405195
81040,162080,243120,324160,405200
81041,162082,243123,324164,405205
81042,162084,243126,324168,405210
81043,162086,243129,324172,405215
81044,162088,243132,324176,405220
81045,162090,243135,324180,405225
81046,162092,243138,324184,405230
81047,162094,243141,324188,405235
81048,162096,243144,324192,405240
81049,162098,243147,324196,405245
81050,162100,243150,324200,405250
81051,162102,243153,324204,405255
81052,162104,243156,324208,405260
81053,162106,243159,324212,405265
81054,162108,243162,324216,405270
81055,162110,243165,324220,405275
81056,162112,243168,324224,405280
81057,162114,243171,324228,405285
81058,162116,243174,324232,405290
81059,162118,243177,324236,405295
81060,162120,243180,324240,405300
81061,162122,243183,324244,405305
81062,162124,243186,324248,405310
81063,162126,243189,324252,405315
81064,162128,243192,324256,405320
81065,162130,243195,324260,405325
81066,162132,243198,324264,405330
81067,162134,243201,324268,405335
81068,162136,243204,324272,405340
81069,162138,243207,324276,405345
81070,162140,243210,324280,405350
81071,162142,243213,324284,405355
81072,162144,243216,324288,405360
81073,162146,243219,324292,405365
81074,162148,243222,324296,405370
81075,162150,243225,324300,405375
81076,162152,243228,324304,405380
81077,162154,243231,324308,405385
81078,162156,243234,324312,405390
81079,162158,243237,324316,405395
81080,162160,243240,324320,405400
81081,162162,243243,324324,405405
81082,162164,243246,324328,405410
81083,162166,243249,324332,405415
81084,162168,243252,324336,405420
81085,162170,243255,324340,405425
81086,162172,243258,324344,405430
81087,162174,243261,324348,405435
81088,162176,243264,324352,405440
81089,162178,243267,324356,405445
81090,162180,243270,324360,405450
81091,162182,243273,324364,405455
81092,162184,243276,324368,405460
81093,162186,243279,324372,405465
81094,162188,243282,324376,405470
81095,162190,243285,324380,405475
81096,162192,243288,324384,405480
81097,162194,243291,324388,405485
81098,162196,243294,324392,405490
81099,162198,243297,324396,405495
81100,162200,243300,324400,405500
81101,162202,243303,324404,405505
81102,162204,243306,324408,405510
81103,162206,243309,324412,405515
81104,162208,243312,324416,405520
81105,162210,243315,324420,405525
81106,162212,243318,324424,405530
81107,162214,243321,324428,405535
81108,162216,243324,324432,405540
81109,162218,243327,324436,405545
81110,162220,243330,324440,405550
81111,162222,243333,324444,405555
81112,162224,243336,324448,405560
81113,162226,243339,324452,405565
81114,162228,243342,324456,405570
81115,162230,243345,324460,405575
81116,162232,243348,324464,405580
81117,162234,243351,324468,405585
81118,162236,243354,324472,405590
81119,162238,243357,324476,405595
81120,162240,243360,324480,405600
81121,162242,243363,324484,405605
81122,162244,243366,324488,405610
81123,162246,243369,324492,405615
81124,162248,243372,324496,405620
81125,162250,243375,324500,405625
81126,162252,243378,324504,405630
81127,162254,243381,324508,405635
81128,162256,243384,324512,405640
81129,162258,243387,324516,405645
81130,162260,243390,324520,405650
81131,162262,243393,324524,405655
81132,162264,243396,324528,405660
81133,162266,243399,324532,405665
81134,162268,243402,324536,405670
81135,162270,243405,324540,405675
81136,162272,243408,324544,405680
81137,162274,243411,324548,405685
81138,162276,243414,324552,405690
81139,162278,243417,324556,405695
81140,162280,243420,324560,405700
81141,162282,243423,324564,405705
81142,162284,243426,324568,405710
81143,162286,243429,324572,405715
81144,162288,243432,324576,405720
81145,162290,243435,324580,405725
81146,162292,243438,324584,405730
81147,162294,243441,324588,405735
81148,162296,243444,324592,405740
81149,162298,243447,324596,405745
81150,162300,243450,324600,405750
81151,162302,243453,324604,405755
81152,162304,243456,324608,405760
81153,162306,243459,324612,405765
81154,162308,243462,324616,405770
81155,162310,243465,324620,405775
81156,162312,243468,324624,405780
81157,162314,243471,324628,405785
81158,162316,243474,324632,405790
81159,162318,243477,324636,405795
81160,162320,243480,324640,405800
81161,162322,243483,324644,405805
81162,162324,243486,324648,405810
81163,162326,243489,324652,405815
81164,162328,243492,324656,405820
81165,162330,243495,324660,405825
81166,162332,243498,324664,405830
81167,162334,243501,324668,405835
81168,162336,243504,324672,405840
81169,162338,243507,324676,405845
81170,162340,243510,324680,405850
81171,162342,243513,324684,405855
81172,162344,243516,324688,405860
81173,162346,243519,324692,405865
81174,162348,243522,324696,405870
81175,162350,243525,324700,405875
81176,162352,243528,324704,405880
81177,162354,243531,324708,405885
81178,162356,243534,324712,405890
81179,162358,243537,324716,405895
81180,162360,243540,324720,405900
81181,162362,243543,324724,405905
81182,162364,243546,324728,405910
81183,162366,243549,324732,405915
81184,162368,243552,324736,405920
81185,162370,243555,324740,405925
81186,162372,243558,324744,405930
81187,162374,243561,324748,405935
81188,162376,243564,324752,405940
81189,162378,243567,324756,405945
81190,162380,243570,324760,405950
81191,162382,243573,324764,405955
81192,162384,243576,324768,405960
81193,162386,243579,324772,405965
81194,162388,243582,324776,405970
81195,162390,243585,324780,405975
81196,162392,243588,324784,405980
81197,162394,243591,324788,405985
81198,162396,243594,324792,405990
81199,162398,243597,324796,405995
81200,162400,243600,324800,406000
81201,162402,243603,324804,406005
81202,162404,243606,324808,406010
81203,162406,243609,324812,406015
81204,162408,243612,324816,406020
81205,162410,243615,324820,406025
81206,162412,243618,324824,406030
81207,162414,243621,324828,406035
81208,162416,243624,324832,406040
81209,162418,243627,324836,406045
81210,162420,243630,324840,406050
81211,162422,243633,324844,406055
81212,162424,243636,324848,406060
81213,162426,243639,324852,406065
81214,162428,243642,324856,406070
81215,162430,243645,324860,406075
81216,162432,243648,324864,406080
81217,162434,243651,324868,406085
81218,162436,243654,324872,406090
81219,162438,243657,324876,406095
81220,162440,243660,324880,406100
81221,162442,243663,324884,406105
81222,162444,243666,324888,406110
81223,162446,243669,324892,406115
81224,162448,243672,324896,406120
81225,162450,243675,324900,406125
81226,162452,243678,324904,406130
81227,162454,243681,324908,406135
81228,162456,243684,324912,406140
81229,162458,243687,324916,406145
81230,162460,243690,324920,406150
81231,162462,243693,324924,406155
81232,162464,243696,324928,406160
81233,162466,243699,324932,406165
81234,162468,243702,324936,406170
81235,162470,243705,324940,406175
81236,162472,243708,324944,406180
81237,162474,243711,324948,406185
81238,162476,243714,324952,406190
81239,162478,243717,324956,406195
81240,162480,243720,324960,406200
81241,162482,243723,324964,406205
81242,162484,243726,324968,406210
81243,162486,243729,324972,406215
81244,162488,243732,324976,406220
81245,162490,243735,324980,406225
81246,162492,243738,324984,406230
81247,162494,243741,324988,406235
81248,162496,243744,324992,406240
81249,162498,243747,324996,406245
81250,162500,243750,325000,406250
81251,162502,243753,325004,406255
81252,162504,243756,325008,406260
81253,162506,243759,325012,406265
81254,162508,243762,325016,406270
81255,162510,243765,325020,406275
81256,162512,243768,325024,406280
81257,162514,243771,325028,406285
81258,162516,243774,325032,406290
81259,162518,243777,325036,406295
81260,162520,243780,325040,406300
81261,162522,243783,325044,406305
81262,162524,243786,325048,406310
81263,162526,243789,325052,406315
81264,162528,243792,325056,406320
81265,162530,243795,325060,406325
81266,162532,243798,325064,406330
81267,162534,243801,325068,406335
81268,162536,243804,325072,406340
81269,162538,243807,325076,406345
81270,162540,243810,325080,406350
81271,162542,243813,325084,406355
81272,162544,243816,325088,406360
81273,162546,243819,325092,406365
81274,162548,243822,325096,406370
81275,162550,243825,325100,406375
81276,162552,243828,325104,406380
81277,162554,243831,325108,406385
81278,162556,243834,325112,406390
81279,162558,243837,325116,406395
81280,162560,243840,325120,406400
81281,162562,243843,325124,406405
81282,162564,243846,325128,406410
81283,162566,243849,325132,406415
81284,162568,243852,325136,406420
81285,162570,243855,325140,406425
81286,162572,243858,325144,406430
81287,162574,243861,325148,406435
81288,162576,243864,325152,406440
81289,162578,243867,325156,406445
81290,162580,243870,325160,406450
81291,162582,243873,325164,406455
81292,162584,243876,325168,406460
81293,162586,243879,325172,406465
81294,162588,243882,325176,406470
81295,162590,243885,325180,406475
81296,162592,243888,325184,406480
81297,162594,243891,325188,406485
81298,162596,243894,325192,406490
81299,162598,243897,325196,406495
81300,162600,243900,325200,406500
81301,162602,243903,325204,406505
81302,162604,243906,325208,406510
81303,162606,243909,325212,406515
81304,162608,243912,325216,406520
81305,162610,243915,325220,406525
81306,162612,243918,325224,406530
81307,162614,243921,325228,406535
81308,162616,243924,325232,406540
81309,162618,243927,325236,406545
81310,162620,243930,325240,406550
81311,162622,243933,325244,406555
81312,162624,243936,325248,406560
81313,162626,243939,325252,406565
81314,162628,243942,325256,406570
81315,162630,243945,325260,406575
81316,162632,243948,325264,406580
81317,162634,243951,325268,406585
81318,162636,243954,325272,406590
81319,162638,243957,325276,406595
81320,162640,243960,325280,406600
81321,162642,243963,325284,406605
81322,162644,243966,325288,406610
81323,162646,243969,325292,406615
81324,162648,243972,325296,406620
81325,162650,243975,325300,406625
81326,162652,243978,325304,406630
81327,162654,243981,325308,406635
81328,162656,243984,325312,406640
81329,162658,243987,325316,406645
81330,162660,243990,325320,406650
81331,162662,243993,325324,406655
81332,162664,243996,325328,406660
81333,162666,243999,325332,406665
81334,162668,244002,325336,406670
81335,162670,244005,325340,406675
81336,162672,244008,325344,406680
81337,162674,244011,325348,406685
81338,162676,244014,325352,406690
81339,162678,244017,325356,406695
81340,162680,244020,325360,406700
81341,162682,244023,325364,406705
81342,162684,244026,325368,406710
81343,162686,244029,325372,406715
81344,162688,244032,325376,406720
81345,162690,244035,325380,406725
81346,162692,244038,325384,406730
81347,162694,244041,325388,406735
81348,162696,244044,325392,406740
81349,162698,244047,325396,406745
81350,162700,244050,325400,406750
81351,162702,244053,325404,406755
81352,162704,244056,325408,406760
81353,162706,244059,325412,406765
81354,162708,244062,325416,406770
81355,162710,244065,325420,406775
81356,162712,244068,325424,406780
81357,162714,244071,325428,406785
81358,162716,244074,325432,406790
81359,162718,244077,325436,406795
81360,162720,244080,325440,406800
81361,162722,244083,325444,406805
81362,162724,244086,325448,406810
81363,162726,244089,325452,406815
81364,162728,244092,325456,406820
81365,162730,244095,325460,406825
81366,162732,244098,325464,406830
81367,162734,244101,325468,406835
81368,162736,244104,325472,406840
81369,162738,244107,325476,406845
81370,162740,244110,325480,406850
81371,162742,244113,325484,406855
81372,162744,244116,325488,406860
81373,162746,244119,325492,406865
81374,162748,244122,325496,406870
81375,162750,244125,325500,406875
81376,162752,244128,325504,406880
81377,162754,244131,325508,406885
81378,162756,244134,325512,406890
81379,162758,244137,325516,406895
81380,162760,244140,325520,406900
81381,162762,244143,325524,406905
81382,162764,244146,325528,406910
81383,162766,244149,325532,406915
81384,162768,244152,325536,406920
81385,162770,244155,325540,406925
81386,162772,244158,325544,406930
81387,162774,244161,325548,406935
81388,162776,244164,325552,406940
81389,162778,244167,325556,406945
81390,162780,244170,325560,406950
81391,162782,244173,325564,406955
81392,162784,244176,325568,406960
81393,162786,244179,325572,406965
81394,162788,244182,325576,406970
81395,162790,244185,325580,406975
81396,162792,244188,325584,406980
81397,162794,244191,325588,406985
81398,162796,244194,325592,406990
81399,162798,244197,325596,406995
81400,162800,244200,325600,407000
81401,162802,244203,325604,407005
81402,162804,244206,325608,407010
81403,162806,244209,325612,407015
81404,162808,244212,325616,407020
81405,162810,244215,325620,407025
81406,162812,244218,325624,407030
81407,162814,244221,325628,407035
81408,162816,244224,325632,407040
81409,162818,244227,325636,407045
81410,162820,244230,325640,407050
81411,162822,244233,325644,407055
81412,162824,244236,325648,407060
81413,162826,244239,325652,407065
81414,162828,244242,325656,407070
81415,162830,244245,325660,407075
81416,162832,244248,325664,407080
81417,162834,244251,325668,407085
81418,162836,244254,325672,407090
81419,162838,244257,325676,407095
81420,162840,244260,325680,407100
81421,162842,244263,325684,407105
81422,162844,244266,325688,407110
81423,162846,244269,325692,407115
81424,162848,244272,325696,407120
81425,162850,244275,325700,407125
81426,162852,244278,325704,407130
81427,162854,244281,325708,407135
81428,162856,244284,325712,407140
81429,162858,244287,325716,407145
81430,162860,244290,325720,407150
81431,162862,244293,325724,407155
81432,162864,244296,325728,407160
81433,162866,244299,325732,407165
81434,162868,244302,325736,407170
81435,162870,244305,325740,407175
81436,162872,244308,325744,407180
81437,162874,244311,325748,407185
81438,162876,244314,325752,407190
81439,162878,244317,325756,407195
81440,162880,244320,325760,407200
81441,162882,244323,325764,407205
81442,162884,244326,325768,407210
81443,162886,244329,325772,407215
81444,162888,244332,325776,407220
81445,162890,244335,325780,407225
81446,162892,244338,325784,407230
81447,162894,244341,325788,407235
81448,162896,244344,325792,407240
81449,162898,244347,325796,407245
81450,162900,244350,325800,407250
81451,162902,244353,325804,407255
81452,162904,244356,325808,407260
81453,162906,244359,325812,407265
81454,162908,244362,325816,407270
81455,162910,244365,325820,407275
81456,162912,244368,325824,407280
81457,162914,244371,325828,407285
81458,162916,244374,325832,407290
81459,162918,244377,325836,407295
81460,162920,244380,325840,407300
81461,162922,244383,325844,407305
81462,162924,244386,325848,407310
81463,162926,244389,325852,407315
81464,162928,244392,325856,407320
81465,162930,244395,325860,407325
81466,162932,244398,325864,407330
81467,162934,244401,325868,407335
81468,162936,244404,325872,407340
81469,162938,244407,325876,407345
81470,162940,244410,325880,407350
81471,162942,244413,325884,407355
81472,162944,244416,325888,407360
81473,162946,244419,325892,407365
81474,162948,244422,325896,407370
81475,162950,244425,325900,407375
81476,162952,244428,325904,407380
81477,162954,244431,325908,407385
81478,162956,244434,325912,407390
81479,162958,244437,325916,407395
81480,162960,244440,325920,407400
81481,162962,244443,325924,407405
81482,162964,244446,325928,407410
81483,162966,244449,325932,407415
81484,162968,244452,325936,407420
81485,162970,244455,325940,407425
81486,162972,244458,325944,407430
81487,162974,244461,325948,407435
81488,162976,244464,325952,407440
81489,162978,244467,325956,407445
81490,162980,244470,325960,407450
81491,162982,244473,325964,407455
81492,162984,244476,325968,407460
81493,162986,244479,325972,407465
81494,162988,244482,325976,407470
81495,162990,244485,325980,407475
81496,162992,244488,325984,407480
81497,162994,244491,325988,407485
81498,162996,244494,325992,407490
81499,162998,244497,325996,407495
81500,163000,244500,326000,407500
81501,163002,244503,326004,407505
81502,163004,244506,326008,407510
81503,163006,244509,326012,407515
81504,163008,244512,326016,407520
81505,163010,244515,326020,407525
81506,163012,244518,326024,407530
81507,163014,244521,326028,407535
81508,163016,244524,326032,407540
81509,163018,244527,326036,407545
81510,163020,244530,326040,407550
81511,163022,244533,326044,407555
81512,163024,244536,326048,407560
81513,163026,244539,326052,407565
81514,163028,244542,326056,407570
81515,163030,244545,326060,407575
81516,163032,244548,326064,407580
81517,163034,244551,326068,407585
81518,163036,244554,326072,407590
81519,163038,244557,326076,407595
81520,163040,244560,326080,407600
81521,163042,244563,326084,407605
81522,163044,244566,326088,407610
81523,163046,244569,326092,407615
81524,163048,244572,326096,407620
81525,163050,244575,326100,407625
81526,163052,244578,326104,407630
81527,163054,244581,326108,407635
81528,163056,244584,326112,407640
81529,163058,244587,326116,407645
81530,163060,244590,326120,407650
81531,163062,244593,326124,407655
81532,163064,244596,326128,407660
81533,163066,244599,326132,407665
81534,163068,244602,326136,407670
81535,163070,244605,326140,407675
81536,163072,244608,326144,407680
81537,163074,244611,326148,407685
81538,163076,244614,326152,407690
81539,163078,244617,326156,407695
81540,163080,244620,326160,407700
81541,163082,244623,326164,407705
81542,163084,244626,326168,407710
81543,163086,244629,326172,407715
81544,163088,244632,326176,407720
81545,163090,244635,326180,407725
81546,163092,244638,326184,407730
81547,163094,244641,326188,407735
81548,163096,244644,326192,407740
81549,163098,244647,326196,407745
81550,163100,244650,326200,407750
81551,163102,244653,326204,407755
81552,163104,244656,326208,407760
81553,163106,244659,326212,407765
81554,163108,244662,326216,407770
81555,163110,244665,326220,407775
81556,163112,244668,326224,407780
81557,163114,244671,326228,407785
81558,163116,244674,326232,407790
81559,163118,244677,326236,407795
81560,163120,244680,326240,407800
81561,163122,244683,326244,407805
81562,163124,244686,326248,407810
81563,163126,244689,326252,407815
81564,163128,244692,326256,407820
81565,163130,244695,326260,407825
81566,163132,244698,326264,407830
81567,163134,244701,326268,407835
81568,163136,244704,326272,407840
81569,163138,244707,326276,407845
81570,163140,244710,326280,407850
81571,163142,244713,326284,407855
81572,163144,244716,326288,407860
81573,163146,244719,326292,407865
81574,163148,244722,326296,407870
81575,163150,244725,326300,407875
81576,163152,244728,326304,407880
81577,163154,244731,326308,407885
81578,163156,244734,326312,407890
81579,163158,244737,326316,407895
81580,163160,244740,326320,407900
81581,163162,244743,326324,407905
81582,163164,244746,326328,407910
81583,163166,244749,326332,407915
81584,163168,244752,326336,407920
81585,163170,244755,326340,407925
81586,163172,244758,326344,407930
81587,163174,244761,326348,407935
81588,163176,244764,326352,407940
81589,163178,244767,326356,407945
81590,163180,244770,326360,407950
81591,163182,244773,326364,407955
81592,163184,244776,326368,407960
81593,163186,244779,326372,407965
81594,163188,244782,326376,407970
81595,163190,244785,326380,407975
81596,163192,244788,326384,407980
81597,163194,244791,326388,407985
81598,163196,244794,326392,407990
81599,163198,244797,326396,407995
81600,163200,244800,326400,408000
81601,163202,244803,326404,408005
81602,163204,244806,326408,408010
81603,163206,244809,326412,408015
81604,163208,244812,326416,408020
81605,163210,244815,326420,408025
81606,163212,244818,326424,408030
81607,163214,244821,326428,408035
81608,163216,244824,326432,408040
81609,163218,244827,326436,408045
81610,163220,244830,326440,408050
81611,163222,244833,326444,408055
81612,163224,244836,326448,408060
81613,163226,244839,326452,408065
81614,163228,244842,326456,408070
81615,163230,244845,326460,408075
81616,163232,244848,326464,408080
81617,163234,244851,326468,408085
81618,163236,244854,326472,408090
81619,163238,244857,326476,408095
81620,163240,244860,326480,408100
81621,163242,244863,326484,408105
81622,163244,244866,326488,408110
81623,163246,244869,326492,408115
81624,163248,244872,326496,408120
81625,163250,244875,326500,408125
81626,163252,244878,326504,408130
81627,163254,244881,326508,408135
81628,163256,244884,326512,408140
81629,163258,244887,326516,408145
81630,163260,244890,326520,408150
81631,163262,244893,326524,408155
81632,163264,244896,326528,408160
81633,163266,244899,326532,408165
81634,163268,244902,326536,408170
81635,163270,244905,326540,408175
81636,163272,244908,326544,408180
81637,163274,244911,326548,408185
81638,163276,244914,326552,408190
81639,163278,244917,326556,408195
81640,163280,244920,326560,408200
81641,163282,244923,326564,408205
81642,163284,244926,326568,408210
81643,163286,244929,326572,408215
81644,163288,244932,326576,408220
81645,163290,244935,326580,408225
81646,163292,244938,326584,408230
81647,163294,244941,326588,408235
81648,163296,244944,326592,408240
81649,163298,244947,326596,408245
81650,163300,244950,326600,408250
81651,163302,244953,326604,408255
81652,163304,244956,326608,408260
81653,163306,244959,326612,408265
81654,163308,244962,326616,408270
81655,163310,244965,326620,408275
81656,163312,244968,326624,408280
81657,163314,244971,326628,408285
81658,163316,244974,326632,408290
81659,163318,244977,326636,408295
81660,163320,244980,326640,408300
81661,163322,244983,326644,408305
81662,163324,244986,326648,408310
81663,163326,244989,326652,408315
81664,163328,244992,326656,408320
81665,163330,244995,326660,408325
81666,163332,244998,326664,408330
81667,163334,245001,326668,408335
81668,163336,245004,326672,408340
81669,163338,245007,326676,408345
81670,163340,245010,326680,408350
81671,163342,245013,326684,408355
81672,163344,245016,326688,408360
81673,163346,245019,326692,408365
81674,163348,245022,326696,408370
81675,163350,245025,326700,408375
81676,163352,245028,326704,408380
81677,163354,245031,326708,408385
81678,163356,245034,326712,408390
81679,163358,245037,326716,408395
81680,163360,245040,326720,408400
81681,163362,245043,326724,408405
81682,163364,245046,326728,408410
81683,163366,245049,326732,408415
81684,163368,245052,326736,408420
81685,163370,245055,326740,408425
81686,163372,245058,326744,408430
81687,163374,245061,326748,408435
81688,163376,245064,326752,408440
81689,163378,245067,326756,408445
81690,163380,245070,326760,408450
81691,163382,245073,326764,408455
81692,163384,245076,326768,408460
81693,163386,245079,326772,408465
81694,163388,245082,326776,408470
81695,163390,245085,326780,408475
81696,163392,245088,326784,408480
81697,163394,245091,326788,408485
81698,163396,245094,326792,408490
81699,163398,245097,326796,408495
81700,163400,245100,326800,408500
81701,163402,245103,326804,408505
81702,163404,245106,326808,408510
81703,163406,245109,326812,408515
81704,163408,245112,326816,408520
81705,163410,245115,326820,408525
81706,163412,245118,326824,408530
81707,163414,245121,326828,408535
81708,163416,245124,326832,408540
81709,163418,245127,326836,408545
81710,163420,245130,326840,408550
81711,163422,245133,326844,408555
81712,163424,245136,326848,408560
81713,163426,245139,326852,408565
81714,163428,245142,326856,408570
81715,163430,245145,326860,408575
81716,163432,245148,326864,408580
81717,163434,245151,326868,408585
81718,163436,245154,326872,408590
81719,163438,245157,326876,408595
81720,163440,245160,326880,408600
81721,163442,245163,326884,408605
81722,163444,245166,326888,408610
81723,163446,245169,326892,408615
81724,163448,245172,326896,408620
81725,163450,245175,326900,408625
81726,163452,245178,326904,408630
81727,163454,245181,326908,408635
81728,163456,245184,326912,408640
81729,163458,245187,326916,408645
81730,163460,245190,326920,408650
81731,163462,245193,326924,408655
81732,163464,245196,326928,408660
81733,163466,245199,326932,408665
81734,163468,245202,326936,408670
81735,163470,245205,326940,408675
81736,163472,245208,326944,408680
81737,163474,245211,326948,408685
81738,163476,245214,326952,408690
81739,163478,245217,326956,408695
81740,163480,245220,326960,408700
81741,163482,245223,326964,408705
81742,163484,245226,326968,408710
81743,163486,245229,326972,408715
81744,163488,245232,326976,408720
81745,163490,245235,326980,408725
81746,163492,245238,326984,408730
81747,163494,245241,326988,408735
81748,163496,245244,326992,408740
81749,163498,245247,326996,408745
81750,163500,245250,327000,408750
81751,163502,245253,327004,408755
81752,163504,245256,327008,408760
81753,163506,245259,327012,408765
81754,163508,245262,327016,408770
81755,163510,245265,327020,408775
81756,163512,245268,327024,408780
81757,163514,245271,327028,408785
81758,163516,245274,327032,408790
81759,163518,245277,327036,408795
81760,163520,245280,327040,408800
81761,163522,245283,327044,408805
81762,163524,245286,327048,408810
81763,163526,245289,327052,408815
81764,163528,245292,327056,408820
81765,163530,245295,327060,408825
81766,163532,245298,327064,408830
81767,163534,245301,327068,408835
81768,163536,245304,327072,408840
81769,163538,245307,327076,408845
81770,163540,245310,327080,408850
81771,163542,245313,327084,408855
81772,163544,245316,327088,408860
81773,163546,245319,327092,408865
81774,163548,245322,327096,408870
81775,163550,245325,327100,408875
81776,163552,245328,327104,408880
81777,163554,245331,327108,408885
81778,163556,245334,327112,408890
81779,163558,245337,327116,408895
81780,163560,245340,327120,408900
81781,163562,245343,327124,408905
81782,163564,245346,327128,408910
81783,163566,245349,327132,408915
81784,163568,245352,327136,408920
81785,163570,245355,327140,408925
81786,163572,245358,327144,408930
81787,163574,245361,327148,408935
81788,163576,245364,327152,408940
81789,163578,245367,327156,408945
81790,163580,245370,327160,408950
81791,163582,245373,327164,408955
81792,163584,245376,327168,408960
81793,163586,245379,327172,408965
81794,163588,245382,327176,408970
81795,163590,245385,327180,408975
81796,163592,245388,327184,408980
81797,163594,245391,327188,408985
81798,163596,245394,327192,408990
81799,163598,245397,327196,408995
81800,163600,245400,327200,409000
81801,163602,245403,327204,409005
81802,163604,245406,327208,409010
81803,163606,245409,327212,409015
81804,163608,245412,327216,409020
81805,163610,245415,327220,409025
81806,163612,245418,327224,409030
81807,163614,245421,327228,409035
81808,163616,245424,327232,409040
81809,163618,245427,327236,409045
81810,163620,245430,327240,409050
81811,163622,245433,327244,409055
81812,163624,245436,327248,409060
81813,163626,245439,327252,409065
81814,163628,245442,327256,409070
81815,163630,245445,327260,409075
81816,163632,245448,327264,409080
81817,163634,245451,327268,409085
81818,163636,245454,327272,409090
81819,163638,245457,327276,409095
81820,163640,245460,327280,409100
81821,163642,245463,327284,409105
81822,163644,245466,327288,409110
81823,163646,245469,327292,409115
81824,163648,245472,327296,409120
81825,163650,245475,327300,409125
81826,163652,245478,327304,409130
81827,163654,245481,327308,409135
81828,163656,245484,327312,409140
81829,163658,245487,327316,409145
81830,163660,245490,327320,409150
81831,163662,245493,327324,409155
81832,163664,245496,327328,409160
81833,163666,245499,327332,409165
81834,163668,245502,327336,409170
81835,163670,245505,327340,409175
81836,163672,245508,327344,409180
81837,163674,245511,327348,409185
81838,163676,245514,327352,409190
81839,163678,245517,327356,409195
81840,163680,245520,327360,409200
81841,163682,245523,327364,409205
81842,163684,245526,327368,409210
81843,163686,245529,327372,409215
81844,163688,245532,327376,409220
81845,163690,245535,327380,409225
81846,163692,245538,327384,409230
81847,163694,245541,327388,409235
81848,163696,245544,327392,409240
81849,163698,245547,327396,409245
81850,163700,245550,327400,409250
81851,163702,245553,327404,409255
81852,163704,245556,327408,409260
81853,163706,245559,327412,409265
81854,163708,245562,327416,409270
81855,163710,245565,327420,409275
81856,163712,245568,327424,409280
81857,163714,245571,327428,409285
81858,163716,245574,327432,409290
81859,163718,245577,327436,409295
81860,163720,245580,327440,409300
81861,163722,245583,327444,409305
81862,163724,245586,327448,409310
81863,163726,245589,327452,409315
81864,163728,245592,327456,409320
81865,163730,245595,327460,409325
81866,163732,245598,327464,409330
81867,163734,245601,327468,409335
81868,163736,245604,327472,409340
81869,163738,245607,327476,409345
81870,163740,245610,327480,409350
81871,163742,245613,327484,409355
81872,163744,245616,327488,409360
81873,163746,245619,327492,409365
81874,163748,245622,327496,409370
81875,163750,245625,327500,409375
81876,163752,245628,327504,409380
81877,163754,245631,327508,409385
81878,163756,245634,327512,409390
81879,163758,245637,327516,409395
81880,163760,245640,327520,409400
81881,163762,245643,327524,409405
81882,163764,245646,327528,409410
81883,163766,245649,327532,409415
81884,163768,245652,327536,409420
81885,163770,245655,327540,409425
81886,163772,245658,327544,409430
81887,163774,245661,327548,409435
81888,163776,245664,327552,409440
81889,163778,245667,327556,409445
81890,163780,245670,327560,409450
81891,163782,245673,327564,409455
81892,163784,245676,327568,409460
81893,163786,245679,327572,409465
81894,163788,245682,327576,409470
81895,163790,245685,327580,409475
81896,163792,245688,327584,409480
81897,163794,245691,327588,409485
81898,163796,245694,327592,409490
81899,163798,245697,327596,409495
81900,163800,245700,327600,409500
81901,163802,245703,327604,409505
81902,163804,245706,327608,409510
81903,163806,245709,327612,409515
81904,163808,245712,327616,409520
81905,163810,245715,327620,409525
81906,163812,245718,327624,409530
81907,163814,245721,327628,409535
81908,163816,245724,327632,409540
81909,163818,245727,327636,409545
81910,163820,245730,327640,409550
81911,163822,245733,327644,409555
81912,163824,245736,327648,409560
81913,163826,245739,327652,409565
81914,163828,245742,327656,409570
81915,163830,245745,327660,409575
81916,163832,245748,327664,409580
81917,163834,245751,327668,409585
81918,163836,245754,327672,409590
81919,163838,245757,327676,409595
81920,163840,245760,327680,409600
81921,163842,245763,327684,409605
81922,163844,245766,327688,409610
81923,163846,245769,327692,409615
81924,163848,245772,327696,409620
81925,163850,245775,327700,409625
81926,163852,245778,327704,409630
81927,163854,245781,327708,409635
81928,163856,245784,327712,409640
81929,163858,245787,327716,409645
81930,163860,245790,327720,409650
81931,163862,245793,327724,409655
81932,163864,245796,327728,409660
81933,163866,245799,327732,409665
81934,163868,245802,327736,409670
81935,163870,245805,327740,409675
81936,163872,245808,327744,409680
81937,163874,245811,327748,409685
81938,163876,245814,327752,409690
81939,163878,245817,327756,409695
81940,163880,245820,327760,409700
81941,163882,245823,327764,409705
81942,163884,245826,327768,409710
81943,163886,245829,327772,409715
81944,163888,245832,327776,409720
81945,163890,245835,327780,409725
81946,163892,245838,327784,409730
81947,163894,245841,327788,409735
81948,163896,245844,327792,409740
81949,163898,245847,327796,409745
81950,163900,245850,327800,409750
81951,163902,245853,327804,409755
81952,163904,245856,327808,409760
81953,163906,245859,327812,409765
81954,163908,245862,327816,409770
81955,163910,245865,327820,409775
81956,163912,245868,327824,409780
81957,163914,245871,327828,409785
81958,163916,245874,327832,409790
81959,163918,245877,327836,409795
81960,163920,245880,327840,409800
81961,163922,245883,327844,409805
81962,163924,245886,327848,409810
81963,163926,245889,327852,409815
81964,163928,245892,327856,409820
81965,163930,245895,327860,409825
81966,163932,245898,327864,409830
81967,163934,245901,327868,409835
81968,163936,245904,327872,409840
81969,163938,245907,327876,409845
81970,163940,245910,327880,409850
81971,163942,245913,327884,409855
81972,163944,245916,327888,409860
81973,163946,245919,327892,409865
81974,163948,245922,327896,409870
81975,163950,245925,327900,409875
81976,163952,245928,327904,409880
81977,163954,245931,327908,409885
81978,163956,245934,327912,409890
81979,163958,245937,327916,409895
81980,163960,245940,327920,409900
81981,163962,245943,327924,409905
81982,163964,245946,327928,409910
81983,163966,245949,327932,409915
81984,163968,245952,327936,409920
81985,163970,245955,327940,409925
81986,163972,245958,327944,409930
81987,163974,245961,327948,409935
81988,163976,245964,327952,409940
81989,163978,245967,327956,409945
81990,163980,245970,327960,409950
81991,163982,245973,327964,409955
81992,163984,245976,327968,409960
81993,163986,245979,327972,409965
81994,163988,245982,327976,409970
81995,163990,245985,327980,409975
81996,163992,245988,327984,409980
81997,163994,245991,327988,409985
81998,163996,245994,327992,409990
81999,163998,245997,327996,409995
82000,164000,246000,328000,410000
82001,164002,246003,328004,410005
82002,164004,246006,328008,410010
82003,164006,246009,328012,410015
82004,164008,246012,328016,410020
82005,164010,246015,328020,410025
82006,164012,246018,328024,410030
82007,164014,246021,328028,410035
82008,164016,246024,328032,410040
82009,164018,246027,328036,410045
82010,164020,246030,328040,410050
82011,164022,246033,328044,410055
82012,164024,246036,328048,410060
82013,164026,246039,328052,410065
82014,164028,246042,328056,410070
82015,164030,246045,328060,410075
82016,164032,246048,328064,410080
82017,164034,246051,328068,410085
82018,164036,246054,328072,410090
82019,164038,246057,328076,410095
82020,164040,246060,328080,410100
82021,164042,246063,328084,410105
82022,164044,246066,328088,410110
82023,164046,246069,328092,410115
82024,164048,246072,328096,410120
82025,164050,246075,328100,410125
82026,164052,246078,328104,410130
82027,164054,246081,328108,410135
82028,164056,246084,328112,410140
82029,164058,246087,328116,410145
82030,164060,246090,328120,410150
82031,164062,246093,328124,410155
82032,164064,246096,328128,410160
82033,164066,246099,328132,410165
82034,164068,246102,328136,410170
82035,164070,246105,328140,410175
82036,164072,246108,328144,410180
82037,164074,246111,328148,410185
82038,164076,246114,328152,410190
82039,164078,246117,328156,410195
82040,164080,246120,328160,410200
82041,164082,246123,328164,410205
82042,164084,246126,328168,410210
82043,164086,246129,328172,410215
82044,164088,246132,328176,410220
82045,164090,246135,328180,410225
82046,164092,246138,328184,410230
82047,164094,246141,328188,410235
82048,164096,246144,328192,410240
82049,164098,246147,328196,410245
82050,164100,246150,328200,410250
82051,164102,246153,328204,410255
82052,164104,246156,328208,410260
82053,164106,246159,328212,410265
82054,164108,246162,328216,410270
82055,164110,246165,328220,410275
82056,164112,246168,328224,410280
82057,164114,246171,328228,410285
82058,164116,246174,328232,410290
82059,164118,246177,328236,410295
82060,164120,246180,328240,410300
82061,164122,246183,328244,410305
82062,164124,246186,328248,410310
82063,164126,246189,328252,410315
82064,164128,246192,328256,410320
82065,164130,246195,328260,410325
82066,164132,246198,328264,410330
82067,164134,246201,328268,410335
82068,164136,246204,328272,410340
82069,164138,246207,328276,410345
82070,164140,246210,328280,410350
82071,164142,246213,328284,410355
82072,164144,246216,328288,410360
82073,164146,246219,328292,410365
82074,164148,246222,328296,410370
82075,164150,246225,328300,410375
82076,164152,246228,328304,410380
82077,164154,246231,328308,410385
82078,164156,246234,328312,410390
82079,164158,246237,328316,410395
82080,164160,246240,328320,410400
82081,164162,246243,328324,410405
82082,164164,246246,328328,410410
82083,164166,246249,328332,410415
82084,164168,246252,328336,410420
82085,164170,246255,328340,410425
82086,164172,246258,328344,410430
82087,164174,246261,328348,410435
82088,164176,246264,328352,410440
82089,164178,246267,328356,410445
82090,164180,246270,328360,410450
82091,164182,246273,328364,410455
82092,164184,246276,328368,410460
82093,164186,246279,328372,410465
82094,164188,246282,328376,410470
82095,164190,246285,328380,410475
82096,164192,246288,328384,410480
82097,164194,246291,328388,410485
82098,164196,246294,328392,410490
82099,164198,246297,328396,410495
82100,164200,246300,328400,410500
82101,164202,246303,328404,410505
82102,164204,246306,328408,410510
82103,164206,246309,328412,410515
82104,164208,246312,328416,410520
82105,164210,246315,328420,410525
82106,164212,246318,328424,410530
82107,164214,246321,328428,410535
82108,164216,246324,328432,410540
82109,164218,246327,328436,410545
82110,164220,246330,328440,410550
82111,164222,246333,328444,410555
82112,164224,246336,328448,410560
82113,164226,246339,328452,410565
82114,164228,246342,328456,410570
82115,164230,246345,328460,410575
82116,164232,246348,328464,410580
82117,164234,246351,328468,410585
82118,164236,246354,328472,410590
82119,164238,246357,328476,410595
82120,164240,246360,328480,410600
82121,164242,246363,328484,410605
82122,164244,246366,328488,410610
82123,164246,246369,328492,410615
82124,164248,246372,328496,410620
82125,164250,246375,328500,410625
82126,164252,246378,328504,410630
82127,164254,246381,328508,410635
82128,164256,246384,328512,410640
82129,164258,246387,328516,410645
82130,164260,246390,328520,410650
82131,164262,246393,328524,410655
82132,164264,246396,328528,410660
82133,164266,246399,328532,410665
82134,164268,246402,328536,410670
82135,164270,246405,328540,410675
82136,164272,246408,328544,410680
82137,164274,246411,328548,410685
82138,164276,246414,328552,410690
82139,164278,246417,328556,410695
82140,164280,246420,328560,410700
82141,164282,246423,328564,410705
82142,164284,246426,328568,410710
82143,164286,246429,328572,410715
82144,164288,246432,328576,410720
82145,164290,246435,328580,410725
82146,164292,246438,328584,410730
82147,164294,246441,328588,410735
82148,164296,246444,328592,410740
82149,164298,246447,328596,410745
82150,164300,246450,328600,410750
82151,164302,246453,328604,410755
82152,164304,246456,328608,410760
82153,164306,246459,328612,410765
82154,164308,246462,328616,410770
82155,164310,246465,328620,410775
82156,164312,246468,328624,410780
82157,164314,246471,328628,410785
82158,164316,246474,328632,410790
82159,164318,246477,328636,410795
82160,164320,246480,328640,410800
82161,164322,246483,328644,410805
82162,164324,246486,328648,410810
82163,164326,246489,328652,410815
82164,164328,246492,328656,410820
82165,164330,246495,328660,410825
82166,164332,246498,328664,410830
82167,164334,246501,328668,410835
82168,164336,246504,328672,410840
82169,164338,246507,328676,410845
82170,164340,246510,328680,410850
82171,164342,246513,328684,410855
82172,164344,246516,328688,410860
82173,164346,246519,328692,410865
82174,164348,246522,328696,410870
82175,164350,246525,328700,410875
82176,164352,246528,328704,410880
82177,164354,246531,328708,410885
82178,164356,246534,328712,410890
82179,164358,246537,328716,410895
82180,164360,246540,328720,410900
82181,164362,246543,328724,410905
82182,164364,246546,328728,410910
82183,164366,246549,328732,410915
82184,164368,246552,328736,410920
82185,164370,246555,328740,410925
82186,164372,246558,328744,410930
82187,164374,246561,328748,410935
82188,164376,246564,328752,410940
82189,164378,246567,328756,410945
82190,164380,246570,328760,410950
82191,164382,246573,328764,410955
82192,164384,246576,328768,410960
82193,164386,246579,328772,410965
82194,164388,246582,328776,410970
82195,164390,246585,328780,410975
82196,164392,246588,328784,410980
82197,164394,246591,328788,410985
82198,164396,246594,328792,410990
82199,164398,246597,328796,410995
82200,164400,246600,328800,411000
82201,164402,246603,328804,411005
82202,164404,246606,328808,411010
82203,164406,246609,328812,411015
82204,164408,246612,328816,411020
82205,164410,246615,328820,411025
82206,164412,246618,328824,411030
82207,164414,246621,328828,411035
82208,164416,246624,328832,411040
82209,164418,246627,328836,411045
82210,164420,246630,328840,411050
82211,164422,246633,328844,411055
82212,164424,246636,328848,411060
82213,164426,246639,328852,411065
82214,164428,246642,328856,411070
82215,164430,246645,328860,411075
82216,164432,246648,328864,411080
82217,164434,246651,328868,411085
82218,164436,246654,328872,411090
82219,164438,246657,328876,411095
82220,164440,246660,328880,411100
82221,164442,246663,328884,411105
82222,164444,246666,328888,411110
82223,164446,246669,328892,411115
82224,164448,246672,328896,411120
82225,164450,246675,328900,411125
82226,164452,246678,328904,411130
82227,164454,246681,328908,411135
82228,164456,246684,328912,411140
82229,164458,246687,328916,411145
82230,164460,246690,328920,411150
82231,164462,246693,328924,411155
82232,164464,246696,328928,411160
82233,164466,246699,328932,411165
82234,164468,246702,328936,411170
82235,164470,246705,328940,411175
82236,164472,246708,328944,411180
82237,164474,246711,328948,411185
82238,164476,246714,328952,411190
82239,164478,246717,328956,411195
82240,164480,246720,328960,411200
82241,164482,246723,328964,411205
82242,164484,246726,328968,411210
82243,164486,246729,328972,411215
82244,164488,246732,328976,411220
82245,164490,246735,328980,411225
82246,164492,246738,328984,411230
82247,164494,246741,328988,411235
82248,164496,246744,328992,411240
82249,164498,246747,328996,411245
82250,164500,246750,329000,411250
82251,164502,246753,329004,411255
82252,164504,246756,329008,411260
82253,164506,246759,329012,411265
82254,164508,246762,329016,411270
82255,164510,246765,329020,411275
82256,164512,246768,329024,411280
82257,164514,246771,329028,411285
82258,164516,246774,329032,411290
82259,164518,246777,329036,411295
82260,164520,246780,329040,411300
82261,164522,246783,329044,411305
82262,164524,246786,329048,411310
82263,164526,246789,329052,411315
82264,164528,246792,329056,411320
82265,164530,246795,329060,411325
82266,164532,246798,329064,411330
82267,164534,246801,329068,411335
82268,164536,246804,329072,411340
82269,164538,246807,329076,411345
82270,164540,246810,329080,411350
82271,164542,246813,329084,411355
82272,164544,246816,329088,411360
82273,164546,246819,329092,411365
82274,164548,246822,329096,411370
82275,164550,246825,329100,411375
82276,164552,246828,329104,411380
82277,164554,246831,329108,411385
82278,164556,246834,329112,411390
82279,164558,246837,329116,411395
82280,164560,246840,329120,411400
82281,164562,246843,329124,411405
82282,164564,246846,329128,411410
82283,164566,246849,329132,411415
82284,164568,246852,329136,411420
82285,164570,246855,329140,411425
82286,164572,246858,329144,411430
82287,164574,246861,329148,411435
82288,164576,246864,329152,411440
82289,164578,246867,329156,411445
82290,164580,246870,329160,411450
82291,164582,246873,329164,411455
82292,164584,246876,329168,411460
82293,164586,246879,329172,411465
82294,164588,246882,329176,411470
82295,164590,246885,329180,411475
82296,164592,246888,329184,411480
82297,164594,246891,329188,411485
82298,164596,246894,329192,411490
82299,164598,246897,329196,411495
82300,164600,246900,329200,411500
82301,164602,246903,329204,411505
82302,164604,246906,329208,411510
82303,164606,246909,329212,411515
82304,164608,246912,329216,411520
82305,164610,246915,329220,411525
82306,164612,246918,329224,411530
82307,164614,246921,329228,411535
82308,164616,246924,329232,411540
82309,164618,246927,329236,411545
82310,164620,246930,329240,411550
82311,164622,246933,329244,411555
82312,164624,246936,329248,411560
82313,164626,246939,329252,411565
82314,164628,246942,329256,411570
82315,164630,246945,329260,411575
82316,164632,246948,329264,411580
82317,164634,246951,329268,411585
82318,164636,246954,329272,411590
82319,164638,246957,329276,411595
82320,164640,246960,329280,411600
82321,164642,246963,329284,411605
82322,164644,246966,329288,411610
82323,164646,246969,329292,411615
82324,164648,246972,329296,411620
82325,164650,246975,329300,411625
82326,164652,246978,329304,411630
82327,164654,246981,329308,411635
82328,164656,246984,329312,411640
82329,164658,246987,329316,411645
82330,164660,246990,329320,411650
82331,164662,246993,329324,411655
82332,164664,246996,329328,411660
82333,164666,246999,329332,411665
82334,164668,247002,329336,411670
82335,164670,247005,329340,411675
82336,164672,247008,329344,411680
82337,164674,247011,329348,411685
82338,164676,247014,329352,411690
82339,164678,247017,329356,411695
82340,164680,247020,329360,411700
82341,164682,247023,329364,411705
82342,164684,247026,329368,411710
82343,164686,247029,329372,411715
82344,164688,247032,329376,411720
82345,164690,247035,329380,411725
82346,164692,247038,329384,411730
82347,164694,247041,329388,411735
82348,164696,247044,329392,411740
82349,164698,247047,329396,411745
82350,164700,247050,329400,411750
82351,164702,247053,329404,411755
82352,164704,247056,329408,411760
82353,164706,247059,329412,411765
82354,164708,247062,329416,411770
82355,164710,247065,329420,411775
82356,164712,247068,329424,411780
82357,164714,247071,329428,411785
82358,164716,247074,329432,411790
82359,164718,247077,329436,411795
82360,164720,247080,329440,411800
82361,164722,247083,329444,411805
82362,164724,247086,329448,411810
82363,164726,247089,329452,411815
82364,164728,247092,329456,411820
82365,164730,247095,329460,411825
82366,164732,247098,329464,411830
82367,164734,247101,329468,411835
82368,164736,247104,329472,411840
82369,164738,247107,329476,411845
82370,164740,247110,329480,411850
82371,164742,247113,329484,411855
82372,164744,247116,329488,411860
82373,164746,247119,329492,411865
82374,164748,247122,329496,411870
82375,164750,247125,329500,411875
82376,164752,247128,329504,411880
82377,164754,247131,329508,411885
82378,164756,247134,329512,411890
82379,164758,247137,329516,411895
82380,164760,247140,329520,411900
82381,164762,247143,329524,411905
82382,164764,247146,329528,411910
82383,164766,247149,329532,411915
82384,164768,247152,329536,411920
82385,164770,247155,329540,411925
82386,164772,247158,329544,411930
82387,164774,247161,329548,411935
82388,164776,247164,329552,411940
82389,164778,247167,329556,411945
82390,164780,247170,329560,411950
82391,164782,247173,329564,411955
82392,164784,247176,329568,411960
82393,164786,247179,329572,411965
82394,164788,247182,329576,411970
82395,164790,247185,329580,411975
82396,164792,247188,329584,411980
82397,164794,247191,329588,411985
82398,164796,247194,329592,411990
82399,164798,247197,329596,411995
82400,164800,247200,329600,412000
82401,164802,247203,329604,412005
82402,164804,247206,329608,412010
82403,164806,247209,329612,412015
82404,164808,247212,329616,412020
82405,164810,247215,329620,412025
82406,164812,247218,329624,412030
82407,164814,247221,329628,412035
82408,164816,247224,329632,412040
82409,164818,247227,329636,412045
82410,164820,247230,329640,412050
82411,164822,247233,329644,412055
82412,164824,247236,329648,412060
82413,164826,247239,329652,412065
82414,164828,247242,329656,412070
82415,164830,247245,329660,412075
82416,164832,247248,329664,412080
82417,164834,247251,329668,412085
82418,164836,247254,329672,412090
82419,164838,247257,329676,412095
82420,164840,247260,329680,412100
82421,164842,247263,329684,412105
82422,164844,247266,329688,412110
82423,164846,247269,329692,412115
82424,164848,247272,329696,412120
82425,164850,247275,329700,412125
82426,164852,247278,329704,412130
82427,164854,247281,329708,412135
82428,164856,247284,329712,412140
82429,164858,247287,329716,412145
82430,164860,247290,329720,412150
82431,164862,247293,329724,412155
82432,164864,247296,329728,412160
82433,164866,247299,329732,412165
82434,164868,247302,329736,412170
82435,164870,247305,329740,412175
82436,164872,247308,329744,412180
82437,164874,247311,329748,412185
82438,164876,247314,329752,412190
82439,164878,247317,329756,412195
82440,164880,247320,329760,412200
82441,164882,247323,329764,412205
82442,164884,247326,329768,412210
82443,164886,247329,329772,412215
82444,164888,247332,329776,412220
82445,164890,247335,329780,412225
82446,164892,247338,329784,412230
82447,164894,247341,329788,412235
82448,164896,247344,329792,412240
82449,164898,247347,329796,412245
82450,164900,247350,329800,412250
82451,164902,247353,329804,412255
82452,164904,247356,329808,412260
82453,164906,247359,329812,412265
82454,164908,247362,329816,412270
82455,164910,247365,329820,412275
82456,164912,247368,329824,412280
82457,164914,247371,329828,412285
82458,164916,247374,329832,412290
82459,164918,247377,329836,412295
82460,164920,247380,329840,412300
82461,164922,247383,329844,412305
82462,164924,247386,329848,412310
82463,164926,247389,329852,412315
82464,164928,247392,329856,412320
82465,164930,247395,329860,412325
82466,164932,247398,329864,412330
82467,164934,247401,329868,412335
82468,164936,247404,329872,412340
82469,164938,247407,329876,412345
82470,164940,247410,329880,412350
82471,164942,247413,329884,412355
82472,164944,247416,329888,412360
82473,164946,247419,329892,412365
82474,164948,247422,329896,412370
82475,164950,247425,329900,412375
82476,164952,247428,329904,412380
82477,164954,247431,329908,412385
82478,164956,247434,329912,412390
82479,164958,247437,329916,412395
82480,164960,247440,329920,412400
82481,164962,247443,329924,412405
82482,164964,247446,329928,412410
82483,164966,247449,329932,412415
82484,164968,247452,329936,412420
82485,164970,247455,329940,412425
82486,164972,247458,329944,412430
82487,164974,247461,329948,412435
82488,164976,247464,329952,412440
82489,164978,247467,329956,412445
82490,164980,247470,329960,412450
82491,164982,247473,329964,412455
82492,164984,247476,329968,412460
82493,164986,247479,329972,412465
82494,164988,247482,329976,412470
82495,164990,247485,329980,412475
82496,164992,247488,329984,412480
82497,164994,247491,329988,412485
82498,164996,247494,329992,412490
82499,164998,247497,329996,412495
82500,165000,247500,330000,412500
82501,165002,247503,330004,412505
82502,165004,247506,330008,412510
82503,165006,247509,330012,412515
82504,165008,247512,330016,412520
82505,165010,247515,330020,412525
82506,165012,247518,330024,412530
82507,165014,247521,330028,412535
82508,165016,247524,330032,412540
82509,165018,247527,330036,412545
82510,165020,247530,330040,412550
82511,165022,247533,330044,412555
82512,165024,247536,330048,412560
82513,165026,247539,330052,412565
82514,165028,247542,330056,412570
82515,165030,247545,330060,412575
82516,165032,247548,330064,412580
82517,165034,247551,330068,412585
82518,165036,247554,330072,412590
82519,165038,247557,330076,412595
82520,165040,247560,330080,412600
82521,165042,247563,330084,412605
82522,165044,247566,330088,412610
82523,165046,247569,330092,412615
82524,165048,247572,330096,412620
82525,165050,247575,330100,412625
82526,165052,247578,330104,412630
82527,165054,247581,330108,412635
82528,165056,247584,330112,412640
82529,165058,247587,330116,412645
82530,165060,247590,330120,412650
82531,165062,247593,330124,412655
82532,165064,247596,330128,412660
82533,165066,247599,330132,412665
82534,165068,247602,330136,412670
82535,165070,247605,330140,412675
82536,165072,247608,330144,412680
82537,165074,247611,330148,412685
82538,165076,247614,330152,412690
82539,165078,247617,330156,412695
82540,165080,247620,330160,412700
82541,165082,247623,330164,412705
82542,165084,247626,330168,412710
82543,165086,247629,330172,412715
82544,165088,247632,330176,412720
82545,165090,247635,330180,412725
82546,165092,247638,330184,412730
82547,165094,247641,330188,412735
82548,165096,247644,330192,412740
82549,165098,247647,330196,412745
82550,165100,247650,330200,412750
82551,165102,247653,330204,412755
82552,165104,247656,330208,412760
82553,165106,247659,330212,412765
82554,165108,247662,330216,412770
82555,165110,247665,330220,412775
82556,165112,247668,330224,412780
82557,165114,247671,330228,412785
82558,165116,247674,330232,412790
82559,165118,247677,330236,412795
82560,165120,247680,330240,412800
82561,165122,247683,330244,412805
82562,165124,247686,330248,412810
82563,165126,247689,330252,412815
82564,165128,247692,330256,412820
82565,165130,247695,330260,412825
82566,165132,247698,330264,412830
82567,165134,247701,330268,412835
82568,165136,247704,330272,412840
82569,165138,247707,330276,412845
82570,165140,247710,330280,412850
82571,165142,247713,330284,412855
82572,165144,247716,330288,412860
82573,165146,247719,330292,412865
82574,165148,247722,330296,412870
82575,165150,247725,330300,412875
82576,165152,247728,330304,412880
82577,165154,247731,330308,412885
82578,165156,247734,330312,412890
82579,165158,247737,330316,412895
82580,165160,247740,330320,412900
82581,165162,247743,330324,412905
82582,165164,247746,330328,412910
82583,165166,247749,330332,412915
82584,165168,247752,330336,412920
82585,165170,247755,330340,412925
82586,165172,247758,330344,412930
82587,165174,247761,330348,412935
82588,165176,247764,330352,412940
82589,165178,247767,330356,412945
82590,165180,247770,330360,412950
82591,165182,247773,330364,412955
82592,165184,247776,330368,412960
82593,165186,247779,330372,412965
82594,165188,247782,330376,412970
82595,165190,247785,330380,412975
82596,165192,247788,330384,412980
82597,165194,247791,330388,412985
82598,165196,247794,330392,412990
82599,165198,247797,330396,412995
82600,165200,247800,330400,413000
82601,165202,247803,330404,413005
82602,165204,247806,330408,413010
82603,165206,247809,330412,413015
82604,165208,247812,330416,413020
82605,165210,247815,330420,413025
82606,165212,247818,330424,413030
82607,165214,247821,330428,413035
82608,165216,247824,330432,413040
82609,165218,247827,330436,413045
82610,165220,247830,330440,413050
82611,165222,247833,330444,413055
82612,165224,247836,330448,413060
82613,165226,247839,330452,413065
82614,165228,247842,330456,413070
82615,165230,247845,330460,413075
82616,165232,247848,330464,413080
82617,165234,247851,330468,413085
82618,165236,247854,330472,413090
82619,165238,247857,330476,413095
82620,165240,247860,330480,413100
82621,165242,247863,330484,413105
82622,165244,247866,330488,413110
82623,165246,247869,330492,413115
82624,165248,247872,330496,413120
82625,165250,247875,330500,413125
82626,165252,247878,330504,413130
82627,165254,247881,330508,413135
82628,165256,247884,330512,413140
82629,165258,247887,330516,413145
82630,165260,247890,330520,413150
82631,165262,247893,330524,413155
82632,165264,247896,330528,413160
82633,165266,247899,330532,413165
82634,165268,247902,330536,413170
82635,165270,247905,330540,413175
82636,165272,247908,330544,413180
82637,165274,247911,330548,413185
82638,165276,247914,330552,413190
82639,165278,247917,330556,413195
82640,165280,247920,330560,413200
82641,165282,247923,330564,413205
82642,165284,247926,330568,413210
82643,165286,247929,330572,413215
82644,165288,247932,330576,413220
82645,165290,247935,330580,413225
82646,165292,247938,330584,413230
82647,165294,247941,330588,413235
82648,165296,247944,330592,413240
82649,165298,247947,330596,413245
82650,165300,247950,330600,413250
82651,165302,247953,330604,413255
82652,165304,247956,330608,413260
82653,165306,247959,330612,413265
82654,165308,247962,330616,413270
82655,165310,247965,330620,413275
82656,165312,247968,330624,413280
82657,165314,247971,330628,413285
82658,165316,247974,330632,413290
82659,165318,247977,330636,413295
82660,165320,247980,330640,413300
82661,165322,247983,330644,413305
82662,165324,247986,330648,413310
82663,165326,247989,330652,413315
82664,165328,247992,330656,413320
82665,165330,247995,330660,413325
82666,165332,247998,330664,413330
82667,165334,248001,330668,413335
82668,165336,248004,330672,413340
82669,165338,248007,330676,413345
82670,165340,248010,330680,413350
82671,165342,248013,330684,413355
82672,165344,248016,330688,413360
82673,165346,248019,330692,413365
82674,165348,248022,330696,413370
82675,165350,248025,330700,413375
82676,165352,248028,330704,413380
82677,165354,248031,330708,413385
82678,165356,248034,330712,413390
82679,165358,248037,330716,413395
82680,165360,248040,330720,413400
82681,165362,248043,330724,413405
82682,165364,248046,330728,413410
82683,165366,248049,330732,413415
82684,165368,248052,330736,413420
82685,165370,248055,330740,413425
82686,165372,248058,330744,413430
82687,165374,248061,330748,413435
82688,165376,248064,330752,413440
82689,165378,248067,330756,413445
82690,165380,248070,330760,413450
82691,165382,248073,330764,413455
82692,165384,248076,330768,413460
82693,165386,248079,330772,413465
82694,165388,248082,330776,413470
82695,165390,248085,330780,413475
82696,165392,248088,330784,413480
82697,165394,248091,330788,413485
82698,165396,248094,330792,413490
82699,165398,248097,330796,413495
82700,165400,248100,330800,413500
82701,165402,248103,330804,413505
82702,165404,248106,330808,413510
82703,165406,248109,330812,413515
82704,165408,248112,330816,413520
82705,165410,248115,330820,413525
82706,165412,248118,330824,413530
82707,165414,248121,330828,413535
82708,165416,248124,330832,413540
82709,165418,248127,330836,413545
82710,165420,248130,330840,413550
82711,165422,248133,330844,413555
82712,165424,248136,330848,413560
82713,165426,248139,330852,413565
82714,165428,248142,330856,413570
82715,165430,248145,330860,413575
82716,165432,248148,330864,413580
82717,165434,248151,330868,413585
82718,165436,248154,330872,413590
82719,165438,248157,330876,413595
82720,165440,248160,330880,413600
82721,165442,248163,330884,413605
82722,165444,248166,330888,413610
82723,165446,248169,330892,413615
82724,165448,248172,330896,413620
82725,165450,248175,330900,413625
82726,165452,248178,330904,413630
82727,165454,248181,330908,413635
82728,165456,248184,330912,413640
82729,165458,248187,330916,413645
82730,165460,248190,330920,413650
82731,165462,248193,330924,413655
82732,165464,248196,330928,413660
82733,165466,248199,330932,413665
82734,165468,248202,330936,413670
82735,165470,248205,330940,413675
82736,165472,248208,330944,413680
82737,165474,248211,330948,413685
82738,165476,248214,330952,413690
82739,165478,248217,330956,413695
82740,165480,248220,330960,413700
82741,165482,248223,330964,413705
82742,165484,248226,330968,413710
82743,165486,248229,330972,413715
82744,165488,248232,330976,413720
82745,165490,248235,330980,413725
82746,165492,248238,330984,413730
82747,165494,248241,330988,413735
82748,165496,248244,330992,413740
82749,165498,248247,330996,413745
82750,165500,248250,331000,413750
82751,165502,248253,331004,413755
82752,165504,248256,331008,413760
82753,165506,248259,331012,413765
82754,165508,248262,331016,413770
82755,165510,248265,331020,413775
82756,165512,248268,331024,413780
82757,165514,248271,331028,413785
82758,165516,248274,331032,413790
82759,165518,248277,331036,413795
82760,165520,248280,331040,413800
82761,165522,248283,331044,413805
82762,165524,248286,331048,413810
82763,165526,248289,331052,413815
82764,165528,248292,331056,413820
82765,165530,248295,331060,413825
82766,165532,248298,331064,413830
82767,165534,248301,331068,413835
82768,165536,248304,331072,413840
82769,165538,248307,331076,413845
82770,165540,248310,331080,413850
82771,165542,248313,331084,413855
82772,165544,248316,331088,413860
82773,165546,248319,331092,413865
82774,165548,248322,331096,413870
82775,165550,248325,331100,413875
82776,165552,248328,331104,413880
82777,165554,248331,331108,413885
82778,165556,248334,331112,413890
82779,165558,248337,331116,413895
82780,165560,248340,331120,413900
82781,165562,248343,331124,413905
82782,165564,248346,331128,413910
82783,165566,248349,331132,413915
82784,165568,248352,331136,413920
82785,165570,248355,331140,413925
82786,165572,248358,331144,413930
82787,165574,248361,331148,413935
82788,165576,248364,331152,413940
82789,165578,248367,331156,413945
82790,165580,248370,331160,413950
82791,165582,248373,331164,413955
82792,165584,248376,331168,413960
82793,165586,248379,331172,413965
82794,165588,248382,331176,413970
82795,165590,248385,331180,413975
82796,165592,248388,331184,413980
82797,165594,248391,331188,413985
82798,165596,248394,331192,413990
82799,165598,248397,331196,413995
82800,165600,248400,331200,414000
82801,165602,248403,331204,414005
82802,165604,248406,331208,414010
82803,165606,248409,331212,414015
82804,165608,248412,331216,414020
82805,165610,248415,331220,414025
82806,165612,248418,331224,414030
82807,165614,248421,331228,414035
82808,165616,248424,331232,414040
82809,165618,248427,331236,414045
82810,165620,248430,331240,414050
82811,165622,248433,331244,414055
82812,165624,248436,331248,414060
82813,165626,248439,331252,414065
82814,165628,248442,331256,414070
82815,165630,248445,331260,414075
82816,165632,248448,331264,414080
82817,165634,248451,331268,414085
82818,165636,248454,331272,414090
82819,165638,248457,331276,414095
82820,165640,248460,331280,414100
82821,165642,248463,331284,414105
82822,165644,248466,331288,414110
82823,165646,248469,331292,414115
82824,165648,248472,331296,414120
82825,165650,248475,331300,414125
82826,165652,248478,331304,414130
82827,165654,248481,331308,414135
82828,165656,248484,331312,414140
82829,165658,248487,331316,414145
82830,165660,248490,331320,414150
82831,165662,248493,331324,414155
82832,165664,248496,331328,414160
82833,165666,248499,331332,414165
82834,165668,248502,331336,414170
82835,165670,248505,331340,414175
82836,165672,248508,331344,414180
82837,165674,248511,331348,414185
82838,165676,248514,331352,414190
82839,165678,248517,331356,414195
82840,165680,248520,331360,414200
82841,165682,248523,331364,414205
82842,165684,248526,331368,414210
82843,165686,248529,331372,414215
82844,165688,248532,331376,414220
82845,165690,248535,331380,414225
82846,165692,248538,331384,414230
82847,165694,248541,331388,414235
82848,165696,248544,331392,414240
82849,165698,248547,331396,414245
82850,165700,248550,331400,414250
82851,165702,248553,331404,414255
82852,165704,248556,331408,414260
82853,165706,248559,331412,414265
82854,165708,248562,331416,414270
82855,165710,248565,331420,414275
82856,165712,248568,331424,414280
82857,165714,248571,331428,414285
82858,165716,248574,331432,414290
82859,165718,248577,331436,414295
82860,165720,248580,331440,414300
82861,165722,248583,331444,414305
82862,165724,248586,331448,414310
82863,165726,248589,331452,414315
82864,165728,248592,331456,414320
82865,165730,248595,331460,414325
82866,165732,248598,331464,414330
82867,165734,248601,331468,414335
82868,165736,248604,331472,414340
82869,165738,248607,331476,414345
82870,165740,248610,331480,414350
82871,165742,248613,331484,414355
82872,165744,248616,331488,414360
82873,165746,248619,331492,414365
82874,165748,248622,331496,414370
82875,165750,248625,331500,414375
82876,165752,248628,331504,414380
82877,165754,248631,331508,414385
82878,165756,248634,331512,414390
82879,165758,248637,331516,414395
82880,165760,248640,331520,414400
82881,165762,248643,331524,414405
82882,165764,248646,331528,414410
82883,165766,248649,331532,414415
82884,165768,248652,331536,414420
82885,165770,248655,331540,414425
82886,165772,248658,331544,414430
82887,165774,248661,331548,414435
82888,165776,248664,331552,414440
82889,165778,248667,331556,414445
82890,165780,248670,331560,414450
82891,165782,248673,331564,414455
82892,165784,248676,331568,414460
82893,165786,248679,331572,414465
82894,165788,248682,331576,414470
82895,165790,248685,331580,414475
82896,165792,248688,331584,414480
82897,165794,248691,331588,414485
82898,165796,248694,331592,414490
82899,165798,248697,331596,414495
82900,165800,248700,331600,414500
82901,165802,248703,331604,414505
82902,165804,248706,331608,414510
82903,165806,248709,331612,414515
82904,165808,248712,331616,414520
82905,165810,248715,331620,414525
82906,165812,248718,331624,414530
82907,165814,248721,331628,414535
82908,165816,248724,331632,414540
82909,165818,248727,331636,414545
82910,165820,248730,331640,414550
82911,165822,248733,331644,414555
82912,165824,248736,331648,414560
82913,165826,248739,331652,414565
82914,165828,248742,331656,414570
82915,165830,248745,331660,414575
82916,165832,248748,331664,414580
82917,165834,248751,331668,414585
82918,165836,248754,331672,414590
82919,165838,248757,331676,414595
82920,165840,248760,331680,414600
82921,165842,248763,331684,414605
82922,165844,248766,331688,414610
82923,165846,248769,331692,414615
82924,165848,248772,331696,414620
82925,165850,248775,331700,414625
82926,165852,248778,331704,414630
82927,165854,248781,331708,414635
82928,165856,248784,331712,414640
82929,165858,248787,331716,414645
82930,165860,248790,331720,414650
82931,165862,248793,331724,414655
82932,165864,248796,331728,414660
82933,165866,248799,331732,414665
82934,165868,248802,331736,414670
82935,165870,248805,331740,414675
82936,165872,248808,331744,414680
82937,165874,248811,331748,414685
82938,165876,248814,331752,414690
82939,165878,248817,331756,414695
82940,165880,248820,331760,414700
82941,165882,248823,331764,414705
82942,165884,248826,331768,414710
82943,165886,248829,331772,414715
82944,165888,248832,331776,414720
82945,165890,248835,331780,414725
82946,165892,248838,331784,414730
82947,165894,248841,331788,414735
82948,165896,248844,331792,414740
82949,165898,248847,331796,414745
82950,165900,248850,331800,414750
82951,165902,248853,331804,414755
82952,165904,248856,331808,414760
82953,165906,248859,331812,414765
82954,165908,248862,331816,414770
82955,165910,248865,331820,414775
82956,165912,248868,331824,414780
82957,165914,248871,331828,414785
82958,165916,248874,331832,414790
82959,165918,248877,331836,414795
82960,165920,248880,331840,414800
82961,165922,248883,331844,414805
82962,165924,248886,331848,414810
82963,165926,248889,331852,414815
82964,165928,248892,331856,414820
82965,165930,248895,331860,414825
82966,165932,248898,331864,414830
82967,165934,248901,331868,414835
82968,165936,248904,331872,414840
82969,165938,248907,331876,414845
82970,165940,248910,331880,414850
82971,165942,248913,331884,414855
82972,165944,248916,331888,414860
82973,165946,248919,331892,414865
82974,165948,248922,331896,414870
82975,165950,248925,331900,414875
82976,165952,248928,331904,414880
82977,165954,248931,331908,414885
82978,165956,248934,331912,414890
82979,165958,248937,331916,414895
82980,165960,248940,331920,414900
82981,165962,248943,331924,414905
82982,165964,248946,331928,414910
82983,165966,248949,331932,414915
82984,165968,248952,331936,414920
82985,165970,248955,331940,414925
82986,165972,248958,331944,414930
82987,165974,248961,331948,414935
82988,165976,248964,331952,414940
82989,165978,248967,331956,414945
82990,165980,248970,331960,414950
82991,165982,248973,331964,414955
82992,165984,248976,331968,414960
82993,165986,248979,331972,414965
82994,165988,248982,331976,414970
82995,165990,248985,331980,414975
82996,165992,248988,331984,414980
82997,165994,248991,331988,414985
82998,165996,248994,331992,414990
82999,165998,248997,331996,414995
83000,166000,249000,332000,415000
83001,166002,249003,332004,415005
83002,166004,249006,332008,415010
83003,166006,249009,332012,415015
83004,166008,249012,332016,415020
83005,166010,249015,332020,415025
83006,166012,249018,332024,415030
83007,166014,249021,332028,415035
83008,166016,249024,332032,415040
83009,166018,249027,332036,415045
83010,166020,249030,332040,415050
83011,166022,249033,332044,415055
83012,166024,249036,332048,415060
83013,166026,249039,332052,415065
83014,166028,249042,332056,415070
83015,166030,249045,332060,415075
83016,166032,249048,332064,415080
83017,166034,249051,332068,415085
83018,166036,249054,332072,415090
83019,166038,249057,332076,415095
83020,166040,249060,332080,415100
83021,166042,249063,332084,415105
83022,166044,249066,332088,415110
83023,166046,249069,332092,415115
83024,166048,249072,332096,415120
83025,166050,249075,332100,415125
83026,166052,249078,332104,415130
83027,166054,249081,332108,415135
83028,166056,249084,332112,415140
83029,166058,249087,332116,415145
83030,166060,249090,332120,415150
83031,166062,249093,332124,415155
83032,166064,249096,332128,415160
83033,166066,249099,332132,415165
83034,166068,249102,332136,415170
83035,166070,249105,332140,415175
83036,166072,249108,332144,415180
83037,166074,249111,332148,415185
83038,166076,249114,332152,415190
83039,166078,249117,332156,415195
83040,166080,249120,332160,415200
83041,166082,249123,332164,415205
83042,166084,249126,332168,415210
83043,166086,249129,332172,415215
83044,166088,249132,332176,415220
83045,166090,249135,332180,415225
83046,166092,249138,332184,415230
83047,166094,249141,332188,415235
83048,166096,249144,332192,415240
83049,166098,249147,332196,415245
83050,166100,249150,332200,415250
83051,166102,249153,332204,415255
83052,166104,249156,332208,415260
83053,166106,249159,332212,415265
83054,166108,249162,332216,415270
83055,166110,249165,332220,415275
83056,166112,249168,332224,415280
83057,166114,249171,332228,415285
83058,166116,249174,332232,415290
83059,166118,249177,332236,415295
83060,166120,249180,332240,415300
83061,166122,249183,332244,415305
83062,166124,249186,332248,415310
83063,166126,249189,332252,415315
83064,166128,249192,332256,415320
83065,166130,249195,332260,415325
83066,166132,249198,332264,415330
83067,166134,249201,332268,415335
83068,166136,249204,332272,415340
83069,166138,249207,332276,415345
83070,166140,249210,332280,415350
83071,166142,249213,332284,415355
83072,166144,249216,332288,415360
83073,166146,249219,332292,415365
83074,166148,249222,332296,415370
83075,166150,249225,332300,415375
83076,166152,249228,332304,415380
83077,166154,249231,332308,415385
83078,166156,249234,332312,415390
83079,166158,249237,332316,415395
83080,166160,249240,332320,415400
83081,166162,249243,332324,415405
83082,166164,249246,332328,415410
83083,166166,249249,332332,415415
83084,166168,249252,332336,415420
83085,166170,249255,332340,415425
83086,166172,249258,332344,415430
83087,166174,249261,332348,415435
83088,166176,249264,332352,415440
83089,166178,249267,332356,415445
83090,166180,249270,332360,415450
83091,166182,249273,332364,415455
83092,166184,249276,332368,415460
83093,166186,249279,332372,415465
83094,166188,249282,332376,415470
83095,166190,249285,332380,415475
83096,166192,249288,332384,415480
83097,166194,249291,332388,415485
83098,166196,249294,332392,415490
83099,166198,249297,332396,415495
83100,166200,249300,332400,415500
83101,166202,249303,332404,415505
83102,166204,249306,332408,415510
83103,166206,249309,332412,415515
83104,166208,249312,332416,415520
83105,166210,249315,332420,415525
83106,166212,249318,332424,415530
83107,166214,249321,332428,415535
83108,166216,249324,332432,415540
83109,166218,249327,332436,415545
83110,166220,249330,332440,415550
83111,166222,249333,332444,415555
83112,166224,249336,332448,415560
83113,166226,249339,332452,415565
83114,166228,249342,332456,415570
83115,166230,249345,332460,415575
83116,166232,249348,332464,415580
83117,166234,249351,332468,415585
83118,166236,249354,332472,415590
83119,166238,249357,332476,415595
83120,166240,249360,332480,415600
83121,166242,249363,332484,415605
83122,166244,249366,332488,415610
83123,166246,249369,332492,415615
83124,166248,249372,332496,415620
83125,166250,249375,332500,415625
83126,166252,249378,332504,415630
83127,166254,249381,332508,415635
83128,166256,249384,332512,415640
83129,166258,249387,332516,415645
83130,166260,249390,332520,415650
83131,166262,249393,332524,415655
83132,166264,249396,332528,415660
83133,166266,249399,332532,415665
83134,166268,249402,332536,415670
83135,166270,249405,332540,415675
83136,166272,249408,332544,415680
83137,166274,249411,332548,415685
83138,166276,249414,332552,415690
83139,166278,249417,332556,415695
83140,166280,249420,332560,415700
83141,166282,249423,332564,415705
83142,166284,249426,332568,415710
83143,166286,249429,332572,415715
83144,166288,249432,332576,415720
83145,166290,249435,332580,415725
83146,166292,249438,332584,415730
83147,166294,249441,332588,415735
83148,166296,249444,332592,415740
83149,166298,249447,332596,415745
83150,166300,249450,332600,415750
83151,166302,249453,332604,415755
83152,166304,249456,332608,415760
83153,166306,249459,332612,415765
83154,166308,249462,332616,415770
83155,166310,249465,332620,415775
83156,166312,249468,332624,415780
83157,166314,249471,332628,415785
83158,166316,249474,332632,415790
83159,166318,249477,332636,415795
83160,166320,249480,332640,415800
83161,166322,249483,332644,415805
83162,166324,249486,332648,415810
83163,166326,249489,332652,415815
83164,166328,249492,332656,415820
83165,166330,249495,332660,415825
83166,166332,249498,332664,415830
83167,166334,249501,332668,415835
83168,166336,249504,332672,415840
83169,166338,249507,332676,415845
83170,166340,249510,332680,415850
83171,166342,249513,332684,415855
83172,166344,249516,332688,415860
83173,166346,249519,332692,415865
83174,166348,249522,332696,415870
83175,166350,249525,332700,415875
83176,166352,249528,332704,415880
83177,166354,249531,332708,415885
83178,166356,249534,332712,415890
83179,166358,249537,332716,415895
83180,166360,249540,332720,415900
83181,166362,249543,332724,415905
83182,166364,249546,332728,415910
83183,166366,249549,332732,415915
83184,166368,249552,332736,415920
83185,166370,249555,332740,415925
83186,166372,249558,332744,415930
83187,166374,249561,332748,415935
83188,166376,249564,332752,415940
83189,166378,249567,332756,415945
83190,166380,249570,332760,415950
83191,166382,249573,332764,415955
83192,166384,249576,332768,415960
83193,166386,249579,332772,415965
83194,166388,249582,332776,415970
83195,166390,249585,332780,415975
83196,166392,249588,332784,415980
83197,166394,249591,332788,415985
83198,166396,249594,332792,415990
83199,166398,249597,332796,415995
83200,166400,249600,332800,416000
83201,166402,249603,332804,416005
83202,166404,249606,332808,416010
83203,166406,249609,332812,416015
83204,166408,249612,332816,416020
83205,166410,249615,332820,416025
83206,166412,249618,332824,416030
83207,166414,249621,332828,416035
83208,166416,249624,332832,416040
83209,166418,249627,332836,416045
83210,166420,249630,332840,416050
83211,166422,249633,332844,416055
83212,166424,249636,332848,416060
83213,166426,249639,332852,416065
83214,166428,249642,332856,416070
83215,166430,249645,332860,416075
83216,166432,249648,332864,416080
83217,166434,249651,332868,416085
83218,166436,249654,332872,416090
83219,166438,249657,332876,416095
83220,166440,249660,332880,416100
83221,166442,249663,332884,416105
83222,166444,249666,332888,416110
83223,166446,249669,332892,416115
83224,166448,249672,332896,416120
83225,166450,249675,332900,416125
83226,166452,249678,332904,416130
83227,166454,249681,332908,416135
83228,166456,249684,332912,416140
83229,166458,249687,332916,416145
83230,166460,249690,332920,416150
83231,166462,249693,332924,416155
83232,166464,249696,332928,416160
83233,166466,249699,332932,416165
83234,166468,249702,332936,416170
83235,166470,249705,332940,416175
83236,166472,249708,332944,416180
83237,166474,249711,332948,416185
83238,166476,249714,332952,416190
83239,166478,249717,332956,416195
83240,166480,249720,332960,416200
83241,166482,249723,332964,416205
83242,166484,249726,332968,416210
83243,166486,249729,332972,416215
83244,166488,249732,332976,416220
83245,166490,249735,332980,416225
83246,166492,249738,332984,416230
83247,166494,249741,332988,416235
83248,166496,249744,332992,416240
83249,166498,249747,332996,416245
83250,166500,249750,333000,416250
83251,166502,249753,333004,416255
83252,166504,249756,333008,416260
83253,166506,249759,333012,416265
83254,166508,249762,333016,416270
83255,166510,249765,333020,416275
83256,166512,249768,333024,416280
83257,166514,249771,333028,416285
83258,166516,249774,333032,416290
83259,166518,249777,333036,416295
83260,166520,249780,333040,416300
83261,166522,249783,333044,416305
83262,166524,249786,333048,416310
83263,166526,249789,333052,416315
83264,166528,249792,333056,416320
83265,166530,249795,333060,416325
83266,166532,249798,333064,416330
83267,166534,249801,333068,416335
83268,166536,249804,333072,416340
83269,166538,249807,333076,416345
83270,166540,249810,333080,416350
83271,166542,249813,333084,416355
83272,166544,249816,333088,416360
83273,166546,249819,333092,416365
83274,166548,249822,333096,416370
83275,166550,249825,333100,416375
83276,166552,249828,333104,416380
83277,166554,249831,333108,416385
83278,166556,249834,333112,416390
83279,166558,249837,333116,416395
83280,166560,249840,333120,416400
83281,166562,249843,333124,416405
83282,166564,249846,333128,416410
83283,166566,249849,333132,416415
83284,166568,249852,333136,416420
83285,166570,249855,333140,416425
83286,166572,249858,333144,416430
83287,166574,249861,333148,416435
83288,166576,249864,333152,416440
83289,166578,249867,333156,416445
83290,166580,249870,333160,416450
83291,166582,249873,333164,416455
83292,166584,249876,333168,416460
83293,166586,249879,333172,416465
83294,166588,249882,333176,416470
83295,166590,249885,333180,416475
83296,166592,249888,333184,416480
83297,166594,249891,333188,416485
83298,166596,249894,333192,416490
83299,166598,249897,333196,416495
83300,166600,249900,333200,416500
83301,166602,249903,333204,416505
83302,166604,249906,333208,416510
83303,166606,249909,333212,416515
83304,166608,249912,333216,416520
83305,166610,249915,333220,416525
83306,166612,249918,333224,416530
83307,166614,249921,333228,416535
83308,166616,249924,333232,416540
83309,166618,249927,333236,416545
83310,166620,249930,333240,416550
83311,166622,249933,333244,416555
83312,166624,249936,333248,416560
83313,166626,249939,333252,416565
83314,166628,249942,333256,416570
83315,166630,249945,333260,416575
83316,166632,249948,333264,416580
83317,166634,249951,333268,416585
83318,166636,249954,333272,416590
83319,166638,249957,333276,416595
83320,166640,249960,333280,416600
83321,166642,249963,333284,416605
83322,166644,249966,333288,416610
83323,166646,249969,333292,416615
83324,166648,249972,333296,416620
83325,166650,249975,333300,416625
83326,166652,249978,333304,416630
83327,166654,249981,333308,416635
83328,166656,249984,333312,416640
83329,166658,249987,333316,416645
83330,166660,249990,333320,416650
83331,166662,249993,333324,416655
83332,166664,249996,333328,416660
83333,166666,249999,333332,416665
83334,166668,250002,333336,416670
83335,166670,250005,333340,416675
83336,166672,250008,333344,416680
83337,166674,250011,333348,416685
83338,166676,250014,333352,416690
83339,166678,250017,333356,416695
83340,166680,250020,333360,416700
83341,166682,250023,333364,416705
83342,166684,250026,333368,416710
83343,166686,250029,333372,416715
83344,166688,250032,333376,416720
83345,166690,250035,333380,416725
83346,166692,250038,333384,416730
83347,166694,250041,333388,416735
83348,166696,250044,333392,416740
83349,166698,250047,333396,416745
83350,166700,250050,333400,416750
83351,166702,250053,333404,416755
83352,166704,250056,333408,416760
83353,166706,250059,333412,416765
83354,166708,250062,333416,416770
83355,166710,250065,333420,416775
83356,166712,250068,333424,416780
83357,166714,250071,333428,416785
83358,166716,250074,333432,416790
83359,166718,250077,333436,416795
83360,166720,250080,333440,416800
83361,166722,250083,333444,416805
83362,166724,250086,333448,416810
83363,166726,250089,333452,416815
83364,166728,250092,333456,416820
83365,166730,250095,333460,416825
83366,166732,250098,333464,416830
83367,166734,250101,333468,416835
83368,166736,250104,333472,416840
83369,166738,250107,333476,416845
83370,166740,250110,333480,416850
83371,166742,250113,333484,416855
83372,166744,250116,333488,416860
83373,166746,250119,333492,416865
83374,166748,250122,333496,416870
83375,166750,250125,333500,416875
83376,166752,250128,333504,416880
83377,166754,250131,333508,416885
83378,166756,250134,333512,416890
83379,166758,250137,333516,416895
83380,166760,250140,333520,416900
83381,166762,250143,333524,416905
83382,166764,250146,333528,416910
83383,166766,250149,333532,416915
83384,166768,250152,333536,416920
83385,166770,250155,333540,416925
83386,166772,250158,333544,416930
83387,166774,250161,333548,416935
83388,166776,250164,333552,416940
83389,166778,250167,333556,416945
83390,166780,250170,333560,416950
83391,166782,250173,333564,416955
83392,166784,250176,333568,416960
83393,166786,250179,333572,416965
83394,166788,250182,333576,416970
83395,166790,250185,333580,416975
83396,166792,250188,333584,416980
83397,166794,250191,333588,416985
83398,166796,250194,333592,416990
83399,166798,250197,333596,416995
83400,166800,250200,333600,417000
83401,166802,250203,333604,417005
83402,166804,250206,333608,417010
83403,166806,250209,333612,417015
83404,166808,250212,333616,417020
83405,166810,250215,333620,417025
83406,166812,250218,333624,417030
83407,166814,250221,333628,417035
83408,166816,250224,333632,417040
83409,166818,250227,333636,417045
83410,166820,250230,333640,417050
83411,166822,250233,333644,417055
83412,166824,250236,333648,417060
83413,166826,250239,333652,417065
83414,166828,250242,333656,417070
83415,166830,250245,333660,417075
83416,166832,250248,333664,417080
83417,166834,250251,333668,417085
83418,166836,250254,333672,417090
83419,166838,250257,333676,417095
83420,166840,250260,333680,417100
83421,166842,250263,333684,417105
83422,166844,250266,333688,417110
83423,166846,250269,333692,417115
83424,166848,250272,333696,417120
83425,166850,250275,333700,417125
83426,166852,250278,333704,417130
83427,166854,250281,333708,417135
83428,166856,250284,333712,417140
83429,166858,250287,333716,417145
83430,166860,250290,333720,417150
83431,166862,250293,333724,417155
83432,166864,250296,333728,417160
83433,166866,250299,333732,417165
83434,166868,250302,333736,417170
83435,166870,250305,333740,417175
83436,166872,250308,333744,417180
83437,166874,250311,333748,417185
83438,166876,250314,333752,417190
83439,166878,250317,333756,417195
83440,166880,250320,333760,417200
83441,166882,250323,333764,417205
83442,166884,250326,333768,417210
83443,166886,250329,333772,417215
83444,166888,250332,333776,417220
83445,166890,250335,333780,417225
83446,166892,250338,333784,417230
83447,166894,250341,333788,417235
83448,166896,250344,333792,417240
83449,166898,250347,333796,417245
83450,166900,250350,333800,417250
83451,166902,250353,333804,417255
83452,166904,250356,333808,417260
83453,166906,250359,333812,417265
83454,166908,250362,333816,417270
83455,166910,250365,333820,417275
83456,166912,250368,333824,417280
83457,166914,250371,333828,417285
83458,166916,250374,333832,417290
83459,166918,250377,333836,417295
83460,166920,250380,333840,417300
83461,166922,250383,333844,417305
83462,166924,250386,333848,417310
83463,166926,250389,333852,417315
83464,166928,250392,333856,417320
83465,166930,250395,333860,417325
83466,166932,250398,333864,417330
83467,166934,250401,333868,417335
83468,166936,250404,333872,417340
83469,166938,250407,333876,417345
83470,166940,250410,333880,417350
83471,166942,250413,333884,417355
83472,166944,250416,333888,417360
83473,166946,250419,333892,417365
83474,166948,250422,333896,417370
83475,166950,250425,333900,417375
83476,166952,250428,333904,417380
83477,166954,250431,333908,417385
83478,166956,250434,333912,417390
83479,166958,250437,333916,417395
83480,166960,250440,333920,417400
83481,166962,250443,333924,417405
83482,166964,250446,333928,417410
83483,166966,250449,333932,417415
83484,166968,250452,333936,417420
83485,166970,250455,333940,417425
83486,166972,250458,333944,417430
83487,166974,250461,333948,417435
83488,166976,250464,333952,417440
83489,166978,250467,333956,417445
83490,166980,250470,333960,417450
83491,166982,250473,333964,417455
83492,166984,250476,333968,417460
83493,166986,250479,333972,417465
83494,166988,250482,333976,417470
83495,166990,250485,333980,417475
83496,166992,250488,333984,417480
83497,166994,250491,333988,417485
83498,166996,250494,333992,417490
83499,166998,250497,333996,417495
83500,167000,250500,334000,417500
83501,167002,250503,334004,417505
83502,167004,250506,334008,417510
83503,167006,250509,334012,417515
83504,167008,250512,334016,417520
83505,167010,250515,334020,417525
83506,167012,250518,334024,417530
83507,167014,250521,334028,417535
83508,167016,250524,334032,417540
83509,167018,250527,334036,417545
83510,167020,250530,334040,417550
83511,167022,250533,334044,417555
83512,167024,250536,334048,417560
83513,167026,250539,334052,417565
83514,167028,250542,334056,417570
83515,167030,250545,334060,417575
83516,167032,250548,334064,417580
83517,167034,250551,334068,417585
83518,167036,250554,334072,417590
83519,167038,250557,334076,417595
83520,167040,250560,334080,417600
83521,167042,250563,334084,417605
83522,167044,250566,334088,417610
83523,167046,250569,334092,417615
83524,167048,250572,334096,417620
83525,167050,250575,334100,417625
83526,167052,250578,334104,417630
83527,167054,250581,334108,417635
83528,167056,250584,334112,417640
83529,167058,250587,334116,417645
83530,167060,250590,334120,417650
83531,167062,250593,334124,417655
83532,167064,250596,334128,417660
83533,167066,250599,334132,417665
83534,167068,250602,334136,417670
83535,167070,250605,334140,417675
83536,167072,250608,334144,417680
83537,167074,250611,334148,417685
83538,167076,250614,334152,417690
83539,167078,250617,334156,417695
83540,167080,250620,334160,417700
83541,167082,250623,334164,417705
83542,167084,250626,334168,417710
83543,167086,250629,334172,417715
83544,167088,250632,334176,417720
83545,167090,250635,334180,417725
83546,167092,250638,334184,417730
83547,167094,250641,334188,417735
83548,167096,250644,334192,417740
83549,167098,250647,334196,417745
83550,167100,250650,334200,417750
83551,167102,250653,334204,417755
83552,167104,250656,334208,417760
83553,167106,250659,334212,417765
83554,167108,250662,334216,417770
83555,167110,250665,334220,417775
83556,167112,250668,334224,417780
83557,167114,250671,334228,417785
83558,167116,250674,334232,417790
83559,167118,250677,334236,417795
83560,167120,250680,334240,417800
83561,167122,250683,334244,417805
83562,167124,250686,334248,417810
83563,167126,250689,334252,417815
83564,167128,250692,334256,417820
83565,167130,250695,334260,417825
83566,167132,250698,334264,417830
83567,167134,250701,334268,417835
83568,167136,250704,334272,417840
83569,167138,250707,334276,417845
83570,167140,250710,334280,417850
83571,167142,250713,334284,417855
83572,167144,250716,334288,417860
83573,167146,250719,334292,417865
83574,167148,250722,334296,417870
83575,167150,250725,334300,417875
83576,167152,250728,334304,417880
83577,167154,250731,334308,417885
83578,167156,250734,334312,417890
83579,167158,250737,334316,417895
83580,167160,250740,334320,417900
83581,167162,250743,334324,417905
83582,167164,250746,334328,417910
83583,167166,250749,334332,417915
83584,167168,250752,334336,417920
83585,167170,250755,334340,417925
83586,167172,250758,334344,417930
83587,167174,250761,334348,417935
83588,167176,250764,334352,417940
83589,167178,250767,334356,417945
83590,167180,250770,334360,417950
83591,167182,250773,334364,417955
83592,167184,250776,334368,417960
83593,167186,250779,334372,417965
83594,167188,250782,334376,417970
83595,167190,250785,334380,417975
83596,167192,250788,334384,417980
83597,167194,250791,334388,417985
83598,167196,250794,334392,417990
83599,167198,250797,334396,417995
83600,167200,250800,334400,418000
83601,167202,250803,334404,418005
83602,167204,250806,334408,418010
83603,167206,250809,334412,418015
83604,167208,250812,334416,418020
83605,167210,250815,334420,418025
83606,167212,250818,334424,418030
83607,167214,250821,334428,418035
83608,167216,250824,334432,418040
83609,167218,250827,334436,418045
83610,167220,250830,334440,418050
83611,167222,250833,334444,418055
83612,167224,250836,334448,418060
83613,167226,250839,334452,418065
83614,167228,250842,334456,418070
83615,167230,250845,334460,418075
83616,167232,250848,334464,418080
83617,167234,250851,334468,418085
83618,167236,250854,334472,418090
83619,167238,250857,334476,418095
83620,167240,250860,334480,418100
83621,167242,250863,334484,418105
83622,167244,250866,334488,418110
83623,167246,250869,334492,418115
83624,167248,250872,334496,418120
83625,167250,250875,334500,418125
83626,167252,250878,334504,418130
83627,167254,250881,334508,418135
83628,167256,250884,334512,418140
83629,167258,250887,334516,418145
83630,167260,250890,334520,418150
83631,167262,250893,334524,418155
83632,167264,250896,334528,418160
83633,167266,250899,334532,418165
83634,167268,250902,334536,418170
83635,167270,250905,334540,418175
83636,167272,250908,334544,418180
83637,167274,250911,334548,418185
83638,167276,250914,334552,418190
83639,167278,250917,334556,418195
83640,167280,250920,334560,418200
83641,167282,250923,334564,418205
83642,167284,250926,334568,418210
83643,167286,250929,334572,418215
83644,167288,250932,334576,418220
83645,167290,250935,334580,418225
83646,167292,250938,334584,418230
83647,167294,250941,334588,418235
83648,167296,250944,334592,418240
83649,167298,250947,334596,418245
83650,167300,250950,334600,418250
83651,167302,250953,334604,418255
83652,167304,250956,334608,418260
83653,167306,250959,334612,418265
83654,167308,250962,334616,418270
83655,167310,250965,334620,418275
83656,167312,250968,334624,418280
83657,167314,250971,334628,418285
83658,167316,250974,334632,418290
83659,167318,250977,334636,418295
83660,167320,250980,334640,418300
83661,167322,250983,334644,418305
83662,167324,250986,334648,418310
83663,167326,250989,334652,418315
83664,167328,250992,334656,418320
83665,167330,250995,334660,418325
83666,167332,250998,334664,418330
83667,167334,251001,334668,418335
83668,167336,251004,334672,418340
83669,167338,251007,334676,418345
83670,167340,251010,334680,418350
83671,167342,251013,334684,418355
83672,167344,251016,334688,418360
83673,167346,251019,334692,418365
83674,167348,251022,334696,418370
83675,167350,251025,334700,418375
83676,167352,251028,334704,418380
83677,167354,251031,334708,418385
83678,167356,251034,334712,418390
83679,167358,251037,334716,418395
83680,167360,251040,334720,418400
83681,167362,251043,334724,418405
83682,167364,251046,334728,418410
83683,167366,251049,334732,418415
83684,167368,251052,334736,418420
83685,167370,251055,334740,418425
83686,167372,251058,334744,418430
83687,167374,251061,334748,418435
83688,167376,251064,334752,418440
83689,167378,251067,334756,418445
83690,167380,251070,334760,418450
83691,167382,251073,334764,418455
83692,167384,251076,334768,418460
83693,167386,251079,334772,418465
83694,167388,251082,334776,418470
83695,167390,251085,334780,418475
83696,167392,251088,334784,418480
83697,167394,251091,334788,418485
83698,167396,251094,334792,418490
83699,167398,251097,334796,418495
83700,167400,251100,334800,418500
83701,167402,251103,334804,418505
83702,167404,251106,334808,418510
83703,167406,251109,334812,418515
83704,167408,251112,334816,418520
83705,167410,251115,334820,418525
83706,167412,251118,334824,418530
83707,167414,251121,334828,418535
83708,167416,251124,334832,418540
83709,167418,251127,334836,418545
83710,167420,251130,334840,418550
83711,167422,251133,334844,418555
83712,167424,251136,334848,418560
83713,167426,251139,334852,418565
83714,167428,251142,334856,418570
83715,167430,251145,334860,418575
83716,167432,251148,334864,418580
83717,167434,251151,334868,418585
83718,167436,251154,334872,418590
83719,167438,251157,334876,418595
83720,167440,251160,334880,418600
83721,167442,251163,334884,418605
83722,167444,251166,334888,418610
83723,167446,251169,334892,418615
83724,167448,251172,334896,418620
83725,167450,251175,334900,418625
83726,167452,251178,334904,418630
83727,167454,251181,334908,418635
83728,167456,251184,334912,418640
83729,167458,251187,334916,418645
83730,167460,251190,334920,418650
83731,167462,251193,334924,418655
83732,167464,251196,334928,418660
83733,167466,251199,334932,418665
83734,167468,251202,334936,418670
83735,167470,251205,334940,418675
83736,167472,251208,334944,418680
83737,167474,251211,334948,418685
83738,167476,251214,334952,418690
83739,167478,251217,334956,418695
83740,167480,251220,334960,418700
83741,167482,251223,334964,418705
83742,167484,251226,334968,418710
83743,167486,251229,334972,418715
83744,167488,251232,334976,418720
83745,167490,251235,334980,418725
83746,167492,251238,334984,418730
83747,167494,251241,334988,418735
83748,167496,251244,334992,418740
83749,167498,251247,334996,418745
83750,167500,251250,335000,418750
83751,167502,251253,335004,418755
83752,167504,251256,335008,418760
83753,167506,251259,335012,418765
83754,167508,251262,335016,418770
83755,167510,251265,335020,418775
83756,167512,251268,335024,418780
83757,167514,251271,335028,418785
83758,167516,251274,335032,418790
83759,167518,251277,335036,418795
83760,167520,251280,335040,418800
83761,167522,251283,335044,418805
83762,167524,251286,335048,418810
83763,167526,251289,335052,418815
83764,167528,251292,335056,418820
83765,167530,251295,335060,418825
83766,167532,251298,335064,418830
83767,167534,251301,335068,418835
83768,167536,251304,335072,418840
83769,167538,251307,335076,418845
83770,167540,251310,335080,418850
83771,167542,251313,335084,418855
83772,167544,251316,335088,418860
83773,167546,251319,335092,418865
83774,167548,251322,335096,418870
83775,167550,251325,335100,418875
83776,167552,251328,335104,418880
83777,167554,251331,335108,418885
83778,167556,251334,335112,418890
83779,167558,251337,335116,418895
83780,167560,251340,335120,418900
83781,167562,251343,335124,418905
83782,167564,251346,335128,418910
83783,167566,251349,335132,418915
83784,167568,251352,335136,418920
83785,167570,251355,335140,418925
83786,167572,251358,335144,418930
83787,167574,251361,335148,418935
83788,167576,251364,335152,418940
83789,167578,251367,335156,418945
83790,167580,251370,335160,418950
83791,167582,251373,335164,418955
83792,167584,251376,335168,418960
83793,167586,251379,335172,418965
83794,167588,251382,335176,418970
83795,167590,251385,335180,418975
83796,167592,251388,335184,418980
83797,167594,251391,335188,418985
83798,167596,251394,335192,418990
83799,167598,251397,335196,418995
83800,167600,251400,335200,419000
83801,167602,251403,335204,419005
83802,167604,251406,335208,419010
83803,167606,251409,335212,419015
83804,167608,251412,335216,419020
83805,167610,251415,335220,419025
83806,167612,251418,335224,419030
83807,167614,251421,335228,419035
83808,167616,251424,335232,419040
83809,167618,251427,335236,419045
83810,167620,251430,335240,419050
83811,167622,251433,335244,419055
83812,167624,251436,335248,419060
83813,167626,251439,335252,419065
83814,167628,251442,335256,419070
83815,167630,251445,335260,419075
83816,167632,251448,335264,419080
83817,167634,251451,335268,419085
83818,167636,251454,335272,419090
83819,167638,251457,335276,419095
83820,167640,251460,335280,419100
83821,167642,251463,335284,419105
83822,167644,251466,335288,419110
83823,167646,251469,335292,419115
83824,167648,251472,335296,419120
83825,167650,251475,335300,419125
83826,167652,251478,335304,419130
83827,167654,251481,335308,419135
83828,167656,251484,335312,419140
83829,167658,251487,335316,419145
83830,167660,251490,335320,419150
83831,167662,251493,335324,419155
83832,167664,251496,335328,419160
83833,167666,251499,335332,419165
83834,167668,251502,335336,419170
83835,167670,251505,335340,419175
83836,167672,251508,335344,419180
83837,167674,251511,335348,419185
83838,167676,251514,335352,419190
83839,167678,251517,335356,419195
83840,167680,251520,335360,419200
83841,167682,251523,335364,419205
83842,167684,251526,335368,419210
83843,167686,251529,335372,419215
83844,167688,251532,335376,419220
83845,167690,251535,335380,419225
83846,167692,251538,335384,419230
83847,167694,251541,335388,419235
83848,167696,251544,335392,419240
83849,167698,251547,335396,419245
83850,167700,251550,335400,419250
83851,167702,251553,335404,419255
83852,167704,251556,335408,419260
83853,167706,251559,335412,419265
83854,167708,251562,335416,419270
83855,167710,251565,335420,419275
83856,167712,251568,335424,419280
83857,167714,251571,335428,419285
83858,167716,251574,335432,419290
83859,167718,251577,335436,419295
83860,167720,251580,335440,419300
83861,167722,251583,335444,419305
83862,167724,251586,335448,419310
83863,167726,251589,335452,419315
83864,167728,251592,335456,419320
83865,167730,251595,335460,419325
83866,167732,251598,335464,419330
83867,167734,251601,335468,419335
83868,167736,251604,335472,419340
83869,167738,251607,335476,419345
83870,167740,251610,335480,419350
83871,167742,251613,335484,419355
83872,167744,251616,335488,419360
83873,167746,251619,335492,419365
83874,167748,251622,335496,419370
83875,167750,251625,335500,419375
83876,167752,251628,335504,419380
83877,167754,251631,335508,419385
83878,167756,251634,335512,419390
83879,167758,251637,335516,419395
83880,167760,251640,335520,419400
83881,167762,251643,335524,419405
83882,167764,251646,335528,419410
83883,167766,251649,335532,419415
83884,167768,251652,335536,419420
83885,167770,251655,335540,419425
83886,167772,251658,335544,419430
83887,167774,251661,335548,419435
83888,167776,251664,335552,419440
83889,167778,251667,335556,419445
83890,167780,251670,335560,419450
83891,167782,251673,335564,419455
83892,167784,251676,335568,419460
83893,167786,251679,335572,419465
83894,167788,251682,335576,419470
83895,167790,251685,335580,419475
83896,167792,251688,335584,419480
83897,167794,251691,335588,419485
83898,167796,251694,335592,419490
83899,167798,251697,335596,419495
83900,167800,251700,335600,419500
83901,167802,251703,335604,419505
83902,167804,251706,335608,419510
83903,167806,251709,335612,419515
83904,167808,251712,335616,419520
83905,167810,251715,335620,419525
83906,167812,251718,335624,419530
83907,167814,251721,335628,419535
83908,167816,251724,335632,419540
83909,167818,251727,335636,419545
83910,167820,251730,335640,419550
83911,167822,251733,335644,419555
83912,167824,251736,335648,419560
83913,167826,251739,335652,419565
83914,167828,251742,335656,419570
83915,167830,251745,335660,419575
83916,167832,251748,335664,419580
83917,167834,251751,335668,419585
83918,167836,251754,335672,419590
83919,167838,251757,335676,419595
83920,167840,251760,335680,419600
83921,167842,251763,335684,419605
83922,167844,251766,335688,419610
83923,167846,251769,335692,419615
83924,167848,251772,335696,419620
83925,167850,251775,335700,419625
83926,167852,251778,335704,419630
83927,167854,251781,335708,419635
83928,167856,251784,335712,419640
83929,167858,251787,335716,419645
83930,167860,251790,335720,419650
83931,167862,251793,335724,419655
83932,167864,251796,335728,419660
83933,167866,251799,335732,419665
83934,167868,251802,335736,419670
83935,167870,251805,335740,419675
83936,167872,251808,335744,419680
83937,167874,251811,335748,419685
83938,167876,251814,335752,419690
83939,167878,251817,335756,419695
83940,167880,251820,335760,419700
83941,167882,251823,335764,419705
83942,167884,251826,335768,419710
83943,167886,251829,335772,419715
83944,167888,251832,335776,419720
83945,167890,251835,335780,419725
83946,167892,251838,335784,419730
83947,167894,251841,335788,419735
83948,167896,251844,335792,419740
83949,167898,251847,335796,419745
83950,167900,251850,335800,419750
83951,167902,251853,335804,419755
83952,167904,251856,335808,419760
83953,167906,251859,335812,419765
83954,167908,251862,335816,419770
83955,167910,251865,335820,419775
83956,167912,251868,335824,419780
83957,167914,251871,335828,419785
83958,167916,251874,335832,419790
83959,167918,251877,335836,419795
83960,167920,251880,335840,419800
83961,167922,251883,335844,419805
83962,167924,251886,335848,419810
83963,167926,251889,335852,419815
83964,167928,251892,335856,419820
83965,167930,251895,335860,419825
83966,167932,251898,335864,419830
83967,167934,251901,335868,419835
83968,167936,251904,335872,419840
83969,167938,251907,335876,419845
83970,167940,251910,335880,419850
83971,167942,251913,335884,419855
83972,167944,251916,335888,419860
83973,167946,251919,335892,419865
83974,167948,251922,335896,419870
83975,167950,251925,335900,419875
83976,167952,251928,335904,419880
83977,167954,251931,335908,419885
83978,167956,251934,335912,419890
83979,167958,251937,335916,419895
83980,167960,251940,335920,419900
83981,167962,251943,335924,419905
83982,167964,251946,335928,419910
83983,167966,251949,335932,419915
83984,167968,251952,335936,419920
83985,167970,251955,335940,419925
83986,167972,251958,335944,419930
83987,167974,251961,335948,419935
83988,167976,251964,335952,419940
83989,167978,251967,335956,419945
83990,167980,251970,335960,419950
83991,167982,251973,335964,419955
83992,167984,251976,335968,419960
83993,167986,251979,335972,419965
83994,167988,251982,335976,419970
83995,167990,251985,335980,419975
83996,167992,251988,335984,419980
83997,167994,251991,335988,419985
83998,167996,251994,335992,419990
83999,167998,251997,335996,419995
84000,168000,252000,336000,420000
84001,168002,252003,336004,420005
84002,168004,252006,336008,420010
84003,168006,252009,336012,420015
84004,168008,252012,336016,420020
84005,168010,252015,336020,420025
84006,168012,252018,336024,420030
84007,168014,252021,336028,420035
84008,168016,252024,336032,420040
84009,168018,252027,336036,420045
84010,168020,252030,336040,420050
84011,168022,252033,336044,420055
84012,168024,252036,336048,420060
84013,168026,252039,336052,420065
84014,168028,252042,336056,420070
84015,168030,252045,336060,420075
84016,168032,252048,336064,420080
84017,168034,252051,336068,420085
84018,168036,252054,336072,420090
84019,168038,252057,336076,420095
84020,168040,252060,336080,420100
84021,168042,252063,336084,420105
84022,168044,252066,336088,420110
84023,168046,252069,336092,420115
84024,168048,252072,336096,420120
84025,168050,252075,336100,420125
84026,168052,252078,336104,420130
84027,168054,252081,336108,420135
84028,168056,252084,336112,420140
84029,168058,252087,336116,420145
84030,168060,252090,336120,420150
84031,168062,252093,336124,420155
84032,168064,252096,336128,420160
84033,168066,252099,336132,420165
84034,168068,252102,336136,420170
84035,168070,252105,336140,420175
84036,168072,252108,336144,420180
84037,168074,252111,336148,420185
84038,168076,252114,336152,420190
84039,168078,252117,336156,420195
84040,168080,252120,336160,420200
84041,168082,252123,336164,420205
84042,168084,252126,336168,420210
84043,168086,252129,336172,420215
84044,168088,252132,336176,420220
84045,168090,252135,336180,420225
84046,168092,252138,336184,420230
84047,168094,252141,336188,420235
84048,168096,252144,336192,420240
84049,168098,252147,336196,420245
84050,168100,252150,336200,420250
84051,168102,252153,336204,420255
84052,168104,252156,336208,420260
84053,168106,252159,336212,420265
84054,168108,252162,336216,420270
84055,168110,252165,336220,420275
84056,168112,252168,336224,420280
84057,168114,252171,336228,420285
84058,168116,252174,336232,420290
84059,168118,252177,336236,420295
84060,168120,252180,336240,420300
84061,168122,252183,336244,420305
84062,168124,252186,336248,420310
84063,168126,252189,336252,420315
84064,168128,252192,336256,420320
84065,168130,252195,336260,420325
84066,168132,252198,336264,420330
84067,168134,252201,336268,420335
84068,168136,252204,336272,420340
84069,168138,252207,336276,420345
84070,168140,252210,336280,420350
84071,168142,252213,336284,420355
84072,168144,252216,336288,420360
84073,168146,252219,336292,420365
84074,168148,252222,336296,420370
84075,168150,252225,336300,420375
84076,168152,252228,336304,420380
84077,168154,252231,336308,420385
84078,168156,252234,336312,420390
84079,168158,252237,336316,420395
84080,168160,252240,336320,420400
84081,168162,252243,336324,420405
84082,168164,252246,336328,420410
84083,168166,252249,336332,420415
84084,168168,252252,336336,420420
84085,168170,252255,336340,420425
84086,168172,252258,336344,420430
84087,168174,252261,336348,420435
84088,168176,252264,336352,420440
84089,168178,252267,336356,420445
84090,168180,252270,336360,420450
84091,168182,252273,336364,420455
84092,168184,252276,336368,420460
84093,168186,252279,336372,420465
84094,168188,252282,336376,420470
84095,168190,252285,336380,420475
84096,168192,252288,336384,420480
84097,168194,252291,336388,420485
84098,168196,252294,336392,420490
84099,168198,252297,336396,420495
84100,168200,252300,336400,420500
84101,168202,252303,336404,420505
84102,168204,252306,336408,420510
84103,168206,252309,336412,420515
84104,168208,252312,336416,420520
84105,168210,252315,336420,420525
84106,168212,252318,336424,420530
84107,168214,252321,336428,420535
84108,168216,252324,336432,420540
84109,168218,252327,336436,420545
84110,168220,252330,336440,420550
84111,168222,252333,336444,420555
84112,168224,252336,336448,420560
84113,168226,252339,336452,420565
84114,168228,252342,336456,420570
84115,168230,252345,336460,420575
84116,168232,252348,336464,420580
84117,168234,252351,336468,420585
84118,168236,252354,336472,420590
84119,168238,252357,336476,420595
84120,168240,252360,336480,420600
84121,168242,252363,336484,420605
84122,168244,252366,336488,420610
84123,168246,252369,336492,420615
84124,168248,252372,336496,420620
84125,168250,252375,336500,420625
84126,168252,252378,336504,420630
84127,168254,252381,336508,420635
84128,168256,252384,336512,420640
84129,168258,252387,336516,420645
84130,168260,252390,336520,420650
84131,168262,252393,336524,420655
84132,168264,252396,336528,420660
84133,168266,252399,336532,420665
84134,168268,252402,336536,420670
84135,168270,252405,336540,420675
84136,168272,252408,336544,420680
84137,168274,252411,336548,420685
84138,168276,252414,336552,420690
84139,168278,252417,336556,420695
84140,168280,252420,336560,420700
84141,168282,252423,336564,420705
84142,168284,252426,336568,420710
84143,168286,252429,336572,420715
84144,168288,252432,336576,420720
84145,168290,252435,336580,420725
84146,168292,252438,336584,420730
84147,168294,252441,336588,420735
84148,168296,252444,336592,420740
84149,168298,252447,336596,420745
84150,168300,252450,336600,420750
84151,168302,252453,336604,420755
84152,168304,252456,336608,420760
84153,168306,252459,336612,420765
84154,168308,252462,336616,420770
84155,168310,252465,336620,420775
84156,168312,252468,336624,420780
84157,168314,252471,336628,420785
84158,168316,252474,336632,420790
84159,168318,252477,336636,420795
84160,168320,252480,336640,420800
84161,168322,252483,336644,420805
84162,168324,252486,336648,420810
84163,168326,252489,336652,420815
84164,168328,252492,336656,420820
84165,168330,252495,336660,420825
84166,168332,252498,336664,420830
84167,168334,252501,336668,420835
84168,168336,252504,336672,420840
84169,168338,252507,336676,420845
84170,168340,252510,336680,420850
84171,168342,252513,336684,420855
84172,168344,252516,336688,420860
84173,168346,252519,336692,420865
84174,168348,252522,336696,420870
84175,168350,252525,336700,420875
84176,168352,252528,336704,420880
84177,168354,252531,336708,420885
84178,168356,252534,336712,420890
84179,168358,252537,336716,420895
84180,168360,252540,336720,420900
84181,168362,252543,336724,420905
84182,168364,252546,336728,420910
84183,168366,252549,336732,420915
84184,168368,252552,336736,420920
84185,168370,252555,336740,420925
84186,168372,252558,336744,420930
84187,168374,252561,336748,420935
84188,168376,252564,336752,420940
84189,168378,252567,336756,420945
84190,168380,252570,336760,420950
84191,168382,252573,336764,420955
84192,168384,252576,336768,420960
84193,168386,252579,336772,420965
84194,168388,252582,336776,420970
84195,168390,252585,336780,420975
84196,168392,252588,336784,420980
84197,168394,252591,336788,420985
84198,168396,252594,336792,420990
84199,168398,252597,336796,420995
84200,168400,252600,336800,421000
84201,168402,252603,336804,421005
84202,168404,252606,336808,421010
84203,168406,252609,336812,421015
84204,168408,252612,336816,421020
84205,168410,252615,336820,421025
84206,168412,252618,336824,421030
84207,168414,252621,336828,421035
84208,168416,252624,336832,421040
84209,168418,252627,336836,421045
84210,168420,252630,336840,421050
84211,168422,252633,336844,421055
84212,168424,252636,336848,421060
84213,168426,252639,336852,421065
84214,168428,252642,336856,421070
84215,168430,252645,336860,421075
84216,168432,252648,336864,421080
84217,168434,252651,336868,421085
84218,168436,252654,336872,421090
84219,168438,252657,336876,421095
84220,168440,252660,336880,421100
84221,168442,252663,336884,421105
84222,168444,252666,336888,421110
84223,168446,252669,336892,421115
84224,168448,252672,336896,421120
84225,168450,252675,336900,421125
84226,168452,252678,336904,421130
84227,168454,252681,336908,421135
84228,168456,252684,336912,421140
84229,168458,252687,336916,421145
84230,168460,252690,336920,421150
84231,168462,252693,336924,421155
84232,168464,252696,336928,421160
84233,168466,252699,336932,421165
84234,168468,252702,336936,421170
84235,168470,252705,336940,421175
84236,168472,252708,336944,421180
84237,168474,252711,336948,421185
84238,168476,252714,336952,421190
84239,168478,252717,336956,421195
84240,168480,252720,336960,421200
84241,168482,252723,336964,421205
84242,168484,252726,336968,421210
84243,168486,252729,336972,421215
84244,168488,252732,336976,421220
84245,168490,252735,336980,421225
84246,168492,252738,336984,421230
84247,168494,252741,336988,421235
84248,168496,252744,336992,421240
84249,168498,252747,336996,421245
84250,168500,252750,337000,421250
84251,168502,252753,337004,421255
84252,168504,252756,337008,421260
84253,168506,252759,337012,421265
84254,168508,252762,337016,421270
84255,168510,252765,337020,421275
84256,168512,252768,337024,421280
84257,168514,252771,337028,421285
84258,168516,252774,337032,421290
84259,168518,252777,337036,421295
84260,168520,252780,337040,421300
84261,168522,252783,337044,421305
84262,168524,252786,337048,421310
84263,168526,252789,337052,421315
84264,168528,252792,337056,421320
84265,168530,252795,337060,421325
84266,168532,252798,337064,421330
84267,168534,252801,337068,421335
84268,168536,252804,337072,421340
84269,168538,252807,337076,421345
84270,168540,252810,337080,421350
84271,168542,252813,337084,421355
84272,168544,252816,337088,421360
84273,168546,252819,337092,421365
84274,168548,252822,337096,421370
84275,168550,252825,337100,421375
84276,168552,252828,337104,421380
84277,168554,252831,337108,421385
84278,168556,252834,337112,421390
84279,168558,252837,337116,421395
84280,168560,252840,337120,421400
84281,168562,252843,337124,421405
84282,168564,252846,337128,421410
84283,168566,252849,337132,421415
84284,168568,252852,337136,421420
84285,168570,252855,337140,421425
84286,168572,252858,337144,421430
84287,168574,252861,337148,421435
84288,168576,252864,337152,421440
84289,168578,252867,337156,421445
84290,168580,252870,337160,421450
84291,168582,252873,337164,421455
84292,168584,252876,337168,421460
84293,168586,252879,337172,421465
84294,168588,252882,337176,421470
84295,168590,252885,337180,421475
84296,168592,252888,337184,421480
84297,168594,252891,337188,421485
84298,168596,252894,337192,421490
84299,168598,252897,337196,421495
84300,168600,252900,337200,421500
84301,168602,252903,337204,421505
84302,168604,252906,337208,421510
84303,168606,252909,337212,421515
84304,168608,252912,337216,421520
84305,168610,252915,337220,421525
84306,168612,252918,337224,421530
84307,168614,252921,337228,421535
84308,168616,252924,337232,421540
84309,168618,252927,337236,421545
84310,168620,252930,337240,421550
84311,168622,252933,337244,421555
84312,168624,252936,337248,421560
84313,168626,252939,337252,421565
84314,168628,252942,337256,421570
84315,168630,252945,337260,421575
84316,168632,252948,337264,421580
84317,168634,252951,337268,421585
84318,168636,252954,337272,421590
84319,168638,252957,337276,421595
84320,168640,252960,337280,421600
84321,168642,252963,337284,421605
84322,168644,252966,337288,421610
84323,168646,252969,337292,421615
84324,168648,252972,337296,421620
84325,168650,252975,337300,421625
84326,168652,252978,337304,421630
84327,168654,252981,337308,421635
84328,168656,252984,337312,421640
84329,168658,252987,337316,421645
84330,168660,252990,337320,421650
84331,168662,252993,337324,421655
84332,168664,252996,337328,421660
84333,168666,252999,337332,421665
84334,168668,253002,337336,421670
84335,168670,253005,337340,421675
84336,168672,253008,337344,421680
84337,168674,253011,337348,421685
84338,168676,253014,337352,421690
84339,168678,253017,337356,421695
84340,168680,253020,337360,421700
84341,168682,253023,337364,421705
84342,168684,253026,337368,421710
84343,168686,253029,337372,421715
84344,168688,253032,337376,421720
84345,168690,253035,337380,421725
84346,168692,253038,337384,421730
84347,168694,253041,337388,421735
84348,168696,253044,337392,421740
84349,168698,253047,337396,421745
84350,168700,253050,337400,421750
84351,168702,253053,337404,421755
84352,168704,253056,337408,421760
84353,168706,253059,337412,421765
84354,168708,253062,337416,421770
84355,168710,253065,337420,421775
84356,168712,253068,337424,421780
84357,168714,253071,337428,421785
84358,168716,253074,337432,421790
84359,168718,253077,337436,421795
84360,168720,253080,337440,421800
84361,168722,253083,337444,421805
84362,168724,253086,337448,421810
84363,168726,253089,337452,421815
84364,168728,253092,337456,421820
84365,168730,253095,337460,421825
84366,168732,253098,337464,421830
84367,168734,253101,337468,421835
84368,168736,253104,337472,421840
84369,168738,253107,337476,421845
84370,168740,253110,337480,421850
84371,168742,253113,337484,421855
84372,168744,253116,337488,421860
84373,168746,253119,337492,421865
84374,168748,253122,337496,421870
84375,168750,253125,337500,421875
84376,168752,253128,337504,421880
84377,168754,253131,337508,421885
84378,168756,253134,337512,421890
84379,168758,253137,337516,421895
84380,168760,253140,337520,421900
84381,168762,253143,337524,421905
84382,168764,253146,337528,421910
84383,168766,253149,337532,421915
84384,168768,253152,337536,421920
84385,168770,253155,337540,421925
84386,168772,253158,337544,421930
84387,168774,253161,337548,421935
84388,168776,253164,337552,421940
84389,168778,253167,337556,421945
84390,168780,253170,337560,421950
84391,168782,253173,337564,421955
84392,168784,253176,337568,421960
84393,168786,253179,337572,421965
84394,168788,253182,337576,421970
84395,168790,253185,337580,421975
84396,168792,253188,337584,421980
84397,168794,253191,337588,421985
84398,168796,253194,337592,421990
84399,168798,253197,337596,421995
84400,168800,253200,337600,422000
84401,168802,253203,337604,422005
84402,168804,253206,337608,422010
84403,168806,253209,337612,422015
84404,168808,253212,337616,422020
84405,168810,253215,337620,422025
84406,168812,253218,337624,422030
84407,168814,253221,337628,422035
84408,168816,253224,337632,422040
84409,168818,253227,337636,422045
84410,168820,253230,337640,422050
84411,168822,253233,337644,422055
84412,168824,253236,337648,422060
84413,168826,253239,337652,422065
84414,168828,253242,337656,422070
84415,168830,253245,337660,422075
84416,168832,253248,337664,422080
84417,168834,253251,337668,422085
84418,168836,253254,337672,422090
84419,168838,253257,337676,422095
84420,168840,253260,337680,422100
84421,168842,253263,337684,422105
84422,168844,253266,337688,422110
84423,168846,253269,337692,422115
84424,168848,253272,337696,422120
84425,168850,253275,337700,422125
84426,168852,253278,337704,422130
84427,168854,253281,337708,422135
84428,168856,253284,337712,422140
84429,168858,253287,337716,422145
84430,168860,253290,337720,422150
84431,168862,253293,337724,422155
84432,168864,253296,337728,422160
84433,168866,253299,337732,422165
84434,168868,253302,337736,422170
84435,168870,253305,337740,422175
84436,168872,253308,337744,422180
84437,168874,253311,337748,422185
84438,168876,253314,337752,422190
84439,168878,253317,337756,422195
84440,168880,253320,337760,422200
84441,168882,253323,337764,422205
84442,168884,253326,337768,422210
84443,168886,253329,337772,422215
84444,168888,253332,337776,422220
84445,168890,253335,337780,422225
84446,168892,253338,337784,422230
84447,168894,253341,337788,422235
84448,168896,253344,337792,422240
84449,168898,253347,337796,422245
84450,168900,253350,337800,422250
84451,168902,253353,337804,422255
84452,168904,253356,337808,422260
84453,168906,253359,337812,422265
84454,168908,253362,337816,422270
84455,168910,253365,337820,422275
84456,168912,253368,337824,422280
84457,168914,253371,337828,422285
84458,168916,253374,337832,422290
84459,168918,253377,337836,422295
84460,168920,253380,337840,422300
84461,168922,253383,337844,422305
84462,168924,253386,337848,422310
84463,168926,253389,337852,422315
84464,168928,253392,337856,422320
84465,168930,253395,337860,422325
84466,168932,253398,337864,422330
84467,168934,253401,337868,422335
84468,168936,253404,337872,422340
84469,168938,253407,337876,422345
84470,168940,253410,337880,422350
84471,168942,253413,337884,422355
84472,168944,253416,337888,422360
84473,168946,253419,337892,422365
84474,168948,253422,337896,422370
84475,168950,253425,337900,422375
84476,168952,253428,337904,422380
84477,168954,253431,337908,422385
84478,168956,253434,337912,422390
84479,168958,253437,337916,422395
84480,168960,253440,337920,422400
84481,168962,253443,337924,422405
84482,168964,253446,337928,422410
84483,168966,253449,337932,422415
84484,168968,253452,337936,422420
84485,168970,253455,337940,422425
84486,168972,253458,337944,422430
84487,168974,253461,337948,422435
84488,168976,253464,337952,422440
84489,168978,253467,337956,422445
84490,168980,253470,337960,422450
84491,168982,253473,337964,422455
84492,168984,253476,337968,422460
84493,168986,253479,337972,422465
84494,168988,253482,337976,422470
84495,168990,253485,337980,422475
84496,168992,253488,337984,422480
84497,168994,253491,337988,422485
84498,168996,253494,337992,422490
84499,168998,253497,337996,422495
84500,169000,253500,338000,422500
84501,169002,253503,338004,422505
84502,169004,253506,338008,422510
84503,169006,253509,338012,422515
84504,169008,253512,338016,422520
84505,169010,253515,338020,422525
84506,169012,253518,338024,422530
84507,169014,253521,338028,422535
84508,169016,253524,338032,422540
84509,169018,253527,338036,422545
84510,169020,253530,338040,422550
84511,169022,253533,338044,422555
84512,169024,253536,338048,422560
84513,169026,253539,338052,422565
84514,169028,253542,338056,422570
84515,169030,253545,338060,422575
84516,169032,253548,338064,422580
84517,169034,253551,338068,422585
84518,169036,253554,338072,422590
84519,169038,253557,338076,422595
84520,169040,253560,338080,422600
84521,169042,253563,338084,422605
84522,169044,253566,338088,422610
84523,169046,253569,338092,422615
84524,169048,253572,338096,422620
84525,169050,253575,338100,422625
84526,169052,253578,338104,422630
84527,169054,253581,338108,422635
84528,169056,253584,338112,422640
84529,169058,253587,338116,422645
84530,169060,253590,338120,422650
84531,169062,253593,338124,422655
84532,169064,253596,338128,422660
84533,169066,253599,338132,422665
84534,169068,253602,338136,422670
84535,169070,253605,338140,422675
84536,169072,253608,338144,422680
84537,169074,253611,338148,422685
84538,169076,253614,338152,422690
84539,169078,253617,338156,422695
84540,169080,253620,338160,422700
84541,169082,253623,338164,422705
84542,169084,253626,338168,422710
84543,169086,253629,338172,422715
84544,169088,253632,338176,422720
84545,169090,253635,338180,422725
84546,169092,253638,338184,422730
84547,169094,253641,338188,422735
84548,169096,253644,338192,422740
84549,169098,253647,338196,422745
84550,169100,253650,338200,422750
84551,169102,253653,338204,422755
84552,169104,253656,338208,422760
84553,169106,253659,338212,422765
84554,169108,253662,338216,422770
84555,169110,253665,338220,422775
84556,169112,253668,338224,422780
84557,169114,253671,338228,422785
84558,169116,253674,338232,422790
84559,169118,253677,338236,422795
84560,169120,253680,338240,422800
84561,169122,253683,338244,422805
84562,169124,253686,338248,422810
84563,169126,253689,338252,422815
84564,169128,253692,338256,422820
84565,169130,253695,338260,422825
84566,169132,253698,338264,422830
84567,169134,253701,338268,422835
84568,169136,253704,338272,422840
84569,169138,253707,338276,422845
84570,169140,253710,338280,422850
84571,169142,253713,338284,422855
84572,169144,253716,338288,422860
84573,169146,253719,338292,422865
84574,169148,253722,338296,422870
84575,169150,253725,338300,422875
84576,169152,253728,338304,422880
84577,169154,253731,338308,422885
84578,169156,253734,338312,422890
84579,169158,253737,338316,422895
84580,169160,253740,338320,422900
84581,169162,253743,338324,422905
84582,169164,253746,338328,422910
84583,169166,253749,338332,422915
84584,169168,253752,338336,422920
84585,169170,253755,338340,422925
84586,169172,253758,338344,422930
84587,169174,253761,338348,422935
84588,169176,253764,338352,422940
84589,169178,253767,338356,422945
84590,169180,253770,338360,422950
84591,169182,253773,338364,422955
84592,169184,253776,338368,422960
84593,169186,253779,338372,422965
84594,169188,253782,338376,422970
84595,169190,253785,338380,422975
84596,169192,253788,338384,422980
84597,169194,253791,338388,422985
84598,169196,253794,338392,422990
84599,169198,253797,338396,422995
84600,169200,253800,338400,423000
84601,169202,253803,338404,423005
84602,169204,253806,338408,423010
84603,169206,253809,338412,423015
84604,169208,253812,338416,423020
84605,169210,253815,338420,423025
84606,169212,253818,338424,423030
84607,169214,253821,338428,423035
84608,169216,253824,338432,423040
84609,169218,253827,338436,423045
84610,169220,253830,338440,423050
84611,169222,253833,338444,423055
84612,169224,253836,338448,423060
84613,169226,253839,338452,423065
84614,169228,253842,338456,423070
84615,169230,253845,338460,423075
84616,169232,253848,338464,423080
84617,169234,253851,338468,423085
84618,169236,253854,338472,423090
84619,169238,253857,338476,423095
84620,169240,253860,338480,423100
84621,169242,253863,338484,423105
84622,169244,253866,338488,423110
84623,169246,253869,338492,423115
84624,169248,253872,338496,423120
84625,169250,253875,338500,423125
84626,169252,253878,338504,423130
84627,169254,253881,338508,423135
84628,169256,253884,338512,423140
84629,169258,253887,338516,423145
84630,169260,253890,338520,423150
84631,169262,253893,338524,423155
84632,169264,253896,338528,423160
84633,169266,253899,338532,423165
84634,169268,253902,338536,423170
84635,169270,253905,338540,423175
84636,169272,253908,338544,423180
84637,169274,253911,338548,423185
84638,169276,253914,338552,423190
84639,169278,253917,338556,423195
84640,169280,253920,338560,423200
84641,169282,253923,338564,423205
84642,169284,253926,338568,423210
84643,169286,253929,338572,423215
84644,169288,253932,338576,423220
84645,169290,253935,338580,423225
84646,169292,253938,338584,423230
84647,169294,253941,338588,423235
84648,169296,253944,338592,423240
84649,169298,253947,338596,423245
84650,169300,253950,338600,423250
84651,169302,253953,338604,423255
84652,169304,253956,338608,423260
84653,169306,253959,338612,423265
84654,169308,253962,338616,423270
84655,169310,253965,338620,423275
84656,169312,253968,338624,423280
84657,169314,253971,338628,423285
84658,169316,253974,338632,423290
84659,169318,253977,338636,423295
84660,169320,253980,338640,423300
84661,169322,253983,338644,423305
84662,169324,253986,338648,423310
84663,169326,253989,338652,423315
84664,169328,253992,338656,423320
84665,169330,253995,338660,423325
84666,169332,253998,338664,423330
84667,169334,254001,338668,423335
84668,169336,254004,338672,423340
84669,169338,254007,338676,423345
84670,169340,254010,338680,423350
84671,169342,254013,338684,423355
84672,169344,254016,338688,423360
84673,169346,254019,338692,423365
84674,169348,254022,338696,423370
84675,169350,254025,338700,423375
84676,169352,254028,338704,423380
84677,169354,254031,338708,423385
84678,169356,254034,338712,423390
84679,169358,254037,338716,423395
84680,169360,254040,338720,423400
84681,169362,254043,338724,423405
84682,169364,254046,338728,423410
84683,169366,254049,338732,423415
84684,169368,254052,338736,423420
84685,169370,254055,338740,423425
84686,169372,254058,338744,423430
84687,169374,254061,338748,423435
84688,169376,254064,338752,423440
84689,169378,254067,338756,423445
84690,169380,254070,338760,423450
84691,169382,254073,338764,423455
84692,169384,254076,338768,423460
84693,169386,254079,338772,423465
84694,169388,254082,338776,423470
84695,169390,254085,338780,423475
84696,169392,254088,338784,423480
84697,169394,254091,338788,423485
84698,169396,254094,338792,423490
84699,169398,254097,338796,423495
84700,169400,254100,338800,423500
84701,169402,254103,338804,423505
84702,169404,254106,338808,423510
84703,169406,254109,338812,423515
84704,169408,254112,338816,423520
84705,169410,254115,338820,423525
84706,169412,254118,338824,423530
84707,169414,254121,338828,423535
84708,169416,254124,338832,423540
84709,169418,254127,338836,423545
84710,169420,254130,338840,423550
84711,169422,254133,338844,423555
84712,169424,254136,338848,423560
84713,169426,254139,338852,423565
84714,169428,254142,338856,423570
84715,169430,254145,338860,423575
84716,169432,254148,338864,423580
84717,169434,254151,338868,423585
84718,169436,254154,338872,423590
84719,169438,254157,338876,423595
84720,169440,254160,338880,423600
84721,169442,254163,338884,423605
84722,169444,254166,338888,423610
84723,169446,254169,338892,423615
84724,169448,254172,338896,423620
84725,169450,254175,338900,423625
84726,169452,254178,338904,423630
84727,169454,254181,338908,423635
84728,169456,254184,338912,423640
84729,169458,254187,338916,423645
84730,169460,254190,338920,423650
84731,169462,254193,338924,423655
84732,169464,254196,338928,423660
84733,169466,254199,338932,423665
84734,169468,254202,338936,423670
84735,169470,254205,338940,423675
84736,169472,254208,338944,423680
84737,169474,254211,338948,423685
84738,169476,254214,338952,423690
84739,169478,254217,338956,423695
84740,169480,254220,338960,423700
84741,169482,254223,338964,423705
84742,169484,254226,338968,423710
84743,169486,254229,338972,423715
84744,169488,254232,338976,423720
84745,169490,254235,338980,423725
84746,169492,254238,338984,423730
84747,169494,254241,338988,423735
84748,169496,254244,338992,423740
84749,169498,254247,338996,423745
84750,169500,254250,339000,423750
84751,169502,254253,339004,423755
84752,169504,254256,339008,423760
84753,169506,254259,339012,423765
84754,169508,254262,339016,423770
84755,169510,254265,339020,423775
84756,169512,254268,339024,423780
84757,169514,254271,339028,423785
84758,169516,254274,339032,423790
84759,169518,254277,339036,423795
84760,169520,254280,339040,423800
84761,169522,254283,339044,423805
84762,169524,254286,339048,423810
84763,169526,254289,339052,423815
84764,169528,254292,339056,423820
84765,169530,254295,339060,423825
84766,169532,254298,339064,423830
84767,169534,254301,339068,423835
84768,169536,254304,339072,423840
84769,169538,254307,339076,423845
84770,169540,254310,339080,423850
84771,169542,254313,339084,423855
84772,169544,254316,339088,423860
84773,169546,254319,339092,423865
84774,169548,254322,339096,423870
84775,169550,254325,339100,423875
84776,169552,254328,339104,423880
84777,169554,254331,339108,423885
84778,169556,254334,339112,423890
84779,169558,254337,339116,423895
84780,169560,254340,339120,423900
84781,169562,254343,339124,423905
84782,169564,254346,339128,423910
84783,169566,254349,339132,423915
84784,169568,254352,339136,423920
84785,169570,254355,339140,423925
84786,169572,254358,339144,423930
84787,169574,254361,339148,423935
84788,169576,254364,339152,423940
84789,169578,254367,339156,423945
84790,169580,254370,339160,423950
84791,169582,254373,339164,423955
84792,169584,254376,339168,423960
84793,169586,254379,339172,423965
84794,169588,254382,339176,423970
84795,169590,254385,339180,423975
84796,169592,254388,339184,423980
84797,169594,254391,339188,423985
84798,169596,254394,339192,423990
84799,169598,254397,339196,423995
84800,169600,254400,339200,424000
84801,169602,254403,339204,424005
84802,169604,254406,339208,424010
84803,169606,254409,339212,424015
84804,169608,254412,339216,424020
84805,169610,254415,339220,424025
84806,169612,254418,339224,424030
84807,169614,254421,339228,424035
84808,169616,254424,339232,424040
84809,169618,254427,339236,424045
84810,169620,254430,339240,424050
84811,169622,254433,339244,424055
84812,169624,254436,339248,424060
84813,169626,254439,339252,424065
84814,169628,254442,339256,424070
84815,169630,254445,339260,424075
84816,169632,254448,339264,424080
84817,169634,254451,339268,424085
84818,169636,254454,339272,424090
84819,169638,254457,339276,424095
84820,169640,254460,339280,424100
84821,169642,254463,339284,424105
84822,169644,254466,339288,424110
84823,169646,254469,339292,424115
84824,169648,254472,339296,424120
84825,169650,254475,339300,424125
84826,169652,254478,339304,424130
84827,169654,254481,339308,424135
84828,169656,254484,339312,424140
84829,169658,254487,339316,424145
84830,169660,254490,339320,424150
84831,169662,254493,339324,424155
84832,169664,254496,339328,424160
84833,169666,254499,339332,424165
84834,169668,254502,339336,424170
84835,169670,254505,339340,424175
84836,169672,254508,339344,424180
84837,169674,254511,339348,424185
84838,169676,254514,339352,424190
84839,169678,254517,339356,424195
84840,169680,254520,339360,424200
84841,169682,254523,339364,424205
84842,169684,254526,339368,424210
84843,169686,254529,339372,424215
84844,169688,254532,339376,424220
84845,169690,254535,339380,424225
84846,169692,254538,339384,424230
84847,169694,254541,339388,424235
84848,169696,254544,339392,424240
84849,169698,254547,339396,424245
84850,169700,254550,339400,424250
84851,169702,254553,339404,424255
84852,169704,254556,339408,424260
84853,169706,254559,339412,424265
84854,169708,254562,339416,424270
84855,169710,254565,339420,424275
84856,169712,254568,339424,424280
84857,169714,254571,339428,424285
84858,169716,254574,339432,424290
84859,169718,254577,339436,424295
84860,169720,254580,339440,424300
84861,169722,254583,339444,424305
84862,169724,254586,339448,424310
84863,169726,254589,339452,424315
84864,169728,254592,339456,424320
84865,169730,254595,339460,424325
84866,169732,254598,339464,424330
84867,169734,254601,339468,424335
84868,169736,254604,339472,424340
84869,169738,254607,339476,424345
84870,169740,254610,339480,424350
84871,169742,254613,339484,424355
84872,169744,254616,339488,424360
84873,169746,254619,339492,424365
84874,169748,254622,339496,424370
84875,169750,254625,339500,424375
84876,169752,254628,339504,424380
84877,169754,254631,339508,424385
84878,169756,254634,339512,424390
84879,169758,254637,339516,424395
84880,169760,254640,339520,424400
84881,169762,254643,339524,424405
84882,169764,254646,339528,424410
84883,169766,254649,339532,424415
84884,169768,254652,339536,424420
84885,169770,254655,339540,424425
84886,169772,254658,339544,424430
84887,169774,254661,339548,424435
84888,169776,254664,339552,424440
84889,169778,254667,339556,424445
84890,169780,254670,339560,424450
84891,169782,254673,339564,424455
84892,169784,254676,339568,424460
84893,169786,254679,339572,424465
84894,169788,254682,339576,424470
84895,169790,254685,339580,424475
84896,169792,254688,339584,424480
84897,169794,254691,339588,424485
84898,169796,254694,339592,424490
84899,169798,254697,339596,424495
84900,169800,254700,339600,424500
84901,169802,254703,339604,424505
84902,169804,254706,339608,424510
84903,169806,254709,339612,424515
84904,169808,254712,339616,424520
84905,169810,254715,339620,424525
84906,169812,254718,339624,424530
84907,169814,254721,339628,424535
84908,169816,254724,339632,424540
84909,169818,254727,339636,424545
84910,169820,254730,339640,424550
84911,169822,254733,339644,424555
84912,169824,254736,339648,424560
84913,169826,254739,339652,424565
84914,169828,254742,339656,424570
84915,169830,254745,339660,424575
84916,169832,254748,339664,424580
84917,169834,254751,339668,424585
84918,169836,254754,339672,424590
84919,169838,254757,339676,424595
84920,169840,254760,339680,424600
84921,169842,254763,339684,424605
84922,169844,254766,339688,424610
84923,169846,254769,339692,424615
84924,169848,254772,339696,424620
84925,169850,254775,339700,424625
84926,169852,254778,339704,424630
84927,169854,254781,339708,424635
84928,169856,254784,339712,424640
84929,169858,254787,339716,424645
84930,169860,254790,339720,424650
84931,169862,254793,339724,424655
84932,169864,254796,339728,424660
84933,169866,254799,339732,424665
84934,169868,254802,339736,424670
84935,169870,254805,339740,424675
84936,169872,254808,339744,424680
84937,169874,254811,339748,424685
84938,169876,254814,339752,424690
84939,169878,254817,339756,424695
84940,169880,254820,339760,424700
84941,169882,254823,339764,424705
84942,169884,254826,339768,424710
84943,169886,254829,339772,424715
84944,169888,254832,339776,424720
84945,169890,254835,339780,424725
84946,169892,254838,339784,424730
84947,169894,254841,339788,424735
84948,169896,254844,339792,424740
84949,169898,254847,339796,424745
84950,169900,254850,339800,424750
84951,169902,254853,339804,424755
84952,169904,254856,339808,424760
84953,169906,254859,339812,424765
84954,169908,254862,339816,424770
84955,169910,254865,339820,424775
84956,169912,254868,339824,424780
84957,169914,254871,339828,424785
84958,169916,254874,339832,424790
84959,169918,254877,339836,424795
84960,169920,254880,339840,424800
84961,169922,254883,339844,424805
84962,169924,254886,339848,424810
84963,169926,254889,339852,424815
84964,169928,254892,339856,424820
84965,169930,254895,339860,424825
84966,169932,254898,339864,424830
84967,169934,254901,339868,424835
84968,169936,254904,339872,424840
84969,169938,254907,339876,424845
84970,169940,254910,339880,424850
84971,169942,254913,339884,424855
84972,169944,254916,339888,424860
84973,169946,254919,339892,424865
84974,169948,254922,339896,424870
84975,169950,254925,339900,424875
84976,169952,254928,339904,424880
84977,169954,254931,339908,424885
84978,169956,254934,339912,424890
84979,169958,254937,339916,424895
84980,169960,254940,339920,424900
84981,169962,254943,339924,424905
84982,169964,254946,339928,424910
84983,169966,254949,339932,424915
84984,169968,254952,339936,424920
84985,169970,254955,339940,424925
84986,169972,254958,339944,424930
84987,169974,254961,339948,424935
84988,169976,254964,339952,424940
84989,169978,254967,339956,424945
84990,169980,254970,339960,424950
84991,169982,254973,339964,424955
84992,169984,254976,339968,424960
84993,169986,254979,339972,424965
84994,169988,254982,339976,424970
84995,169990,254985,339980,424975
84996,169992,254988,339984,424980
84997,169994,254991,339988,424985
84998,169996,254994,339992,424990
84999,169998,254997,339996,424995
85000,170000,255000,340000,425000
85001,170002,255003,340004,425005
85002,170004,255006,340008,425010
85003,170006,255009,340012,425015
85004,170008,255012,340016,425020
85005,170010,255015,340020,425025
85006,170012,255018,340024,425030
85007,170014,255021,340028,425035
85008,170016,255024,340032,425040
85009,170018,255027,340036,425045
85010,170020,255030,340040,425050
85011,170022,255033,340044,425055
85012,170024,255036,340048,425060
85013,170026,255039,340052,425065
85014,170028,255042,340056,425070
85015,170030,255045,340060,425075
85016,170032,255048,340064,425080
85017,170034,255051,340068,425085
85018,170036,255054,340072,425090
85019,170038,255057,340076,425095
85020,170040,255060,340080,425100
85021,170042,255063,340084,425105
85022,170044,255066,340088,425110
85023,170046,255069,340092,425115
85024,170048,255072,340096,425120
85025,170050,255075,340100,425125
85026,170052,255078,340104,425130
85027,170054,255081,340108,425135
85028,170056,255084,340112,425140
85029,170058,255087,340116,425145
85030,170060,255090,340120,425150
85031,170062,255093,340124,425155
85032,170064,255096,340128,425160
85033,170066,255099,340132,425165
85034,170068,255102,340136,425170
85035,170070,255105,340140,425175
85036,170072,255108,340144,425180
85037,170074,255111,340148,425185
85038,170076,255114,340152,425190
85039,170078,255117,340156,425195
85040,170080,255120,340160,425200
85041,170082,255123,340164,425205
85042,170084,255126,340168,425210
85043,170086,255129,340172,425215
85044,170088,255132,340176,425220
85045,170090,255135,340180,425225
85046,170092,255138,340184,425230
85047,170094,255141,340188,425235
85048,170096,255144,340192,425240
85049,170098,255147,340196,425245
85050,170100,255150,340200,425250
85051,170102,255153,340204,425255
85052,170104,255156,340208,425260
85053,170106,255159,340212,425265
85054,170108,255162,340216,425270
85055,170110,255165,340220,425275
85056,170112,255168,340224,425280
85057,170114,255171,340228,425285
85058,170116,255174,340232,425290
85059,170118,255177,340236,425295
85060,170120,255180,340240,425300
85061,170122,255183,340244,425305
85062,170124,255186,340248,425310
85063,170126,255189,340252,425315
85064,170128,255192,340256,425320
85065,170130,255195,340260,425325
85066,170132,255198,340264,425330
85067,170134,255201,340268,425335
85068,170136,255204,340272,425340
85069,170138,255207,340276,425345
85070,170140,255210,340280,425350
85071,170142,255213,340284,425355
85072,170144,255216,340288,425360
85073,170146,255219,340292,425365
85074,170148,255222,340296,425370
85075,170150,255225,340300,425375
85076,170152,255228,340304,425380
85077,170154,255231,340308,425385
85078,170156,255234,340312,425390
85079,170158,255237,340316,425395
85080,170160,255240,340320,425400
85081,170162,255243,340324,425405
85082,170164,255246,340328,425410
85083,170166,255249,340332,425415
85084,170168,255252,340336,425420
85085,170170,255255,340340,425425
85086,170172,255258,340344,425430
85087,170174,255261,340348,425435
85088,170176,255264,340352,425440
85089,170178,255267,340356,425445
85090,170180,255270,340360,425450
85091,170182,255273,340364,425455
85092,170184,255276,340368,425460
85093,170186,255279,340372,425465
85094,170188,255282,340376,425470
85095,170190,255285,340380,425475
85096,170192,255288,340384,425480
85097,170194,255291,340388,425485
85098,170196,255294,340392,425490
85099,170198,255297,340396,425495
85100,170200,255300,340400,425500
85101,170202,255303,340404,425505
85102,170204,255306,340408,425510
85103,170206,255309,340412,425515
85104,170208,255312,340416,425520
85105,170210,255315,340420,425525
85106,170212,255318,340424,425530
85107,170214,255321,340428,425535
85108,170216,255324,340432,425540
85109,170218,255327,340436,425545
85110,170220,255330,340440,425550
85111,170222,255333,340444,425555
85112,170224,255336,340448,425560
85113,170226,255339,340452,425565
85114,170228,255342,340456,425570
85115,170230,255345,340460,425575
85116,170232,255348,340464,425580
85117,170234,255351,340468,425585
85118,170236,255354,340472,425590
85119,170238,255357,340476,425595
85120,170240,255360,340480,425600
85121,170242,255363,340484,425605
85122,170244,255366,340488,425610
85123,170246,255369,340492,425615
85124,170248,255372,340496,425620
85125,170250,255375,340500,425625
85126,170252,255378,340504,425630
85127,170254,255381,340508,425635
85128,170256,255384,340512,425640
85129,170258,255387,340516,425645
85130,170260,255390,340520,425650
85131,170262,255393,340524,425655
85132,170264,255396,340528,425660
85133,170266,255399,340532,425665
85134,170268,255402,340536,425670
85135,170270,255405,340540,425675
85136,170272,255408,340544,425680
85137,170274,255411,340548,425685
85138,170276,255414,340552,425690
85139,170278,255417,340556,425695
85140,170280,255420,340560,425700
85141,170282,255423,340564,425705
85142,170284,255426,340568,425710
85143,170286,255429,340572,425715
85144,170288,255432,340576,425720
85145,170290,255435,340580,425725
85146,170292,255438,340584,425730
85147,170294,255441,340588,425735
85148,170296,255444,340592,425740
85149,170298,255447,340596,425745
85150,170300,255450,340600,425750
85151,170302,255453,340604,425755
85152,170304,255456,340608,425760
85153,170306,255459,340612,425765
85154,170308,255462,340616,425770
85155,170310,255465,340620,425775
85156,170312,255468,340624,425780
85157,170314,255471,340628,425785
85158,170316,255474,340632,425790
85159,170318,255477,340636,425795
85160,170320,255480,340640,425800
85161,170322,255483,340644,425805
85162,170324,255486,340648,425810
85163,170326,255489,340652,425815
85164,170328,255492,340656,425820
85165,170330,255495,340660,425825
85166,170332,255498,340664,425830
85167,170334,255501,340668,425835
85168,170336,255504,340672,425840
85169,170338,255507,340676,425845
85170,170340,255510,340680,425850
85171,170342,255513,340684,425855
85172,170344,255516,340688,425860
85173,170346,255519,340692,425865
85174,170348,255522,340696,425870
85175,170350,255525,340700,425875
85176,170352,255528,340704,425880
85177,170354,255531,340708,425885
85178,170356,255534,340712,425890
85179,170358,255537,340716,425895
85180,170360,255540,340720,425900
85181,170362,255543,340724,425905
85182,170364,255546,340728,425910
85183,170366,255549,340732,425915
85184,170368,255552,340736,425920
85185,170370,255555,340740,425925
85186,170372,255558,340744,425930
85187,170374,255561,340748,425935
85188,170376,255564,340752,425940
85189,170378,255567,340756,425945
85190,170380,255570,340760,425950
85191,170382,255573,340764,425955
85192,170384,255576,340768,425960
85193,170386,255579,340772,425965
85194,170388,255582,340776,425970
85195,170390,255585,340780,425975
85196,170392,255588,340784,425980
85197,170394,255591,340788,425985
85198,170396,255594,340792,425990
85199,170398,255597,340796,425995
85200,170400,255600,340800,426000
85201,170402,255603,340804,426005
85202,170404,255606,340808,426010
85203,170406,255609,340812,426015
85204,170408,255612,340816,426020
85205,170410,255615,340820,426025
85206,170412,255618,340824,426030
85207,170414,255621,340828,426035
85208,170416,255624,340832,426040
85209,170418,255627,340836,426045
85210,170420,255630,340840,426050
85211,170422,255633,340844,426055
85212,170424,255636,340848,426060
85213,170426,255639,340852,426065
85214,170428,255642,340856,426070
85215,170430,255645,340860,426075
85216,170432,255648,340864,426080
85217,170434,255651,340868,426085
85218,170436,255654,340872,426090
85219,170438,255657,340876,426095
85220,170440,255660,340880,426100
85221,170442,255663,340884,426105
85222,170444,255666,340888,426110
85223,170446,255669,340892,426115
85224,170448,255672,340896,426120
85225,170450,255675,340900,426125
85226,170452,255678,340904,426130
85227,170454,255681,340908,426135
85228,170456,255684,340912,426140
85229,170458,255687,340916,426145
85230,170460,255690,340920,426150
85231,170462,255693,340924,426155
85232,170464,255696,340928,426160
85233,170466,255699,340932,426165
85234,170468,255702,340936,426170
85235,170470,255705,340940,426175
85236,170472,255708,340944,426180
85237,170474,255711,340948,426185
85238,170476,255714,340952,426190
85239,170478,255717,340956,426195
85240,170480,255720,340960,426200
85241,170482,255723,340964,426205
85242,170484,255726,340968,426210
85243,170486,255729,340972,426215
85244,170488,255732,340976,426220
85245,170490,255735,340980,426225
85246,170492,255738,340984,426230
85247,170494,255741,340988,426235
85248,170496,255744,340992,426240
85249,170498,255747,340996,426245
85250,170500,255750,341000,426250
85251,170502,255753,341004,426255
85252,170504,255756,341008,426260
85253,170506,255759,341012,426265
85254,170508,255762,341016,426270
85255,170510,255765,341020,426275
85256,170512,255768,341024,426280
85257,170514,255771,341028,426285
85258,170516,255774,341032,426290
85259,170518,255777,341036,426295
85260,170520,255780,341040,426300
85261,170522,255783,341044,426305
85262,170524,255786,341048,426310
85263,170526,255789,341052,426315
85264,170528,255792,341056,426320
85265,170530,255795,341060,426325
85266,170532,255798,341064,426330
85267,170534,255801,341068,426335
85268,170536,255804,341072,426340
85269,170538,255807,341076,426345
85270,170540,255810,341080,426350
85271,170542,255813,341084,426355
85272,170544,255816,341088,426360
85273,170546,255819,341092,426365
85274,170548,255822,341096,426370
85275,170550,255825,341100,426375
85276,170552,255828,341104,426380
85277,170554,255831,341108,426385
85278,170556,255834,341112,426390
85279,170558,255837,341116,426395
85280,170560,255840,341120,426400
85281,170562,255843,341124,426405
85282,170564,255846,341128,426410
85283,170566,255849,341132,426415
85284,170568,255852,341136,426420
85285,170570,255855,341140,426425
85286,170572,255858,341144,426430
85287,170574,255861,341148,426435
85288,170576,255864,341152,426440
85289,170578,255867,341156,426445
85290,170580,255870,341160,426450
85291,170582,255873,341164,426455
85292,170584,255876,341168,426460
85293,170586,255879,341172,426465
85294,170588,255882,341176,426470
85295,170590,255885,341180,426475
85296,170592,255888,341184,426480
85297,170594,255891,341188,426485
85298,170596,255894,341192,426490
85299,170598,255897,341196,426495
85300,170600,255900,341200,426500
85301,170602,255903,341204,426505
85302,170604,255906,341208,426510
85303,170606,255909,341212,426515
85304,170608,255912,341216,426520
85305,170610,255915,341220,426525
85306,170612,255918,341224,426530
85307,170614,255921,341228,426535
85308,170616,255924,341232,426540
85309,170618,255927,341236,426545
85310,170620,255930,341240,426550
85311,170622,255933,341244,426555
85312,170624,255936,341248,426560
85313,170626,255939,341252,426565
85314,170628,255942,341256,426570
85315,170630,255945,341260,426575
85316,170632,255948,341264,426580
85317,170634,255951,341268,426585
85318,170636,255954,341272,426590
85319,170638,255957,341276,426595
85320,170640,255960,341280,426600
85321,170642,255963,341284,426605
85322,170644,255966,341288,426610
85323,170646,255969,341292,426615
85324,170648,255972,341296,426620
85325,170650,255975,341300,426625
85326,170652,255978,341304,426630
85327,170654,255981,341308,426635
85328,170656,255984,341312,426640
85329,170658,255987,341316,426645
85330,170660,255990,341320,426650
85331,170662,255993,341324,426655
85332,170664,255996,341328,426660
85333,170666,255999,341332,426665
85334,170668,256002,341336,426670
85335,170670,256005,341340,426675
85336,170672,256008,341344,426680
85337,170674,256011,341348,426685
85338,170676,256014,341352,426690
85339,170678,256017,341356,426695
85340,170680,256020,341360,426700
85341,170682,256023,341364,426705
85342,170684,256026,341368,426710
85343,170686,256029,341372,426715
85344,170688,256032,341376,426720
85345,170690,256035,341380,426725
85346,170692,256038,341384,426730
85347,170694,256041,341388,426735
85348,170696,256044,341392,426740
85349,170698,256047,341396,426745
85350,170700,256050,341400,426750
85351,170702,256053,341404,426755
85352,170704,256056,341408,426760
85353,170706,256059,341412,426765
85354,170708,256062,341416,426770
85355,170710,256065,341420,426775
85356,170712,256068,341424,426780
85357,170714,256071,341428,426785
85358,170716,256074,341432,426790
85359,170718,256077,341436,426795
85360,170720,256080,341440,426800
85361,170722,256083,341444,426805
85362,170724,256086,341448,426810
85363,170726,256089,341452,426815
85364,170728,256092,341456,426820
85365,170730,256095,341460,426825
85366,170732,256098,341464,426830
85367,170734,256101,341468,426835
85368,170736,256104,341472,426840
85369,170738,256107,341476,426845
85370,170740,256110,341480,426850
85371,170742,256113,341484,426855
85372,170744,256116,341488,426860
85373,170746,256119,341492,426865
85374,170748,256122,341496,426870
85375,170750,256125,341500,426875
85376,170752,256128,341504,426880
85377,170754,256131,341508,426885
85378,170756,256134,341512,426890
85379,170758,256137,341516,426895
85380,170760,256140,341520,426900
85381,170762,256143,341524,426905
85382,170764,256146,341528,426910
85383,170766,256149,341532,426915
85384,170768,256152,341536,426920
85385,170770,256155,341540,426925
85386,170772,256158,341544,426930
85387,170774,256161,341548,426935
85388,170776,256164,341552,426940
85389,170778,256167,341556,426945
85390,170780,256170,341560,426950
85391,170782,256173,341564,426955
85392,170784,256176,341568,426960
85393,170786,256179,341572,426965
85394,170788,256182,341576,426970
85395,170790,256185,341580,426975
85396,170792,256188,341584,426980
85397,170794,256191,341588,426985
85398,170796,256194,341592,426990
85399,170798,256197,341596,426995
85400,170800,256200,341600,427000
85401,170802,256203,341604,427005
85402,170804,256206,341608,427010
85403,170806,256209,341612,427015
85404,170808,256212,341616,427020
85405,170810,256215,341620,427025
85406,170812,256218,341624,427030
85407,170814,256221,341628,427035
85408,170816,256224,341632,427040
85409,170818,256227,341636,427045
85410,170820,256230,341640,427050
85411,170822,256233,341644,427055
85412,170824,256236,341648,427060
85413,170826,256239,341652,427065
85414,170828,256242,341656,427070
85415,170830,256245,341660,427075
85416,170832,256248,341664,427080
85417,170834,256251,341668,427085
85418,170836,256254,341672,427090
85419,170838,256257,341676,427095
85420,170840,256260,341680,427100
85421,170842,256263,341684,427105
85422,170844,256266,341688,427110
85423,170846,256269,341692,427115
85424,170848,256272,341696,427120
85425,170850,256275,341700,427125
85426,170852,256278,341704,427130
85427,170854,256281,341708,427135
85428,170856,256284,341712,427140
85429,170858,256287,341716,427145
85430,170860,256290,341720,427150
85431,170862,256293,341724,427155
85432,170864,256296,341728,427160
85433,170866,256299,341732,427165
85434,170868,256302,341736,427170
85435,170870,256305,341740,427175
85436,170872,256308,341744,427180
85437,170874,256311,341748,427185
85438,170876,256314,341752,427190
85439,170878,256317,341756,427195
85440,170880,256320,341760,427200
85441,170882,256323,341764,427205
85442,170884,256326,341768,427210
85443,170886,256329,341772,427215
85444,170888,256332,341776,427220
85445,170890,256335,341780,427225
85446,170892,256338,341784,427230
85447,170894,256341,341788,427235
85448,170896,256344,341792,427240
85449,170898,256347,341796,427245
85450,170900,256350,341800,427250
85451,170902,256353,341804,427255
85452,170904,256356,341808,427260
85453,170906,256359,341812,427265
85454,170908,256362,341816,427270
85455,170910,256365,341820,427275
85456,170912,256368,341824,427280
85457,170914,256371,341828,427285
85458,170916,256374,341832,427290
85459,170918,256377,341836,427295
85460,170920,256380,341840,427300
85461,170922,256383,341844,427305
85462,170924,256386,341848,427310
85463,170926,256389,341852,427315
85464,170928,256392,341856,427320
85465,170930,256395,341860,427325
85466,170932,256398,341864,427330
85467,170934,256401,341868,427335
85468,170936,256404,341872,427340
85469,170938,256407,341876,427345
85470,170940,256410,341880,427350
85471,170942,256413,341884,427355
85472,170944,256416,341888,427360
85473,170946,256419,341892,427365
85474,170948,256422,341896,427370
85475,170950,256425,341900,427375
85476,170952,256428,341904,427380
85477,170954,256431,341908,427385
85478,170956,256434,341912,427390
85479,170958,256437,341916,427395
85480,170960,256440,341920,427400
85481,170962,256443,341924,427405
85482,170964,256446,341928,427410
85483,170966,256449,341932,427415
85484,170968,256452,341936,427420
85485,170970,256455,341940,427425
85486,170972,256458,341944,427430
85487,170974,256461,341948,427435
85488,170976,256464,341952,427440
85489,170978,256467,341956,427445
85490,170980,256470,341960,427450
85491,170982,256473,341964,427455
85492,170984,256476,341968,427460
85493,170986,256479,341972,427465
85494,170988,256482,341976,427470
85495,170990,256485,341980,427475
85496,170992,256488,341984,427480
85497,170994,256491,341988,427485
85498,170996,256494,341992,427490
85499,170998,256497,341996,427495
85500,171000,256500,342000,427500
85501,171002,256503,342004,427505
85502,171004,256506,342008,427510
85503,171006,256509,342012,427515
85504,171008,256512,342016,427520
85505,171010,256515,342020,427525
85506,171012,256518,342024,427530
85507,171014,256521,342028,427535
85508,171016,256524,342032,427540
85509,171018,256527,342036,427545
85510,171020,256530,342040,427550
85511,171022,256533,342044,427555
85512,171024,256536,342048,427560
85513,171026,256539,342052,427565
85514,171028,256542,342056,427570
85515,171030,256545,342060,427575
85516,171032,256548,342064,427580
85517,171034,256551,342068,427585
85518,171036,256554,342072,427590
85519,171038,256557,342076,427595
85520,171040,256560,342080,427600
85521,171042,256563,342084,427605
85522,171044,256566,342088,427610
85523,171046,256569,342092,427615
85524,171048,256572,342096,427620
85525,171050,256575,342100,427625
85526,171052,256578,342104,427630
85527,171054,256581,342108,427635
85528,171056,256584,342112,427640
85529,171058,256587,342116,427645
85530,171060,256590,342120,427650
85531,171062,256593,342124,427655
85532,171064,256596,342128,427660
85533,171066,256599,342132,427665
85534,171068,256602,342136,427670
85535,171070,256605,342140,427675
85536,171072,256608,342144,427680
85537,171074,256611,342148,427685
85538,171076,256614,342152,427690
85539,171078,256617,342156,427695
85540,171080,256620,342160,427700
85541,171082,256623,342164,427705
85542,171084,256626,342168,427710
85543,171086,256629,342172,427715
85544,171088,256632,342176,427720
85545,171090,256635,342180,427725
85546,171092,256638,342184,427730
85547,171094,256641,342188,427735
85548,171096,256644,342192,427740
85549,171098,256647,342196,427745
85550,171100,256650,342200,427750
85551,171102,256653,342204,427755
85552,171104,256656,342208,427760
85553,171106,256659,342212,427765
85554,171108,256662,342216,427770
85555,171110,256665,342220,427775
85556,171112,256668,342224,427780
85557,171114,256671,342228,427785
85558,171116,256674,342232,427790
85559,171118,256677,342236,427795
85560,171120,256680,342240,427800
85561,171122,256683,342244,427805
85562,171124,256686,342248,427810
85563,171126,256689,342252,427815
85564,171128,256692,342256,427820
85565,171130,256695,342260,427825
85566,171132,256698,342264,427830
85567,171134,256701,342268,427835
85568,171136,256704,342272,427840
85569,171138,256707,342276,427845
85570,171140,256710,342280,427850
85571,171142,256713,342284,427855
85572,171144,256716,342288,427860
85573,171146,256719,342292,427865
85574,171148,256722,342296,427870
85575,171150,256725,342300,427875
85576,171152,256728,342304,427880
85577,171154,256731,342308,427885
85578,171156,256734,342312,427890
85579,171158,256737,342316,427895
85580,171160,256740,342320,427900
85581,171162,256743,342324,427905
85582,171164,256746,342328,427910
85583,171166,256749,342332,427915
85584,171168,256752,342336,427920
85585,171170,256755,342340,427925
85586,171172,256758,342344,427930
85587,171174,256761,342348,427935
85588,171176,256764,342352,427940
85589,171178,256767,342356,427945
85590,171180,256770,342360,427950
85591,171182,256773,342364,427955
85592,171184,256776,342368,427960
85593,171186,256779,342372,427965
85594,171188,256782,342376,427970
85595,171190,256785,342380,427975
85596,171192,256788,342384,427980
85597,171194,256791,342388,427985
85598,171196,256794,342392,427990
85599,171198,256797,342396,427995
85600,171200,256800,342400,428000
85601,171202,256803,342404,428005
85602,171204,256806,342408,428010
85603,171206,256809,342412,428015
85604,171208,256812,342416,428020
85605,171210,256815,342420,428025
85606,171212,256818,342424,428030
85607,171214,256821,342428,428035
85608,171216,256824,342432,428040
85609,171218,256827,342436,428045
85610,171220,256830,342440,428050
85611,171222,256833,342444,428055
85612,171224,256836,342448,428060
85613,171226,256839,342452,428065
85614,171228,256842,342456,428070
85615,171230,256845,342460,428075
85616,171232,256848,342464,428080
85617,171234,256851,342468,428085
85618,171236,256854,342472,428090
85619,171238,256857,342476,428095
85620,171240,256860,342480,428100
85621,171242,256863,342484,428105
85622,171244,256866,342488,428110
85623,171246,256869,342492,428115
85624,171248,256872,342496,428120
85625,171250,256875,342500,428125
85626,171252,256878,342504,428130
85627,171254,256881,342508,428135
85628,171256,256884,342512,428140
85629,171258,256887,342516,428145
85630,171260,256890,342520,428150
85631,171262,256893,342524,428155
85632,171264,256896,342528,428160
85633,171266,256899,342532,428165
85634,171268,256902,342536,428170
85635,171270,256905,342540,428175
85636,171272,256908,342544,428180
85637,171274,256911,342548,428185
85638,171276,256914,342552,428190
85639,171278,256917,342556,428195
85640,171280,256920,342560,428200
85641,171282,256923,342564,428205
85642,171284,256926,342568,428210
85643,171286,256929,342572,428215
85644,171288,256932,342576,428220
85645,171290,256935,342580,428225
85646,171292,256938,342584,428230
85647,171294,256941,342588,428235
85648,171296,256944,342592,428240
85649,171298,256947,342596,428245
85650,171300,256950,342600,428250
85651,171302,256953,342604,428255
85652,171304,256956,342608,428260
85653,171306,256959,342612,428265
85654,171308,256962,342616,428270
85655,171310,256965,342620,428275
85656,171312,256968,342624,428280
85657,171314,256971,342628,428285
85658,171316,256974,342632,428290
85659,171318,256977,342636,428295
85660,171320,256980,342640,428300
85661,171322,256983,342644,428305
85662,171324,256986,342648,428310
85663,171326,256989,342652,428315
85664,171328,256992,342656,428320
85665,171330,256995,342660,428325
85666,171332,256998,342664,428330
85667,171334,257001,342668,428335
85668,171336,257004,342672,428340
85669,171338,257007,342676,428345
85670,171340,257010,342680,428350
85671,171342,257013,342684,428355
85672,171344,257016,342688,428360
85673,171346,257019,342692,428365
85674,171348,257022,342696,428370
85675,171350,257025,342700,428375
85676,171352,257028,342704,428380
85677,171354,257031,342708,428385
85678,171356,257034,342712,428390
85679,171358,257037,342716,428395
85680,171360,257040,342720,428400
85681,171362,257043,342724,428405
85682,171364,257046,342728,428410
85683,171366,257049,342732,428415
85684,171368,257052,342736,428420
85685,171370,257055,342740,428425
85686,171372,257058,342744,428430
85687,171374,257061,342748,428435
85688,171376,257064,342752,428440
85689,171378,257067,342756,428445
85690,171380,257070,342760,428450
85691,171382,257073,342764,428455
85692,171384,257076,342768,428460
85693,171386,257079,342772,428465
85694,171388,257082,342776,428470
85695,171390,257085,342780,428475
85696,171392,257088,342784,428480
85697,171394,257091,342788,428485
85698,171396,257094,342792,428490
85699,171398,257097,342796,428495
85700,171400,257100,342800,428500
85701,171402,257103,342804,428505
85702,171404,257106,342808,428510
85703,171406,257109,342812,428515
85704,171408,257112,342816,428520
85705,171410,257115,342820,428525
85706,171412,257118,342824,428530
85707,171414,257121,342828,428535
85708,171416,257124,342832,428540
85709,171418,257127,342836,428545
85710,171420,257130,342840,428550
85711,171422,257133,342844,428555
85712,171424,257136,342848,428560
85713,171426,257139,342852,428565
85714,171428,257142,342856,428570
85715,171430,257145,342860,428575
85716,171432,257148,342864,428580
85717,171434,257151,342868,428585
85718,171436,257154,342872,428590
85719,171438,257157,342876,428595
85720,171440,257160,342880,428600
85721,171442,257163,342884,428605
85722,171444,257166,342888,428610
85723,171446,257169,342892,428615
85724,171448,257172,342896,428620
85725,171450,257175,342900,428625
85726,171452,257178,342904,428630
85727,171454,257181,342908,428635
85728,171456,257184,342912,428640
85729,171458,257187,342916,428645
85730,171460,257190,342920,428650
85731,171462,257193,342924,428655
85732,171464,257196,342928,428660
85733,171466,257199,342932,428665
85734,171468,257202,342936,428670
85735,171470,257205,342940,428675
85736,171472,257208,342944,428680
85737,171474,257211,342948,428685
85738,171476,257214,342952,428690
85739,171478,257217,342956,428695
85740,171480,257220,342960,428700
85741,171482,257223,342964,428705
85742,171484,257226,342968,428710
85743,171486,257229,342972,428715
85744,171488,257232,342976,428720
85745,171490,257235,342980,428725
85746,171492,257238,342984,428730
85747,171494,257241,342988,428735
85748,171496,257244,342992,428740
85749,171498,257247,342996,428745
85750,171500,257250,343000,428750
85751,171502,257253,343004,428755
85752,171504,257256,343008,428760
85753,171506,257259,343012,428765
85754,171508,257262,343016,428770
85755,171510,257265,343020,428775
85756,171512,257268,343024,428780
85757,171514,257271,343028,428785
85758,171516,257274,343032,428790
85759,171518,257277,343036,428795
85760,171520,257280,343040,428800
85761,171522,257283,343044,428805
85762,171524,257286,343048,428810
85763,171526,257289,343052,428815
85764,171528,257292,343056,428820
85765,171530,257295,343060,428825
85766,171532,257298,343064,428830
85767,171534,257301,343068,428835
85768,171536,257304,343072,428840
85769,171538,257307,343076,428845
85770,171540,257310,343080,428850
85771,171542,257313,343084,428855
85772,171544,257316,343088,428860
85773,171546,257319,343092,428865
85774,171548,257322,343096,428870
85775,171550,257325,343100,428875
85776,171552,257328,343104,428880
85777,171554,257331,343108,428885
85778,171556,257334,343112,428890
85779,171558,257337,343116,428895
85780,171560,257340,343120,428900
85781,171562,257343,343124,428905
85782,171564,257346,343128,428910
85783,171566,257349,343132,428915
85784,171568,257352,343136,428920
85785,171570,257355,343140,428925
85786,171572,257358,343144,428930
85787,171574,257361,343148,428935
85788,171576,257364,343152,428940
85789,171578,257367,343156,428945
85790,171580,257370,343160,428950
85791,171582,257373,343164,428955
85792,171584,257376,343168,428960
85793,171586,257379,343172,428965
85794,171588,257382,343176,428970
85795,171590,257385,343180,428975
85796,171592,257388,343184,428980
85797,171594,257391,343188,428985
85798,171596,257394,343192,428990
85799,171598,257397,343196,428995
85800,171600,257400,343200,429000
85801,171602,257403,343204,429005
85802,171604,257406,343208,429010
85803,171606,257409,343212,429015
85804,171608,257412,343216,429020
85805,171610,257415,343220,429025
85806,171612,257418,343224,429030
85807,171614,257421,343228,429035
85808,171616,257424,343232,429040
85809,171618,257427,343236,429045
85810,171620,257430,343240,429050
85811,171622,257433,343244,429055
85812,171624,257436,343248,429060
85813,171626,257439,343252,429065
85814,171628,257442,343256,429070
85815,171630,257445,343260,429075
85816,171632,257448,343264,429080
85817,171634,257451,343268,429085
85818,171636,257454,343272,429090
85819,171638,257457,343276,429095
85820,171640,257460,343280,429100
85821,171642,257463,343284,429105
85822,171644,257466,343288,429110
85823,171646,257469,343292,429115
85824,171648,257472,343296,429120
85825,171650,257475,343300,429125
85826,171652,257478,343304,429130
85827,171654,257481,343308,429135
85828,171656,257484,343312,429140
85829,171658,257487,343316,429145
85830,171660,257490,343320,429150
85831,171662,257493,343324,429155
85832,171664,257496,343328,429160
85833,171666,257499,343332,429165
85834,171668,257502,343336,429170
85835,171670,257505,343340,429175
85836,171672,257508,343344,429180
85837,171674,257511,343348,429185
85838,171676,257514,343352,429190
85839,171678,257517,343356,429195
85840,171680,257520,343360,429200
85841,171682,257523,343364,429205
85842,171684,257526,343368,429210
85843,171686,257529,343372,429215
85844,171688,257532,343376,429220
85845,171690,257535,343380,429225
85846,171692,257538,343384,429230
85847,171694,257541,343388,429235
85848,171696,257544,343392,429240
85849,171698,257547,343396,429245
85850,171700,257550,343400,429250
85851,171702,257553,343404,429255
85852,171704,257556,343408,429260
85853,171706,257559,343412,429265
85854,171708,257562,343416,429270
85855,171710,257565,343420,429275
85856,171712,257568,343424,429280
85857,171714,257571,343428,429285
85858,171716,257574,343432,429290
85859,171718,257577,343436,429295
85860,171720,257580,343440,429300
85861,171722,257583,343444,429305
85862,171724,257586,343448,429310
85863,171726,257589,343452,429315
85864,171728,257592,343456,429320
85865,171730,257595,343460,429325
85866,171732,257598,343464,429330
85867,171734,257601,343468,429335
85868,171736,257604,343472,429340
85869,171738,257607,343476,429345
85870,171740,257610,343480,429350
85871,171742,257613,343484,429355
85872,171744,257616,343488,429360
85873,171746,257619,343492,429365
85874,171748,257622,343496,429370
85875,171750,257625,343500,429375
85876,171752,257628,343504,429380
85877,171754,257631,343508,429385
85878,171756,257634,343512,429390
85879,171758,257637,343516,429395
85880,171760,257640,343520,429400
85881,171762,257643,343524,429405
85882,171764,257646,343528,429410
85883,171766,257649,343532,429415
85884,171768,257652,343536,429420
85885,171770,257655,343540,429425
85886,171772,257658,343544,429430
85887,171774,257661,343548,429435
85888,171776,257664,343552,429440
85889,171778,257667,343556,429445
85890,171780,257670,343560,429450
85891,171782,257673,343564,429455
85892,171784,257676,343568,429460
85893,171786,257679,343572,429465
85894,171788,257682,343576,429470
85895,171790,257685,343580,429475
85896,171792,257688,343584,429480
85897,171794,257691,343588,429485
85898,171796,257694,343592,429490
85899,171798,257697,343596,429495
85900,171800,257700,343600,429500
85901,171802,257703,343604,429505
85902,171804,257706,343608,429510
85903,171806,257709,343612,429515
85904,171808,257712,343616,429520
85905,171810,257715,343620,429525
85906,171812,257718,343624,429530
85907,171814,257721,343628,429535
85908,171816,257724,343632,429540
85909,171818,257727,343636,429545
85910,171820,257730,343640,429550
85911,171822,257733,343644,429555
85912,171824,257736,343648,429560
85913,171826,257739,343652,429565
85914,171828,257742,343656,429570
85915,171830,257745,343660,429575
85916,171832,257748,343664,429580
85917,171834,257751,343668,429585
85918,171836,257754,343672,429590
85919,171838,257757,343676,429595
85920,171840,257760,343680,429600
85921,171842,257763,343684,429605
85922,171844,257766,343688,429610
85923,171846,257769,343692,429615
85924,171848,257772,343696,429620
85925,171850,257775,343700,429625
85926,171852,257778,343704,429630
85927,171854,257781,343708,429635
85928,171856,257784,343712,429640
85929,171858,257787,343716,429645
85930,171860,257790,343720,429650
85931,171862,257793,343724,429655
85932,171864,257796,343728,429660
85933,171866,257799,343732,429665
85934,171868,257802,343736,429670
85935,171870,257805,343740,429675
85936,171872,257808,343744,429680
85937,171874,257811,343748,429685
85938,171876,257814,343752,429690
85939,171878,257817,343756,429695
85940,171880,257820,343760,429700
85941,171882,257823,343764,429705
85942,171884,257826,343768,429710
85943,171886,257829,343772,429715
85944,171888,257832,343776,429720
85945,171890,257835,343780,429725
85946,171892,257838,343784,429730
85947,171894,257841,343788,429735
85948,171896,257844,343792,429740
85949,171898,257847,343796,429745
85950,171900,257850,343800,429750
85951,171902,257853,343804,429755
85952,171904,257856,343808,429760
85953,171906,257859,343812,429765
85954,171908,257862,343816,429770
85955,171910,257865,343820,429775
85956,171912,257868,343824,429780
85957,171914,257871,343828,429785
85958,171916,257874,343832,429790
85959,171918,257877,343836,429795
85960,171920,257880,343840,429800
85961,171922,257883,343844,429805
85962,171924,257886,343848,429810
85963,171926,257889,343852,429815
85964,171928,257892,343856,429820
85965,171930,257895,343860,429825
85966,171932,257898,343864,429830
85967,171934,257901,343868,429835
85968,171936,257904,343872,429840
85969,171938,257907,343876,429845
85970,171940,257910,343880,429850
85971,171942,257913,343884,429855
85972,171944,257916,343888,429860
85973,171946,257919,343892,429865
85974,171948,257922,343896,429870
85975,171950,257925,343900,429875
85976,171952,257928,343904,429880
85977,171954,257931,343908,429885
85978,171956,257934,343912,429890
85979,171958,257937,343916,429895
85980,171960,257940,343920,429900
85981,171962,257943,343924,429905
85982,171964,257946,343928,429910
85983,171966,257949,343932,429915
85984,171968,257952,343936,429920
85985,171970,257955,343940,429925
85986,171972,257958,343944,429930
85987,171974,257961,343948,429935
85988,171976,257964,343952,429940
85989,171978,257967,343956,429945
85990,171980,257970,343960,429950
85991,171982,257973,343964,429955
85992,171984,257976,343968,429960
85993,171986,257979,343972,429965
85994,171988,257982,343976,429970
85995,171990,257985,343980,429975
85996,171992,257988,343984,429980
85997,171994,257991,343988,429985
85998,171996,257994,343992,429990
85999,171998,257997,343996,429995
86000,172000,258000,344000,430000
86001,172002,258003,344004,430005
86002,172004,258006,344008,430010
86003,172006,258009,344012,430015
86004,172008,258012,344016,430020
86005,172010,258015,344020,430025
86006,172012,258018,344024,430030
86007,172014,258021,344028,430035
86008,172016,258024,344032,430040
86009,172018,258027,344036,430045
86010,172020,258030,344040,430050
86011,172022,258033,344044,430055
86012,172024,258036,344048,430060
86013,172026,258039,344052,430065
86014,172028,258042,344056,430070
86015,172030,258045,344060,430075
86016,172032,258048,344064,430080
86017,172034,258051,344068,430085
86018,172036,258054,344072,430090
86019,172038,258057,344076,430095
86020,172040,258060,344080,430100
86021,172042,258063,344084,430105
86022,172044,258066,344088,430110
86023,172046,258069,344092,430115
86024,172048,258072,344096,430120
86025,172050,258075,344100,430125
86026,172052,258078,344104,430130
86027,172054,258081,344108,430135
86028,172056,258084,344112,430140
86029,172058,258087,344116,430145
86030,172060,258090,344120,430150
86031,172062,258093,344124,430155
86032,172064,258096,344128,430160
86033,172066,258099,344132,430165
86034,172068,258102,344136,430170
86035,172070,258105,344140,430175
86036,172072,258108,344144,430180
86037,172074,258111,344148,430185
86038,172076,258114,344152,430190
86039,172078,258117,344156,430195
86040,172080,258120,344160,430200
86041,172082,258123,344164,430205
86042,172084,258126,344168,430210
86043,172086,258129,344172,430215
86044,172088,258132,344176,430220
86045,172090,258135,344180,430225
86046,172092,258138,344184,430230
86047,172094,258141,344188,430235
86048,172096,258144,344192,430240
86049,172098,258147,344196,430245
86050,172100,258150,344200,430250
86051,172102,258153,344204,430255
86052,172104,258156,344208,430260
86053,172106,258159,344212,430265
86054,172108,258162,344216,430270
86055,172110,258165,344220,430275
86056,172112,258168,344224,430280
86057,172114,258171,344228,430285
86058,172116,258174,344232,430290
86059,172118,258177,344236,430295
86060,172120,258180,344240,430300
86061,172122,258183,344244,430305
86062,172124,258186,344248,430310
86063,172126,258189,344252,430315
86064,172128,258192,344256,430320
86065,172130,258195,344260,430325
86066,172132,258198,344264,430330
86067,172134,258201,344268,430335
86068,172136,258204,344272,430340
86069,172138,258207,344276,430345
86070,172140,258210,344280,430350
86071,172142,258213,344284,430355
86072,172144,258216,344288,430360
86073,172146,258219,344292,430365
86074,172148,258222,344296,430370
86075,172150,258225,344300,430375
86076,172152,258228,344304,430380
86077,172154,258231,344308,430385
86078,172156,258234,344312,430390
86079,172158,258237,344316,430395
86080,172160,258240,344320,430400
86081,172162,258243,344324,430405
86082,172164,258246,344328,430410
86083,172166,258249,344332,430415
86084,172168,258252,344336,430420
86085,172170,258255,344340,430425
86086,172172,258258,344344,430430
86087,172174,258261,344348,430435
86088,172176,258264,344352,430440
86089,172178,258267,344356,430445
86090,172180,258270,344360,430450
86091,172182,258273,344364,430455
86092,172184,258276,344368,430460
86093,172186,258279,344372,430465
86094,172188,258282,344376,430470
86095,172190,258285,344380,430475
86096,172192,258288,344384,430480
86097,172194,258291,344388,430485
86098,172196,258294,344392,430490
86099,172198,258297,344396,430495
86100,172200,258300,344400,430500
86101,172202,258303,344404,430505
86102,172204,258306,344408,430510
86103,172206,258309,344412,430515
86104,172208,258312,344416,430520
86105,172210,258315,344420,430525
86106,172212,258318,344424,430530
86107,172214,258321,344428,430535
86108,172216,258324,344432,430540
86109,172218,258327,344436,430545
86110,172220,258330,344440,430550
86111,172222,258333,344444,430555
86112,172224,258336,344448,430560
86113,172226,258339,344452,430565
86114,172228,258342,344456,430570
86115,172230,258345,344460,430575
86116,172232,258348,344464,430580
86117,172234,258351,344468,430585
86118,172236,258354,344472,430590
86119,172238,258357,344476,430595
86120,172240,258360,344480,430600
86121,172242,258363,344484,430605
86122,172244,258366,344488,430610
86123,172246,258369,344492,430615
86124,172248,258372,344496,430620
86125,172250,258375,344500,430625
86126,172252,258378,344504,430630
86127,172254,258381,344508,430635
86128,172256,258384,344512,430640
86129,172258,258387,344516,430645
86130,172260,258390,344520,430650
86131,172262,258393,344524,430655
86132,172264,258396,344528,430660
86133,172266,258399,344532,430665
86134,172268,258402,344536,430670
86135,172270,258405,344540,430675
86136,172272,258408,344544,430680
86137,172274,258411,344548,430685
86138,172276,258414,344552,430690
86139,172278,258417,344556,430695
86140,172280,258420,344560,430700
86141,172282,258423,344564,430705
86142,172284,258426,344568,430710
86143,172286,258429,344572,430715
86144,172288,258432,344576,430720
86145,172290,258435,344580,430725
86146,172292,258438,344584,430730
86147,172294,258441,344588,430735
86148,172296,258444,344592,430740
86149,172298,258447,344596,430745
86150,172300,258450,344600,430750
86151,172302,258453,344604,430755
86152,172304,258456,344608,430760
86153,172306,258459,344612,430765
86154,172308,258462,344616,430770
86155,172310,258465,344620,430775
86156,172312,258468,344624,430780
86157,172314,258471,344628,430785
86158,172316,258474,344632,430790
86159,172318,258477,344636,430795
86160,172320,258480,344640,430800
86161,172322,258483,344644,430805
86162,172324,258486,344648,430810
86163,172326,258489,344652,430815
86164,172328,258492,344656,430820
86165,172330,258495,344660,430825
86166,172332,258498,344664,430830
86167,172334,258501,344668,430835
86168,172336,258504,344672,430840
86169,172338,258507,344676,430845
86170,172340,258510,344680,430850
86171,172342,258513,344684,430855
86172,172344,258516,344688,430860
86173,172346,258519,344692,430865
86174,172348,258522,344696,430870
86175,172350,258525,344700,430875
86176,172352,258528,344704,430880
86177,172354,258531,344708,430885
86178,172356,258534,344712,430890
86179,172358,258537,344716,430895
86180,172360,258540,344720,430900
86181,172362,258543,344724,430905
86182,172364,258546,344728,430910
86183,172366,258549,344732,430915
86184,172368,258552,344736,430920
86185,172370,258555,344740,430925
86186,172372,258558,344744,430930
86187,172374,258561,344748,430935
86188,172376,258564,344752,430940
86189,172378,258567,344756,430945
86190,172380,258570,344760,430950
86191,172382,258573,344764,430955
86192,172384,258576,344768,430960
86193,172386,258579,344772,430965
86194,172388,258582,344776,430970
86195,172390,258585,344780,430975
86196,172392,258588,344784,430980
86197,172394,258591,344788,430985
86198,172396,258594,344792,430990
86199,172398,258597,344796,430995
86200,172400,258600,344800,431000
86201,172402,258603,344804,431005
86202,172404,258606,344808,431010
86203,172406,258609,344812,431015
86204,172408,258612,344816,431020
86205,172410,258615,344820,431025
86206,172412,258618,344824,431030
86207,172414,258621,344828,431035
86208,172416,258624,344832,431040
86209,172418,258627,344836,431045
86210,172420,258630,344840,431050
86211,172422,258633,344844,431055
86212,172424,258636,344848,431060
86213,172426,258639,344852,431065
86214,172428,258642,344856,431070
86215,172430,258645,344860,431075
86216,172432,258648,344864,431080
86217,172434,258651,344868,431085
86218,172436,258654,344872,431090
86219,172438,258657,344876,431095
86220,172440,258660,344880,431100
86221,172442,258663,344884,431105
86222,172444,258666,344888,431110
86223,172446,258669,344892,431115
86224,172448,258672,344896,431120
86225,172450,258675,344900,431125
86226,172452,258678,344904,431130
86227,172454,258681,344908,431135
86228,172456,258684,344912,431140
86229,172458,258687,344916,431145
86230,172460,258690,344920,431150
86231,172462,258693,344924,431155
86232,172464,258696,344928,431160
86233,172466,258699,344932,431165
86234,172468,258702,344936,431170
86235,172470,258705,344940,431175
86236,172472,258708,344944,431180
86237,172474,258711,344948,431185
86238,172476,258714,344952,431190
86239,172478,258717,344956,431195
86240,172480,258720,344960,431200
86241,172482,258723,344964,431205
86242,172484,258726,344968,431210
86243,172486,258729,344972,431215
86244,172488,258732,344976,431220
86245,172490,258735,344980,431225
86246,172492,258738,344984,431230
86247,172494,258741,344988,431235
86248,172496,258744,344992,431240
86249,172498,258747,344996,431245
86250,172500,258750,345000,431250
86251,172502,258753,345004,431255
86252,172504,258756,345008,431260
86253,172506,258759,345012,431265
86254,172508,258762,345016,431270
86255,172510,258765,345020,431275
86256,172512,258768,345024,431280
86257,172514,258771,345028,431285
86258,172516,258774,345032,431290
86259,172518,258777,345036,431295
86260,172520,258780,345040,431300
86261,172522,258783,345044,431305
86262,172524,258786,345048,431310
86263,172526,258789,345052,431315
86264,172528,258792,345056,431320
86265,172530,258795,345060,431325
86266,172532,258798,345064,431330
86267,172534,258801,345068,431335
86268,172536,258804,345072,431340
86269,172538,258807,345076,431345
86270,172540,258810,345080,431350
86271,172542,258813,345084,431355
86272,172544,258816,345088,431360
86273,172546,258819,345092,431365
86274,172548,258822,345096,431370
86275,172550,258825,345100,431375
86276,172552,258828,345104,431380
86277,172554,258831,345108,431385
86278,172556,258834,345112,431390
86279,172558,258837,345116,431395
86280,172560,258840,345120,431400
86281,172562,258843,345124,431405
86282,172564,258846,345128,431410
86283,172566,258849,345132,431415
86284,172568,258852,345136,431420
86285,172570,258855,345140,431425
86286,172572,258858,345144,431430
86287,172574,258861,345148,431435
86288,172576,258864,345152,431440
86289,172578,258867,345156,431445
86290,172580,258870,345160,431450
86291,172582,258873,345164,431455
86292,172584,258876,345168,431460
86293,172586,258879,345172,431465
86294,172588,258882,345176,431470
86295,172590,258885,345180,431475
86296,172592,258888,345184,431480
86297,172594,258891,345188,431485
86298,172596,258894,345192,431490
86299,172598,258897,345196,431495
86300,172600,258900,345200,431500
86301,172602,258903,345204,431505
86302,172604,258906,345208,431510
86303,172606,258909,345212,431515
86304,172608,258912,345216,431520
86305,172610,258915,345220,431525
86306,172612,258918,345224,431530
86307,172614,258921,345228,431535
86308,172616,258924,345232,431540
86309,172618,258927,345236,431545
86310,172620,258930,345240,431550
86311,172622,258933,345244,431555
86312,172624,258936,345248,431560
86313,172626,258939,345252,431565
86314,172628,258942,345256,431570
86315,172630,258945,345260,431575
86316,172632,258948,345264,431580
86317,172634,258951,345268,431585
86318,172636,258954,345272,431590
86319,172638,258957,345276,431595
86320,172640,258960,345280,431600
86321,172642,258963,345284,431605
86322,172644,258966,345288,431610
86323,172646,258969,345292,431615
86324,172648,258972,345296,431620
86325,172650,258975,345300,431625
86326,172652,258978,345304,431630
86327,172654,258981,345308,431635
86328,172656,258984,345312,431640
86329,172658,258987,345316,431645
86330,172660,258990,345320,431650
86331,172662,258993,345324,431655
86332,172664,258996,345328,431660
86333,172666,258999,345332,431665
86334,172668,259002,345336,431670
86335,172670,259005,345340,431675
86336,172672,259008,345344,431680
86337,172674,259011,345348,431685
86338,172676,259014,345352,431690
86339,172678,259017,345356,431695
86340,172680,259020,345360,431700
86341,172682,259023,345364,431705
86342,172684,259026,345368,431710
86343,172686,259029,345372,431715
86344,172688,259032,345376,431720
86345,172690,259035,345380,431725
86346,172692,259038,345384,431730
86347,172694,259041,345388,431735
86348,172696,259044,345392,431740
86349,172698,259047,345396,431745
86350,172700,259050,345400,431750
86351,172702,259053,345404,431755
86352,172704,259056,345408,431760
86353,172706,259059,345412,431765
86354,172708,259062,345416,431770
86355,172710,259065,345420,431775
86356,172712,259068,345424,431780
86357,172714,259071,345428,431785
86358,172716,259074,345432,431790
86359,172718,259077,345436,431795
86360,172720,259080,345440,431800
86361,172722,259083,345444,431805
86362,172724,259086,345448,431810
86363,172726,259089,345452,431815
86364,172728,259092,345456,431820
86365,172730,259095,345460,431825
86366,172732,259098,345464,431830
86367,172734,259101,345468,431835
86368,172736,259104,345472,431840
86369,172738,259107,345476,431845
86370,172740,259110,345480,431850
86371,172742,259113,345484,431855
86372,172744,259116,345488,431860
86373,172746,259119,345492,431865
86374,172748,259122,345496,431870
86375,172750,259125,345500,431875
86376,172752,259128,345504,431880
86377,172754,259131,345508,431885
86378,172756,259134,345512,431890
86379,172758,259137,345516,431895
86380,172760,259140,345520,431900
86381,172762,259143,345524,431905
86382,172764,259146,345528,431910
86383,172766,259149,345532,431915
86384,172768,259152,345536,431920
86385,172770,259155,345540,431925
86386,172772,259158,345544,431930
86387,172774,259161,345548,431935
86388,172776,259164,345552,431940
86389,172778,259167,345556,431945
86390,172780,259170,345560,431950
86391,172782,259173,345564,431955
86392,172784,259176,345568,431960
86393,172786,259179,345572,431965
86394,172788,259182,345576,431970
86395,172790,259185,345580,431975
86396,172792,259188,345584,431980
86397,172794,259191,345588,431985
86398,172796,259194,345592,431990
86399,172798,259197,345596,431995
86400,172800,259200,345600,432000
86401,172802,259203,345604,432005
86402,172804,259206,345608,432010
86403,172806,259209,345612,432015
86404,172808,259212,345616,432020
86405,172810,259215,345620,432025
86406,172812,259218,345624,432030
86407,172814,259221,345628,432035
86408,172816,259224,345632,432040
86409,172818,259227,345636,432045
86410,172820,259230,345640,432050
86411,172822,259233,345644,432055
86412,172824,259236,345648,432060
86413,172826,259239,345652,432065
86414,172828,259242,345656,432070
86415,172830,259245,345660,432075
86416,172832,259248,345664,432080
86417,172834,259251,345668,432085
86418,172836,259254,345672,432090
86419,172838,259257,345676,432095
86420,172840,259260,345680,432100
86421,172842,259263,345684,432105
86422,172844,259266,345688,432110
86423,172846,259269,345692,432115
86424,172848,259272,345696,432120
86425,172850,259275,345700,432125
86426,172852,259278,345704,432130
86427,172854,259281,345708,432135
86428,172856,259284,345712,432140
86429,172858,259287,345716,432145
86430,172860,259290,345720,432150
86431,172862,259293,345724,432155
86432,172864,259296,345728,432160
86433,172866,259299,345732,432165
86434,172868,259302,345736,432170
86435,172870,259305,345740,432175
86436,172872,259308,345744,432180
86437,172874,259311,345748,432185
86438,172876,259314,345752,432190
86439,172878,259317,345756,432195
86440,172880,259320,345760,432200
86441,172882,259323,345764,432205
86442,172884,259326,345768,432210
86443,172886,259329,345772,432215
86444,172888,259332,345776,432220
86445,172890,259335,345780,432225
86446,172892,259338,345784,432230
86447,172894,259341,345788,432235
86448,172896,259344,345792,432240
86449,172898,259347,345796,432245
86450,172900,259350,345800,432250
86451,172902,259353,345804,432255
86452,172904,259356,345808,432260
86453,172906,259359,345812,432265
86454,172908,259362,345816,432270
86455,172910,259365,345820,432275
86456,172912,259368,345824,432280
86457,172914,259371,345828,432285
86458,172916,259374,345832,432290
86459,172918,259377,345836,432295
86460,172920,259380,345840,432300
86461,172922,259383,345844,432305
86462,172924,259386,345848,432310
86463,172926,259389,345852,432315
86464,172928,259392,345856,432320
86465,172930,259395,345860,432325
86466,172932,259398,345864,432330
86467,172934,259401,345868,432335
86468,172936,259404,345872,432340
86469,172938,259407,345876,432345
86470,172940,259410,345880,432350
86471,172942,259413,345884,432355
86472,172944,259416,345888,432360
86473,172946,259419,345892,432365
86474,172948,259422,345896,432370
86475,172950,259425,345900,432375
86476,172952,259428,345904,432380
86477,172954,259431,345908,432385
86478,172956,259434,345912,432390
86479,172958,259437,345916,432395
86480,172960,259440,345920,432400
86481,172962,259443,345924,432405
86482,172964,259446,345928,432410
86483,172966,259449,345932,432415
86484,172968,259452,345936,432420
86485,172970,259455,345940,432425
86486,172972,259458,345944,432430
86487,172974,259461,345948,432435
86488,172976,259464,345952,432440
86489,172978,259467,345956,432445
86490,172980,259470,345960,432450
86491,172982,259473,345964,432455
86492,172984,259476,345968,432460
86493,172986,259479,345972,432465
86494,172988,259482,345976,432470
86495,172990,259485,345980,432475
86496,172992,259488,345984,432480
86497,172994,259491,345988,432485
86498,172996,259494,345992,432490
86499,172998,259497,345996,432495
86500,173000,259500,346000,432500
86501,173002,259503,346004,432505
86502,173004,259506,346008,432510
86503,173006,259509,346012,432515
86504,173008,259512,346016,432520
86505,173010,259515,346020,432525
86506,173012,259518,346024,432530
86507,173014,259521,346028,432535
86508,173016,259524,346032,432540
86509,173018,259527,346036,432545
86510,173020,259530,346040,432550
86511,173022,259533,346044,432555
86512,173024,259536,346048,432560
86513,173026,259539,346052,432565
86514,173028,259542,346056,432570
86515,173030,259545,346060,432575
86516,173032,259548,346064,432580
86517,173034,259551,346068,432585
86518,173036,259554,346072,432590
86519,173038,259557,346076,432595
86520,173040,259560,346080,432600
86521,173042,259563,346084,432605
86522,173044,259566,346088,432610
86523,173046,259569,346092,432615
86524,173048,259572,346096,432620
86525,173050,259575,346100,432625
86526,173052,259578,346104,432630
86527,173054,259581,346108,432635
86528,173056,259584,346112,432640
86529,173058,259587,346116,432645
86530,173060,259590,346120,432650
86531,173062,259593,346124,432655
86532,173064,259596,346128,432660
86533,173066,259599,346132,432665
86534,173068,259602,346136,432670
86535,173070,259605,346140,432675
86536,173072,259608,346144,432680
86537,173074,259611,346148,432685
86538,173076,259614,346152,432690
86539,173078,259617,346156,432695
86540,173080,259620,346160,432700
86541,173082,259623,346164,432705
86542,173084,259626,346168,432710
86543,173086,259629,346172,432715
86544,173088,259632,346176,432720
86545,173090,259635,346180,432725
86546,173092,259638,346184,432730
86547,173094,259641,346188,432735
86548,173096,259644,346192,432740
86549,173098,259647,346196,432745
86550,173100,259650,346200,432750
86551,173102,259653,346204,432755
86552,173104,259656,346208,432760
86553,173106,259659,346212,432765
86554,173108,259662,346216,432770
86555,173110,259665,346220,432775
86556,173112,259668,346224,432780
86557,173114,259671,346228,432785
86558,173116,259674,346232,432790
86559,173118,259677,346236,432795
86560,173120,259680,346240,432800
86561,173122,259683,346244,432805
86562,173124,259686,346248,432810
86563,173126,259689,346252,432815
86564,173128,259692,346256,432820
86565,173130,259695,346260,432825
86566,173132,259698,346264,432830
86567,173134,259701,346268,432835
86568,173136,259704,346272,432840
86569,173138,259707,346276,432845
86570,173140,259710,346280,432850
86571,173142,259713,346284,432855
86572,173144,259716,346288,432860
86573,173146,259719,346292,432865
86574,173148,259722,346296,432870
86575,173150,259725,346300,432875
86576,173152,259728,346304,432880
86577,173154,259731,346308,432885
86578,173156,259734,346312,432890
86579,173158,259737,346316,432895
86580,173160,259740,346320,432900
86581,173162,259743,346324,432905
86582,173164,259746,346328,432910
86583,173166,259749,346332,432915
86584,173168,259752,346336,432920
86585,173170,259755,346340,432925
86586,173172,259758,346344,432930
86587,173174,259761,346348,432935
86588,173176,259764,346352,432940
86589,173178,259767,346356,432945
86590,173180,259770,346360,432950
86591,173182,259773,346364,432955
86592,173184,259776,346368,432960
86593,173186,259779,346372,432965
86594,173188,259782,346376,432970
86595,173190,259785,346380,432975
86596,173192,259788,346384,432980
86597,173194,259791,346388,432985
86598,173196,259794,346392,432990
86599,173198,259797,346396,432995
86600,173200,259800,346400,433000
86601,173202,259803,346404,433005
86602,173204,259806,346408,433010
86603,173206,259809,346412,433015
86604,173208,259812,346416,433020
86605,173210,259815,346420,433025
86606,173212,259818,346424,433030
86607,173214,259821,346428,433035
86608,173216,259824,346432,433040
86609,173218,259827,346436,433045
86610,173220,259830,346440,433050
86611,173222,259833,346444,433055
86612,173224,259836,346448,433060
86613,173226,259839,346452,433065
86614,173228,259842,346456,433070
86615,173230,259845,346460,433075
86616,173232,259848,346464,433080
86617,173234,259851,346468,433085
86618,173236,259854,346472,433090
86619,173238,259857,346476,433095
86620,173240,259860,346480,433100
86621,173242,259863,346484,433105
86622,173244,259866,346488,433110
86623,173246,259869,346492,433115
86624,173248,259872,346496,433120
86625,173250,259875,346500,433125
86626,173252,259878,346504,433130
86627,173254,259881,346508,433135
86628,173256,259884,346512,433140
86629,173258,259887,346516,433145
86630,173260,259890,346520,433150
86631,173262,259893,346524,433155
86632,173264,259896,346528,433160
86633,173266,259899,346532,433165
86634,173268,259902,346536,433170
86635,173270,259905,346540,433175
86636,173272,259908,346544,433180
86637,173274,259911,346548,433185
86638,173276,259914,346552,433190
86639,173278,259917,346556,433195
86640,173280,259920,346560,433200
86641,173282,259923,346564,433205
86642,173284,259926,346568,433210
86643,173286,259929,346572,433215
86644,173288,259932,346576,433220
86645,173290,259935,346580,433225
86646,173292,259938,346584,433230
86647,173294,259941,346588,433235
86648,173296,259944,346592,433240
86649,173298,259947,346596,433245
86650,173300,259950,346600,433250
86651,173302,259953,346604,433255
86652,173304,259956,346608,433260
86653,173306,259959,346612,433265
86654,173308,259962,346616,433270
86655,173310,259965,346620,433275
86656,173312,259968,346624,433280
86657,173314,259971,346628,433285
86658,173316,259974,346632,433290
86659,173318,259977,346636,433295
86660,173320,259980,346640,433300
86661,173322,259983,346644,433305
86662,173324,259986,346648,433310
86663,173326,259989,346652,433315
86664,173328,259992,346656,433320
86665,173330,259995,346660,433325
86666,173332,259998,346664,433330
86667,173334,260001,346668,433335
86668,173336,260004,346672,433340
86669,173338,260007,346676,433345
86670,173340,260010,346680,433350
86671,173342,260013,346684,433355
86672,173344,260016,346688,433360
86673,173346,260019,346692,433365
86674,173348,260022,346696,433370
86675,173350,260025,346700,433375
86676,173352,260028,346704,433380
86677,173354,260031,346708,433385
86678,173356,260034,346712,433390
86679,173358,260037,346716,433395
86680,173360,260040,346720,433400
86681,173362,260043,346724,433405
86682,173364,260046,346728,433410
86683,173366,260049,346732,433415
86684,173368,260052,346736,433420
86685,173370,260055,346740,433425
86686,173372,260058,346744,433430
86687,173374,260061,346748,433435
86688,173376,260064,346752,433440
86689,173378,260067,346756,433445
86690,173380,260070,346760,433450
86691,173382,260073,346764,433455
86692,173384,260076,346768,433460
86693,173386,260079,346772,433465
86694,173388,260082,346776,433470
86695,173390,260085,346780,433475
86696,173392,260088,346784,433480
86697,173394,260091,346788,433485
86698,173396,260094,346792,433490
86699,173398,260097,346796,433495
86700,173400,260100,346800,433500
86701,173402,260103,346804,433505
86702,173404,260106,346808,433510
86703,173406,260109,346812,433515
86704,173408,260112,346816,433520
86705,173410,260115,346820,433525
86706,173412,260118,346824,433530
86707,173414,260121,346828,433535
86708,173416,260124,346832,433540
86709,173418,260127,346836,433545
86710,173420,260130,346840,433550
86711,173422,260133,346844,433555
86712,173424,260136,346848,433560
86713,173426,260139,346852,433565
86714,173428,260142,346856,433570
86715,173430,260145,346860,433575
86716,173432,260148,346864,433580
86717,173434,260151,346868,433585
86718,173436,260154,346872,433590
86719,173438,260157,346876,433595
86720,173440,260160,346880,433600
86721,173442,260163,346884,433605
86722,173444,260166,346888,433610
86723,173446,260169,346892,433615
86724,173448,260172,346896,433620
86725,173450,260175,346900,433625
86726,173452,260178,346904,433630
86727,173454,260181,346908,433635
86728,173456,260184,346912,433640
86729,173458,260187,346916,433645
86730,173460,260190,346920,433650
86731,173462,260193,346924,433655
86732,173464,260196,346928,433660
86733,173466,260199,346932,433665
86734,173468,260202,346936,433670
86735,173470,260205,346940,433675
86736,173472,260208,346944,433680
86737,173474,260211,346948,433685
86738,173476,260214,346952,433690
86739,173478,260217,346956,433695
86740,173480,260220,346960,433700
86741,173482,260223,346964,433705
86742,173484,260226,346968,433710
86743,173486,260229,346972,433715
86744,173488,260232,346976,433720
86745,173490,260235,346980,433725
86746,173492,260238,346984,433730
86747,173494,260241,346988,433735
86748,173496,260244,346992,433740
86749,173498,260247,346996,433745
86750,173500,260250,347000,433750
86751,173502,260253,347004,433755
86752,173504,260256,347008,433760
86753,173506,260259,347012,433765
86754,173508,260262,347016,433770
86755,173510,260265,347020,433775
86756,173512,260268,347024,433780
86757,173514,260271,347028,433785
86758,173516,260274,347032,433790
86759,173518,260277,347036,433795
86760,173520,260280,347040,433800
86761,173522,260283,347044,433805
86762,173524,260286,347048,433810
86763,173526,260289,347052,433815
86764,173528,260292,347056,433820
86765,173530,260295,347060,433825
86766,173532,260298,347064,433830
86767,173534,260301,347068,433835
86768,173536,260304,347072,433840
86769,173538,260307,347076,433845
86770,173540,260310,347080,433850
86771,173542,260313,347084,433855
86772,173544,260316,347088,433860
86773,173546,260319,347092,433865
86774,173548,260322,347096,433870
86775,173550,260325,347100,433875
86776,173552,260328,347104,433880
86777,173554,260331,347108,433885
86778,173556,260334,347112,433890
86779,173558,260337,347116,433895
86780,173560,260340,347120,433900
86781,173562,260343,347124,433905
86782,173564,260346,347128,433910
86783,173566,260349,347132,433915
86784,173568,260352,347136,433920
86785,173570,260355,347140,433925
86786,173572,260358,347144,433930
86787,173574,260361,347148,433935
86788,173576,260364,347152,433940
86789,173578,260367,347156,433945
86790,173580,260370,347160,433950
86791,173582,260373,347164,433955
86792,173584,260376,347168,433960
86793,173586,260379,347172,433965
86794,173588,260382,347176,433970
86795,173590,260385,347180,433975
86796,173592,260388,347184,433980
86797,173594,260391,347188,433985
86798,173596,260394,347192,433990
86799,173598,260397,347196,433995
86800,173600,260400,347200,434000
86801,173602,260403,347204,434005
86802,173604,260406,347208,434010
86803,173606,260409,347212,434015
86804,173608,260412,347216,434020
86805,173610,260415,347220,434025
86806,173612,260418,347224,434030
86807,173614,260421,347228,434035
86808,173616,260424,347232,434040
86809,173618,260427,347236,434045
86810,173620,260430,347240,434050
86811,173622,260433,347244,434055
86812,173624,260436,347248,434060
86813,173626,260439,347252,434065
86814,173628,260442,347256,434070
86815,173630,260445,347260,434075
86816,173632,260448,347264,434080
86817,173634,260451,347268,434085
86818,173636,260454,347272,434090
86819,173638,260457,347276,434095
86820,173640,260460,347280,434100
86821,173642,260463,347284,434105
86822,173644,260466,347288,434110
86823,173646,260469,347292,434115
86824,173648,260472,347296,434120
86825,173650,260475,347300,434125
86826,173652,260478,347304,434130
86827,173654,260481,347308,434135
86828,173656,260484,347312,434140
86829,173658,260487,347316,434145
86830,173660,260490,347320,434150
86831,173662,260493,347324,434155
86832,173664,260496,347328,434160
86833,173666,260499,347332,434165
86834,173668,260502,347336,434170
86835,173670,260505,347340,434175
86836,173672,260508,347344,434180
86837,173674,260511,347348,434185
86838,173676,260514,347352,434190
86839,173678,260517,347356,434195
86840,173680,260520,347360,434200
86841,173682,260523,347364,434205
86842,173684,260526,347368,434210
86843,173686,260529,347372,434215
86844,173688,260532,347376,434220
86845,173690,260535,347380,434225
86846,173692,260538,347384,434230
86847,173694,260541,347388,434235
86848,173696,260544,347392,434240
86849,173698,260547,347396,434245
86850,173700,260550,347400,434250
86851,173702,260553,347404,434255
86852,173704,260556,347408,434260
86853,173706,260559,347412,434265
86854,173708,260562,347416,434270
86855,173710,260565,347420,434275
86856,173712,260568,347424,434280
86857,173714,260571,347428,434285
86858,173716,260574,347432,434290
86859,173718,260577,347436,434295
86860,173720,260580,347440,434300
86861,173722,260583,347444,434305
86862,173724,260586,347448,434310
86863,173726,260589,347452,434315
86864,173728,260592,347456,434320
86865,173730,260595,347460,434325
86866,173732,260598,347464,434330
86867,173734,260601,347468,434335
86868,173736,260604,347472,434340
86869,173738,260607,347476,434345
86870,173740,260610,347480,434350
86871,173742,260613,347484,434355
86872,173744,260616,347488,434360
86873,173746,260619,347492,434365
86874,173748,260622,347496,434370
86875,173750,260625,347500,434375
86876,173752,260628,347504,434380
86877,173754,260631,347508,434385
86878,173756,260634,347512,434390
86879,173758,260637,347516,434395
86880,173760,260640,347520,434400
86881,173762,260643,347524,434405
86882,173764,260646,347528,434410
86883,173766,260649,347532,434415
86884,173768,260652,347536,434420
86885,173770,260655,347540,434425
86886,173772,260658,347544,434430
86887,173774,260661,347548,434435
86888,173776,260664,347552,434440
86889,173778,260667,347556,434445
86890,173780,260670,347560,434450
86891,173782,260673,347564,434455
86892,173784,260676,347568,434460
86893,173786,260679,347572,434465
86894,173788,260682,347576,434470
86895,173790,260685,347580,434475
86896,173792,260688,347584,434480
86897,173794,260691,347588,434485
86898,173796,260694,347592,434490
86899,173798,260697,347596,434495
86900,173800,260700,347600,434500
86901,173802,260703,347604,434505
86902,173804,260706,347608,434510
86903,173806,260709,347612,434515
86904,173808,260712,347616,434520
86905,173810,260715,347620,434525
86906,173812,260718,347624,434530
86907,173814,260721,347628,434535
86908,173816,260724,347632,434540
86909,173818,260727,347636,434545
86910,173820,260730,347640,434550
86911,173822,260733,347644,434555
86912,173824,260736,347648,434560
86913,173826,260739,347652,434565
86914,173828,260742,347656,434570
86915,173830,260745,347660,434575
86916,173832,260748,347664,434580
86917,173834,260751,347668,434585
86918,173836,260754,347672,434590
86919,173838,260757,347676,434595
86920,173840,260760,347680,434600
86921,173842,260763,347684,434605
86922,173844,260766,347688,434610
86923,173846,260769,347692,434615
86924,173848,260772,347696,434620
86925,173850,260775,347700,434625
86926,173852,260778,347704,434630
86927,173854,260781,347708,434635
86928,173856,260784,347712,434640
86929,173858,260787,347716,434645
86930,173860,260790,347720,434650
86931,173862,260793,347724,434655
86932,173864,260796,347728,434660
86933,173866,260799,347732,434665
86934,173868,260802,347736,434670
86935,173870,260805,347740,434675
86936,173872,260808,347744,434680
86937,173874,260811,347748,434685
86938,173876,260814,347752,434690
86939,173878,260817,347756,434695
86940,173880,260820,347760,434700
86941,173882,260823,347764,434705
86942,173884,260826,347768,434710
86943,173886,260829,347772,434715
86944,173888,260832,347776,434720
86945,173890,260835,347780,434725
86946,173892,260838,347784,434730
86947,173894,260841,347788,434735
86948,173896,260844,347792,434740
86949,173898,260847,347796,434745
86950,173900,260850,347800,434750
86951,173902,260853,347804,434755
86952,173904,260856,347808,434760
86953,173906,260859,347812,434765
86954,173908,260862,347816,434770
86955,173910,260865,347820,434775
86956,173912,260868,347824,434780
86957,173914,260871,347828,434785
86958,173916,260874,347832,434790
86959,173918,260877,347836,434795
86960,173920,260880,347840,434800
86961,173922,260883,347844,434805
86962,173924,260886,347848,434810
86963,173926,260889,347852,434815
86964,173928,260892,347856,434820
86965,173930,260895,347860,434825
86966,173932,260898,347864,434830
86967,173934,260901,347868,434835
86968,173936,260904,347872,434840
86969,173938,260907,347876,434845
86970,173940,260910,347880,434850
86971,173942,260913,347884,434855
86972,173944,260916,347888,434860
86973,173946,260919,347892,434865
86974,173948,260922,347896,434870
86975,173950,260925,347900,434875
86976,173952,260928,347904,434880
86977,173954,260931,347908,434885
86978,173956,260934,347912,434890
86979,173958,260937,347916,434895
86980,173960,260940,347920,434900
86981,173962,260943,347924,434905
86982,173964,260946,347928,434910
86983,173966,260949,347932,434915
86984,173968,260952,347936,434920
86985,173970,260955,347940,434925
86986,173972,260958,347944,434930
86987,173974,260961,347948,434935
86988,173976,260964,347952,434940
86989,173978,260967,347956,434945
86990,173980,260970,347960,434950
86991,173982,260973,347964,434955
86992,173984,260976,347968,434960
86993,173986,260979,347972,434965
86994,173988,260982,347976,434970
86995,173990,260985,347980,434975
86996,173992,260988,347984,434980
86997,173994,260991,347988,434985
86998,173996,260994,347992,434990
86999,173998,260997,347996,434995
87000,174000,261000,348000,435000
87001,174002,261003,348004,435005
87002,174004,261006,348008,435010
87003,174006,261009,348012,435015
87004,174008,261012,348016,435020
87005,174010,261015,348020,435025
87006,174012,261018,348024,435030
87007,174014,261021,348028,435035
87008,174016,261024,348032,435040
87009,174018,261027,348036,435045
87010,174020,261030,348040,435050
87011,174022,261033,348044,435055
87012,174024,261036,348048,435060
87013,174026,261039,348052,435065
87014,174028,261042,348056,435070
87015,174030,261045,348060,435075
87016,174032,261048,348064,435080
87017,174034,261051,348068,435085
87018,174036,261054,348072,435090
87019,174038,261057,348076,435095
87020,174040,261060,348080,435100
87021,174042,261063,348084,435105
87022,174044,261066,348088,435110
87023,174046,261069,348092,435115
87024,174048,261072,348096,435120
87025,174050,261075,348100,435125
87026,174052,261078,348104,435130
87027,174054,261081,348108,435135
87028,174056,261084,348112,435140
87029,174058,261087,348116,435145
87030,174060,261090,348120,435150
87031,174062,261093,348124,435155
87032,174064,261096,348128,435160
87033,174066,261099,348132,435165
87034,174068,261102,348136,435170
87035,174070,261105,348140,435175
87036,174072,261108,348144,435180
87037,174074,261111,348148,435185
87038,174076,261114,348152,435190
87039,174078,261117,348156,435195
87040,174080,261120,348160,435200
87041,174082,261123,348164,435205
87042,174084,261126,348168,435210
87043,174086,261129,348172,435215
87044,174088,261132,348176,435220
87045,174090,261135,348180,435225
87046,174092,261138,348184,435230
87047,174094,261141,348188,435235
87048,174096,261144,348192,435240
87049,174098,261147,348196,435245
87050,174100,261150,348200,435250
87051,174102,261153,348204,435255
87052,174104,261156,348208,435260
87053,174106,261159,348212,435265
87054,174108,261162,348216,435270
87055,174110,261165,348220,435275
87056,174112,261168,348224,435280
87057,174114,261171,348228,435285
87058,174116,261174,348232,435290
87059,174118,261177,348236,435295
87060,174120,261180,348240,435300
87061,174122,261183,348244,435305
87062,174124,261186,348248,435310
87063,174126,261189,348252,435315
87064,174128,261192,348256,435320
87065,174130,261195,348260,435325
87066,174132,261198,348264,435330
87067,174134,261201,348268,435335
87068,174136,261204,348272,435340
87069,174138,261207,348276,435345
87070,174140,261210,348280,435350
87071,174142,261213,348284,435355
87072,174144,261216,348288,435360
87073,174146,261219,348292,435365
87074,174148,261222,348296,435370
87075,174150,261225,348300,435375
87076,174152,261228,348304,435380
87077,174154,261231,348308,435385
87078,174156,261234,348312,435390
87079,174158,261237,348316,435395
87080,174160,261240,348320,435400
87081,174162,261243,348324,435405
87082,174164,261246,348328,435410
87083,174166,261249,348332,435415
87084,174168,261252,348336,435420
87085,174170,261255,348340,435425
87086,174172,261258,348344,435430
87087,174174,261261,348348,435435
87088,174176,261264,348352,435440
87089,174178,261267,348356,435445
87090,174180,261270,348360,435450
87091,174182,261273,348364,435455
87092,174184,261276,348368,435460
87093,174186,261279,348372,435465
87094,174188,261282,348376,435470
87095,174190,261285,348380,435475
87096,174192,261288,348384,435480
87097,174194,261291,348388,435485
87098,174196,261294,348392,435490
87099,174198,261297,348396,435495
87100,174200,261300,348400,435500
87101,174202,261303,348404,435505
87102,174204,261306,348408,435510
87103,174206,261309,348412,435515
87104,174208,261312,348416,435520
87105,174210,261315,348420,435525
87106,174212,261318,348424,435530
87107,174214,261321,348428,435535
87108,174216,261324,348432,435540
87109,174218,261327,348436,435545
87110,174220,261330,348440,435550
87111,174222,261333,348444,435555
87112,174224,261336,348448,435560
87113,174226,261339,348452,435565
87114,174228,261342,348456,435570
87115,174230,261345,348460,435575
87116,174232,261348,348464,435580
87117,174234,261351,348468,435585
87118,174236,261354,348472,435590
87119,174238,261357,348476,435595
87120,174240,261360,348480,435600
87121,174242,261363,348484,435605
87122,174244,261366,348488,435610
87123,174246,261369,348492,435615
87124,174248,261372,348496,435620
87125,174250,261375,348500,435625
87126,174252,261378,348504,435630
87127,174254,261381,348508,435635
87128,174256,261384,348512,435640
87129,174258,261387,348516,435645
87130,174260,261390,348520,435650
87131,174262,261393,348524,435655
87132,174264,261396,348528,435660
87133,174266,261399,348532,435665
87134,174268,261402,348536,435670
87135,174270,261405,348540,435675
87136,174272,261408,348544,435680
87137,174274,261411,348548,435685
87138,174276,261414,348552,435690
87139,174278,261417,348556,435695
87140,174280,261420,348560,435700
87141,174282,261423,348564,435705
87142,174284,261426,348568,435710
87143,174286,261429,348572,435715
87144,174288,261432,348576,435720
87145,174290,261435,348580,435725
87146,174292,261438,348584,435730
87147,174294,261441,348588,435735
87148,174296,261444,348592,435740
87149,174298,261447,348596,435745
87150,174300,261450,348600,435750
87151,174302,261453,348604,435755
87152,174304,261456,348608,435760
87153,174306,261459,348612,435765
87154,174308,261462,348616,435770
87155,174310,261465,348620,435775
87156,174312,261468,348624,435780
87157,174314,261471,348628,435785
87158,174316,261474,348632,435790
87159,174318,261477,348636,435795
87160,174320,261480,348640,435800
87161,174322,261483,348644,435805
87162,174324,261486,348648,435810
87163,174326,261489,348652,435815
87164,174328,261492,348656,435820
87165,174330,261495,348660,435825
87166,174332,261498,348664,435830
87167,174334,261501,348668,435835
87168,174336,261504,348672,435840
87169,174338,261507,348676,435845
87170,174340,261510,348680,435850
87171,174342,261513,348684,435855
87172,174344,261516,348688,435860
87173,174346,261519,348692,435865
87174,174348,261522,348696,435870
87175,174350,261525,348700,435875
87176,174352,261528,348704,435880
87177,174354,261531,348708,435885
87178,174356,261534,348712,435890
87179,174358,261537,348716,435895
87180,174360,261540,348720,435900
87181,174362,261543,348724,435905
87182,174364,261546,348728,435910
87183,174366,261549,348732,435915
87184,174368,261552,348736,435920
87185,174370,261555,348740,435925
87186,174372,261558,348744,435930
87187,174374,261561,348748,435935
87188,174376,261564,348752,435940
87189,174378,261567,348756,435945
87190,174380,261570,348760,435950
87191,174382,261573,348764,435955
87192,174384,261576,348768,435960
87193,174386,261579,348772,435965
87194,174388,261582,348776,435970
87195,174390,261585,348780,435975
87196,174392,261588,348784,435980
87197,174394,261591,348788,435985
87198,174396,261594,348792,435990
87199,174398,261597,348796,435995
87200,174400,261600,348800,436000
87201,174402,261603,348804,436005
87202,174404,261606,348808,436010
87203,174406,261609,348812,436015
87204,174408,261612,348816,436020
87205,174410,261615,348820,436025
87206,174412,261618,348824,436030
87207,174414,261621,348828,436035
87208,174416,261624,348832,436040
87209,174418,261627,348836,436045
87210,174420,261630,348840,436050
87211,174422,261633,348844,436055
87212,174424,261636,348848,436060
87213,174426,261639,348852,436065
87214,174428,261642,348856,436070
87215,174430,261645,348860,436075
87216,174432,261648,348864,436080
87217,174434,261651,348868,436085
87218,174436,261654,348872,436090
87219,174438,261657,348876,436095
87220,174440,261660,348880,436100
87221,174442,261663,348884,436105
87222,174444,261666,348888,436110
87223,174446,261669,348892,436115
87224,174448,261672,348896,436120
87225,174450,261675,348900,436125
87226,174452,261678,348904,436130
87227,174454,261681,348908,436135
87228,174456,261684,348912,436140
87229,174458,261687,348916,436145
87230,174460,261690,348920,436150
87231,174462,261693,348924,436155
87232,174464,261696,348928,436160
87233,174466,261699,348932,436165
87234,174468,261702,348936,436170
87235,174470,261705,348940,436175
87236,174472,261708,348944,436180
87237,174474,261711,348948,436185
87238,174476,261714,348952,436190
87239,174478,261717,348956,436195
87240,174480,261720,348960,436200
87241,174482,261723,348964,436205
87242,174484,261726,348968,436210
87243,174486,261729,348972,436215
87244,174488,261732,348976,436220
87245,174490,261735,348980,436225
87246,174492,261738,348984,436230
87247,174494,261741,348988,436235
87248,174496,261744,348992,436240
87249,174498,261747,348996,436245
87250,174500,261750,349000,436250
87251,174502,261753,349004,436255
87252,174504,261756,349008,436260
87253,174506,261759,349012,436265
87254,174508,261762,349016,436270
87255,174510,261765,349020,436275
87256,174512,261768,349024,436280
87257,174514,261771,349028,436285
87258,174516,261774,349032,436290
87259,174518,261777,349036,436295
87260,174520,261780,349040,436300
87261,174522,261783,349044,436305
87262,174524,261786,349048,436310
87263,174526,261789,349052,436315
87264,174528,261792,349056,436320
87265,174530,261795,349060,436325
87266,174532,261798,349064,436330
87267,174534,261801,349068,436335
87268,174536,261804,349072,436340
87269,174538,261807,349076,436345
87270,174540,261810,349080,436350
87271,174542,261813,349084,436355
87272,174544,261816,349088,436360
87273,174546,261819,349092,436365
87274,174548,261822,349096,436370
87275,174550,261825,349100,436375
87276,174552,261828,349104,436380
87277,174554,261831,349108,436385
87278,174556,261834,349112,436390
87279,174558,261837,349116,436395
87280,174560,261840,349120,436400
87281,174562,261843,349124,436405
87282,174564,261846,349128,436410
87283,174566,261849,349132,436415
87284,174568,261852,349136,436420
87285,174570,261855,349140,436425
87286,174572,261858,349144,436430
87287,174574,261861,349148,436435
87288,174576,261864,349152,436440
87289,174578,261867,349156,436445
87290,174580,261870,349160,436450
87291,174582,261873,349164,436455
87292,174584,261876,349168,436460
87293,174586,261879,349172,436465
87294,174588,261882,349176,436470
87295,174590,261885,349180,436475
87296,174592,261888,349184,436480
87297,174594,261891,349188,436485
87298,174596,261894,349192,436490
87299,174598,261897,349196,436495
87300,174600,261900,349200,436500
87301,174602,261903,349204,436505
87302,174604,261906,349208,436510
87303,174606,261909,349212,436515
87304,174608,261912,349216,436520
87305,174610,261915,349220,436525
87306,174612,261918,349224,436530
87307,174614,261921,349228,436535
87308,174616,261924,349232,436540
87309,174618,261927,349236,436545
87310,174620,261930,349240,436550
87311,174622,261933,349244,436555
87312,174624,261936,349248,436560
87313,174626,261939,349252,436565
87314,174628,261942,349256,436570
87315,174630,261945,349260,436575
87316,174632,261948,349264,436580
87317,174634,261951,349268,436585
87318,174636,261954,349272,436590
87319,174638,261957,349276,436595
87320,174640,261960,349280,436600
87321,174642,261963,349284,436605
87322,174644,261966,349288,436610
87323,174646,261969,349292,436615
87324,174648,261972,349296,436620
87325,174650,261975,349300,436625
87326,174652,261978,349304,436630
87327,174654,261981,349308,436635
87328,174656,261984,349312,436640
87329,174658,261987,349316,436645
87330,174660,261990,349320,436650
87331,174662,261993,349324,436655
87332,174664,261996,349328,436660
87333,174666,261999,349332,436665
87334,174668,262002,349336,436670
87335,174670,262005,349340,436675
87336,174672,262008,349344,436680
87337,174674,262011,349348,436685
87338,174676,262014,349352,436690
87339,174678,262017,349356,436695
87340,174680,262020,349360,436700
87341,174682,262023,349364,436705
87342,174684,262026,349368,436710
87343,174686,262029,349372,436715
87344,174688,262032,349376,436720
87345,174690,262035,349380,436725
87346,174692,262038,349384,436730
87347,174694,262041,349388,436735
87348,174696,262044,349392,436740
87349,174698,262047,349396,436745
87350,174700,262050,349400,436750
87351,174702,262053,349404,436755
87352,174704,262056,349408,436760
87353,174706,262059,349412,436765
87354,174708,262062,349416,436770
87355,174710,262065,349420,436775
87356,174712,262068,349424,436780
87357,174714,262071,349428,436785
87358,174716,262074,349432,436790
87359,174718,262077,349436,436795
87360,174720,262080,349440,436800
87361,174722,262083,349444,436805
87362,174724,262086,349448,436810
87363,174726,262089,349452,436815
87364,174728,262092,349456,436820
87365,174730,262095,349460,436825
87366,174732,262098,349464,436830
87367,174734,262101,349468,436835
87368,174736,262104,349472,436840
87369,174738,262107,349476,436845
87370,174740,262110,349480,436850
87371,174742,262113,349484,436855
87372,174744,262116,349488,436860
87373,174746,262119,349492,436865
87374,174748,262122,349496,436870
87375,174750,262125,349500,436875
87376,174752,262128,349504,436880
87377,174754,262131,349508,436885
87378,174756,262134,349512,436890
87379,174758,262137,349516,436895
87380,174760,262140,349520,436900
87381,174762,262143,349524,436905
87382,174764,262146,349528,436910
87383,174766,262149,349532,436915
87384,174768,262152,349536,436920
87385,174770,262155,349540,436925
87386,174772,262158,349544,436930
87387,174774,262161,349548,436935
87388,174776,262164,349552,436940
87389,174778,262167,349556,436945
87390,174780,262170,349560,436950
87391,174782,262173,349564,436955
87392,174784,262176,349568,436960
87393,174786,262179,349572,436965
87394,174788,262182,349576,436970
87395,174790,262185,349580,436975
87396,174792,262188,349584,436980
87397,174794,262191,349588,436985
87398,174796,262194,349592,436990
87399,174798,262197,349596,436995
87400,174800,262200,349600,437000
87401,174802,262203,349604,437005
87402,174804,262206,349608,437010
87403,174806,262209,349612,437015
87404,174808,262212,349616,437020
87405,174810,262215,349620,437025
87406,174812,262218,349624,437030
87407,174814,262221,349628,437035
87408,174816,262224,349632,437040
87409,174818,262227,349636,437045
87410,174820,262230,349640,437050
87411,174822,262233,349644,437055
87412,174824,262236,349648,437060
87413,174826,262239,349652,437065
87414,174828,262242,349656,437070
87415,174830,262245,349660,437075
87416,174832,262248,349664,437080
87417,174834,262251,349668,437085
87418,174836,262254,349672,437090
87419,174838,262257,349676,437095
87420,174840,262260,349680,437100
87421,174842,262263,349684,437105
87422,174844,262266,349688,437110
87423,174846,262269,349692,437115
87424,174848,262272,349696,437120
87425,174850,262275,349700,437125
87426,174852,262278,349704,437130
87427,174854,262281,349708,437135
87428,174856,262284,349712,437140
87429,174858,262287,349716,437145
87430,174860,262290,349720,437150
87431,174862,262293,349724,437155
87432,174864,262296,349728,437160
87433,174866,262299,349732,437165
87434,174868,262302,349736,437170
87435,174870,262305,349740,437175
87436,174872,262308,349744,437180
87437,174874,262311,349748,437185
87438,174876,262314,349752,437190
87439,174878,262317,349756,437195
87440,174880,262320,349760,437200
87441,174882,262323,349764,437205
87442,174884,262326,349768,437210
87443,174886,262329,349772,437215
87444,174888,262332,349776,437220
87445,174890,262335,349780,437225
87446,174892,262338,349784,437230
87447,174894,262341,349788,437235
87448,174896,262344,349792,437240
87449,174898,262347,349796,437245
87450,174900,262350,349800,437250
87451,174902,262353,349804,437255
87452,174904,262356,349808,437260
87453,174906,262359,349812,437265
87454,174908,262362,349816,437270
87455,174910,262365,349820,437275
87456,174912,262368,349824,437280
87457,174914,262371,349828,437285
87458,174916,262374,349832,437290
87459,174918,262377,349836,437295
87460,174920,262380,349840,437300
87461,174922,262383,349844,437305
87462,174924,262386,349848,437310
87463,174926,262389,349852,437315
87464,174928,262392,349856,437320
87465,174930,262395,349860,437325
87466,174932,262398,349864,437330
87467,174934,262401,349868,437335
87468,174936,262404,349872,437340
87469,174938,262407,349876,437345
87470,174940,262410,349880,437350
87471,174942,262413,349884,437355
87472,174944,262416,349888,437360
87473,174946,262419,349892,437365
87474,174948,262422,349896,437370
87475,174950,262425,349900,437375
87476,174952,262428,349904,437380
87477,174954,262431,349908,437385
87478,174956,262434,349912,437390
87479,174958,262437,349916,437395
87480,174960,262440,349920,437400
87481,174962,262443,349924,437405
87482,174964,262446,349928,437410
87483,174966,262449,349932,437415
87484,174968,262452,349936,437420
87485,174970,262455,349940,437425
87486,174972,262458,349944,437430
87487,174974,262461,349948,437435
87488,174976,262464,349952,437440
87489,174978,262467,349956,437445
87490,174980,262470,349960,437450
87491,174982,262473,349964,437455
87492,174984,262476,349968,437460
87493,174986,262479,349972,437465
87494,174988,262482,349976,437470
87495,174990,262485,349980,437475
87496,174992,262488,349984,437480
87497,174994,262491,349988,437485
87498,174996,262494,349992,437490
87499,174998,262497,349996,437495
87500,175000,262500,350000,437500
87501,175002,262503,350004,437505
87502,175004,262506,350008,437510
87503,175006,262509,350012,437515
87504,175008,262512,350016,437520
87505,175010,262515,350020,437525
87506,175012,262518,350024,437530
87507,175014,262521,350028,437535
87508,175016,262524,350032,437540
87509,175018,262527,350036,437545
87510,175020,262530,350040,437550
87511,175022,262533,350044,437555
87512,175024,262536,350048,437560
87513,175026,262539,350052,437565
87514,175028,262542,350056,437570
87515,175030,262545,350060,437575
87516,175032,262548,350064,437580
87517,175034,262551,350068,437585
87518,175036,262554,350072,437590
87519,175038,262557,350076,437595
87520,175040,262560,350080,437600
87521,175042,262563,350084,437605
87522,175044,262566,350088,437610
87523,175046,262569,350092,437615
87524,175048,262572,350096,437620
87525,175050,262575,350100,437625
87526,175052,262578,350104,437630
87527,175054,262581,350108,437635
87528,175056,262584,350112,437640
87529,175058,262587,350116,437645
87530,175060,262590,350120,437650
87531,175062,262593,350124,437655
87532,175064,262596,350128,437660
87533,175066,262599,350132,437665
87534,175068,262602,350136,437670
87535,175070,262605,350140,437675
87536,175072,262608,350144,437680
87537,175074,262611,350148,437685
87538,175076,262614,350152,437690
87539,175078,262617,350156,437695
87540,175080,262620,350160,437700
87541,175082,262623,350164,437705
87542,175084,262626,350168,437710
87543,175086,262629,350172,437715
87544,175088,262632,350176,437720
87545,175090,262635,350180,437725
87546,175092,262638,350184,437730
87547,175094,262641,350188,437735
87548,175096,262644,350192,437740
87549,175098,262647,350196,437745
87550,175100,262650,350200,437750
87551,175102,262653,350204,437755
87552,175104,262656,350208,437760
87553,175106,262659,350212,437765
87554,175108,262662,350216,437770
87555,175110,262665,350220,437775
87556,175112,262668,350224,437780
87557,175114,262671,350228,437785
87558,175116,262674,350232,437790
87559,175118,262677,350236,437795
87560,175120,262680,350240,437800
87561,175122,262683,350244,437805
87562,175124,262686,350248,437810
87563,175126,262689,350252,437815
87564,175128,262692,350256,437820
87565,175130,262695,350260,437825
87566,175132,262698,350264,437830
87567,175134,262701,350268,437835
87568,175136,262704,350272,437840
87569,175138,262707,350276,437845
87570,175140,262710,350280,437850
87571,175142,262713,350284,437855
87572,175144,262716,350288,437860
87573,175146,262719,350292,437865
87574,175148,262722,350296,437870
87575,175150,262725,350300,437875
87576,175152,262728,350304,437880
87577,175154,262731,350308,437885
87578,175156,262734,350312,437890
87579,175158,262737,350316,437895
87580,175160,262740,350320,437900
87581,175162,262743,350324,437905
87582,175164,262746,350328,437910
87583,175166,262749,350332,437915
87584,175168,262752,350336,437920
87585,175170,262755,350340,437925
87586,175172,262758,350344,437930
87587,175174,262761,350348,437935
87588,175176,262764,350352,437940
87589,175178,262767,350356,437945
87590,175180,262770,350360,437950
87591,175182,262773,350364,437955
87592,175184,262776,350368,437960
87593,175186,262779,350372,437965
87594,175188,262782,350376,437970
87595,175190,262785,350380,437975
87596,175192,262788,350384,437980
87597,175194,262791,350388,437985
87598,175196,262794,350392,437990
87599,175198,262797,350396,437995
87600,175200,262800,350400,438000
87601,175202,262803,350404,438005
87602,175204,262806,350408,438010
87603,175206,262809,350412,438015
87604,175208,262812,350416,438020
87605,175210,262815,350420,438025
87606,175212,262818,350424,438030
87607,175214,262821,350428,438035
87608,175216,262824,350432,438040
87609,175218,262827,350436,438045
87610,175220,262830,350440,438050
87611,175222,262833,350444,438055
87612,175224,262836,350448,438060
87613,175226,262839,350452,438065
87614,175228,262842,350456,438070
87615,175230,262845,350460,438075
87616,175232,262848,350464,438080
87617,175234,262851,350468,438085
87618,175236,262854,350472,438090
87619,175238,262857,350476,438095
87620,175240,262860,350480,438100
87621,175242,262863,350484,438105
87622,175244,262866,350488,438110
87623,175246,262869,350492,438115
87624,175248,262872,350496,438120
87625,175250,262875,350500,438125
87626,175252,262878,350504,438130
87627,175254,262881,350508,438135
87628,175256,262884,350512,438140
87629,175258,262887,350516,438145
87630,175260,262890,350520,438150
87631,175262,262893,350524,438155
87632,175264,262896,350528,438160
87633,175266,262899,350532,438165
87634,175268,262902,350536,438170
87635,175270,262905,350540,438175
87636,175272,262908,350544,438180
87637,175274,262911,350548,438185
87638,175276,262914,350552,438190
87639,175278,262917,350556,438195
87640,175280,262920,350560,438200
87641,175282,262923,350564,438205
87642,175284,262926,350568,438210
87643,175286,262929,350572,438215
87644,175288,262932,350576,438220
87645,175290,262935,350580,438225
87646,175292,262938,350584,438230
87647,175294,262941,350588,438235
87648,175296,262944,350592,438240
87649,175298,262947,350596,438245
87650,175300,262950,350600,438250
87651,175302,262953,350604,438255
87652,175304,262956,350608,438260
87653,175306,262959,350612,438265
87654,175308,262962,350616,438270
87655,175310,262965,350620,438275
87656,175312,262968,350624,438280
87657,175314,262971,350628,438285
87658,175316,262974,350632,438290
87659,175318,262977,350636,438295
87660,175320,262980,350640,438300
87661,175322,262983,350644,438305
87662,175324,262986,350648,438310
87663,175326,262989,350652,438315
87664,175328,262992,350656,438320
87665,175330,262995,350660,438325
87666,175332,262998,350664,438330
87667,175334,263001,350668,438335
87668,175336,263004,350672,438340
87669,175338,263007,350676,438345
87670,175340,263010,350680,438350
87671,175342,263013,350684,438355
87672,175344,263016,350688,438360
87673,175346,263019,350692,438365
87674,175348,263022,350696,438370
87675,175350,263025,350700,438375
87676,175352,263028,350704,438380
87677,175354,263031,350708,438385
87678,175356,263034,350712,438390
87679,175358,263037,350716,438395
87680,175360,263040,350720,438400
87681,175362,263043,350724,438405
87682,175364,263046,350728,438410
87683,175366,263049,350732,438415
87684,175368,263052,350736,438420
87685,175370,263055,350740,438425
87686,175372,263058,350744,438430
87687,175374,263061,350748,438435
87688,175376,263064,350752,438440
87689,175378,263067,350756,438445
87690,175380,263070,350760,438450
87691,175382,263073,350764,438455
87692,175384,263076,350768,438460
87693,175386,263079,350772,438465
87694,175388,263082,350776,438470
87695,175390,263085,350780,438475
87696,175392,263088,350784,438480
87697,175394,263091,350788,438485
87698,175396,263094,350792,438490
87699,175398,263097,350796,438495
87700,175400,263100,350800,438500
87701,175402,263103,350804,438505
87702,175404,263106,350808,438510
87703,175406,263109,350812,438515
87704,175408,263112,350816,438520
87705,175410,263115,350820,438525
87706,175412,263118,350824,438530
87707,175414,263121,350828,438535
87708,175416,263124,350832,438540
87709,175418,263127,350836,438545
87710,175420,263130,350840,438550
87711,175422,263133,350844,438555
87712,175424,263136,350848,438560
87713,175426,263139,350852,438565
87714,175428,263142,350856,438570
87715,175430,263145,350860,438575
87716,175432,263148,350864,438580
87717,175434,263151,350868,438585
87718,175436,263154,350872,438590
87719,175438,263157,350876,438595
87720,175440,263160,350880,438600
87721,175442,263163,350884,438605
87722,175444,263166,350888,438610
87723,175446,263169,350892,438615
87724,175448,263172,350896,438620
87725,175450,263175,350900,438625
87726,175452,263178,350904,438630
87727,175454,263181,350908,438635
87728,175456,263184,350912,438640
87729,175458,263187,350916,438645
87730,175460,263190,350920,438650
87731,175462,263193,350924,438655
87732,175464,263196,350928,438660
87733,175466,263199,350932,438665
87734,175468,263202,350936,438670
87735,175470,263205,350940,438675
87736,175472,263208,350944,438680
87737,175474,263211,350948,438685
87738,175476,263214,350952,438690
87739,175478,263217,350956,438695
87740,175480,263220,350960,438700
87741,175482,263223,350964,438705
87742,175484,263226,350968,438710
87743,175486,263229,350972,438715
87744,175488,263232,350976,438720
87745,175490,263235,350980,438725
87746,175492,263238,350984,438730
87747,175494,263241,350988,438735
87748,175496,263244,350992,438740
87749,175498,263247,350996,438745
87750,175500,263250,351000,438750
87751,175502,263253,351004,438755
87752,175504,263256,351008,438760
87753,175506,263259,351012,438765
87754,175508,263262,351016,438770
87755,175510,263265,351020,438775
87756,175512,263268,351024,438780
87757,175514,263271,351028,438785
87758,175516,263274,351032,438790
87759,175518,263277,351036,438795
87760,175520,263280,351040,438800
87761,175522,263283,351044,438805
87762,175524,263286,351048,438810
87763,175526,263289,351052,438815
87764,175528,263292,351056,438820
87765,175530,263295,351060,438825
87766,175532,263298,351064,438830
87767,175534,263301,351068,438835
87768,175536,263304,351072,438840
87769,175538,263307,351076,438845
87770,175540,263310,351080,438850
87771,175542,263313,351084,438855
87772,175544,263316,351088,438860
87773,175546,263319,351092,438865
87774,175548,263322,351096,438870
87775,175550,263325,351100,438875
87776,175552,263328,351104,438880
87777,175554,263331,351108,438885
87778,175556,263334,351112,438890
87779,175558,263337,351116,438895
87780,175560,263340,351120,438900
87781,175562,263343,351124,438905
87782,175564,263346,351128,438910
87783,175566,263349,351132,438915
87784,175568,263352,351136,438920
87785,175570,263355,351140,438925
87786,175572,263358,351144,438930
87787,175574,263361,351148,438935
87788,175576,263364,351152,438940
87789,175578,263367,351156,438945
87790,175580,263370,351160,438950
87791,175582,263373,351164,438955
87792,175584,263376,351168,438960
87793,175586,263379,351172,438965
87794,175588,263382,351176,438970
87795,175590,263385,351180,438975
87796,175592,263388,351184,438980
87797,175594,263391,351188,438985
87798,175596,263394,351192,438990
87799,175598,263397,351196,438995
87800,175600,263400,351200,439000
87801,175602,263403,351204,439005
87802,175604,263406,351208,439010
87803,175606,263409,351212,439015
87804,175608,263412,351216,439020
87805,175610,263415,351220,439025
87806,175612,263418,351224,439030
87807,175614,263421,351228,439035
87808,175616,263424,351232,439040
87809,175618,263427,351236,439045
87810,175620,263430,351240,439050
87811,175622,263433,351244,439055
87812,175624,263436,351248,439060
87813,175626,263439,351252,439065
87814,175628,263442,351256,439070
87815,175630,263445,351260,439075
87816,175632,263448,351264,439080
87817,175634,263451,351268,439085
87818,175636,263454,351272,439090
87819,175638,263457,351276,439095
87820,175640,263460,351280,439100
87821,175642,263463,351284,439105
87822,175644,263466,351288,439110
87823,175646,263469,351292,439115
87824,175648,263472,351296,439120
87825,175650,263475,351300,439125
87826,175652,263478,351304,439130
87827,175654,263481,351308,439135
87828,175656,263484,351312,439140
87829,175658,263487,351316,439145
87830,175660,263490,351320,439150
87831,175662,263493,351324,439155
87832,175664,263496,351328,439160
87833,175666,263499,351332,439165
87834,175668,263502,351336,439170
87835,175670,263505,351340,439175
87836,175672,263508,351344,439180
87837,175674,263511,351348,439185
87838,175676,263514,351352,439190
87839,175678,263517,351356,439195
87840,175680,263520,351360,439200
87841,175682,263523,351364,439205
87842,175684,263526,351368,439210
87843,175686,263529,351372,439215
87844,175688,263532,351376,439220
87845,175690,263535,351380,439225
87846,175692,263538,351384,439230
87847,175694,263541,351388,439235
87848,175696,263544,351392,439240
87849,175698,263547,351396,439245
87850,175700,263550,351400,439250
87851,175702,263553,351404,439255
87852,175704,263556,351408,439260
87853,175706,263559,351412,439265
87854,175708,263562,351416,439270
87855,175710,263565,351420,439275
87856,175712,263568,351424,439280
87857,175714,263571,351428,439285
87858,175716,263574,351432,439290
87859,175718,263577,351436,439295
87860,175720,263580,351440,439300
87861,175722,263583,351444,439305
87862,175724,263586,351448,439310
87863,175726,263589,351452,439315
87864,175728,263592,351456,439320
87865,175730,263595,351460,439325
87866,175732,263598,351464,439330
87867,175734,263601,351468,439335
87868,175736,263604,351472,439340
87869,175738,263607,351476,439345
87870,175740,263610,351480,439350
87871,175742,263613,351484,439355
87872,175744,263616,351488,439360
87873,175746,263619,351492,439365
87874,175748,263622,351496,439370
87875,175750,263625,351500,439375
87876,175752,263628,351504,439380
87877,175754,263631,351508,439385
87878,175756,263634,351512,439390
87879,175758,263637,351516,439395
87880,175760,263640,351520,439400
87881,175762,263643,351524,439405
87882,175764,263646,351528,439410
87883,175766,263649,351532,439415
87884,175768,263652,351536,439420
87885,175770,263655,351540,439425
87886,175772,263658,351544,439430
87887,175774,263661,351548,439435
87888,175776,263664,351552,439440
87889,175778,263667,351556,439445
87890,175780,263670,351560,439450
87891,175782,263673,351564,439455
87892,175784,263676,351568,439460
87893,175786,263679,351572,439465
87894,175788,263682,351576,439470
87895,175790,263685,351580,439475
87896,175792,263688,351584,439480
87897,175794,263691,351588,439485
87898,175796,263694,351592,439490
87899,175798,263697,351596,439495
87900,175800,263700,351600,439500
87901,175802,263703,351604,439505
87902,175804,263706,351608,439510
87903,175806,263709,351612,439515
87904,175808,263712,351616,439520
87905,175810,263715,351620,439525
87906,175812,263718,351624,439530
87907,175814,263721,351628,439535
87908,175816,263724,351632,439540
87909,175818,263727,351636,439545
87910,175820,263730,351640,439550
87911,175822,263733,351644,439555
87912,175824,263736,351648,439560
87913,175826,263739,351652,439565
87914,175828,263742,351656,439570
87915,175830,263745,351660,439575
87916,175832,263748,351664,439580
87917,175834,263751,351668,439585
87918,175836,263754,351672,439590
87919,175838,263757,351676,439595
87920,175840,263760,351680,439600
87921,175842,263763,351684,439605
87922,175844,263766,351688,439610
87923,175846,263769,351692,439615
87924,175848,263772,351696,439620
87925,175850,263775,351700,439625
87926,175852,263778,351704,439630
87927,175854,263781,351708,439635
87928,175856,263784,351712,439640
87929,175858,263787,351716,439645
87930,175860,263790,351720,439650
87931,175862,263793,351724,439655
87932,175864,263796,351728,439660
87933,175866,263799,351732,439665
87934,175868,263802,351736,439670
87935,175870,263805,351740,439675
87936,175872,263808,351744,439680
87937,175874,263811,351748,439685
87938,175876,263814,351752,439690
87939,175878,263817,351756,439695
87940,175880,263820,351760,439700
87941,175882,263823,351764,439705
87942,175884,263826,351768,439710
87943,175886,263829,351772,439715
87944,175888,263832,351776,439720
87945,175890,263835,351780,439725
87946,175892,263838,351784,439730
87947,175894,263841,351788,439735
87948,175896,263844,351792,439740
87949,175898,263847,351796,439745
87950,175900,263850,351800,439750
87951,175902,263853,351804,439755
87952,175904,263856,351808,439760
87953,175906,263859,351812,439765
87954,175908,263862,351816,439770
87955,175910,263865,351820,439775
87956,175912,263868,351824,439780
87957,175914,263871,351828,439785
87958,175916,263874,351832,439790
87959,175918,263877,351836,439795
87960,175920,263880,351840,439800
87961,175922,263883,351844,439805
87962,175924,263886,351848,439810
87963,175926,263889,351852,439815
87964,175928,263892,351856,439820
87965,175930,263895,351860,439825
87966,175932,263898,351864,439830
87967,175934,263901,351868,439835
87968,175936,263904,351872,439840
87969,175938,263907,351876,439845
87970,175940,263910,351880,439850
87971,175942,263913,351884,439855
87972,175944,263916,351888,439860
87973,175946,263919,351892,439865
87974,175948,263922,351896,439870
87975,175950,263925,351900,439875
87976,175952,263928,351904,439880
87977,175954,263931,351908,439885
87978,175956,263934,351912,439890
87979,175958,263937,351916,439895
87980,175960,263940,351920,439900
87981,175962,263943,351924,439905
87982,175964,263946,351928,439910
87983,175966,263949,351932,439915
87984,175968,263952,351936,439920
87985,175970,263955,351940,439925
87986,175972,263958,351944,439930
87987,175974,263961,351948,439935
87988,175976,263964,351952,439940
87989,175978,263967,351956,439945
87990,175980,263970,351960,439950
87991,175982,263973,351964,439955
87992,175984,263976,351968,439960
87993,175986,263979,351972,439965
87994,175988,263982,351976,439970
87995,175990,263985,351980,439975
87996,175992,263988,351984,439980
87997,175994,263991,351988,439985
87998,175996,263994,351992,439990
87999,175998,263997,351996,439995
88000,176000,264000,352000,440000
88001,176002,264003,352004,440005
88002,176004,264006,352008,440010
88003,176006,264009,352012,440015
88004,176008,264012,352016,440020
88005,176010,264015,352020,440025
88006,176012,264018,352024,440030
88007,176014,264021,352028,440035
88008,176016,264024,352032,440040
88009,176018,264027,352036,440045
88010,176020,264030,352040,440050
88011,176022,264033,352044,440055
88012,176024,264036,352048,440060
88013,176026,264039,352052,440065
88014,176028,264042,352056,440070
88015,176030,264045,352060,440075
88016,176032,264048,352064,440080
88017,176034,264051,352068,440085
88018,176036,264054,352072,440090
88019,176038,264057,352076,440095
88020,176040,264060,352080,440100
88021,176042,264063,352084,440105
88022,176044,264066,352088,440110
88023,176046,264069,352092,440115
88024,176048,264072,352096,440120
88025,176050,264075,352100,440125
88026,176052,264078,352104,440130
88027,176054,264081,352108,440135
88028,176056,264084,352112,440140
88029,176058,264087,352116,440145
88030,176060,264090,352120,440150
88031,176062,264093,352124,440155
88032,176064,264096,352128,440160
88033,176066,264099,352132,440165
88034,176068,264102,352136,440170
88035,176070,264105,352140,440175
88036,176072,264108,352144,440180
88037,176074,264111,352148,440185
88038,176076,264114,352152,440190
88039,176078,264117,352156,440195
88040,176080,264120,352160,440200
88041,176082,264123,352164,440205
88042,176084,264126,352168,440210
88043,176086,264129,352172,440215
88044,176088,264132,352176,440220
88045,176090,264135,352180,440225
88046,176092,264138,352184,440230
88047,176094,264141,352188,440235
88048,176096,264144,352192,440240
88049,176098,264147,352196,440245
88050,176100,264150,352200,440250
88051,176102,264153,352204,440255
88052,176104,264156,352208,440260
88053,176106,264159,352212,440265
88054,176108,264162,352216,440270
88055,176110,264165,352220,440275
88056,176112,264168,352224,440280
88057,176114,264171,352228,440285
88058,176116,264174,352232,440290
88059,176118,264177,352236,440295
88060,176120,264180,352240,440300
88061,176122,264183,352244,440305
88062,176124,264186,352248,440310
88063,176126,264189,352252,440315
88064,176128,264192,352256,440320
88065,176130,264195,352260,440325
88066,176132,264198,352264,440330
88067,176134,264201,352268,440335
88068,176136,264204,352272,440340
88069,176138,264207,352276,440345
88070,176140,264210,352280,440350
88071,176142,264213,352284,440355
88072,176144,264216,352288,440360
88073,176146,264219,352292,440365
88074,176148,264222,352296,440370
88075,176150,264225,352300,440375
88076,176152,264228,352304,440380
88077,176154,264231,352308,440385
88078,176156,264234,352312,440390
88079,176158,264237,352316,440395
88080,176160,264240,352320,440400
88081,176162,264243,352324,440405
88082,176164,264246,352328,440410
88083,176166,264249,352332,440415
88084,176168,264252,352336,440420
88085,176170,264255,352340,440425
88086,176172,264258,352344,440430
88087,176174,264261,352348,440435
88088,176176,264264,352352,440440
88089,176178,264267,352356,440445
88090,176180,264270,352360,440450
88091,176182,264273,352364,440455
88092,176184,264276,352368,440460
88093,176186,264279,352372,440465
88094,176188,264282,352376,440470
88095,176190,264285,352380,440475
88096,176192,264288,352384,440480
88097,176194,264291,352388,440485
88098,176196,264294,352392,440490
88099,176198,264297,352396,440495
88100,176200,264300,352400,440500
88101,176202,264303,352404,440505
88102,176204,264306,352408,440510
88103,176206,264309,352412,440515
88104,176208,264312,352416,440520
88105,176210,264315,352420,440525
88106,176212,264318,352424,440530
88107,176214,264321,352428,440535
88108,176216,264324,352432,440540
88109,176218,264327,352436,440545
88110,176220,264330,352440,440550
88111,176222,264333,352444,440555
88112,176224,264336,352448,440560
88113,176226,264339,352452,440565
88114,176228,264342,352456,440570
88115,176230,264345,352460,440575
88116,176232,264348,352464,440580
88117,176234,264351,352468,440585
88118,176236,264354,352472,440590
88119,176238,264357,352476,440595
88120,176240,264360,352480,440600
88121,176242,264363,352484,440605
88122,176244,264366,352488,440610
88123,176246,264369,352492,440615
88124,176248,264372,352496,440620
88125,176250,264375,352500,440625
88126,176252,264378,352504,440630
88127,176254,264381,352508,440635
88128,176256,264384,352512,440640
88129,176258,264387,352516,440645
88130,176260,264390,352520,440650
88131,176262,264393,352524,440655
88132,176264,264396,352528,440660
88133,176266,264399,352532,440665
88134,176268,264402,352536,440670
88135,176270,264405,352540,440675
88136,176272,264408,352544,440680
88137,176274,264411,352548,440685
88138,176276,264414,352552,440690
88139,176278,264417,352556,440695
88140,176280,264420,352560,440700
88141,176282,264423,352564,440705
88142,176284,264426,352568,440710
88143,176286,264429,352572,440715
88144,176288,264432,352576,440720
88145,176290,264435,352580,440725
88146,176292,264438,352584,440730
88147,176294,264441,352588,440735
88148,176296,264444,352592,440740
88149,176298,264447,352596,440745
88150,176300,264450,352600,440750
88151,176302,264453,352604,440755
88152,176304,264456,352608,440760
88153,176306,264459,352612,440765
88154,176308,264462,352616,440770
88155,176310,264465,352620,440775
88156,176312,264468,352624,440780
88157,176314,264471,352628,440785
88158,176316,264474,352632,440790
88159,176318,264477,352636,440795
88160,176320,264480,352640,440800
88161,176322,264483,352644,440805
88162,176324,264486,352648,440810
88163,176326,264489,352652,440815
88164,176328,264492,352656,440820
88165,176330,264495,352660,440825
88166,176332,264498,352664,440830
88167,176334,264501,352668,440835
88168,176336,264504,352672,440840
88169,176338,264507,352676,440845
88170,176340,264510,352680,440850
88171,176342,264513,352684,440855
88172,176344,264516,352688,440860
88173,176346,264519,352692,440865
88174,176348,264522,352696,440870
88175,176350,264525,352700,440875
88176,176352,264528,352704,440880
88177,176354,264531,352708,440885
88178,176356,264534,352712,440890
88179,176358,264537,352716,440895
88180,176360,264540,352720,440900
88181,176362,264543,352724,440905
88182,176364,264546,352728,440910
88183,176366,264549,352732,440915
88184,176368,264552,352736,440920
88185,176370,264555,352740,440925
88186,176372,264558,352744,440930
88187,176374,264561,352748,440935
88188,176376,264564,352752,440940
88189,176378,264567,352756,440945
88190,176380,264570,352760,440950
88191,176382,264573,352764,440955
88192,176384,264576,352768,440960
88193,176386,264579,352772,440965
88194,176388,264582,352776,440970
88195,176390,264585,352780,440975
88196,176392,264588,352784,440980
88197,176394,264591,352788,440985
88198,176396,264594,352792,440990
88199,176398,264597,352796,440995
88200,176400,264600,352800,441000
88201,176402,264603,352804,441005
88202,176404,264606,352808,441010
88203,176406,264609,352812,441015
88204,176408,264612,352816,441020
88205,176410,264615,352820,441025
88206,176412,264618,352824,441030
88207,176414,264621,352828,441035
88208,176416,264624,352832,441040
88209,176418,264627,352836,441045
88210,176420,264630,352840,441050
88211,176422,264633,352844,441055
88212,176424,264636,352848,441060
88213,176426,264639,352852,441065
88214,176428,264642,352856,441070
88215,176430,264645,352860,441075
88216,176432,264648,352864,441080
88217,176434,264651,352868,441085
88218,176436,264654,352872,441090
88219,176438,264657,352876,441095
88220,176440,264660,352880,441100
88221,176442,264663,352884,441105
88222,176444,264666,352888,441110
88223,176446,264669,352892,441115
88224,176448,264672,352896,441120
88225,176450,264675,352900,441125
88226,176452,264678,352904,441130
88227,176454,264681,352908,441135
88228,176456,264684,352912,441140
88229,176458,264687,352916,441145
88230,176460,264690,352920,441150
88231,176462,264693,352924,441155
88232,176464,264696,352928,441160
88233,176466,264699,352932,441165
88234,176468,264702,352936,441170
88235,176470,264705,352940,441175
88236,176472,264708,352944,441180
88237,176474,264711,352948,441185
88238,176476,264714,352952,441190
88239,176478,264717,352956,441195
88240,176480,264720,352960,441200
88241,176482,264723,352964,441205
88242,176484,264726,352968,441210
88243,176486,264729,352972,441215
88244,176488,264732,352976,441220
88245,176490,264735,352980,441225
88246,176492,264738,352984,441230
88247,176494,264741,352988,441235
88248,176496,264744,352992,441240
88249,176498,264747,352996,441245
88250,176500,264750,353000,441250
88251,176502,264753,353004,441255
88252,176504,264756,353008,441260
88253,176506,264759,353012,441265
88254,176508,264762,353016,441270
88255,176510,264765,353020,441275
88256,176512,264768,353024,441280
88257,176514,264771,353028,441285
88258,176516,264774,353032,441290
88259,176518,264777,353036,441295
88260,176520,264780,353040,441300
88261,176522,264783,353044,441305
88262,176524,264786,353048,441310
88263,176526,264789,353052,441315
88264,176528,264792,353056,441320
88265,176530,264795,353060,441325
88266,176532,264798,353064,441330
88267,176534,264801,353068,441335
88268,176536,264804,353072,441340
88269,176538,264807,353076,441345
88270,176540,264810,353080,441350
88271,176542,264813,353084,441355
88272,176544,264816,353088,441360
88273,176546,264819,353092,441365
88274,176548,264822,353096,441370
88275,176550,264825,353100,441375
88276,176552,264828,353104,441380
88277,176554,264831,353108,441385
88278,176556,264834,353112,441390
88279,176558,264837,353116,441395
88280,176560,264840,353120,441400
88281,176562,264843,353124,441405
88282,176564,264846,353128,441410
88283,176566,264849,353132,441415
88284,176568,264852,353136,441420
88285,176570,264855,353140,441425
88286,176572,264858,353144,441430
88287,176574,264861,353148,441435
88288,176576,264864,353152,441440
88289,176578,264867,353156,441445
88290,176580,264870,353160,441450
88291,176582,264873,353164,441455
88292,176584,264876,353168,441460
88293,176586,264879,353172,441465
88294,176588,264882,353176,441470
88295,176590,264885,353180,441475
88296,176592,264888,353184,441480
88297,176594,264891,353188,441485
88298,176596,264894,353192,441490
88299,176598,264897,353196,441495
88300,176600,264900,353200,441500
88301,176602,264903,353204,441505
88302,176604,264906,353208,441510
88303,176606,264909,353212,441515
88304,176608,264912,353216,441520
88305,176610,264915,353220,441525
88306,176612,264918,353224,441530
88307,176614,264921,353228,441535
88308,176616,264924,353232,441540
88309,176618,264927,353236,441545
88310,176620,264930,353240,441550
88311,176622,264933,353244,441555
88312,176624,264936,353248,441560
88313,176626,264939,353252,441565
88314,176628,264942,353256,441570
88315,176630,264945,353260,441575
88316,176632,264948,353264,441580
88317,176634,264951,353268,441585
88318,176636,264954,353272,441590
88319,176638,264957,353276,441595
88320,176640,264960,353280,441600
88321,176642,264963,353284,441605
88322,176644,264966,353288,441610
88323,176646,264969,353292,441615
88324,176648,264972,353296,441620
88325,176650,264975,353300,441625
88326,176652,264978,353304,441630
88327,176654,264981,353308,441635
88328,176656,264984,353312,441640
88329,176658,264987,353316,441645
88330,176660,264990,353320,441650
88331,176662,264993,353324,441655
88332,176664,264996,353328,441660
88333,176666,264999,353332,441665
88334,176668,265002,353336,441670
88335,176670,265005,353340,441675
88336,176672,265008,353344,441680
88337,176674,265011,353348,441685
88338,176676,265014,353352,441690
88339,176678,265017,353356,441695
88340,176680,265020,353360,441700
88341,176682,265023,353364,441705
88342,176684,265026,353368,441710
88343,176686,265029,353372,441715
88344,176688,265032,353376,441720
88345,176690,265035,353380,441725
88346,176692,265038,353384,441730
88347,176694,265041,353388,441735
88348,176696,265044,353392,441740
88349,176698,265047,353396,441745
88350,176700,265050,353400,441750
88351,176702,265053,353404,441755
88352,176704,265056,353408,441760
88353,176706,265059,353412,441765
88354,176708,265062,353416,441770
88355,176710,265065,353420,441775
88356,176712,265068,353424,441780
88357,176714,265071,353428,441785
88358,176716,265074,353432,441790
88359,176718,265077,353436,441795
88360,176720,265080,353440,441800
88361,176722,265083,353444,441805
88362,176724,265086,353448,441810
88363,176726,265089,353452,441815
88364,176728,265092,353456,441820
88365,176730,265095,353460,441825
88366,176732,265098,353464,441830
88367,176734,265101,353468,441835
88368,176736,265104,353472,441840
88369,176738,265107,353476,441845
88370,176740,265110,353480,441850
88371,176742,265113,353484,441855
88372,176744,265116,353488,441860
88373,176746,265119,353492,441865
88374,176748,265122,353496,441870
88375,176750,265125,353500,441875
88376,176752,265128,353504,441880
88377,176754,265131,353508,441885
88378,176756,265134,353512,441890
88379,176758,265137,353516,441895
88380,176760,265140,353520,441900
88381,176762,265143,353524,441905
88382,176764,265146,353528,441910
88383,176766,265149,353532,441915
88384,176768,265152,353536,441920
88385,176770,265155,353540,441925
88386,176772,265158,353544,441930
88387,176774,265161,353548,441935
88388,176776,265164,353552,441940
88389,176778,265167,353556,441945
88390,176780,265170,353560,441950
88391,176782,265173,353564,441955
88392,176784,265176,353568,441960
88393,176786,265179,353572,441965
88394,176788,265182,353576,441970
88395,176790,265185,353580,441975
88396,176792,265188,353584,441980
88397,176794,265191,353588,441985
88398,176796,265194,353592,441990
88399,176798,265197,353596,441995
88400,176800,265200,353600,442000
88401,176802,265203,353604,442005
88402,176804,265206,353608,442010
88403,176806,265209,353612,442015
88404,176808,265212,353616,442020
88405,176810,265215,353620,442025
88406,176812,265218,353624,442030
88407,176814,265221,353628,442035
88408,176816,265224,353632,442040
88409,176818,265227,353636,442045
88410,176820,265230,353640,442050
88411,176822,265233,353644,442055
88412,176824,265236,353648,442060
88413,176826,265239,353652,442065
88414,176828,265242,353656,442070
88415,176830,265245,353660,442075
88416,176832,265248,353664,442080
88417,176834,265251,353668,442085
88418,176836,265254,353672,442090
88419,176838,265257,353676,442095
88420,176840,265260,353680,442100
88421,176842,265263,353684,442105
88422,176844,265266,353688,442110
88423,176846,265269,353692,442115
88424,176848,265272,353696,442120
88425,176850,265275,353700,442125
88426,176852,265278,353704,442130
88427,176854,265281,353708,442135
88428,176856,265284,353712,442140
88429,176858,265287,353716,442145
88430,176860,265290,353720,442150
88431,176862,265293,353724,442155
88432,176864,265296,353728,442160
88433,176866,265299,353732,442165
88434,176868,265302,353736,442170
88435,176870,265305,353740,442175
88436,176872,265308,353744,442180
88437,176874,265311,353748,442185
88438,176876,265314,353752,442190
88439,176878,265317,353756,442195
88440,176880,265320,353760,442200
88441,176882,265323,353764,442205
88442,176884,265326,353768,442210
88443,176886,265329,353772,442215
88444,176888,265332,353776,442220
88445,176890,265335,353780,442225
88446,176892,265338,353784,442230
88447,176894,265341,353788,442235
88448,176896,265344,353792,442240
88449,176898,265347,353796,442245
88450,176900,265350,353800,442250
88451,176902,265353,353804,442255
88452,176904,265356,353808,442260
88453,176906,265359,353812,442265
88454,176908,265362,353816,442270
88455,176910,265365,353820,442275
88456,176912,265368,353824,442280
88457,176914,265371,353828,442285
88458,176916,265374,353832,442290
88459,176918,265377,353836,442295
88460,176920,265380,353840,442300
88461,176922,265383,353844,442305
88462,176924,265386,353848,442310
88463,176926,265389,353852,442315
88464,176928,265392,353856,442320
88465,176930,265395,353860,442325
88466,176932,265398,353864,442330
88467,176934,265401,353868,442335
88468,176936,265404,353872,442340
88469,176938,265407,353876,442345
88470,176940,265410,353880,442350
88471,176942,265413,353884,442355
88472,176944,265416,353888,442360
88473,176946,265419,353892,442365
88474,176948,265422,353896,442370
88475,176950,265425,353900,442375
88476,176952,265428,353904,442380
88477,176954,265431,353908,442385
88478,176956,265434,353912,442390
88479,176958,265437,353916,442395
88480,176960,265440,353920,442400
88481,176962,265443,353924,442405
88482,176964,265446,353928,442410
88483,176966,265449,353932,442415
88484,176968,265452,353936,442420
88485,176970,265455,353940,442425
88486,176972,265458,353944,442430
88487,176974,265461,353948,442435
88488,176976,265464,353952,442440
88489,176978,265467,353956,442445
88490,176980,265470,353960,442450
88491,176982,265473,353964,442455
88492,176984,265476,353968,442460
88493,176986,265479,353972,442465
88494,176988,265482,353976,442470
88495,176990,265485,353980,442475
88496,176992,265488,353984,442480
88497,176994,265491,353988,442485
88498,176996,265494,353992,442490
88499,176998,265497,353996,442495
88500,177000,265500,354000,442500
88501,177002,265503,354004,442505
88502,177004,265506,354008,442510
88503,177006,265509,354012,442515
88504,177008,265512,354016,442520
88505,177010,265515,354020,442525
88506,177012,265518,354024,442530
88507,177014,265521,354028,442535
88508,177016,265524,354032,442540
88509,177018,265527,354036,442545
88510,177020,265530,354040,442550
88511,177022,265533,354044,442555
88512,177024,265536,354048,442560
88513,177026,265539,354052,442565
88514,177028,265542,354056,442570
88515,177030,265545,354060,442575
88516,177032,265548,354064,442580
88517,177034,265551,354068,442585
88518,177036,265554,354072,442590
88519,177038,265557,354076,442595
88520,177040,265560,354080,442600
88521,177042,265563,354084,442605
88522,177044,265566,354088,442610
88523,177046,265569,354092,442615
88524,177048,265572,354096,442620
88525,177050,265575,354100,442625
88526,177052,265578,354104,442630
88527,177054,265581,354108,442635
88528,177056,265584,354112,442640
88529,177058,265587,354116,442645
88530,177060,265590,354120,442650
88531,177062,265593,354124,442655
88532,177064,265596,354128,442660
88533,177066,265599,354132,442665
88534,177068,265602,354136,442670
88535,177070,265605,354140,442675
88536,177072,265608,354144,442680
88537,177074,265611,354148,442685
88538,177076,265614,354152,442690
88539,177078,265617,354156,442695
88540,177080,265620,354160,442700
88541,177082,265623,354164,442705
88542,177084,265626,354168,442710
88543,177086,265629,354172,442715
88544,177088,265632,354176,442720
88545,177090,265635,354180,442725
88546,177092,265638,354184,442730
88547,177094,265641,354188,442735
88548,177096,265644,354192,442740
88549,177098,265647,354196,442745
88550,177100,265650,354200,442750
88551,177102,265653,354204,442755
88552,177104,265656,354208,442760
88553,177106,265659,354212,442765
88554,177108,265662,354216,442770
88555,177110,265665,354220,442775
88556,177112,265668,354224,442780
88557,177114,265671,354228,442785
88558,177116,265674,354232,442790
88559,177118,265677,354236,442795
88560,177120,265680,354240,442800
88561,177122,265683,354244,442805
88562,177124,265686,354248,442810
88563,177126,265689,354252,442815
88564,177128,265692,354256,442820
88565,177130,265695,354260,442825
88566,177132,265698,354264,442830
88567,177134,265701,354268,442835
88568,177136,265704,354272,442840
88569,177138,265707,354276,442845
88570,177140,265710,354280,442850
88571,177142,265713,354284,442855
88572,177144,265716,354288,442860
88573,177146,265719,354292,442865
88574,177148,265722,354296,442870
88575,177150,265725,354300,442875
88576,177152,265728,354304,442880
88577,177154,265731,354308,442885
88578,177156,265734,354312,442890
88579,177158,265737,354316,442895
88580,177160,265740,354320,442900
88581,177162,265743,354324,442905
88582,177164,265746,354328,442910
88583,177166,265749,354332,442915
88584,177168,265752,354336,442920
88585,177170,265755,354340,442925
88586,177172,265758,354344,442930
88587,177174,265761,354348,442935
88588,177176,265764,354352,442940
88589,177178,265767,354356,442945
88590,177180,265770,354360,442950
88591,177182,265773,354364,442955
88592,177184,265776,354368,442960
88593,177186,265779,354372,442965
88594,177188,265782,354376,442970
88595,177190,265785,354380,442975
88596,177192,265788,354384,442980
88597,177194,265791,354388,442985
88598,177196,265794,354392,442990
88599,177198,265797,354396,442995
88600,177200,265800,354400,443000
88601,177202,265803,354404,443005
88602,177204,265806,354408,443010
88603,177206,265809,354412,443015
88604,177208,265812,354416,443020
88605,177210,265815,354420,443025
88606,177212,265818,354424,443030
88607,177214,265821,354428,443035
88608,177216,265824,354432,443040
88609,177218,265827,354436,443045
88610,177220,265830,354440,443050
88611,177222,265833,354444,443055
88612,177224,265836,354448,443060
88613,177226,265839,354452,443065
88614,177228,265842,354456,443070
88615,177230,265845,354460,443075
88616,177232,265848,354464,443080
88617,177234,265851,354468,443085
88618,177236,265854,354472,443090
88619,177238,265857,354476,443095
88620,177240,265860,354480,443100
88621,177242,265863,354484,443105
88622,177244,265866,354488,443110
88623,177246,265869,354492,443115
88624,177248,265872,354496,443120
88625,177250,265875,354500,443125
88626,177252,265878,354504,443130
88627,177254,265881,354508,443135
88628,177256,265884,354512,443140
88629,177258,265887,354516,443145
88630,177260,265890,354520,443150
88631,177262,265893,354524,443155
88632,177264,265896,354528,443160
88633,177266,265899,354532,443165
88634,177268,265902,354536,443170
88635,177270,265905,354540,443175
88636,177272,265908,354544,443180
88637,177274,265911,354548,443185
88638,177276,265914,354552,443190
88639,177278,265917,354556,443195
88640,177280,265920,354560,443200
88641,177282,265923,354564,443205
88642,177284,265926,354568,443210
88643,177286,265929,354572,443215
88644,177288,265932,354576,443220
88645,177290,265935,354580,443225
88646,177292,265938,354584,443230
88647,177294,265941,354588,443235
88648,177296,265944,354592,443240
88649,177298,265947,354596,443245
88650,177300,265950,354600,443250
88651,177302,265953,354604,443255
88652,177304,265956,354608,443260
88653,177306,265959,354612,443265
88654,177308,265962,354616,443270
88655,177310,265965,354620,443275
88656,177312,265968,354624,443280
88657,177314,265971,354628,443285
88658,177316,265974,354632,443290
88659,177318,265977,354636,443295
88660,177320,265980,354640,443300
88661,177322,265983,354644,443305
88662,177324,265986,354648,443310
88663,177326,265989,354652,443315
88664,177328,265992,354656,443320
88665,177330,265995,354660,443325
88666,177332,265998,354664,443330
88667,177334,266001,354668,443335
88668,177336,266004,354672,443340
88669,177338,266007,354676,443345
88670,177340,266010,354680,443350
88671,177342,266013,354684,443355
88672,177344,266016,354688,443360
88673,177346,266019,354692,443365
88674,177348,266022,354696,443370
88675,177350,266025,354700,443375
88676,177352,266028,354704,443380
88677,177354,266031,354708,443385
88678,177356,266034,354712,443390
88679,177358,266037,354716,443395
88680,177360,266040,354720,443400
88681,177362,266043,354724,443405
88682,177364,266046,354728,443410
88683,177366,266049,354732,443415
88684,177368,266052,354736,443420
88685,177370,266055,354740,443425
88686,177372,266058,354744,443430
88687,177374,266061,354748,443435
88688,177376,266064,354752,443440
88689,177378,266067,354756,443445
88690,177380,266070,354760,443450
88691,177382,266073,354764,443455
88692,177384,266076,354768,443460
88693,177386,266079,354772,443465
88694,177388,266082,354776,443470
88695,177390,266085,354780,443475
88696,177392,266088,354784,443480
88697,177394,266091,354788,443485
88698,177396,266094,354792,443490
88699,177398,266097,354796,443495
88700,177400,266100,354800,443500
88701,177402,266103,354804,443505
88702,177404,266106,354808,443510
88703,177406,266109,354812,443515
88704,177408,266112,354816,443520
88705,177410,266115,354820,443525
88706,177412,266118,354824,443530
88707,177414,266121,354828,443535
88708,177416,266124,354832,443540
88709,177418,266127,354836,443545
88710,177420,266130,354840,443550
88711,177422,266133,354844,443555
88712,177424,266136,354848,443560
88713,177426,266139,354852,443565
88714,177428,266142,354856,443570
88715,177430,266145,354860,443575
88716,177432,266148,354864,443580
88717,177434,266151,354868,443585
88718,177436,266154,354872,443590
88719,177438,266157,354876,443595
88720,177440,266160,354880,443600
88721,177442,266163,354884,443605
88722,177444,266166,354888,443610
88723,177446,266169,354892,443615
88724,177448,266172,354896,443620
88725,177450,266175,354900,443625
88726,177452,266178,354904,443630
88727,177454,266181,354908,443635
88728,177456,266184,354912,443640
88729,177458,266187,354916,443645
88730,177460,266190,354920,443650
88731,177462,266193,354924,443655
88732,177464,266196,354928,443660
88733,177466,266199,354932,443665
88734,177468,266202,354936,443670
88735,177470,266205,354940,443675
88736,177472,266208,354944,443680
88737,177474,266211,354948,443685
88738,177476,266214,354952,443690
88739,177478,266217,354956,443695
88740,177480,266220,354960,443700
88741,177482,266223,354964,443705
88742,177484,266226,354968,443710
88743,177486,266229,354972,443715
88744,177488,266232,354976,443720
88745,177490,266235,354980,443725
88746,177492,266238,354984,443730
88747,177494,266241,354988,443735
88748,177496,266244,354992,443740
88749,177498,266247,354996,443745
88750,177500,266250,355000,443750
88751,177502,266253,355004,443755
88752,177504,266256,355008,443760
88753,177506,266259,355012,443765
88754,177508,266262,355016,443770
88755,177510,266265,355020,443775
88756,177512,266268,355024,443780
88757,177514,266271,355028,443785
88758,177516,266274,355032,443790
88759,177518,266277,355036,443795
88760,177520,266280,355040,443800
88761,177522,266283,355044,443805
88762,177524,266286,355048,443810
88763,177526,266289,355052,443815
88764,177528,266292,355056,443820
88765,177530,266295,355060,443825
88766,177532,266298,355064,443830
88767,177534,266301,355068,443835
88768,177536,266304,355072,443840
88769,177538,266307,355076,443845
88770,177540,266310,355080,443850
88771,177542,266313,355084,443855
88772,177544,266316,355088,443860
88773,177546,266319,355092,443865
88774,177548,266322,355096,443870
88775,177550,266325,355100,443875
88776,177552,266328,355104,443880
88777,177554,266331,355108,443885
88778,177556,266334,355112,443890
88779,177558,266337,355116,443895
88780,177560,266340,355120,443900
88781,177562,266343,355124,443905
88782,177564,266346,355128,443910
88783,177566,266349,355132,443915
88784,177568,266352,355136,443920
88785,177570,266355,355140,443925
88786,177572,266358,355144,443930
88787,177574,266361,355148,443935
88788,177576,266364,355152,443940
88789,177578,266367,355156,443945
88790,177580,266370,355160,443950
88791,177582,266373,355164,443955
88792,177584,266376,355168,443960
88793,177586,266379,355172,443965
88794,177588,266382,355176,443970
88795,177590,266385,355180,443975
88796,177592,266388,355184,443980
88797,177594,266391,355188,443985
88798,177596,266394,355192,443990
88799,177598,266397,355196,443995
88800,177600,266400,355200,444000
88801,177602,266403,355204,444005
88802,177604,266406,355208,444010
88803,177606,266409,355212,444015
88804,177608,266412,355216,444020
88805,177610,266415,355220,444025
88806,177612,266418,355224,444030
88807,177614,266421,355228,444035
88808,177616,266424,355232,444040
88809,177618,266427,355236,444045
88810,177620,266430,355240,444050
88811,177622,266433,355244,444055
88812,177624,266436,355248,444060
88813,177626,266439,355252,444065
88814,177628,266442,355256,444070
88815,177630,266445,355260,444075
88816,177632,266448,355264,444080
88817,177634,266451,355268,444085
88818,177636,266454,355272,444090
88819,177638,266457,355276,444095
88820,177640,266460,355280,444100
88821,177642,266463,355284,444105
88822,177644,266466,355288,444110
88823,177646,266469,355292,444115
88824,177648,266472,355296,444120
88825,177650,266475,355300,444125
88826,177652,266478,355304,444130
88827,177654,266481,355308,444135
88828,177656,266484,355312,444140
88829,177658,266487,355316,444145
88830,177660,266490,355320,444150
88831,177662,266493,355324,444155
88832,177664,266496,355328,444160
88833,177666,266499,355332,444165
88834,177668,266502,355336,444170
88835,177670,266505,355340,444175
88836,177672,266508,355344,444180
88837,177674,266511,355348,444185
88838,177676,266514,355352,444190
88839,177678,266517,355356,444195
88840,177680,266520,355360,444200
88841,177682,266523,355364,444205
88842,177684,266526,355368,444210
88843,177686,266529,355372,444215
88844,177688,266532,355376,444220
88845,177690,266535,355380,444225
88846,177692,266538,355384,444230
88847,177694,266541,355388,444235
88848,177696,266544,355392,444240
88849,177698,266547,355396,444245
88850,177700,266550,355400,444250
88851,177702,266553,355404,444255
88852,177704,266556,355408,444260
88853,177706,266559,355412,444265
88854,177708,266562,355416,444270
88855,177710,266565,355420,444275
88856,177712,266568,355424,444280
88857,177714,266571,355428,444285
88858,177716,266574,355432,444290
88859,177718,266577,355436,444295
88860,177720,266580,355440,444300
88861,177722,266583,355444,444305
88862,177724,266586,355448,444310
88863,177726,266589,355452,444315
88864,177728,266592,355456,444320
88865,177730,266595,355460,444325
88866,177732,266598,355464,444330
88867,177734,266601,355468,444335
88868,177736,266604,355472,444340
88869,177738,266607,355476,444345
88870,177740,266610,355480,444350
88871,177742,266613,355484,444355
88872,177744,266616,355488,444360
88873,177746,266619,355492,444365
88874,177748,266622,355496,444370
88875,177750,266625,355500,444375
88876,177752,266628,355504,444380
88877,177754,266631,355508,444385
88878,177756,266634,355512,444390
88879,177758,266637,355516,444395
88880,177760,266640,355520,444400
88881,177762,266643,355524,444405
88882,177764,266646,355528,444410
88883,177766,266649,355532,444415
88884,177768,266652,355536,444420
88885,177770,266655,355540,444425
88886,177772,266658,355544,444430
88887,177774,266661,355548,444435
88888,177776,266664,355552,444440
88889,177778,266667,355556,444445
88890,177780,266670,355560,444450
88891,177782,266673,355564,444455
88892,177784,266676,355568,444460
88893,177786,266679,355572,444465
88894,177788,266682,355576,444470
88895,177790,266685,355580,444475
88896,177792,266688,355584,444480
88897,177794,266691,355588,444485
88898,177796,266694,355592,444490
88899,177798,266697,355596,444495
88900,177800,266700,355600,444500
88901,177802,266703,355604,444505
88902,177804,266706,355608,444510
88903,177806,266709,355612,444515
88904,177808,266712,355616,444520
88905,177810,266715,355620,444525
88906,177812,266718,355624,444530
88907,177814,266721,355628,444535
88908,177816,266724,355632,444540
88909,177818,266727,355636,444545
88910,177820,266730,355640,444550
88911,177822,266733,355644,444555
88912,177824,266736,355648,444560
88913,177826,266739,355652,444565
88914,177828,266742,355656,444570
88915,177830,266745,355660,444575
88916,177832,266748,355664,444580
88917,177834,266751,355668,444585
88918,177836,266754,355672,444590
88919,177838,266757,355676,444595
88920,177840,266760,355680,444600
88921,177842,266763,355684,444605
88922,177844,266766,355688,444610
88923,177846,266769,355692,444615
88924,177848,266772,355696,444620
88925,177850,266775,355700,444625
88926,177852,266778,355704,444630
88927,177854,266781,355708,444635
88928,177856,266784,355712,444640
88929,177858,266787,355716,444645
88930,177860,266790,355720,444650
88931,177862,266793,355724,444655
88932,177864,266796,355728,444660
88933,177866,266799,355732,444665
88934,177868,266802,355736,444670
88935,177870,266805,355740,444675
88936,177872,266808,355744,444680
88937,177874,266811,355748,444685
88938,177876,266814,355752,444690
88939,177878,266817,355756,444695
88940,177880,266820,355760,444700
88941,177882,266823,355764,444705
88942,177884,266826,355768,444710
88943,177886,266829,355772,444715
88944,177888,266832,355776,444720
88945,177890,266835,355780,444725
88946,177892,266838,355784,444730
88947,177894,266841,355788,444735
88948,177896,266844,355792,444740
88949,177898,266847,355796,444745
88950,177900,266850,355800,444750
88951,177902,266853,355804,444755
88952,177904,266856,355808,444760
88953,177906,266859,355812,444765
88954,177908,266862,355816,444770
88955,177910,266865,355820,444775
88956,177912,266868,355824,444780
88957,177914,266871,355828,444785
88958,177916,266874,355832,444790
88959,177918,266877,355836,444795
88960,177920,266880,355840,444800
88961,177922,266883,355844,444805
88962,177924,266886,355848,444810
88963,177926,266889,355852,444815
88964,177928,266892,355856,444820
88965,177930,266895,355860,444825
88966,177932,266898,355864,444830
88967,177934,266901,355868,444835
88968,177936,266904,355872,444840
88969,177938,266907,355876,444845
88970,177940,266910,355880,444850
88971,177942,266913,355884,444855
88972,177944,266916,355888,444860
88973,177946,266919,355892,444865
88974,177948,266922,355896,444870
88975,177950,266925,355900,444875
88976,177952,266928,355904,444880
88977,177954,266931,355908,444885
88978,177956,266934,355912,444890
88979,177958,266937,355916,444895
88980,177960,266940,355920,444900
88981,177962,266943,355924,444905
88982,177964,266946,355928,444910
88983,177966,266949,355932,444915
88984,177968,266952,355936,444920
88985,177970,266955,355940,444925
88986,177972,266958,355944,444930
88987,177974,266961,355948,444935
88988,177976,266964,355952,444940
88989,177978,266967,355956,444945
88990,177980,266970,355960,444950
88991,177982,266973,355964,444955
88992,177984,266976,355968,444960
88993,177986,266979,355972,444965
88994,177988,266982,355976,444970
88995,177990,266985,355980,444975
88996,177992,266988,355984,444980
88997,177994,266991,355988,444985
88998,177996,266994,355992,444990
88999,177998,266997,355996,444995
89000,178000,267000,356000,445000
89001,178002,267003,356004,445005
89002,178004,267006,356008,445010
89003,178006,267009,356012,445015
89004,178008,267012,356016,445020
89005,178010,267015,356020,445025
89006,178012,267018,356024,445030
89007,178014,267021,356028,445035
89008,178016,267024,356032,445040
89009,178018,267027,356036,445045
89010,178020,267030,356040,445050
89011,178022,267033,356044,445055
89012,178024,267036,356048,445060
89013,178026,267039,356052,445065
89014,178028,267042,356056,445070
89015,178030,267045,356060,445075
89016,178032,267048,356064,445080
89017,178034,267051,356068,445085
89018,178036,267054,356072,445090
89019,178038,267057,356076,445095
89020,178040,267060,356080,445100
89021,178042,267063,356084,445105
89022,178044,267066,356088,445110
89023,178046,267069,356092,445115
89024,178048,267072,356096,445120
89025,178050,267075,356100,445125
89026,178052,267078,356104,445130
89027,178054,267081,356108,445135
89028,178056,267084,356112,445140
89029,178058,267087,356116,445145
89030,178060,267090,356120,445150
89031,178062,267093,356124,445155
89032,178064,267096,356128,445160
89033,178066,267099,356132,445165
89034,178068,267102,356136,445170
89035,178070,267105,356140,445175
89036,178072,267108,356144,445180
89037,178074,267111,356148,445185
89038,178076,267114,356152,445190
89039,178078,267117,356156,445195
89040,178080,267120,356160,445200
89041,178082,267123,356164,445205
89042,178084,267126,356168,445210
89043,178086,267129,356172,445215
89044,178088,267132,356176,445220
89045,178090,267135,356180,445225
89046,178092,267138,356184,445230
89047,178094,267141,356188,445235
89048,178096,267144,356192,445240
89049,178098,267147,356196,445245
89050,178100,267150,356200,445250
89051,178102,267153,356204,445255
89052,178104,267156,356208,445260
89053,178106,267159,356212,445265
89054,178108,267162,356216,445270
89055,178110,267165,356220,445275
89056,178112,267168,356224,445280
89057,178114,267171,356228,445285
89058,178116,267174,356232,445290
89059,178118,267177,356236,445295
89060,178120,267180,356240,445300
89061,178122,267183,356244,445305
89062,178124,267186,356248,445310
89063,178126,267189,356252,445315
89064,178128,267192,356256,445320
89065,178130,267195,356260,445325
89066,178132,267198,356264,445330
89067,178134,267201,356268,445335
89068,178136,267204,356272,445340
89069,178138,267207,356276,445345
89070,178140,267210,356280,445350
89071,178142,267213,356284,445355
89072,178144,267216,356288,445360
89073,178146,267219,356292,445365
89074,178148,267222,356296,445370
89075,178150,267225,356300,445375
89076,178152,267228,356304,445380
89077,178154,267231,356308,445385
89078,178156,267234,356312,445390
89079,178158,267237,356316,445395
89080,178160,267240,356320,445400
89081,178162,267243,356324,445405
89082,178164,267246,356328,445410
89083,178166,267249,356332,445415
89084,178168,267252,356336,445420
89085,178170,267255,356340,445425
89086,178172,267258,356344,445430
89087,178174,267261,356348,445435
89088,178176,267264,356352,445440
89089,178178,267267,356356,445445
89090,178180,267270,356360,445450
89091,178182,267273,356364,445455
89092,178184,267276,356368,445460
89093,178186,267279,356372,445465
89094,178188,267282,356376,445470
89095,178190,267285,356380,445475
89096,178192,267288,356384,445480
89097,178194,267291,356388,445485
89098,178196,267294,356392,445490
89099,178198,267297,356396,445495
89100,178200,267300,356400,445500
89101,178202,267303,356404,445505
89102,178204,267306,356408,445510
89103,178206,267309,356412,445515
89104,178208,267312,356416,445520
89105,178210,267315,356420,445525
89106,178212,267318,356424,445530
89107,178214,267321,356428,445535
89108,178216,267324,356432,445540
89109,178218,267327,356436,445545
89110,178220,267330,356440,445550
89111,178222,267333,356444,445555
89112,178224,267336,356448,445560
89113,178226,267339,356452,445565
89114,178228,267342,356456,445570
89115,178230,267345,356460,445575
89116,178232,267348,356464,445580
89117,178234,267351,356468,445585
89118,178236,267354,356472,445590
89119,178238,267357,356476,445595
89120,178240,267360,356480,445600
89121,178242,267363,356484,445605
89122,178244,267366,356488,445610
89123,178246,267369,356492,445615
89124,178248,267372,356496,445620
89125,178250,267375,356500,445625
89126,178252,267378,356504,445630
89127,178254,267381,356508,445635
89128,178256,267384,356512,445640
89129,178258,267387,356516,445645
89130,178260,267390,356520,445650
89131,178262,267393,356524,445655
89132,178264,267396,356528,445660
89133,178266,267399,356532,445665
89134,178268,267402,356536,445670
89135,178270,267405,356540,445675
89136,178272,267408,356544,445680
89137,178274,267411,356548,445685
89138,178276,267414,356552,445690
89139,178278,267417,356556,445695
89140,178280,267420,356560,445700
89141,178282,267423,356564,445705
89142,178284,267426,356568,445710
89143,178286,267429,356572,445715
89144,178288,267432,356576,445720
89145,178290,267435,356580,445725
89146,178292,267438,356584,445730
89147,178294,267441,356588,445735
89148,178296,267444,356592,445740
89149,178298,267447,356596,445745
89150,178300,267450,356600,445750
89151,178302,267453,356604,445755
89152,178304,267456,356608,445760
89153,178306,267459,356612,445765
89154,178308,267462,356616,445770
89155,178310,267465,356620,445775
89156,178312,267468,356624,445780
89157,178314,267471,356628,445785
89158,178316,267474,356632,445790
89159,178318,267477,356636,445795
89160,178320,267480,356640,445800
89161,178322,267483,356644,445805
89162,178324,267486,356648,445810
89163,178326,267489,356652,445815
89164,178328,267492,356656,445820
89165,178330,267495,356660,445825
89166,178332,267498,356664,445830
89167,178334,267501,356668,445835
89168,178336,267504,356672,445840
89169,178338,267507,356676,445845
89170,178340,267510,356680,445850
89171,178342,267513,356684,445855
89172,178344,267516,356688,445860
89173,178346,267519,356692,445865
89174,178348,267522,356696,445870
89175,178350,267525,356700,445875
89176,178352,267528,356704,445880
89177,178354,267531,356708,445885
89178,178356,267534,356712,445890
89179,178358,267537,356716,445895
89180,178360,267540,356720,445900
89181,178362,267543,356724,445905
89182,178364,267546,356728,445910
89183,178366,267549,356732,445915
89184,178368,267552,356736,445920
89185,178370,267555,356740,445925
89186,178372,267558,356744,445930
89187,178374,267561,356748,445935
89188,178376,267564,356752,445940
89189,178378,267567,356756,445945
89190,178380,267570,356760,445950
89191,178382,267573,356764,445955
89192,178384,267576,356768,445960
89193,178386,267579,356772,445965
89194,178388,267582,356776,445970
89195,178390,267585,356780,445975
89196,178392,267588,356784,445980
89197,178394,267591,356788,445985
89198,178396,267594,356792,445990
89199,178398,267597,356796,445995
89200,178400,267600,356800,446000
89201,178402,267603,356804,446005
89202,178404,267606,356808,446010
89203,178406,267609,356812,446015
89204,178408,267612,356816,446020
89205,178410,267615,356820,446025
89206,178412,267618,356824,446030
89207,178414,267621,356828,446035
89208,178416,267624,356832,446040
89209,178418,267627,356836,446045
89210,178420,267630,356840,446050
89211,178422,267633,356844,446055
89212,178424,267636,356848,446060
89213,178426,267639,356852,446065
89214,178428,267642,356856,446070
89215,178430,267645,356860,446075
89216,178432,267648,356864,446080
89217,178434,267651,356868,446085
89218,178436,267654,356872,446090
89219,178438,267657,356876,446095
89220,178440,267660,356880,446100
89221,178442,267663,356884,446105
89222,178444,267666,356888,446110
89223,178446,267669,356892,446115
89224,178448,267672,356896,446120
89225,178450,267675,356900,446125
89226,178452,267678,356904,446130
89227,178454,267681,356908,446135
89228,178456,267684,356912,446140
89229,178458,267687,356916,446145
89230,178460,267690,356920,446150
89231,178462,267693,356924,446155
89232,178464,267696,356928,446160
89233,178466,267699,356932,446165
89234,178468,267702,356936,446170
89235,178470,267705,356940,446175
89236,178472,267708,356944,446180
89237,178474,267711,356948,446185
89238,178476,267714,356952,446190
89239,178478,267717,356956,446195
89240,178480,267720,356960,446200
89241,178482,267723,356964,446205
89242,178484,267726,356968,446210
89243,178486,267729,356972,446215
89244,178488,267732,356976,446220
89245,178490,267735,356980,446225
89246,178492,267738,356984,446230
89247,178494,267741,356988,446235
89248,178496,267744,356992,446240
89249,178498,267747,356996,446245
89250,178500,267750,357000,446250
89251,178502,267753,357004,446255
89252,178504,267756,357008,446260
89253,178506,267759,357012,446265
89254,178508,267762,357016,446270
89255,178510,267765,357020,446275
89256,178512,267768,357024,446280
89257,178514,267771,357028,446285
89258,178516,267774,357032,446290
89259,178518,267777,357036,446295
89260,178520,267780,357040,446300
89261,178522,267783,357044,446305
89262,178524,267786,357048,446310
89263,178526,267789,357052,446315
89264,178528,267792,357056,446320
89265,178530,267795,357060,446325
89266,178532,267798,357064,446330
89267,178534,267801,357068,446335
89268,178536,267804,357072,446340
89269,178538,267807,357076,446345
89270,178540,267810,357080,446350
89271,178542,267813,357084,446355
89272,178544,267816,357088,446360
89273,178546,267819,357092,446365
89274,178548,267822,357096,446370
89275,178550,267825,357100,446375
89276,178552,267828,357104,446380
89277,178554,267831,357108,446385
89278,178556,267834,357112,446390
89279,178558,267837,357116,446395
89280,178560,267840,357120,446400
89281,178562,267843,357124,446405
89282,178564,267846,357128,446410
89283,178566,267849,357132,446415
89284,178568,267852,357136,446420
89285,178570,267855,357140,446425
89286,178572,267858,357144,446430
89287,178574,267861,357148,446435
89288,178576,267864,357152,446440
89289,178578,267867,357156,446445
89290,178580,267870,357160,446450
89291,178582,267873,357164,446455
89292,178584,267876,357168,446460
89293,178586,267879,357172,446465
89294,178588,267882,357176,446470
89295,178590,267885,357180,446475
89296,178592,267888,357184,446480
89297,178594,267891,357188,446485
89298,178596,267894,357192,446490
89299,178598,267897,357196,446495
89300,178600,267900,357200,446500
89301,178602,267903,357204,446505
89302,178604,267906,357208,446510
89303,178606,267909,357212,446515
89304,178608,267912,357216,446520
89305,178610,267915,357220,446525
89306,178612,267918,357224,446530
89307,178614,267921,357228,446535
89308,178616,267924,357232,446540
89309,178618,267927,357236,446545
89310,178620,267930,357240,446550
89311,178622,267933,357244,446555
89312,178624,267936,357248,446560
89313,178626,267939,357252,446565
89314,178628,267942,357256,446570
89315,178630,267945,357260,446575
89316,178632,267948,357264,446580
89317,178634,267951,357268,446585
89318,178636,267954,357272,446590
89319,178638,267957,357276,446595
89320,178640,267960,357280,446600
89321,178642,267963,357284,446605
89322,178644,267966,357288,446610
89323,178646,267969,357292,446615
89324,178648,267972,357296,446620
89325,178650,267975,357300,446625
89326,178652,267978,357304,446630
89327,178654,267981,357308,446635
89328,178656,267984,357312,446640
89329,178658,267987,357316,446645
89330,178660,267990,357320,446650
89331,178662,267993,357324,446655
89332,178664,267996,357328,446660
89333,178666,267999,357332,446665
89334,178668,268002,357336,446670
89335,178670,268005,357340,446675
89336,178672,268008,357344,446680
89337,178674,268011,357348,446685
89338,178676,268014,357352,446690
89339,178678,268017,357356,446695
89340,178680,268020,357360,446700
89341,178682,268023,357364,446705
89342,178684,268026,357368,446710
89343,178686,268029,357372,446715
89344,178688,268032,357376,446720
89345,178690,268035,357380,446725
89346,178692,268038,357384,446730
89347,178694,268041,357388,446735
89348,178696,268044,357392,446740
89349,178698,268047,357396,446745
89350,178700,268050,357400,446750
89351,178702,268053,357404,446755
89352,178704,268056,357408,446760
89353,178706,268059,357412,446765
89354,178708,268062,357416,446770
89355,178710,268065,357420,446775
89356,178712,268068,357424,446780
89357,178714,268071,357428,446785
89358,178716,268074,357432,446790
89359,178718,268077,357436,446795
89360,178720,268080,357440,446800
89361,178722,268083,357444,446805
89362,178724,268086,357448,446810
89363,178726,268089,357452,446815
89364,178728,268092,357456,446820
89365,178730,268095,357460,446825
89366,178732,268098,357464,446830
89367,178734,268101,357468,446835
89368,178736,268104,357472,446840
89369,178738,268107,357476,446845
89370,178740,268110,357480,446850
89371,178742,268113,357484,446855
89372,178744,268116,357488,446860
89373,178746,268119,357492,446865
89374,178748,268122,357496,446870
89375,178750,268125,357500,446875
89376,178752,268128,357504,446880
89377,178754,268131,357508,446885
89378,178756,268134,357512,446890
89379,178758,268137,357516,446895
89380,178760,268140,357520,446900
89381,178762,268143,357524,446905
89382,178764,268146,357528,446910
89383,178766,268149,357532,446915
89384,178768,268152,357536,446920
89385,178770,268155,357540,446925
89386,178772,268158,357544,446930
89387,178774,268161,357548,446935
89388,178776,268164,357552,446940
89389,178778,268167,357556,446945
89390,178780,268170,357560,446950
89391,178782,268173,357564,446955
89392,178784,268176,357568,446960
89393,178786,268179,357572,446965
89394,178788,268182,357576,446970
89395,178790,268185,357580,446975
89396,178792,268188,357584,446980
89397,178794,268191,357588,446985
89398,178796,268194,357592,446990
89399,178798,268197,357596,446995
89400,178800,268200,357600,447000
89401,178802,268203,357604,447005
89402,178804,268206,357608,447010
89403,178806,268209,357612,447015
89404,178808,268212,357616,447020
89405,178810,268215,357620,447025
89406,178812,268218,357624,447030
89407,178814,268221,357628,447035
89408,178816,268224,357632,447040
89409,178818,268227,357636,447045
89410,178820,268230,357640,447050
89411,178822,268233,357644,447055
89412,178824,268236,357648,447060
89413,178826,268239,357652,447065
89414,178828,268242,357656,447070
89415,178830,268245,357660,447075
89416,178832,268248,357664,447080
89417,178834,268251,357668,447085
89418,178836,268254,357672,447090
89419,178838,268257,357676,447095
89420,178840,268260,357680,447100
89421,178842,268263,357684,447105
89422,178844,268266,357688,447110
89423,178846,268269,357692,447115
89424,178848,268272,357696,447120
89425,178850,268275,357700,447125
89426,178852,268278,357704,447130
89427,178854,268281,357708,447135
89428,178856,268284,357712,447140
89429,178858,268287,357716,447145
89430,178860,268290,357720,447150
89431,178862,268293,357724,447155
89432,178864,268296,357728,447160
89433,178866,268299,357732,447165
89434,178868,268302,357736,447170
89435,178870,268305,357740,447175
89436,178872,268308,357744,447180
89437,178874,268311,357748,447185
89438,178876,268314,357752,447190
89439,178878,268317,357756,447195
89440,178880,268320,357760,447200
89441,178882,268323,357764,447205
89442,178884,268326,357768,447210
89443,178886,268329,357772,447215
89444,178888,268332,357776,447220
89445,178890,268335,357780,447225
89446,178892,268338,357784,447230
89447,178894,268341,357788,447235
89448,178896,268344,357792,447240
89449,178898,268347,357796,447245
89450,178900,268350,357800,447250
89451,178902,268353,357804,447255
89452,178904,268356,357808,447260
89453,178906,268359,357812,447265
89454,178908,268362,357816,447270
89455,178910,268365,357820,447275
89456,178912,268368,357824,447280
89457,178914,268371,357828,447285
89458,178916,268374,357832,447290
89459,178918,268377,357836,447295
89460,178920,268380,357840,447300
89461,178922,268383,357844,447305
89462,178924,268386,357848,447310
89463,178926,268389,357852,447315
89464,178928,268392,357856,447320
89465,178930,268395,357860,447325
89466,178932,268398,357864,447330
89467,178934,268401,357868,447335
89468,178936,268404,357872,447340
89469,178938,268407,357876,447345
89470,178940,268410,357880,447350
89471,178942,268413,357884,447355
89472,178944,268416,357888,447360
89473,178946,268419,357892,447365
89474,178948,268422,357896,447370
89475,178950,268425,357900,447375
89476,178952,268428,357904,447380
89477,178954,268431,357908,447385
89478,178956,268434,357912,447390
89479,178958,268437,357916,447395
89480,178960,268440,357920,447400
89481,178962,268443,357924,447405
89482,178964,268446,357928,447410
89483,178966,268449,357932,447415
89484,178968,268452,357936,447420
89485,178970,268455,357940,447425
89486,178972,268458,357944,447430
89487,178974,268461,357948,447435
89488,178976,268464,357952,447440
89489,178978,268467,357956,447445
89490,178980,268470,357960,447450
89491,178982,268473,357964,447455
89492,178984,268476,357968,447460
89493,178986,268479,357972,447465
89494,178988,268482,357976,447470
89495,178990,268485,357980,447475
89496,178992,268488,357984,447480
89497,178994,268491,357988,447485
89498,178996,268494,357992,447490
89499,178998,268497,357996,447495
89500,179000,268500,358000,447500
89501,179002,268503,358004,447505
89502,179004,268506,358008,447510
89503,179006,268509,358012,447515
89504,179008,268512,358016,447520
89505,179010,268515,358020,447525
89506,179012,268518,358024,447530
89507,179014,268521,358028,447535
89508,179016,268524,358032,447540
89509,179018,268527,358036,447545
89510,179020,268530,358040,447550
89511,179022,268533,358044,447555
89512,179024,268536,358048,447560
89513,179026,268539,358052,447565
89514,179028,268542,358056,447570
89515,179030,268545,358060,447575
89516,179032,268548,358064,447580
89517,179034,268551,358068,447585
89518,179036,268554,358072,447590
89519,179038,268557,358076,447595
89520,179040,268560,358080,447600
89521,179042,268563,358084,447605
89522,179044,268566,358088,447610
89523,179046,268569,358092,447615
89524,179048,268572,358096,447620
89525,179050,268575,358100,447625
89526,179052,268578,358104,447630
89527,179054,268581,358108,447635
89528,179056,268584,358112,447640
89529,179058,268587,358116,447645
89530,179060,268590,358120,447650
89531,179062,268593,358124,447655
89532,179064,268596,358128,447660
89533,179066,268599,358132,447665
89534,179068,268602,358136,447670
89535,179070,268605,358140,447675
89536,179072,268608,358144,447680
89537,179074,268611,358148,447685
89538,179076,268614,358152,447690
89539,179078,268617,358156,447695
89540,179080,268620,358160,447700
89541,179082,268623,358164,447705
89542,179084,268626,358168,447710
89543,179086,268629,358172,447715
89544,179088,268632,358176,447720
89545,179090,268635,358180,447725
89546,179092,268638,358184,447730
89547,179094,268641,358188,447735
89548,179096,268644,358192,447740
89549,179098,268647,358196,447745
89550,179100,268650,358200,447750
89551,179102,268653,358204,447755
89552,179104,268656,358208,447760
89553,179106,268659,358212,447765
89554,179108,268662,358216,447770
89555,179110,268665,358220,447775
89556,179112,268668,358224,447780
89557,179114,268671,358228,447785
89558,179116,268674,358232,447790
89559,179118,268677,358236,447795
89560,179120,268680,358240,447800
89561,179122,268683,358244,447805
89562,179124,268686,358248,447810
89563,179126,268689,358252,447815
89564,179128,268692,358256,447820
89565,179130,268695,358260,447825
89566,179132,268698,358264,447830
89567,179134,268701,358268,447835
89568,179136,268704,358272,447840
89569,179138,268707,358276,447845
89570,179140,268710,358280,447850
89571,179142,268713,358284,447855
89572,179144,268716,358288,447860
89573,179146,268719,358292,447865
89574,179148,268722,358296,447870
89575,179150,268725,358300,447875
89576,179152,268728,358304,447880
89577,179154,268731,358308,447885
89578,179156,268734,358312,447890
89579,179158,268737,358316,447895
89580,179160,268740,358320,447900
89581,179162,268743,358324,447905
89582,179164,268746,358328,447910
89583,179166,268749,358332,447915
89584,179168,268752,358336,447920
89585,179170,268755,358340,447925
89586,179172,268758,358344,447930
89587,179174,268761,358348,447935
89588,179176,268764,358352,447940
89589,179178,268767,358356,447945
89590,179180,268770,358360,447950
89591,179182,268773,358364,447955
89592,179184,268776,358368,447960
89593,179186,268779,358372,447965
89594,179188,268782,358376,447970
89595,179190,268785,358380,447975
89596,179192,268788,358384,447980
89597,179194,268791,358388,447985
89598,179196,268794,358392,447990
89599,179198,268797,358396,447995
89600,179200,268800,358400,448000
89601,179202,268803,358404,448005
89602,179204,268806,358408,448010
89603,179206,268809,358412,448015
89604,179208,268812,358416,448020
89605,179210,268815,358420,448025
89606,179212,268818,358424,448030
89607,179214,268821,358428,448035
89608,179216,268824,358432,448040
89609,179218,268827,358436,448045
89610,179220,268830,358440,448050
89611,179222,268833,358444,448055
89612,179224,268836,358448,448060
89613,179226,268839,358452,448065
89614,179228,268842,358456,448070
89615,179230,268845,358460,448075
89616,179232,268848,358464,448080
89617,179234,268851,358468,448085
89618,179236,268854,358472,448090
89619,179238,268857,358476,448095
89620,179240,268860,358480,448100
89621,179242,268863,358484,448105
89622,179244,268866,358488,448110
89623,179246,268869,358492,448115
89624,179248,268872,358496,448120
89625,179250,268875,358500,448125
89626,179252,268878,358504,448130
89627,179254,268881,358508,448135
89628,179256,268884,358512,448140
89629,179258,268887,358516,448145
89630,179260,268890,358520,448150
89631,179262,268893,358524,448155
89632,179264,268896,358528,448160
89633,179266,268899,358532,448165
89634,179268,268902,358536,448170
89635,179270,268905,358540,448175
89636,179272,268908,358544,448180
89637,179274,268911,358548,448185
89638,179276,268914,358552,448190
89639,179278,268917,358556,448195
89640,179280,268920,358560,448200
89641,179282,268923,358564,448205
89642,179284,268926,358568,448210
89643,179286,268929,358572,448215
89644,179288,268932,358576,448220
89645,179290,268935,358580,448225
89646,179292,268938,358584,448230
89647,179294,268941,358588,448235
89648,179296,268944,358592,448240
89649,179298,268947,358596,448245
89650,179300,268950,358600,448250
89651,179302,268953,358604,448255
89652,179304,268956,358608,448260
89653,179306,268959,358612,448265
89654,179308,268962,358616,448270
89655,179310,268965,358620,448275
89656,179312,268968,358624,448280
89657,179314,268971,358628,448285
89658,179316,268974,358632,448290
89659,179318,268977,358636,448295
89660,179320,268980,358640,448300
89661,179322,268983,358644,448305
89662,179324,268986,358648,448310
89663,179326,268989,358652,448315
89664,179328,268992,358656,448320
89665,179330,268995,358660,448325
89666,179332,268998,358664,448330
89667,179334,269001,358668,448335
89668,179336,269004,358672,448340
89669,179338,269007,358676,448345
89670,179340,269010,358680,448350
89671,179342,269013,358684,448355
89672,179344,269016,358688,448360
89673,179346,269019,358692,448365
89674,179348,269022,358696,448370
89675,179350,269025,358700,448375
89676,179352,269028,358704,448380
89677,179354,269031,358708,448385
89678,179356,269034,358712,448390
89679,179358,269037,358716,448395
89680,179360,269040,358720,448400
89681,179362,269043,358724,448405
89682,179364,269046,358728,448410
89683,179366,269049,358732,448415
89684,179368,269052,358736,448420
89685,179370,269055,358740,448425
89686,179372,269058,358744,448430
89687,179374,269061,358748,448435
89688,179376,269064,358752,448440
89689,179378,269067,358756,448445
89690,179380,269070,358760,448450
89691,179382,269073,358764,448455
89692,179384,269076,358768,448460
89693,179386,269079,358772,448465
89694,179388,269082,358776,448470
89695,179390,269085,358780,448475
89696,179392,269088,358784,448480
89697,179394,269091,358788,448485
89698,179396,269094,358792,448490
89699,179398,269097,358796,448495
89700,179400,269100,358800,448500
89701,179402,269103,358804,448505
89702,179404,269106,358808,448510
89703,179406,269109,358812,448515
89704,179408,269112,358816,448520
89705,179410,269115,358820,448525
89706,179412,269118,358824,448530
89707,179414,269121,358828,448535
89708,179416,269124,358832,448540
89709,179418,269127,358836,448545
89710,179420,269130,358840,448550
89711,179422,269133,358844,448555
89712,179424,269136,358848,448560
89713,179426,269139,358852,448565
89714,179428,269142,358856,448570
89715,179430,269145,358860,448575
89716,179432,269148,358864,448580
89717,179434,269151,358868,448585
89718,179436,269154,358872,448590
89719,179438,269157,358876,448595
89720,179440,269160,358880,448600
89721,179442,269163,358884,448605
89722,179444,269166,358888,448610
89723,179446,269169,358892,448615
89724,179448,269172,358896,448620
89725,179450,269175,358900,448625
89726,179452,269178,358904,448630
89727,179454,269181,358908,448635
89728,179456,269184,358912,448640
89729,179458,269187,358916,448645
89730,179460,269190,358920,448650
89731,179462,269193,358924,448655
89732,179464,269196,358928,448660
89733,179466,269199,358932,448665
89734,179468,269202,358936,448670
89735,179470,269205,358940,448675
89736,179472,269208,358944,448680
89737,179474,269211,358948,448685
89738,179476,269214,358952,448690
89739,179478,269217,358956,448695
89740,179480,269220,358960,448700
89741,179482,269223,358964,448705
89742,179484,269226,358968,448710
89743,179486,269229,358972,448715
89744,179488,269232,358976,448720
89745,179490,269235,358980,448725
89746,179492,269238,358984,448730
89747,179494,269241,358988,448735
89748,179496,269244,358992,448740
89749,179498,269247,358996,448745
89750,179500,269250,359000,448750
89751,179502,269253,359004,448755
89752,179504,269256,359008,448760
89753,179506,269259,359012,448765
89754,179508,269262,359016,448770
89755,179510,269265,359020,448775
89756,179512,269268,359024,448780
89757,179514,269271,359028,448785
89758,179516,269274,359032,448790
89759,179518,269277,359036,448795
89760,179520,269280,359040,448800
89761,179522,269283,359044,448805
89762,179524,269286,359048,448810
89763,179526,269289,359052,448815
89764,179528,269292,359056,448820
89765,179530,269295,359060,448825
89766,179532,269298,359064,448830
89767,179534,269301,359068,448835
89768,179536,269304,359072,448840
89769,179538,269307,359076,448845
89770,179540,269310,359080,448850
89771,179542,269313,359084,448855
89772,179544,269316,359088,448860
89773,179546,269319,359092,448865
89774,179548,269322,359096,448870
89775,179550,269325,359100,448875
89776,179552,269328,359104,448880
89777,179554,269331,359108,448885
89778,179556,269334,359112,448890
89779,179558,269337,359116,448895
89780,179560,269340,359120,448900
89781,179562,269343,359124,448905
89782,179564,269346,359128,448910
89783,179566,269349,359132,448915
89784,179568,269352,359136,448920
89785,179570,269355,359140,448925
89786,179572,269358,359144,448930
89787,179574,269361,359148,448935
89788,179576,269364,359152,448940
89789,179578,269367,359156,448945
89790,179580,269370,359160,448950
89791,179582,269373,359164,448955
89792,179584,269376,359168,448960
89793,179586,269379,359172,448965
89794,179588,269382,359176,448970
89795,179590,269385,359180,448975
89796,179592,269388,359184,448980
89797,179594,269391,359188,448985
89798,179596,269394,359192,448990
89799,179598,269397,359196,448995
89800,179600,269400,359200,449000
89801,179602,269403,359204,449005
89802,179604,269406,359208,449010
89803,179606,269409,359212,449015
89804,179608,269412,359216,449020
89805,179610,269415,359220,449025
89806,179612,269418,359224,449030
89807,179614,269421,359228,449035
89808,179616,269424,359232,449040
89809,179618,269427,359236,449045
89810,179620,269430,359240,449050
89811,179622,269433,359244,449055
89812,179624,269436,359248,449060
89813,179626,269439,359252,449065
89814,179628,269442,359256,449070
89815,179630,269445,359260,449075
89816,179632,269448,359264,449080
89817,179634,269451,359268,449085
89818,179636,269454,359272,449090
89819,179638,269457,359276,449095
89820,179640,269460,359280,449100
89821,179642,269463,359284,449105
89822,179644,269466,359288,449110
89823,179646,269469,359292,449115
89824,179648,269472,359296,449120
89825,179650,269475,359300,449125
89826,179652,269478,359304,449130
89827,179654,269481,359308,449135
89828,179656,269484,359312,449140
89829,179658,269487,359316,449145
89830,179660,269490,359320,449150
89831,179662,269493,359324,449155
89832,179664,269496,359328,449160
89833,179666,269499,359332,449165
89834,179668,269502,359336,449170
89835,179670,269505,359340,449175
89836,179672,269508,359344,449180
89837,179674,269511,359348,449185
89838,179676,269514,359352,449190
89839,179678,269517,359356,449195
89840,179680,269520,359360,449200
89841,179682,269523,359364,449205
89842,179684,269526,359368,449210
89843,179686,269529,359372,449215
89844,179688,269532,359376,449220
89845,179690,269535,359380,449225
89846,179692,269538,359384,449230
89847,179694,269541,359388,449235
89848,179696,269544,359392,449240
89849,179698,269547,359396,449245
89850,179700,269550,359400,449250
89851,179702,269553,359404,449255
89852,179704,269556,359408,449260
89853,179706,269559,359412,449265
89854,179708,269562,359416,449270
89855,179710,269565,359420,449275
89856,179712,269568,359424,449280
89857,179714,269571,359428,449285
89858,179716,269574,359432,449290
89859,179718,269577,359436,449295
89860,179720,269580,359440,449300
89861,179722,269583,359444,449305
89862,179724,269586,359448,449310
89863,179726,269589,359452,449315
89864,179728,269592,359456,449320
89865,179730,269595,359460,449325
89866,179732,269598,359464,449330
89867,179734,269601,359468,449335
89868,179736,269604,359472,449340
89869,179738,269607,359476,449345
89870,179740,269610,359480,449350
89871,179742,269613,359484,449355
89872,179744,269616,359488,449360
89873,179746,269619,359492,449365
89874,179748,269622,359496,449370
89875,179750,269625,359500,449375
89876,179752,269628,359504,449380
89877,179754,269631,359508,449385
89878,179756,269634,359512,449390
89879,179758,269637,359516,449395
89880,179760,269640,359520,449400
89881,179762,269643,359524,449405
89882,179764,269646,359528,449410
89883,179766,269649,359532,449415
89884,179768,269652,359536,449420
89885,179770,269655,359540,449425
89886,179772,269658,359544,449430
89887,179774,269661,359548,449435
89888,179776,269664,359552,449440
89889,179778,269667,359556,449445
89890,179780,269670,359560,449450
89891,179782,269673,359564,449455
89892,179784,269676,359568,449460
89893,179786,269679,359572,449465
89894,179788,269682,359576,449470
89895,179790,269685,359580,449475
89896,179792,269688,359584,449480
89897,179794,269691,359588,449485
89898,179796,269694,359592,449490
89899,179798,269697,359596,449495
89900,179800,269700,359600,449500
89901,179802,269703,359604,449505
89902,179804,269706,359608,449510
89903,179806,269709,359612,449515
89904,179808,269712,359616,449520
89905,179810,269715,359620,449525
89906,179812,269718,359624,449530
89907,179814,269721,359628,449535
89908,179816,269724,359632,449540
89909,179818,269727,359636,449545
89910,179820,269730,359640,449550
89911,179822,269733,359644,449555
89912,179824,269736,359648,449560
89913,179826,269739,359652,449565
89914,179828,269742,359656,449570
89915,179830,269745,359660,449575
89916,179832,269748,359664,449580
89917,179834,269751,359668,449585
89918,179836,269754,359672,449590
89919,179838,269757,359676,449595
89920,179840,269760,359680,449600
89921,179842,269763,359684,449605
89922,179844,269766,359688,449610
89923,179846,269769,359692,449615
89924,179848,269772,359696,449620
89925,179850,269775,359700,449625
89926,179852,269778,359704,449630
89927,179854,269781,359708,449635
89928,179856,269784,359712,449640
89929,179858,269787,359716,449645
89930,179860,269790,359720,449650
89931,179862,269793,359724,449655
89932,179864,269796,359728,449660
89933,179866,269799,359732,449665
89934,179868,269802,359736,449670
89935,179870,269805,359740,449675
89936,179872,269808,359744,449680
89937,179874,269811,359748,449685
89938,179876,269814,359752,449690
89939,179878,269817,359756,449695
89940,179880,269820,359760,449700
89941,179882,269823,359764,449705
89942,179884,269826,359768,449710
89943,179886,269829,359772,449715
89944,179888,269832,359776,449720
89945,179890,269835,359780,449725
89946,179892,269838,359784,449730
89947,179894,269841,359788,449735
89948,179896,269844,359792,449740
89949,179898,269847,359796,449745
89950,179900,269850,359800,449750
89951,179902,269853,359804,449755
89952,179904,269856,359808,449760
89953,179906,269859,359812,449765
89954,179908,269862,359816,449770
89955,179910,269865,359820,449775
89956,179912,269868,359824,449780
89957,179914,269871,359828,449785
89958,179916,269874,359832,449790
89959,179918,269877,359836,449795
89960,179920,269880,359840,449800
89961,179922,269883,359844,449805
89962,179924,269886,359848,449810
89963,179926,269889,359852,449815
89964,179928,269892,359856,449820
89965,179930,269895,359860,449825
89966,179932,269898,359864,449830
89967,179934,269901,359868,449835
89968,179936,269904,359872,449840
89969,179938,269907,359876,449845
89970,179940,269910,359880,449850
89971,179942,269913,359884,449855
89972,179944,269916,359888,449860
89973,179946,269919,359892,449865
89974,179948,269922,359896,449870
89975,179950,269925,359900,449875
89976,179952,269928,359904,449880
89977,179954,269931,359908,449885
89978,179956,269934,359912,449890
89979,179958,269937,359916,449895
89980,179960,269940,359920,449900
89981,179962,269943,359924,449905
89982,179964,269946,359928,449910
89983,179966,269949,359932,449915
89984,179968,269952,359936,449920
89985,179970,269955,359940,449925
89986,179972,269958,359944,449930
89987,179974,269961,359948,449935
89988,179976,269964,359952,449940
89989,179978,269967,359956,449945
89990,179980,269970,359960,449950
89991,179982,269973,359964,449955
89992,179984,269976,359968,449960
89993,179986,269979,359972,449965
89994,179988,269982,359976,449970
89995,179990,269985,359980,449975
89996,179992,269988,359984,449980
89997,179994,269991,359988,449985
89998,179996,269994,359992,449990
89999,179998,269997,359996,449995
90000,180000,270000,360000,450000
90001,180002,270003,360004,450005
90002,180004,270006,360008,450010
90003,180006,270009,360012,450015
90004,180008,270012,360016,450020
90005,180010,270015,360020,450025
90006,180012,270018,360024,450030
90007,180014,270021,360028,450035
90008,180016,270024,360032,450040
90009,180018,270027,360036,450045
90010,180020,270030,360040,450050
90011,180022,270033,360044,450055
90012,180024,270036,360048,450060
90013,180026,270039,360052,450065
90014,180028,270042,360056,450070
90015,180030,270045,360060,450075
90016,180032,270048,360064,450080
90017,180034,270051,360068,450085
90018,180036,270054,360072,450090
90019,180038,270057,360076,450095
90020,180040,270060,360080,450100
90021,180042,270063,360084,450105
90022,180044,270066,360088,450110
90023,180046,270069,360092,450115
90024,180048,270072,360096,450120
90025,180050,270075,360100,450125
90026,180052,270078,360104,450130
90027,180054,270081,360108,450135
90028,180056,270084,360112,450140
90029,180058,270087,360116,450145
90030,180060,270090,360120,450150
90031,180062,270093,360124,450155
90032,180064,270096,360128,450160
90033,180066,270099,360132,450165
90034,180068,270102,360136,450170
90035,180070,270105,360140,450175
90036,180072,270108,360144,450180
90037,180074,270111,360148,450185
90038,180076,270114,360152,450190
90039,180078,270117,360156,450195
90040,180080,270120,360160,450200
90041,180082,270123,360164,450205
90042,180084,270126,360168,450210
90043,180086,270129,360172,450215
90044,180088,270132,360176,450220
90045,180090,270135,360180,450225
90046,180092,270138,360184,450230
90047,180094,270141,360188,450235
90048,180096,270144,360192,450240
90049,180098,270147,360196,450245
90050,180100,270150,360200,450250
90051,180102,270153,360204,450255
90052,180104,270156,360208,450260
90053,180106,270159,360212,450265
90054,180108,270162,360216,450270
90055,180110,270165,360220,450275
90056,180112,270168,360224,450280
90057,180114,270171,360228,450285
90058,180116,270174,360232,450290
90059,180118,270177,360236,450295
90060,180120,270180,360240,450300
90061,180122,270183,360244,450305
90062,180124,270186,360248,450310
90063,180126,270189,360252,450315
90064,180128,270192,360256,450320
90065,180130,270195,360260,450325
90066,180132,270198,360264,450330
90067,180134,270201,360268,450335
90068,180136,270204,360272,450340
90069,180138,270207,360276,450345
90070,180140,270210,360280,450350
90071,180142,270213,360284,450355
90072,180144,270216,360288,450360
90073,180146,270219,360292,450365
90074,180148,270222,360296,450370
90075,180150,270225,360300,450375
90076,180152,270228,360304,450380
90077,180154,270231,360308,450385
90078,180156,270234,360312,450390
90079,180158,270237,360316,450395
90080,180160,270240,360320,450400
90081,180162,270243,360324,450405
90082,180164,270246,360328,450410
90083,180166,270249,360332,450415
90084,180168,270252,360336,450420
90085,180170,270255,360340,450425
90086,180172,270258,360344,450430
90087,180174,270261,360348,450435
90088,180176,270264,360352,450440
90089,180178,270267,360356,450445
90090,180180,270270,360360,450450
90091,180182,270273,360364,450455
90092,180184,270276,360368,450460
90093,180186,270279,360372,450465
90094,180188,270282,360376,450470
90095,180190,270285,360380,450475
90096,180192,270288,360384,450480
90097,180194,270291,360388,450485
90098,180196,270294,360392,450490
90099,180198,270297,360396,450495
90100,180200,270300,360400,450500
90101,180202,270303,360404,450505
90102,180204,270306,360408,450510
90103,180206,270309,360412,450515
90104,180208,270312,360416,450520
90105,180210,270315,360420,450525
90106,180212,270318,360424,450530
90107,180214,270321,360428,450535
90108,180216,270324,360432,450540
90109,180218,270327,360436,450545
90110,180220,270330,360440,450550
90111,180222,270333,360444,450555
90112,180224,270336,360448,450560
90113,180226,270339,360452,450565
90114,180228,270342,360456,450570
90115,180230,270345,360460,450575
90116,180232,270348,360464,450580
90117,180234,270351,360468,450585
90118,180236,270354,360472,450590
90119,180238,270357,360476,450595
90120,180240,270360,360480,450600
90121,180242,270363,360484,450605
90122,180244,270366,360488,450610
90123,180246,270369,360492,450615
90124,180248,270372,360496,450620
90125,180250,270375,360500,450625
90126,180252,270378,360504,450630
90127,180254,270381,360508,450635
90128,180256,270384,360512,450640
90129,180258,270387,360516,450645
90130,180260,270390,360520,450650
90131,180262,270393,360524,450655
90132,180264,270396,360528,450660
90133,180266,270399,360532,450665
90134,180268,270402,360536,450670
90135,180270,270405,360540,450675
90136,180272,270408,360544,450680
90137,180274,270411,360548,450685
90138,180276,270414,360552,450690
90139,180278,270417,360556,450695
90140,180280,270420,360560,450700
90141,180282,270423,360564,450705
90142,180284,270426,360568,450710
90143,180286,270429,360572,450715
90144,180288,270432,360576,450720
90145,180290,270435,360580,450725
90146,180292,270438,360584,450730
90147,180294,270441,360588,450735
90148,180296,270444,360592,450740
90149,180298,270447,360596,450745
90150,180300,270450,360600,450750
90151,180302,270453,360604,450755
90152,180304,270456,360608,450760
90153,180306,270459,360612,450765
90154,180308,270462,360616,450770
90155,180310,270465,360620,450775
90156,180312,270468,360624,450780
90157,180314,270471,360628,450785
90158,180316,270474,360632,450790
90159,180318,270477,360636,450795
90160,180320,270480,360640,450800
90161,180322,270483,360644,450805
90162,180324,270486,360648,450810
90163,180326,270489,360652,450815
90164,180328,270492,360656,450820
90165,180330,270495,360660,450825
90166,180332,270498,360664,450830
90167,180334,270501,360668,450835
90168,180336,270504,360672,450840
90169,180338,270507,360676,450845
90170,180340,270510,360680,450850
90171,180342,270513,360684,450855
90172,180344,270516,360688,450860
90173,180346,270519,360692,450865
90174,180348,270522,360696,450870
90175,180350,270525,360700,450875
90176,180352,270528,360704,450880
90177,180354,270531,360708,450885
90178,180356,270534,360712,450890
90179,180358,270537,360716,450895
90180,180360,270540,360720,450900
90181,180362,270543,360724,450905
90182,180364,270546,360728,450910
90183,180366,270549,360732,450915
90184,180368,270552,360736,450920
90185,180370,270555,360740,450925
90186,180372,270558,360744,450930
90187,180374,270561,360748,450935
90188,180376,270564,360752,450940
90189,180378,270567,360756,450945
90190,180380,270570,360760,450950
90191,180382,270573,360764,450955
90192,180384,270576,360768,450960
90193,180386,270579,360772,450965
90194,180388,270582,360776,450970
90195,180390,270585,360780,450975
90196,180392,270588,360784,450980
90197,180394,270591,360788,450985
90198,180396,270594,360792,450990
90199,180398,270597,360796,450995
90200,180400,270600,360800,451000
90201,180402,270603,360804,451005
90202,180404,270606,360808,451010
90203,180406,270609,360812,451015
90204,180408,270612,360816,451020
90205,180410,270615,360820,451025
90206,180412,270618,360824,451030
90207,180414,270621,360828,451035
90208,180416,270624,360832,451040
90209,180418,270627,360836,451045
90210,180420,270630,360840,451050
90211,180422,270633,360844,451055
90212,180424,270636,360848,451060
90213,180426,270639,360852,451065
90214,180428,270642,360856,451070
90215,180430,270645,360860,451075
90216,180432,270648,360864,451080
90217,180434,270651,360868,451085
90218,180436,270654,360872,451090
90219,180438,270657,360876,451095
90220,180440,270660,360880,451100
90221,180442,270663,360884,451105
90222,180444,270666,360888,451110
90223,180446,270669,360892,451115
90224,180448,270672,360896,451120
90225,180450,270675,360900,451125
90226,180452,270678,360904,451130
90227,180454,270681,360908,451135
90228,180456,270684,360912,451140
90229,180458,270687,360916,451145
90230,180460,270690,360920,451150
90231,180462,270693,360924,451155
90232,180464,270696,360928,451160
90233,180466,270699,360932,451165
90234,180468,270702,360936,451170
90235,180470,270705,360940,451175
90236,180472,270708,360944,451180
90237,180474,270711,360948,451185
90238,180476,270714,360952,451190
90239,180478,270717,360956,451195
90240,180480,270720,360960,451200
90241,180482,270723,360964,451205
90242,180484,270726,360968,451210
90243,180486,270729,360972,451215
90244,180488,270732,360976,451220
90245,180490,270735,360980,451225
90246,180492,270738,360984,451230
90247,180494,270741,360988,451235
90248,180496,270744,360992,451240
90249,180498,270747,360996,451245
90250,180500,270750,361000,451250
90251,180502,270753,361004,451255
90252,180504,270756,361008,451260
90253,180506,270759,361012,451265
90254,180508,270762,361016,451270
90255,180510,270765,361020,451275
90256,180512,270768,361024,451280
90257,180514,270771,361028,451285
90258,180516,270774,361032,451290
90259,180518,270777,361036,451295
90260,180520,270780,361040,451300
90261,180522,270783,361044,451305
90262,180524,270786,361048,451310
90263,180526,270789,361052,451315
90264,180528,270792,361056,451320
90265,180530,270795,361060,451325
90266,180532,270798,361064,451330
90267,180534,270801,361068,451335
90268,180536,270804,361072,451340
90269,180538,270807,361076,451345
90270,180540,270810,361080,451350
90271,180542,270813,361084,451355
90272,180544,270816,361088,451360
90273,180546,270819,361092,451365
90274,180548,270822,361096,451370
90275,180550,270825,361100,451375
90276,180552,270828,361104,451380
90277,180554,270831,361108,451385
90278,180556,270834,361112,451390
90279,180558,270837,361116,451395
90280,180560,270840,361120,451400
90281,180562,270843,361124,451405
90282,180564,270846,361128,451410
90283,180566,270849,361132,451415
90284,180568,270852,361136,451420
90285,180570,270855,361140,451425
90286,180572,270858,361144,451430
90287,180574,270861,361148,451435
90288,180576,270864,361152,451440
90289,180578,270867,361156,451445
90290,180580,270870,361160,451450
90291,180582,270873,361164,451455
90292,180584,270876,361168,451460
90293,180586,270879,361172,451465
90294,180588,270882,361176,451470
90295,180590,270885,361180,451475
90296,180592,270888,361184,451480
90297,180594,270891,361188,451485
90298,180596,270894,361192,451490
90299,180598,270897,361196,451495
90300,180600,270900,361200,451500
90301,180602,270903,361204,451505
90302,180604,270906,361208,451510
90303,180606,270909,361212,451515
90304,180608,270912,361216,451520
90305,180610,270915,361220,451525
90306,180612,270918,361224,451530
90307,180614,270921,361228,451535
90308,180616,270924,361232,451540
90309,180618,270927,361236,451545
90310,180620,270930,361240,451550
90311,180622,270933,361244,451555
90312,180624,270936,361248,451560
90313,180626,270939,361252,451565
90314,180628,270942,361256,451570
90315,180630,270945,361260,451575
90316,180632,270948,361264,451580
90317,180634,270951,361268,451585
90318,180636,270954,361272,451590
90319,180638,270957,361276,451595
90320,180640,270960,361280,451600
90321,180642,270963,361284,451605
90322,180644,270966,361288,451610
90323,180646,270969,361292,451615
90324,180648,270972,361296,451620
90325,180650,270975,361300,451625
90326,180652,270978,361304,451630
90327,180654,270981,361308,451635
90328,180656,270984,361312,451640
90329,180658,270987,361316,451645
90330,180660,270990,361320,451650
90331,180662,270993,361324,451655
90332,180664,270996,361328,451660
90333,180666,270999,361332,451665
90334,180668,271002,361336,451670
90335,180670,271005,361340,451675
90336,180672,271008,361344,451680
90337,180674,271011,361348,451685
90338,180676,271014,361352,451690
90339,180678,271017,361356,451695
90340,180680,271020,361360,451700
90341,180682,271023,361364,451705
90342,180684,271026,361368,451710
90343,180686,271029,361372,451715
90344,180688,271032,361376,451720
90345,180690,271035,361380,451725
90346,180692,271038,361384,451730
90347,180694,271041,361388,451735
90348,180696,271044,361392,451740
90349,180698,271047,361396,451745
90350,180700,271050,361400,451750
90351,180702,271053,361404,451755
90352,180704,271056,361408,451760
90353,180706,271059,361412,451765
90354,180708,271062,361416,451770
90355,180710,271065,361420,451775
90356,180712,271068,361424,451780
90357,180714,271071,361428,451785
90358,180716,271074,361432,451790
90359,180718,271077,361436,451795
90360,180720,271080,361440,451800
90361,180722,271083,361444,451805
90362,180724,271086,361448,451810
90363,180726,271089,361452,451815
90364,180728,271092,361456,451820
90365,180730,271095,361460,451825
90366,180732,271098,361464,451830
90367,180734,271101,361468,451835
90368,180736,271104,361472,451840
90369,180738,271107,361476,451845
90370,180740,271110,361480,451850
90371,180742,271113,361484,451855
90372,180744,271116,361488,451860
90373,180746,271119,361492,451865
90374,180748,271122,361496,451870
90375,180750,271125,361500,451875
90376,180752,271128,361504,451880
90377,180754,271131,361508,451885
90378,180756,271134,361512,451890
90379,180758,271137,361516,451895
90380,180760,271140,361520,451900
90381,180762,271143,361524,451905
90382,180764,271146,361528,451910
90383,180766,271149,361532,451915
90384,180768,271152,361536,451920
90385,180770,271155,361540,451925
90386,180772,271158,361544,451930
90387,180774,271161,361548,451935
90388,180776,271164,361552,451940
90389,180778,271167,361556,451945
90390,180780,271170,361560,451950
90391,180782,271173,361564,451955
90392,180784,271176,361568,451960
90393,180786,271179,361572,451965
90394,180788,271182,361576,451970
90395,180790,271185,361580,451975
90396,180792,271188,361584,451980
90397,180794,271191,361588,451985
90398,180796,271194,361592,451990
90399,180798,271197,361596,451995
90400,180800,271200,361600,452000
90401,180802,271203,361604,452005
90402,180804,271206,361608,452010
90403,180806,271209,361612,452015
90404,180808,271212,361616,452020
90405,180810,271215,361620,452025
90406,180812,271218,361624,452030
90407,180814,271221,361628,452035
90408,180816,271224,361632,452040
90409,180818,271227,361636,452045
90410,180820,271230,361640,452050
90411,180822,271233,361644,452055
90412,180824,271236,361648,452060
90413,180826,271239,361652,452065
90414,180828,271242,361656,452070
90415,180830,271245,361660,452075
90416,180832,271248,361664,452080
90417,180834,271251,361668,452085
90418,180836,271254,361672,452090
90419,180838,271257,361676,452095
90420,180840,271260,361680,452100
90421,180842,271263,361684,452105
90422,180844,271266,361688,452110
90423,180846,271269,361692,452115
90424,180848,271272,361696,452120
90425,180850,271275,361700,452125
90426,180852,271278,361704,452130
90427,180854,271281,361708,452135
90428,180856,271284,361712,452140
90429,180858,271287,361716,452145
90430,180860,271290,361720,452150
90431,180862,271293,361724,452155
90432,180864,271296,361728,452160
90433,180866,271299,361732,452165
90434,180868,271302,361736,452170
90435,180870,271305,361740,452175
90436,180872,271308,361744,452180
90437,180874,271311,361748,452185
90438,180876,271314,361752,452190
90439,180878,271317,361756,452195
90440,180880,271320,361760,452200
90441,180882,271323,361764,452205
90442,180884,271326,361768,452210
90443,180886,271329,361772,452215
90444,180888,271332,361776,452220
90445,180890,271335,361780,452225
90446,180892,271338,361784,452230
90447,180894,271341,361788,452235
90448,180896,271344,361792,452240
90449,180898,271347,361796,452245
90450,180900,271350,361800,452250
90451,180902,271353,361804,452255
90452,180904,271356,361808,452260
90453,180906,271359,361812,452265
90454,180908,271362,361816,452270
90455,180910,271365,361820,452275
90456,180912,271368,361824,452280
90457,180914,271371,361828,452285
90458,180916,271374,361832,452290
90459,180918,271377,361836,452295
90460,180920,271380,361840,452300
90461,180922,271383,361844,452305
90462,180924,271386,361848,452310
90463,180926,271389,361852,452315
90464,180928,271392,361856,452320
90465,180930,271395,361860,452325
90466,180932,271398,361864,452330
90467,180934,271401,361868,452335
90468,180936,271404,361872,452340
90469,180938,271407,361876,452345
90470,180940,271410,361880,452350
90471,180942,271413,361884,452355
90472,180944,271416,361888,452360
90473,180946,271419,361892,452365
90474,180948,271422,361896,452370
90475,180950,271425,361900,452375
90476,180952,271428,361904,452380
90477,180954,271431,361908,452385
90478,180956,271434,361912,452390
90479,180958,271437,361916,452395
90480,180960,271440,361920,452400
90481,180962,271443,361924,452405
90482,180964,271446,361928,452410
90483,180966,271449,361932,452415
90484,180968,271452,361936,452420
90485,180970,271455,361940,452425
90486,180972,271458,361944,452430
90487,180974,271461,361948,452435
90488,180976,271464,361952,452440
90489,180978,271467,361956,452445
90490,180980,271470,361960,452450
90491,180982,271473,361964,452455
90492,180984,271476,361968,452460
90493,180986,271479,361972,452465
90494,180988,271482,361976,452470
90495,180990,271485,361980,452475
90496,180992,271488,361984,452480
90497,180994,271491,361988,452485
90498,180996,271494,361992,452490
90499,180998,271497,361996,452495
90500,181000,271500,362000,452500
90501,181002,271503,362004,452505
90502,181004,271506,362008,452510
90503,181006,271509,362012,452515
90504,181008,271512,362016,452520
90505,181010,271515,362020,452525
90506,181012,271518,362024,452530
90507,181014,271521,362028,452535
90508,181016,271524,362032,452540
90509,181018,271527,362036,452545
90510,181020,271530,362040,452550
90511,181022,271533,362044,452555
90512,181024,271536,362048,452560
90513,181026,271539,362052,452565
90514,181028,271542,362056,452570
90515,181030,271545,362060,452575
90516,181032,271548,362064,452580
90517,181034,271551,362068,452585
90518,181036,271554,362072,452590
90519,181038,271557,362076,452595
90520,181040,271560,362080,452600
90521,181042,271563,362084,452605
90522,181044,271566,362088,452610
90523,181046,271569,362092,452615
90524,181048,271572,362096,452620
90525,181050,271575,362100,452625
90526,181052,271578,362104,452630
90527,181054,271581,362108,452635
90528,181056,271584,362112,452640
90529,181058,271587,362116,452645
90530,181060,271590,362120,452650
90531,181062,271593,362124,452655
90532,181064,271596,362128,452660
90533,181066,271599,362132,452665
90534,181068,271602,362136,452670
90535,181070,271605,362140,452675
90536,181072,271608,362144,452680
90537,181074,271611,362148,452685
90538,181076,271614,362152,452690
90539,181078,271617,362156,452695
90540,181080,271620,362160,452700
90541,181082,271623,362164,452705
90542,181084,271626,362168,452710
90543,181086,271629,362172,452715
90544,181088,271632,362176,452720
90545,181090,271635,362180,452725
90546,181092,271638,362184,452730
90547,181094,271641,362188,452735
90548,181096,271644,362192,452740
90549,181098,271647,362196,452745
90550,181100,271650,362200,452750
90551,181102,271653,362204,452755
90552,181104,271656,362208,452760
90553,181106,271659,362212,452765
90554,181108,271662,362216,452770
90555,181110,271665,362220,452775
90556,181112,271668,362224,452780
90557,181114,271671,362228,452785
90558,181116,271674,362232,452790
90559,181118,271677,362236,452795
90560,181120,271680,362240,452800
90561,181122,271683,362244,452805
90562,181124,271686,362248,452810
90563,181126,271689,362252,452815
90564,181128,271692,362256,452820
90565,181130,271695,362260,452825
90566,181132,271698,362264,452830
90567,181134,271701,362268,452835
90568,181136,271704,362272,452840
90569,181138,271707,362276,452845
90570,181140,271710,362280,452850
90571,181142,271713,362284,452855
90572,181144,271716,362288,452860
90573,181146,271719,362292,452865
90574,181148,271722,362296,452870
90575,181150,271725,362300,452875
90576,181152,271728,362304,452880
90577,181154,271731,362308,452885
90578,181156,271734,362312,452890
90579,181158,271737,362316,452895
90580,181160,271740,362320,452900
90581,181162,271743,362324,452905
90582,181164,271746,362328,452910
90583,181166,271749,362332,452915
90584,181168,271752,362336,452920
90585,181170,271755,362340,452925
90586,181172,271758,362344,452930
90587,181174,271761,362348,452935
90588,181176,271764,362352,452940
90589,181178,271767,362356,452945
90590,181180,271770,362360,452950
90591,181182,271773,362364,452955
90592,181184,271776,362368,452960
90593,181186,271779,362372,452965
90594,181188,271782,362376,452970
90595,181190,271785,362380,452975
90596,181192,271788,362384,452980
90597,181194,271791,362388,452985
90598,181196,271794,362392,452990
90599,181198,271797,362396,452995
90600,181200,271800,362400,453000
90601,181202,271803,362404,453005
90602,181204,271806,362408,453010
90603,181206,271809,362412,453015
90604,181208,271812,362416,453020
90605,181210,271815,362420,453025
90606,181212,271818,362424,453030
90607,181214,271821,362428,453035
90608,181216,271824,362432,453040
90609,181218,271827,362436,453045
90610,181220,271830,362440,453050
90611,181222,271833,362444,453055
90612,181224,271836,362448,453060
90613,181226,271839,362452,453065
90614,181228,271842,362456,453070
90615,181230,271845,362460,453075
90616,181232,271848,362464,453080
90617,181234,271851,362468,453085
90618,181236,271854,362472,453090
90619,181238,271857,362476,453095
90620,181240,271860,362480,453100
90621,181242,271863,362484,453105
90622,181244,271866,362488,453110
90623,181246,271869,362492,453115
90624,181248,271872,362496,453120
90625,181250,271875,362500,453125
90626,181252,271878,362504,453130
90627,181254,271881,362508,453135
90628,181256,271884,362512,453140
90629,181258,271887,362516,453145
90630,181260,271890,362520,453150
90631,181262,271893,362524,453155
90632,181264,271896,362528,453160
90633,181266,271899,362532,453165
90634,181268,271902,362536,453170
90635,181270,271905,362540,453175
90636,181272,271908,362544,453180
90637,181274,271911,362548,453185
90638,181276,271914,362552,453190
90639,181278,271917,362556,453195
90640,181280,271920,362560,453200
90641,181282,271923,362564,453205
90642,181284,271926,362568,453210
90643,181286,271929,362572,453215
90644,181288,271932,362576,453220
90645,181290,271935,362580,453225
90646,181292,271938,362584,453230
90647,181294,271941,362588,453235
90648,181296,271944,362592,453240
90649,181298,271947,362596,453245
90650,181300,271950,362600,453250
90651,181302,271953,362604,453255
90652,181304,271956,362608,453260
90653,181306,271959,362612,453265
90654,181308,271962,362616,453270
90655,181310,271965,362620,453275
90656,181312,271968,362624,453280
90657,181314,271971,362628,453285
90658,181316,271974,362632,453290
90659,181318,271977,362636,453295
90660,181320,271980,362640,453300
90661,181322,271983,362644,453305
90662,181324,271986,362648,453310
90663,181326,271989,362652,453315
90664,181328,271992,362656,453320
90665,181330,271995,362660,453325
90666,181332,271998,362664,453330
90667,181334,272001,362668,453335
90668,181336,272004,362672,453340
90669,181338,272007,362676,453345
90670,181340,272010,362680,453350
90671,181342,272013,362684,453355
90672,181344,272016,362688,453360
90673,181346,272019,362692,453365
90674,181348,272022,362696,453370
90675,181350,272025,362700,453375
90676,181352,272028,362704,453380
90677,181354,272031,362708,453385
90678,181356,272034,362712,453390
90679,181358,272037,362716,453395
90680,181360,272040,362720,453400
90681,181362,272043,362724,453405
90682,181364,272046,362728,453410
90683,181366,272049,362732,453415
90684,181368,272052,362736,453420
90685,181370,272055,362740,453425
90686,181372,272058,362744,453430
90687,181374,272061,362748,453435
90688,181376,272064,362752,453440
90689,181378,272067,362756,453445
90690,181380,272070,362760,453450
90691,181382,272073,362764,453455
90692,181384,272076,362768,453460
90693,181386,272079,362772,453465
90694,181388,272082,362776,453470
90695,181390,272085,362780,453475
90696,181392,272088,362784,453480
90697,181394,272091,362788,453485
90698,181396,272094,362792,453490
90699,181398,272097,362796,453495
90700,181400,272100,362800,453500
90701,181402,272103,362804,453505
90702,181404,272106,362808,453510
90703,181406,272109,362812,453515
90704,181408,272112,362816,453520
90705,181410,272115,362820,453525
90706,181412,272118,362824,453530
90707,181414,272121,362828,453535
90708,181416,272124,362832,453540
90709,181418,272127,362836,453545
90710,181420,272130,362840,453550
90711,181422,272133,362844,453555
90712,181424,272136,362848,453560
90713,181426,272139,362852,453565
90714,181428,272142,362856,453570
90715,181430,272145,362860,453575
90716,181432,272148,362864,453580
90717,181434,272151,362868,453585
90718,181436,272154,362872,453590
90719,181438,272157,362876,453595
90720,181440,272160,362880,453600
90721,181442,272163,362884,453605
90722,181444,272166,362888,453610
90723,181446,272169,362892,453615
90724,181448,272172,362896,453620
90725,181450,272175,362900,453625
90726,181452,272178,362904,453630
90727,181454,272181,362908,453635
90728,181456,272184,362912,453640
90729,181458,272187,362916,453645
90730,181460,272190,362920,453650
90731,181462,272193,362924,453655
90732,181464,272196,362928,453660
90733,181466,272199,362932,453665
90734,181468,272202,362936,453670
90735,181470,272205,362940,453675
90736,181472,272208,362944,453680
90737,181474,272211,362948,453685
90738,181476,272214,362952,453690
90739,181478,272217,362956,453695
90740,181480,272220,362960,453700
90741,181482,272223,362964,453705
90742,181484,272226,362968,453710
90743,181486,272229,362972,453715
90744,181488,272232,362976,453720
90745,181490,272235,362980,453725
90746,181492,272238,362984,453730
90747,181494,272241,362988,453735
90748,181496,272244,362992,453740
90749,181498,272247,362996,453745
90750,181500,272250,363000,453750
90751,181502,272253,363004,453755
90752,181504,272256,363008,453760
90753,181506,272259,363012,453765
90754,181508,272262,363016,453770
90755,181510,272265,363020,453775
90756,181512,272268,363024,453780
90757,181514,272271,363028,453785
90758,181516,272274,363032,453790
90759,181518,272277,363036,453795
90760,181520,272280,363040,453800
90761,181522,272283,363044,453805
90762,181524,272286,363048,453810
90763,181526,272289,363052,453815
90764,181528,272292,363056,453820
90765,181530,272295,363060,453825
90766,181532,272298,363064,453830
90767,181534,272301,363068,453835
90768,181536,272304,363072,453840
90769,181538,272307,363076,453845
90770,181540,272310,363080,453850
90771,181542,272313,363084,453855
90772,181544,272316,363088,453860
90773,181546,272319,363092,453865
90774,181548,272322,363096,453870
90775,181550,272325,363100,453875
90776,181552,272328,363104,453880
90777,181554,272331,363108,453885
90778,181556,272334,363112,453890
90779,181558,272337,363116,453895
90780,181560,272340,363120,453900
90781,181562,272343,363124,453905
90782,181564,272346,363128,453910
90783,181566,272349,363132,453915
90784,181568,272352,363136,453920
90785,181570,272355,363140,453925
90786,181572,272358,363144,453930
90787,181574,272361,363148,453935
90788,181576,272364,363152,453940
90789,181578,272367,363156,453945
90790,181580,272370,363160,453950
90791,181582,272373,363164,453955
90792,181584,272376,363168,453960
90793,181586,272379,363172,453965
90794,181588,272382,363176,453970
90795,181590,272385,363180,453975
90796,181592,272388,363184,453980
90797,181594,272391,363188,453985
90798,181596,272394,363192,453990
90799,181598,272397,363196,453995
90800,181600,272400,363200,454000
90801,181602,272403,363204,454005
90802,181604,272406,363208,454010
90803,181606,272409,363212,454015
90804,181608,272412,363216,454020
90805,181610,272415,363220,454025
90806,181612,272418,363224,454030
90807,181614,272421,363228,454035
90808,181616,272424,363232,454040
90809,181618,272427,363236,454045
90810,181620,272430,363240,454050
90811,181622,272433,363244,454055
90812,181624,272436,363248,454060
90813,181626,272439,363252,454065
90814,181628,272442,363256,454070
90815,181630,272445,363260,454075
90816,181632,272448,363264,454080
90817,181634,272451,363268,454085
90818,181636,272454,363272,454090
90819,181638,272457,363276,454095
90820,181640,272460,363280,454100
90821,181642,272463,363284,454105
90822,181644,272466,363288,454110
90823,181646,272469,363292,454115
90824,181648,272472,363296,454120
90825,181650,272475,363300,454125
90826,181652,272478,363304,454130
90827,181654,272481,363308,454135
90828,181656,272484,363312,454140
90829,181658,272487,363316,454145
90830,181660,272490,363320,454150
90831,181662,272493,363324,454155
90832,181664,272496,363328,454160
90833,181666,272499,363332,454165
90834,181668,272502,363336,454170
90835,181670,272505,363340,454175
90836,181672,272508,363344,454180
90837,181674,272511,363348,454185
90838,181676,272514,363352,454190
90839,181678,272517,363356,454195
90840,181680,272520,363360,454200
90841,181682,272523,363364,454205
90842,181684,272526,363368,454210
90843,181686,272529,363372,454215
90844,181688,272532,363376,454220
90845,181690,272535,363380,454225
90846,181692,272538,363384,454230
90847,181694,272541,363388,454235
90848,181696,272544,363392,454240
90849,181698,272547,363396,454245
90850,181700,272550,363400,454250
90851,181702,272553,363404,454255
90852,181704,272556,363408,454260
90853,181706,272559,363412,454265
90854,181708,272562,363416,454270
90855,181710,272565,363420,454275
90856,181712,272568,363424,454280
90857,181714,272571,363428,454285
90858,181716,272574,363432,454290
90859,181718,272577,363436,454295
90860,181720,272580,363440,454300
90861,181722,272583,363444,454305
90862,181724,272586,363448,454310
90863,181726,272589,363452,454315
90864,181728,272592,363456,454320
90865,181730,272595,363460,454325
90866,181732,272598,363464,454330
90867,181734,272601,363468,454335
90868,181736,272604,363472,454340
90869,181738,272607,363476,454345
90870,181740,272610,363480,454350
90871,181742,272613,363484,454355
90872,181744,272616,363488,454360
90873,181746,272619,363492,454365
90874,181748,272622,363496,454370
90875,181750,272625,363500,454375
90876,181752,272628,363504,454380
90877,181754,272631,363508,454385
90878,181756,272634,363512,454390
90879,181758,272637,363516,454395
90880,181760,272640,363520,454400
90881,181762,272643,363524,454405
90882,181764,272646,363528,454410
90883,181766,272649,363532,454415
90884,181768,272652,363536,454420
90885,181770,272655,363540,454425
90886,181772,272658,363544,454430
90887,181774,272661,363548,454435
90888,181776,272664,363552,454440
90889,181778,272667,363556,454445
90890,181780,272670,363560,454450
90891,181782,272673,363564,454455
90892,181784,272676,363568,454460
90893,181786,272679,363572,454465
90894,181788,272682,363576,454470
90895,181790,272685,363580,454475
90896,181792,272688,363584,454480
90897,181794,272691,363588,454485
90898,181796,272694,363592,454490
90899,181798,272697,363596,454495
90900,181800,272700,363600,454500
90901,181802,272703,363604,454505
90902,181804,272706,363608,454510
90903,181806,272709,363612,454515
90904,181808,272712,363616,454520
90905,181810,272715,363620,454525
90906,181812,272718,363624,454530
90907,181814,272721,363628,454535
90908,181816,272724,363632,454540
90909,181818,272727,363636,454545
90910,181820,272730,363640,454550
90911,181822,272733,363644,454555
90912,181824,272736,363648,454560
90913,181826,272739,363652,454565
90914,181828,272742,363656,454570
90915,181830,272745,363660,454575
90916,181832,272748,363664,454580
90917,181834,272751,363668,454585
90918,181836,272754,363672,454590
90919,181838,272757,363676,454595
90920,181840,272760,363680,454600
90921,181842,272763,363684,454605
90922,181844,272766,363688,454610
90923,181846,272769,363692,454615
90924,181848,272772,363696,454620
90925,181850,272775,363700,454625
90926,181852,272778,363704,454630
90927,181854,272781,363708,454635
90928,181856,272784,363712,454640
90929,181858,272787,363716,454645
90930,181860,272790,363720,454650
90931,181862,272793,363724,454655
90932,181864,272796,363728,454660
90933,181866,272799,363732,454665
90934,181868,272802,363736,454670
90935,181870,272805,363740,454675
90936,181872,272808,363744,454680
90937,181874,272811,363748,454685
90938,181876,272814,363752,454690
90939,181878,272817,363756,454695
90940,181880,272820,363760,454700
90941,181882,272823,363764,454705
90942,181884,272826,363768,454710
90943,181886,272829,363772,454715
90944,181888,272832,363776,454720
90945,181890,272835,363780,454725
90946,181892,272838,363784,454730
90947,181894,272841,363788,454735
90948,181896,272844,363792,454740
90949,181898,272847,363796,454745
90950,181900,272850,363800,454750
90951,181902,272853,363804,454755
90952,181904,272856,363808,454760
90953,181906,272859,363812,454765
90954,181908,272862,363816,454770
90955,181910,272865,363820,454775
90956,181912,272868,363824,454780
90957,181914,272871,363828,454785
90958,181916,272874,363832,454790
90959,181918,272877,363836,454795
90960,181920,272880,363840,454800
90961,181922,272883,363844,454805
90962,181924,272886,363848,454810
90963,181926,272889,363852,454815
90964,181928,272892,363856,454820
90965,181930,272895,363860,454825
90966,181932,272898,363864,454830
90967,181934,272901,363868,454835
90968,181936,272904,363872,454840
90969,181938,272907,363876,454845
90970,181940,272910,363880,454850
90971,181942,272913,363884,454855
90972,181944,272916,363888,454860
90973,181946,272919,363892,454865
90974,181948,272922,363896,454870
90975,181950,272925,363900,454875
90976,181952,272928,363904,454880
90977,181954,272931,363908,454885
90978,181956,272934,363912,454890
90979,181958,272937,363916,454895
90980,181960,272940,363920,454900
90981,181962,272943,363924,454905
90982,181964,272946,363928,454910
90983,181966,272949,363932,454915
90984,181968,272952,363936,454920
90985,181970,272955,363940,454925
90986,181972,272958,363944,454930
90987,181974,272961,363948,454935
90988,181976,272964,363952,454940
90989,181978,272967,363956,454945
90990,181980,272970,363960,454950
90991,181982,272973,363964,454955
90992,181984,272976,363968,454960
90993,181986,272979,363972,454965
90994,181988,272982,363976,454970
90995,181990,272985,363980,454975
90996,181992,272988,363984,454980
90997,181994,272991,363988,454985
90998,181996,272994,363992,454990
90999,181998,272997,363996,454995
91000,182000,273000,364000,455000
91001,182002,273003,364004,455005
91002,182004,273006,364008,455010
91003,182006,273009,364012,455015
91004,182008,273012,364016,455020
91005,182010,273015,364020,455025
91006,182012,273018,364024,455030
91007,182014,273021,364028,455035
91008,182016,273024,364032,455040
91009,182018,273027,364036,455045
91010,182020,273030,364040,455050
91011,182022,273033,364044,455055
91012,182024,273036,364048,455060
91013,182026,273039,364052,455065
91014,182028,273042,364056,455070
91015,182030,273045,364060,455075
91016,182032,273048,364064,455080
91017,182034,273051,364068,455085
91018,182036,273054,364072,455090
91019,182038,273057,364076,455095
91020,182040,273060,364080,455100
91021,182042,273063,364084,455105
91022,182044,273066,364088,455110
91023,182046,273069,364092,455115
91024,182048,273072,364096,455120
91025,182050,273075,364100,455125
91026,182052,273078,364104,455130
91027,182054,273081,364108,455135
91028,182056,273084,364112,455140
91029,182058,273087,364116,455145
91030,182060,273090,364120,455150
91031,182062,273093,364124,455155
91032,182064,273096,364128,455160
91033,182066,273099,364132,455165
91034,182068,273102,364136,455170
91035,182070,273105,364140,455175
91036,182072,273108,364144,455180
91037,182074,273111,364148,455185
91038,182076,273114,364152,455190
91039,182078,273117,364156,455195
91040,182080,273120,364160,455200
91041,182082,273123,364164,455205
91042,182084,273126,364168,455210
91043,182086,273129,364172,455215
91044,182088,273132,364176,455220
91045,182090,273135,364180,455225
91046,182092,273138,364184,455230
91047,182094,273141,364188,455235
91048,182096,273144,364192,455240
91049,182098,273147,364196,455245
91050,182100,273150,364200,455250
91051,182102,273153,364204,455255
91052,182104,273156,364208,455260
91053,182106,273159,364212,455265
91054,182108,273162,364216,455270
91055,182110,273165,364220,455275
91056,182112,273168,364224,455280
91057,182114,273171,364228,455285
91058,182116,273174,364232,455290
91059,182118,273177,364236,455295
91060,182120,273180,364240,455300
91061,182122,273183,364244,455305
91062,182124,273186,364248,455310
91063,182126,273189,364252,455315
91064,182128,273192,364256,455320
91065,182130,273195,364260,455325
91066,182132,273198,364264,455330
91067,182134,273201,364268,455335
91068,182136,273204,364272,455340
91069,182138,273207,364276,455345
91070,182140,273210,364280,455350
91071,182142,273213,364284,455355
91072,182144,273216,364288,455360
91073,182146,273219,364292,455365
91074,182148,273222,364296,455370
91075,182150,273225,364300,455375
91076,182152,273228,364304,455380
91077,182154,273231,364308,455385
91078,182156,273234,364312,455390
91079,182158,273237,364316,455395
91080,182160,273240,364320,455400
91081,182162,273243,364324,455405
91082,182164,273246,364328,455410
91083,182166,273249,364332,455415
91084,182168,273252,364336,455420
91085,182170,273255,364340,455425
91086,182172,273258,364344,455430
91087,182174,273261,364348,455435
91088,182176,273264,364352,455440
91089,182178,273267,364356,455445
91090,182180,273270,364360,455450
91091,182182,273273,364364,455455
91092,182184,273276,364368,455460
91093,182186,273279,364372,455465
91094,182188,273282,364376,455470
91095,182190,273285,364380,455475
91096,182192,273288,364384,455480
91097,182194,273291,364388,455485
91098,182196,273294,364392,455490
91099,182198,273297,364396,455495
91100,182200,273300,364400,455500
91101,182202,273303,364404,455505
91102,182204,273306,364408,455510
91103,182206,273309,364412,455515
91104,182208,273312,364416,455520
91105,182210,273315,364420,455525
91106,182212,273318,364424,455530
91107,182214,273321,364428,455535
91108,182216,273324,364432,455540
91109,182218,273327,364436,455545
91110,182220,273330,364440,455550
91111,182222,273333,364444,455555
91112,182224,273336,364448,455560
91113,182226,273339,364452,455565
91114,182228,273342,364456,455570
91115,182230,273345,364460,455575
91116,182232,273348,364464,455580
91117,182234,273351,364468,455585
91118,182236,273354,364472,455590
91119,182238,273357,364476,455595
91120,182240,273360,364480,455600
91121,182242,273363,364484,455605
91122,182244,273366,364488,455610
91123,182246,273369,364492,455615
91124,182248,273372,364496,455620
91125,182250,273375,364500,455625
91126,182252,273378,364504,455630
91127,182254,273381,364508,455635
91128,182256,273384,364512,455640
91129,182258,273387,364516,455645
91130,182260,273390,364520,455650
91131,182262,273393,364524,455655
91132,182264,273396,364528,455660
91133,182266,273399,364532,455665
91134,182268,273402,364536,455670
91135,182270,273405,364540,455675
91136,182272,273408,364544,455680
91137,182274,273411,364548,455685
91138,182276,273414,364552,455690
91139,182278,273417,364556,455695
91140,182280,273420,364560,455700
91141,182282,273423,364564,455705
91142,182284,273426,364568,455710
91143,182286,273429,364572,455715
91144,182288,273432,364576,455720
91145,182290,273435,364580,455725
91146,182292,273438,364584,455730
91147,182294,273441,364588,455735
91148,182296,273444,364592,455740
91149,182298,273447,364596,455745
91150,182300,273450,364600,455750
91151,182302,273453,364604,455755
91152,182304,273456,364608,455760
91153,182306,273459,364612,455765
91154,182308,273462,364616,455770
91155,182310,273465,364620,455775
91156,182312,273468,364624,455780
91157,182314,273471,364628,455785
91158,182316,273474,364632,455790
91159,182318,273477,364636,455795
91160,182320,273480,364640,455800
91161,182322,273483,364644,455805
91162,182324,273486,364648,455810
91163,182326,273489,364652,455815
91164,182328,273492,364656,455820
91165,182330,273495,364660,455825
91166,182332,273498,364664,455830
91167,182334,273501,364668,455835
91168,182336,273504,364672,455840
91169,182338,273507,364676,455845
91170,182340,273510,364680,455850
91171,182342,273513,364684,455855
91172,182344,273516,364688,455860
91173,182346,273519,364692,455865
91174,182348,273522,364696,455870
91175,182350,273525,364700,455875
91176,182352,273528,364704,455880
91177,182354,273531,364708,455885
91178,182356,273534,364712,455890
91179,182358,273537,364716,455895
91180,182360,273540,364720,455900
91181,182362,273543,364724,455905
91182,182364,273546,364728,455910
91183,182366,273549,364732,455915
91184,182368,273552,364736,455920
91185,182370,273555,364740,455925
91186,182372,273558,364744,455930
91187,182374,273561,364748,455935
91188,182376,273564,364752,455940
91189,182378,273567,364756,455945
91190,182380,273570,364760,455950
91191,182382,273573,364764,455955
91192,182384,273576,364768,455960
91193,182386,273579,364772,455965
91194,182388,273582,364776,455970
91195,182390,273585,364780,455975
91196,182392,273588,364784,455980
91197,182394,273591,364788,455985
91198,182396,273594,364792,455990
91199,182398,273597,364796,455995
91200,182400,273600,364800,456000
91201,182402,273603,364804,456005
91202,182404,273606,364808,456010
91203,182406,273609,364812,456015
91204,182408,273612,364816,456020
91205,182410,273615,364820,456025
91206,182412,273618,364824,456030
91207,182414,273621,364828,456035
91208,182416,273624,364832,456040
91209,182418,273627,364836,456045
91210,182420,273630,364840,456050
91211,182422,273633,364844,456055
91212,182424,273636,364848,456060
91213,182426,273639,364852,456065
91214,182428,273642,364856,456070
91215,182430,273645,364860,456075
91216,182432,273648,364864,456080
91217,182434,273651,364868,456085
91218,182436,273654,364872,456090
91219,182438,273657,364876,456095
91220,182440,273660,364880,456100
91221,182442,273663,364884,456105
91222,182444,273666,364888,456110
91223,182446,273669,364892,456115
91224,182448,273672,364896,456120
91225,182450,273675,364900,456125
91226,182452,273678,364904,456130
91227,182454,273681,364908,456135
91228,182456,273684,364912,456140
91229,182458,273687,364916,456145
91230,182460,273690,364920,456150
91231,182462,273693,364924,456155
91232,182464,273696,364928,456160
91233,182466,273699,364932,456165
91234,182468,273702,364936,456170
91235,182470,273705,364940,456175
91236,182472,273708,364944,456180
91237,182474,273711,364948,456185
91238,182476,273714,364952,456190
91239,182478,273717,364956,456195
91240,182480,273720,364960,456200
91241,182482,273723,364964,456205
91242,182484,273726,364968,456210
91243,182486,273729,364972,456215
91244,182488,273732,364976,456220
91245,182490,273735,364980,456225
91246,182492,273738,364984,456230
91247,182494,273741,364988,456235
91248,182496,273744,364992,456240
91249,182498,273747,364996,456245
91250,182500,273750,365000,456250
91251,182502,273753,365004,456255
91252,182504,273756,365008,456260
91253,182506,273759,365012,456265
91254,182508,273762,365016,456270
91255,182510,273765,365020,456275
91256,182512,273768,365024,456280
91257,182514,273771,365028,456285
91258,182516,273774,365032,456290
91259,182518,273777,365036,456295
91260,182520,273780,365040,456300
91261,182522,273783,365044,456305
91262,182524,273786,365048,456310
91263,182526,273789,365052,456315
91264,182528,273792,365056,456320
91265,182530,273795,365060,456325
91266,182532,273798,365064,456330
91267,182534,273801,365068,456335
91268,182536,273804,365072,456340
91269,182538,273807,365076,456345
91270,182540,273810,365080,456350
91271,182542,273813,365084,456355
91272,182544,273816,365088,456360
91273,182546,273819,365092,456365
91274,182548,273822,365096,456370
91275,182550,273825,365100,456375
91276,182552,273828,365104,456380
91277,182554,273831,365108,456385
91278,182556,273834,365112,456390
91279,182558,273837,365116,456395
91280,182560,273840,365120,456400
91281,182562,273843,365124,456405
91282,182564,273846,365128,456410
91283,182566,273849,365132,456415
91284,182568,273852,365136,456420
91285,182570,273855,365140,456425
91286,182572,273858,365144,456430
91287,182574,273861,365148,456435
91288,182576,273864,365152,456440
91289,182578,273867,365156,456445
91290,182580,273870,365160,456450
91291,182582,273873,365164,456455
91292,182584,273876,365168,456460
91293,182586,273879,365172,456465
91294,182588,273882,365176,456470
91295,182590,273885,365180,456475
91296,182592,273888,365184,456480
91297,182594,273891,365188,456485
91298,182596,273894,365192,456490
91299,182598,273897,365196,456495
91300,182600,273900,365200,456500
91301,182602,273903,365204,456505
91302,182604,273906,365208,456510
91303,182606,273909,365212,456515
91304,182608,273912,365216,456520
91305,182610,273915,365220,456525
91306,182612,273918,365224,456530
91307,182614,273921,365228,456535
91308,182616,273924,365232,456540
91309,182618,273927,365236,456545
91310,182620,273930,365240,456550
91311,182622,273933,365244,456555
91312,182624,273936,365248,456560
91313,182626,273939,365252,456565
91314,182628,273942,365256,456570
91315,182630,273945,365260,456575
91316,182632,273948,365264,456580
91317,182634,273951,365268,456585
91318,182636,273954,365272,456590
91319,182638,273957,365276,456595
91320,182640,273960,365280,456600
91321,182642,273963,365284,456605
91322,182644,273966,365288,456610
91323,182646,273969,365292,456615
91324,182648,273972,365296,456620
91325,182650,273975,365300,456625
91326,182652,273978,365304,456630
91327,182654,273981,365308,456635
91328,182656,273984,365312,456640
91329,182658,273987,365316,456645
91330,182660,273990,365320,456650
91331,182662,273993,365324,456655
91332,182664,273996,365328,456660
91333,182666,273999,365332,456665
91334,182668,274002,365336,456670
91335,182670,274005,365340,456675
91336,182672,274008,365344,456680
91337,182674,274011,365348,456685
91338,182676,274014,365352,456690
91339,182678,274017,365356,456695
91340,182680,274020,365360,456700
91341,182682,274023,365364,456705
91342,182684,274026,365368,456710
91343,182686,274029,365372,456715
91344,182688,274032,365376,456720
91345,182690,274035,365380,456725
91346,182692,274038,365384,456730
91347,182694,274041,365388,456735
91348,182696,274044,365392,456740
91349,182698,274047,365396,456745
91350,182700,274050,365400,456750
91351,182702,274053,365404,456755
91352,182704,274056,365408,456760
91353,182706,274059,365412,456765
91354,182708,274062,365416,456770
91355,182710,274065,365420,456775
91356,182712,274068,365424,456780
91357,182714,274071,365428,456785
91358,182716,274074,365432,456790
91359,182718,274077,365436,456795
91360,182720,274080,365440,456800
91361,182722,274083,365444,456805
91362,182724,274086,365448,456810
91363,182726,274089,365452,456815
91364,182728,274092,365456,456820
91365,182730,274095,365460,456825
91366,182732,274098,365464,456830
91367,182734,274101,365468,456835
91368,182736,274104,365472,456840
91369,182738,274107,365476,456845
91370,182740,274110,365480,456850
91371,182742,274113,365484,456855
91372,182744,274116,365488,456860
91373,182746,274119,365492,456865
91374,182748,274122,365496,456870
91375,182750,274125,365500,456875
91376,182752,274128,365504,456880
91377,182754,274131,365508,456885
91378,182756,274134,365512,456890
91379,182758,274137,365516,456895
91380,182760,274140,365520,456900
91381,182762,274143,365524,456905
91382,182764,274146,365528,456910
91383,182766,274149,365532,456915
91384,182768,274152,365536,456920
91385,182770,274155,365540,456925
91386,182772,274158,365544,456930
91387,182774,274161,365548,456935
91388,182776,274164,365552,456940
91389,182778,274167,365556,456945
91390,182780,274170,365560,456950
91391,182782,274173,365564,456955
91392,182784,274176,365568,456960
91393,182786,274179,365572,456965
91394,182788,274182,365576,456970
91395,182790,274185,365580,456975
91396,182792,274188,365584,456980
91397,182794,274191,365588,456985
91398,182796,274194,365592,456990
91399,182798,274197,365596,456995
91400,182800,274200,365600,457000
91401,182802,274203,365604,457005
91402,182804,274206,365608,457010
91403,182806,274209,365612,457015
91404,182808,274212,365616,457020
91405,182810,274215,365620,457025
91406,182812,274218,365624,457030
91407,182814,274221,365628,457035
91408,182816,274224,365632,457040
91409,182818,274227,365636,457045
91410,182820,274230,365640,457050
91411,182822,274233,365644,457055
91412,182824,274236,365648,457060
91413,182826,274239,365652,457065
91414,182828,274242,365656,457070
91415,182830,274245,365660,457075
91416,182832,274248,365664,457080
91417,182834,274251,365668,457085
91418,182836,274254,365672,457090
91419,182838,274257,365676,457095
91420,182840,274260,365680,457100
91421,182842,274263,365684,457105
91422,182844,274266,365688,457110
91423,182846,274269,365692,457115
91424,182848,274272,365696,457120
91425,182850,274275,365700,457125
91426,182852,274278,365704,457130
91427,182854,274281,365708,457135
91428,182856,274284,365712,457140
91429,182858,274287,365716,457145
91430,182860,274290,365720,457150
91431,182862,274293,365724,457155
91432,182864,274296,365728,457160
91433,182866,274299,365732,457165
91434,182868,274302,365736,457170
91435,182870,274305,365740,457175
91436,182872,274308,365744,457180
91437,182874,274311,365748,457185
91438,182876,274314,365752,457190
91439,182878,274317,365756,457195
91440,182880,274320,365760,457200
91441,182882,274323,365764,457205
91442,182884,274326,365768,457210
91443,182886,274329,365772,457215
91444,182888,274332,365776,457220
91445,182890,274335,365780,457225
91446,182892,274338,365784,457230
91447,182894,274341,365788,457235
91448,182896,274344,365792,457240
91449,182898,274347,365796,457245
91450,182900,274350,365800,457250
91451,182902,274353,365804,457255
91452,182904,274356,365808,457260
91453,182906,274359,365812,457265
91454,182908,274362,365816,457270
91455,182910,274365,365820,457275
91456,182912,274368,365824,457280
91457,182914,274371,365828,457285
91458,182916,274374,365832,457290
91459,182918,274377,365836,457295
91460,182920,274380,365840,457300
91461,182922,274383,365844,457305
91462,182924,274386,365848,457310
91463,182926,274389,365852,457315
91464,182928,274392,365856,457320
91465,182930,274395,365860,457325
91466,182932,274398,365864,457330
91467,182934,274401,365868,457335
91468,182936,274404,365872,457340
91469,182938,274407,365876,457345
91470,182940,274410,365880,457350
91471,182942,274413,365884,457355
91472,182944,274416,365888,457360
91473,182946,274419,365892,457365
91474,182948,274422,365896,457370
91475,182950,274425,365900,457375
91476,182952,274428,365904,457380
91477,182954,274431,365908,457385
91478,182956,274434,365912,457390
91479,182958,274437,365916,457395
91480,182960,274440,365920,457400
91481,182962,274443,365924,457405
91482,182964,274446,365928,457410
91483,182966,274449,365932,457415
91484,182968,274452,365936,457420
91485,182970,274455,365940,457425
91486,182972,274458,365944,457430
91487,182974,274461,365948,457435
91488,182976,274464,365952,457440
91489,182978,274467,365956,457445
91490,182980,274470,365960,457450
91491,182982,274473,365964,457455
91492,182984,274476,365968,457460
91493,182986,274479,365972,457465
91494,182988,274482,365976,457470
91495,182990,274485,365980,457475
91496,182992,274488,365984,457480
91497,182994,274491,365988,457485
91498,182996,274494,365992,457490
91499,182998,274497,365996,457495
91500,183000,274500,366000,457500
91501,183002,274503,366004,457505
91502,183004,274506,366008,457510
91503,183006,274509,366012,457515
91504,183008,274512,366016,457520
91505,183010,274515,366020,457525
91506,183012,274518,366024,457530
91507,183014,274521,366028,457535
91508,183016,274524,366032,457540
91509,183018,274527,366036,457545
91510,183020,274530,366040,457550
91511,183022,274533,366044,457555
91512,183024,274536,366048,457560
91513,183026,274539,366052,457565
91514,183028,274542,366056,457570
91515,183030,274545,366060,457575
91516,183032,274548,366064,457580
91517,183034,274551,366068,457585
91518,183036,274554,366072,457590
91519,183038,274557,366076,457595
91520,183040,274560,366080,457600
91521,183042,274563,366084,457605
91522,183044,274566,366088,457610
91523,183046,274569,366092,457615
91524,183048,274572,366096,457620
91525,183050,274575,366100,457625
91526,183052,274578,366104,457630
91527,183054,274581,366108,457635
91528,183056,274584,366112,457640
91529,183058,274587,366116,457645
91530,183060,274590,366120,457650
91531,183062,274593,366124,457655
91532,183064,274596,366128,457660
91533,183066,274599,366132,457665
91534,183068,274602,366136,457670
91535,183070,274605,366140,457675
91536,183072,274608,366144,457680
91537,183074,274611,366148,457685
91538,183076,274614,366152,457690
91539,183078,274617,366156,457695
91540,183080,274620,366160,457700
91541,183082,274623,366164,457705
91542,183084,274626,366168,457710
91543,183086,274629,366172,457715
91544,183088,274632,366176,457720
91545,183090,274635,366180,457725
91546,183092,274638,366184,457730
91547,183094,274641,366188,457735
91548,183096,274644,366192,457740
91549,183098,274647,366196,457745
91550,183100,274650,366200,457750
91551,183102,274653,366204,457755
91552,183104,274656,366208,457760
91553,183106,274659,366212,457765
91554,183108,274662,366216,457770
91555,183110,274665,366220,457775
91556,183112,274668,366224,457780
91557,183114,274671,366228,457785
91558,183116,274674,366232,457790
91559,183118,274677,366236,457795
91560,183120,274680,366240,457800
91561,183122,274683,366244,457805
91562,183124,274686,366248,457810
91563,183126,274689,366252,457815
91564,183128,274692,366256,457820
91565,183130,274695,366260,457825
91566,183132,274698,366264,457830
91567,183134,274701,366268,457835
91568,183136,274704,366272,457840
91569,183138,274707,366276,457845
91570,183140,274710,366280,457850
91571,183142,274713,366284,457855
91572,183144,274716,366288,457860
91573,183146,274719,366292,457865
91574,183148,274722,366296,457870
91575,183150,274725,366300,457875
91576,183152,274728,366304,457880
91577,183154,274731,366308,457885
91578,183156,274734,366312,457890
91579,183158,274737,366316,457895
91580,183160,274740,366320,457900
91581,183162,274743,366324,457905
91582,183164,274746,366328,457910
91583,183166,274749,366332,457915
91584,183168,274752,366336,457920
91585,183170,274755,366340,457925
91586,183172,274758,366344,457930
91587,183174,274761,366348,457935
91588,183176,274764,366352,457940
91589,183178,274767,366356,457945
91590,183180,274770,366360,457950
91591,183182,274773,366364,457955
91592,183184,274776,366368,457960
91593,183186,274779,366372,457965
91594,183188,274782,366376,457970
91595,183190,274785,366380,457975
91596,183192,274788,366384,457980
91597,183194,274791,366388,457985
91598,183196,274794,366392,457990
91599,183198,274797,366396,457995
91600,183200,274800,366400,458000
91601,183202,274803,366404,458005
91602,183204,274806,366408,458010
91603,183206,274809,366412,458015
91604,183208,274812,366416,458020
91605,183210,274815,366420,458025
91606,183212,274818,366424,458030
91607,183214,274821,366428,458035
91608,183216,274824,366432,458040
91609,183218,274827,366436,458045
91610,183220,274830,366440,458050
91611,183222,274833,366444,458055
91612,183224,274836,366448,458060
91613,183226,274839,366452,458065
91614,183228,274842,366456,458070
91615,183230,274845,366460,458075
91616,183232,274848,366464,458080
91617,183234,274851,366468,458085
91618,183236,274854,366472,458090
91619,183238,274857,366476,458095
91620,183240,274860,366480,458100
91621,183242,274863,366484,458105
91622,183244,274866,366488,458110
91623,183246,274869,366492,458115
91624,183248,274872,366496,458120
91625,183250,274875,366500,458125
91626,183252,274878,366504,458130
91627,183254,274881,366508,458135
91628,183256,274884,366512,458140
91629,183258,274887,366516,458145
91630,183260,274890,366520,458150
91631,183262,274893,366524,458155
91632,183264,274896,366528,458160
91633,183266,274899,366532,458165
91634,183268,274902,366536,458170
91635,183270,274905,366540,458175
91636,183272,274908,366544,458180
91637,183274,274911,366548,458185
91638,183276,274914,366552,458190
91639,183278,274917,366556,458195
91640,183280,274920,366560,458200
91641,183282,274923,366564,458205
91642,183284,274926,366568,458210
91643,183286,274929,366572,458215
91644,183288,274932,366576,458220
91645,183290,274935,366580,458225
91646,183292,274938,366584,458230
91647,183294,274941,366588,458235
91648,183296,274944,366592,458240
91649,183298,274947,366596,458245
91650,183300,274950,366600,458250
91651,183302,274953,366604,458255
91652,183304,274956,366608,458260
91653,183306,274959,366612,458265
91654,183308,274962,366616,458270
91655,183310,274965,366620,458275
91656,183312,274968,366624,458280
91657,183314,274971,366628,458285
91658,183316,274974,366632,458290
91659,183318,274977,366636,458295
91660,183320,274980,366640,458300
91661,183322,274983,366644,458305
91662,183324,274986,366648,458310
91663,183326,274989,366652,458315
91664,183328,274992,366656,458320
91665,183330,274995,366660,458325
91666,183332,274998,366664,458330
91667,183334,275001,366668,458335
91668,183336,275004,366672,458340
91669,183338,275007,366676,458345
91670,183340,275010,366680,458350
91671,183342,275013,366684,458355
91672,183344,275016,366688,458360
91673,183346,275019,366692,458365
91674,183348,275022,366696,458370
91675,183350,275025,366700,458375
91676,183352,275028,366704,458380
91677,183354,275031,366708,458385
91678,183356,275034,366712,458390
91679,183358,275037,366716,458395
91680,183360,275040,366720,458400
91681,183362,275043,366724,458405
91682,183364,275046,366728,458410
91683,183366,275049,366732,458415
91684,183368,275052,366736,458420
91685,183370,275055,366740,458425
91686,183372,275058,366744,458430
91687,183374,275061,366748,458435
91688,183376,275064,366752,458440
91689,183378,275067,366756,458445
91690,183380,275070,366760,458450
91691,183382,275073,366764,458455
91692,183384,275076,366768,458460
91693,183386,275079,366772,458465
91694,183388,275082,366776,458470
91695,183390,275085,366780,458475
91696,183392,275088,366784,458480
91697,183394,275091,366788,458485
91698,183396,275094,366792,458490
91699,183398,275097,366796,458495
91700,183400,275100,366800,458500
91701,183402,275103,366804,458505
91702,183404,275106,366808,458510
91703,183406,275109,366812,458515
91704,183408,275112,366816,458520
91705,183410,275115,366820,458525
91706,183412,275118,366824,458530
91707,183414,275121,366828,458535
91708,183416,275124,366832,458540
91709,183418,275127,366836,458545
91710,183420,275130,366840,458550
91711,183422,275133,366844,458555
91712,183424,275136,366848,458560
91713,183426,275139,366852,458565
91714,183428,275142,366856,458570
91715,183430,275145,366860,458575
91716,183432,275148,366864,458580
91717,183434,275151,366868,458585
91718,183436,275154,366872,458590
91719,183438,275157,366876,458595
91720,183440,275160,366880,458600
91721,183442,275163,366884,458605
91722,183444,275166,366888,458610
91723,183446,275169,366892,458615
91724,183448,275172,366896,458620
91725,183450,275175,366900,458625
91726,183452,275178,366904,458630
91727,183454,275181,366908,458635
91728,183456,275184,366912,458640
91729,183458,275187,366916,458645
91730,183460,275190,366920,458650
91731,183462,275193,366924,458655
91732,183464,275196,366928,458660
91733,183466,275199,366932,458665
91734,183468,275202,366936,458670
91735,183470,275205,366940,458675
91736,183472,275208,366944,458680
91737,183474,275211,366948,458685
91738,183476,275214,366952,458690
91739,183478,275217,366956,458695
91740,183480,275220,366960,458700
91741,183482,275223,366964,458705
91742,183484,275226,366968,458710
91743,183486,275229,366972,458715
91744,183488,275232,366976,458720
91745,183490,275235,366980,458725
91746,183492,275238,366984,458730
91747,183494,275241,366988,458735
91748,183496,275244,366992,458740
91749,183498,275247,366996,458745
91750,183500,275250,367000,458750
91751,183502,275253,367004,458755
91752,183504,275256,367008,458760
91753,183506,275259,367012,458765
91754,183508,275262,367016,458770
91755,183510,275265,367020,458775
91756,183512,275268,367024,458780
91757,183514,275271,367028,458785
91758,183516,275274,367032,458790
91759,183518,275277,367036,458795
91760,183520,275280,367040,458800
91761,183522,275283,367044,458805
91762,183524,275286,367048,458810
91763,183526,275289,367052,458815
91764,183528,275292,367056,458820
91765,183530,275295,367060,458825
91766,183532,275298,367064,458830
91767,183534,275301,367068,458835
91768,183536,275304,367072,458840
91769,183538,275307,367076,458845
91770,183540,275310,367080,458850
91771,183542,275313,367084,458855
91772,183544,275316,367088,458860
91773,183546,275319,367092,458865
91774,183548,275322,367096,458870
91775,183550,275325,367100,458875
91776,183552,275328,367104,458880
91777,183554,275331,367108,458885
91778,183556,275334,367112,458890
91779,183558,275337,367116,458895
91780,183560,275340,367120,458900
91781,183562,275343,367124,458905
91782,183564,275346,367128,458910
91783,183566,275349,367132,458915
91784,183568,275352,367136,458920
91785,183570,275355,367140,458925
91786,183572,275358,367144,458930
91787,183574,275361,367148,458935
91788,183576,275364,367152,458940
91789,183578,275367,367156,458945
91790,183580,275370,367160,458950
91791,183582,275373,367164,458955
91792,183584,275376,367168,458960
91793,183586,275379,367172,458965
91794,183588,275382,367176,458970
91795,183590,275385,367180,458975
91796,183592,275388,367184,458980
91797,183594,275391,367188,458985
91798,183596,275394,367192,458990
91799,183598,275397,367196,458995
91800,183600,275400,367200,459000
91801,183602,275403,367204,459005
91802,183604,275406,367208,459010
91803,183606,275409,367212,459015
91804,183608,275412,367216,459020
91805,183610,275415,367220,459025
91806,183612,275418,367224,459030
91807,183614,275421,367228,459035
91808,183616,275424,367232,459040
91809,183618,275427,367236,459045
91810,183620,275430,367240,459050
91811,183622,275433,367244,459055
91812,183624,275436,367248,459060
91813,183626,275439,367252,459065
91814,183628,275442,367256,459070
91815,183630,275445,367260,459075
91816,183632,275448,367264,459080
91817,183634,275451,367268,459085
91818,183636,275454,367272,459090
91819,183638,275457,367276,459095
91820,183640,275460,367280,459100
91821,183642,275463,367284,459105
91822,183644,275466,367288,459110
91823,183646,275469,367292,459115
91824,183648,275472,367296,459120
91825,183650,275475,367300,459125
91826,183652,275478,367304,459130
91827,183654,275481,367308,459135
91828,183656,275484,367312,459140
91829,183658,275487,367316,459145
91830,183660,275490,367320,459150
91831,183662,275493,367324,459155
91832,183664,275496,367328,459160
91833,183666,275499,367332,459165
91834,183668,275502,367336,459170
91835,183670,275505,367340,459175
91836,183672,275508,367344,459180
91837,183674,275511,367348,459185
91838,183676,275514,367352,459190
91839,183678,275517,367356,459195
91840,183680,275520,367360,459200
91841,183682,275523,367364,459205
91842,183684,275526,367368,459210
91843,183686,275529,367372,459215
91844,183688,275532,367376,459220
91845,183690,275535,367380,459225
91846,183692,275538,367384,459230
91847,183694,275541,367388,459235
91848,183696,275544,367392,459240
91849,183698,275547,367396,459245
91850,183700,275550,367400,459250
91851,183702,275553,367404,459255
91852,183704,275556,367408,459260
91853,183706,275559,367412,459265
91854,183708,275562,367416,459270
91855,183710,275565,367420,459275
91856,183712,275568,367424,459280
91857,183714,275571,367428,459285
91858,183716,275574,367432,459290
91859,183718,275577,367436,459295
91860,183720,275580,367440,459300
91861,183722,275583,367444,459305
91862,183724,275586,367448,459310
91863,183726,275589,367452,459315
91864,183728,275592,367456,459320
91865,183730,275595,367460,459325
91866,183732,275598,367464,459330
91867,183734,275601,367468,459335
91868,183736,275604,367472,459340
91869,183738,275607,367476,459345
91870,183740,275610,367480,459350
91871,183742,275613,367484,459355
91872,183744,275616,367488,459360
91873,183746,275619,367492,459365
91874,183748,275622,367496,459370
91875,183750,275625,367500,459375
91876,183752,275628,367504,459380
91877,183754,275631,367508,459385
91878,183756,275634,367512,459390
91879,183758,275637,367516,459395
91880,183760,275640,367520,459400
91881,183762,275643,367524,459405
91882,183764,275646,367528,459410
91883,183766,275649,367532,459415
91884,183768,275652,367536,459420
91885,183770,275655,367540,459425
91886,183772,275658,367544,459430
91887,183774,275661,367548,459435
91888,183776,275664,367552,459440
91889,183778,275667,367556,459445
91890,183780,275670,367560,459450
91891,183782,275673,367564,459455
91892,183784,275676,367568,459460
91893,183786,275679,367572,459465
91894,183788,275682,367576,459470
91895,183790,275685,367580,459475
91896,183792,275688,367584,459480
91897,183794,275691,367588,459485
91898,183796,275694,367592,459490
91899,183798,275697,367596,459495
91900,183800,275700,367600,459500
91901,183802,275703,367604,459505
91902,183804,275706,367608,459510
91903,183806,275709,367612,459515
91904,183808,275712,367616,459520
91905,183810,275715,367620,459525
91906,183812,275718,367624,459530
91907,183814,275721,367628,459535
91908,183816,275724,367632,459540
91909,183818,275727,367636,459545
91910,183820,275730,367640,459550
91911,183822,275733,367644,459555
91912,183824,275736,367648,459560
91913,183826,275739,367652,459565
91914,183828,275742,367656,459570
91915,183830,275745,367660,459575
91916,183832,275748,367664,459580
91917,183834,275751,367668,459585
91918,183836,275754,367672,459590
91919,183838,275757,367676,459595
91920,183840,275760,367680,459600
91921,183842,275763,367684,459605
91922,183844,275766,367688,459610
91923,183846,275769,367692,459615
91924,183848,275772,367696,459620
91925,183850,275775,367700,459625
91926,183852,275778,367704,459630
91927,183854,275781,367708,459635
91928,183856,275784,367712,459640
91929,183858,275787,367716,459645
91930,183860,275790,367720,459650
91931,183862,275793,367724,459655
91932,183864,275796,367728,459660
91933,183866,275799,367732,459665
91934,183868,275802,367736,459670
91935,183870,275805,367740,459675
91936,183872,275808,367744,459680
91937,183874,275811,367748,459685
91938,183876,275814,367752,459690
91939,183878,275817,367756,459695
91940,183880,275820,367760,459700
91941,183882,275823,367764,459705
91942,183884,275826,367768,459710
91943,183886,275829,367772,459715
91944,183888,275832,367776,459720
91945,183890,275835,367780,459725
91946,183892,275838,367784,459730
91947,183894,275841,367788,459735
91948,183896,275844,367792,459740
91949,183898,275847,367796,459745
91950,183900,275850,367800,459750
91951,183902,275853,367804,459755
91952,183904,275856,367808,459760
91953,183906,275859,367812,459765
91954,183908,275862,367816,459770
91955,183910,275865,367820,459775
91956,183912,275868,367824,459780
91957,183914,275871,367828,459785
91958,183916,275874,367832,459790
91959,183918,275877,367836,459795
91960,183920,275880,367840,459800
91961,183922,275883,367844,459805
91962,183924,275886,367848,459810
91963,183926,275889,367852,459815
91964,183928,275892,367856,459820
91965,183930,275895,367860,459825
91966,183932,275898,367864,459830
91967,183934,275901,367868,459835
91968,183936,275904,367872,459840
91969,183938,275907,367876,459845
91970,183940,275910,367880,459850
91971,183942,275913,367884,459855
91972,183944,275916,367888,459860
91973,183946,275919,367892,459865
91974,183948,275922,367896,459870
91975,183950,275925,367900,459875
91976,183952,275928,367904,459880
91977,183954,275931,367908,459885
91978,183956,275934,367912,459890
91979,183958,275937,367916,459895
91980,183960,275940,367920,459900
91981,183962,275943,367924,459905
91982,183964,275946,367928,459910
91983,183966,275949,367932,459915
91984,183968,275952,367936,459920
91985,183970,275955,367940,459925
91986,183972,275958,367944,459930
91987,183974,275961,367948,459935
91988,183976,275964,367952,459940
91989,183978,275967,367956,459945
91990,183980,275970,367960,459950
91991,183982,275973,367964,459955
91992,183984,275976,367968,459960
91993,183986,275979,367972,459965
91994,183988,275982,367976,459970
91995,183990,275985,367980,459975
91996,183992,275988,367984,459980
91997,183994,275991,367988,459985
91998,183996,275994,367992,459990
91999,183998,275997,367996,459995
92000,184000,276000,368000,460000
92001,184002,276003,368004,460005
92002,184004,276006,368008,460010
92003,184006,276009,368012,460015
92004,184008,276012,368016,460020
92005,184010,276015,368020,460025
92006,184012,276018,368024,460030
92007,184014,276021,368028,460035
92008,184016,276024,368032,460040
92009,184018,276027,368036,460045
92010,184020,276030,368040,460050
92011,184022,276033,368044,460055
92012,184024,276036,368048,460060
92013,184026,276039,368052,460065
92014,184028,276042,368056,460070
92015,184030,276045,368060,460075
92016,184032,276048,368064,460080
92017,184034,276051,368068,460085
92018,184036,276054,368072,460090
92019,184038,276057,368076,460095
92020,184040,276060,368080,460100
92021,184042,276063,368084,460105
92022,184044,276066,368088,460110
92023,184046,276069,368092,460115
92024,184048,276072,368096,460120
92025,184050,276075,368100,460125
92026,184052,276078,368104,460130
92027,184054,276081,368108,460135
92028,184056,276084,368112,460140
92029,184058,276087,368116,460145
92030,184060,276090,368120,460150
92031,184062,276093,368124,460155
92032,184064,276096,368128,460160
92033,184066,276099,368132,460165
92034,184068,276102,368136,460170
92035,184070,276105,368140,460175
92036,184072,276108,368144,460180
92037,184074,276111,368148,460185
92038,184076,276114,368152,460190
92039,184078,276117,368156,460195
92040,184080,276120,368160,460200
92041,184082,276123,368164,460205
92042,184084,276126,368168,460210
92043,184086,276129,368172,460215
92044,184088,276132,368176,460220
92045,184090,276135,368180,460225
92046,184092,276138,368184,460230
92047,184094,276141,368188,460235
92048,184096,276144,368192,460240
92049,184098,276147,368196,460245
92050,184100,276150,368200,460250
92051,184102,276153,368204,460255
92052,184104,276156,368208,460260
92053,184106,276159,368212,460265
92054,184108,276162,368216,460270
92055,184110,276165,368220,460275
92056,184112,276168,368224,460280
92057,184114,276171,368228,460285
92058,184116,276174,368232,460290
92059,184118,276177,368236,460295
92060,184120,276180,368240,460300
92061,184122,276183,368244,460305
92062,184124,276186,368248,460310
92063,184126,276189,368252,460315
92064,184128,276192,368256,460320
92065,184130,276195,368260,460325
92066,184132,276198,368264,460330
92067,184134,276201,368268,460335
92068,184136,276204,368272,460340
92069,184138,276207,368276,460345
92070,184140,276210,368280,460350
92071,184142,276213,368284,460355
92072,184144,276216,368288,460360
92073,184146,276219,368292,460365
92074,184148,276222,368296,460370
92075,184150,276225,368300,460375
92076,184152,276228,368304,460380
92077,184154,276231,368308,460385
92078,184156,276234,368312,460390
92079,184158,276237,368316,460395
92080,184160,276240,368320,460400
92081,184162,276243,368324,460405
92082,184164,276246,368328,460410
92083,184166,276249,368332,460415
92084,184168,276252,368336,460420
92085,184170,276255,368340,460425
92086,184172,276258,368344,460430
92087,184174,276261,368348,460435
92088,184176,276264,368352,460440
92089,184178,276267,368356,460445
92090,184180,276270,368360,460450
92091,184182,276273,368364,460455
92092,184184,276276,368368,460460
92093,184186,276279,368372,460465
92094,184188,276282,368376,460470
92095,184190,276285,368380,460475
92096,184192,276288,368384,460480
92097,184194,276291,368388,460485
92098,184196,276294,368392,460490
92099,184198,276297,368396,460495
92100,184200,276300,368400,460500
92101,184202,276303,368404,460505
92102,184204,276306,368408,460510
92103,184206,276309,368412,460515
92104,184208,276312,368416,460520
92105,184210,276315,368420,460525
92106,184212,276318,368424,460530
92107,184214,276321,368428,460535
92108,184216,276324,368432,460540
92109,184218,276327,368436,460545
92110,184220,276330,368440,460550
92111,184222,276333,368444,460555
92112,184224,276336,368448,460560
92113,184226,276339,368452,460565
92114,184228,276342,368456,460570
92115,184230,276345,368460,460575
92116,184232,276348,368464,460580
92117,184234,276351,368468,460585
92118,184236,276354,368472,460590
92119,184238,276357,368476,460595
92120,184240,276360,368480,460600
92121,184242,276363,368484,460605
92122,184244,276366,368488,460610
92123,184246,276369,368492,460615
92124,184248,276372,368496,460620
92125,184250,276375,368500,460625
92126,184252,276378,368504,460630
92127,184254,276381,368508,460635
92128,184256,276384,368512,460640
92129,184258,276387,368516,460645
92130,184260,276390,368520,460650
92131,184262,276393,368524,460655
92132,184264,276396,368528,460660
92133,184266,276399,368532,460665
92134,184268,276402,368536,460670
92135,184270,276405,368540,460675
92136,184272,276408,368544,460680
92137,184274,276411,368548,460685
92138,184276,276414,368552,460690
92139,184278,276417,368556,460695
92140,184280,276420,368560,460700
92141,184282,276423,368564,460705
92142,184284,276426,368568,460710
92143,184286,276429,368572,460715
92144,184288,276432,368576,460720
92145,184290,276435,368580,460725
92146,184292,276438,368584,460730
92147,184294,276441,368588,460735
92148,184296,276444,368592,460740
92149,184298,276447,368596,460745
92150,184300,276450,368600,460750
92151,184302,276453,368604,460755
92152,184304,276456,368608,460760
92153,184306,276459,368612,460765
92154,184308,276462,368616,460770
92155,184310,276465,368620,460775
92156,184312,276468,368624,460780
92157,184314,276471,368628,460785
92158,184316,276474,368632,460790
92159,184318,276477,368636,460795
92160,184320,276480,368640,460800
92161,184322,276483,368644,460805
92162,184324,276486,368648,460810
92163,184326,276489,368652,460815
92164,184328,276492,368656,460820
92165,184330,276495,368660,460825
92166,184332,276498,368664,460830
92167,184334,276501,368668,460835
92168,184336,276504,368672,460840
92169,184338,276507,368676,460845
92170,184340,276510,368680,460850
92171,184342,276513,368684,460855
92172,184344,276516,368688,460860
92173,184346,276519,368692,460865
92174,184348,276522,368696,460870
92175,184350,276525,368700,460875
92176,184352,276528,368704,460880
92177,184354,276531,368708,460885
92178,184356,276534,368712,460890
92179,184358,276537,368716,460895
92180,184360,276540,368720,460900
92181,184362,276543,368724,460905
92182,184364,276546,368728,460910
92183,184366,276549,368732,460915
92184,184368,276552,368736,460920
92185,184370,276555,368740,460925
92186,184372,276558,368744,460930
92187,184374,276561,368748,460935
92188,184376,276564,368752,460940
92189,184378,276567,368756,460945
92190,184380,276570,368760,460950
92191,184382,276573,368764,460955
92192,184384,276576,368768,460960
92193,184386,276579,368772,460965
92194,184388,276582,368776,460970
92195,184390,276585,368780,460975
92196,184392,276588,368784,460980
92197,184394,276591,368788,460985
92198,184396,276594,368792,460990
92199,184398,276597,368796,460995
92200,184400,276600,368800,461000
92201,184402,276603,368804,461005
92202,184404,276606,368808,461010
92203,184406,276609,368812,461015
92204,184408,276612,368816,461020
92205,184410,276615,368820,461025
92206,184412,276618,368824,461030
92207,184414,276621,368828,461035
92208,184416,276624,368832,461040
92209,184418,276627,368836,461045
92210,184420,276630,368840,461050
92211,184422,276633,368844,461055
92212,184424,276636,368848,461060
92213,184426,276639,368852,461065
92214,184428,276642,368856,461070
92215,184430,276645,368860,461075
92216,184432,276648,368864,461080
92217,184434,276651,368868,461085
92218,184436,276654,368872,461090
92219,184438,276657,368876,461095
92220,184440,276660,368880,461100
92221,184442,276663,368884,461105
92222,184444,276666,368888,461110
92223,184446,276669,368892,461115
92224,184448,276672,368896,461120
92225,184450,276675,368900,461125
92226,184452,276678,368904,461130
92227,184454,276681,368908,461135
92228,184456,276684,368912,461140
92229,184458,276687,368916,461145
92230,184460,276690,368920,461150
92231,184462,276693,368924,461155
92232,184464,276696,368928,461160
92233,184466,276699,368932,461165
92234,184468,276702,368936,461170
92235,184470,276705,368940,461175
92236,184472,276708,368944,461180
92237,184474,276711,368948,461185
92238,184476,276714,368952,461190
92239,184478,276717,368956,461195
92240,184480,276720,368960,461200
92241,184482,276723,368964,461205
92242,184484,276726,368968,461210
92243,184486,276729,368972,461215
92244,184488,276732,368976,461220
92245,184490,276735,368980,461225
92246,184492,276738,368984,461230
92247,184494,276741,368988,461235
92248,184496,276744,368992,461240
92249,184498,276747,368996,461245
92250,184500,276750,369000,461250
92251,184502,276753,369004,461255
92252,184504,276756,369008,461260
92253,184506,276759,369012,461265
92254,184508,276762,369016,461270
92255,184510,276765,369020,461275
92256,184512,276768,369024,461280
92257,184514,276771,369028,461285
92258,184516,276774,369032,461290
92259,184518,276777,369036,461295
92260,184520,276780,369040,461300
92261,184522,276783,369044,461305
92262,184524,276786,369048,461310
92263,184526,276789,369052,461315
92264,184528,276792,369056,461320
92265,184530,276795,369060,461325
92266,184532,276798,369064,461330
92267,184534,276801,369068,461335
92268,184536,276804,369072,461340
92269,184538,276807,369076,461345
92270,184540,276810,369080,461350
92271,184542,276813,369084,461355
92272,184544,276816,369088,461360
92273,184546,276819,369092,461365
92274,184548,276822,369096,461370
92275,184550,276825,369100,461375
92276,184552,276828,369104,461380
92277,184554,276831,369108,461385
92278,184556,276834,369112,461390
92279,184558,276837,369116,461395
92280,184560,276840,369120,461400
92281,184562,276843,369124,461405
92282,184564,276846,369128,461410
92283,184566,276849,369132,461415
92284,184568,276852,369136,461420
92285,184570,276855,369140,461425
92286,184572,276858,369144,461430
92287,184574,276861,369148,461435
92288,184576,276864,369152,461440
92289,184578,276867,369156,461445
92290,184580,276870,369160,461450
92291,184582,276873,369164,461455
92292,184584,276876,369168,461460
92293,184586,276879,369172,461465
92294,184588,276882,369176,461470
92295,184590,276885,369180,461475
92296,184592,276888,369184,461480
92297,184594,276891,369188,461485
92298,184596,276894,369192,461490
92299,184598,276897,369196,461495
92300,184600,276900,369200,461500
92301,184602,276903,369204,461505
92302,184604,276906,369208,461510
92303,184606,276909,369212,461515
92304,184608,276912,369216,461520
92305,184610,276915,369220,461525
92306,184612,276918,369224,461530
92307,184614,276921,369228,461535
92308,184616,276924,369232,461540
92309,184618,276927,369236,461545
92310,184620,276930,369240,461550
92311,184622,276933,369244,461555
92312,184624,276936,369248,461560
92313,184626,276939,369252,461565
92314,184628,276942,369256,461570
92315,184630,276945,369260,461575
92316,184632,276948,369264,461580
92317,184634,276951,369268,461585
92318,184636,276954,369272,461590
92319,184638,276957,369276,461595
92320,184640,276960,369280,461600
92321,184642,276963,369284,461605
92322,184644,276966,369288,461610
92323,184646,276969,369292,461615
92324,184648,276972,369296,461620
92325,184650,276975,369300,461625
92326,184652,276978,369304,461630
92327,184654,276981,369308,461635
92328,184656,276984,369312,461640
92329,184658,276987,369316,461645
92330,184660,276990,369320,461650
92331,184662,276993,369324,461655
92332,184664,276996,369328,461660
92333,184666,276999,369332,461665
92334,184668,277002,369336,461670
92335,184670,277005,369340,461675
92336,184672,277008,369344,461680
92337,184674,277011,369348,461685
92338,184676,277014,369352,461690
92339,184678,277017,369356,461695
92340,184680,277020,369360,461700
92341,184682,277023,369364,461705
92342,184684,277026,369368,461710
92343,184686,277029,369372,461715
92344,184688,277032,369376,461720
92345,184690,277035,369380,461725
92346,184692,277038,369384,461730
92347,184694,277041,369388,461735
92348,184696,277044,369392,461740
92349,184698,277047,369396,461745
92350,184700,277050,369400,461750
92351,184702,277053,369404,461755
92352,184704,277056,369408,461760
92353,184706,277059,369412,461765
92354,184708,277062,369416,461770
92355,184710,277065,369420,461775
92356,184712,277068,369424,461780
92357,184714,277071,369428,461785
92358,184716,277074,369432,461790
92359,184718,277077,369436,461795
92360,184720,277080,369440,461800
92361,184722,277083,369444,461805
92362,184724,277086,369448,461810
92363,184726,277089,369452,461815
92364,184728,277092,369456,461820
92365,184730,277095,369460,461825
92366,184732,277098,369464,461830
92367,184734,277101,369468,461835
92368,184736,277104,369472,461840
92369,184738,277107,369476,461845
92370,184740,277110,369480,461850
92371,184742,277113,369484,461855
92372,184744,277116,369488,461860
92373,184746,277119,369492,461865
92374,184748,277122,369496,461870
92375,184750,277125,369500,461875
92376,184752,277128,369504,461880
92377,184754,277131,369508,461885
92378,184756,277134,369512,461890
92379,184758,277137,369516,461895
92380,184760,277140,369520,461900
92381,184762,277143,369524,461905
92382,184764,277146,369528,461910
92383,184766,277149,369532,461915
92384,184768,277152,369536,461920
92385,184770,277155,369540,461925
92386,184772,277158,369544,461930
92387,184774,277161,369548,461935
92388,184776,277164,369552,461940
92389,184778,277167,369556,461945
92390,184780,277170,369560,461950
92391,184782,277173,369564,461955
92392,184784,277176,369568,461960
92393,184786,277179,369572,461965
92394,184788,277182,369576,461970
92395,184790,277185,369580,461975
92396,184792,277188,369584,461980
92397,184794,277191,369588,461985
92398,184796,277194,369592,461990
92399,184798,277197,369596,461995
92400,184800,277200,369600,462000
92401,184802,277203,369604,462005
92402,184804,277206,369608,462010
92403,184806,277209,369612,462015
92404,184808,277212,369616,462020
92405,184810,277215,369620,462025
92406,184812,277218,369624,462030
92407,184814,277221,369628,462035
92408,184816,277224,369632,462040
92409,184818,277227,369636,462045
92410,184820,277230,369640,462050
92411,184822,277233,369644,462055
92412,184824,277236,369648,462060
92413,184826,277239,369652,462065
92414,184828,277242,369656,462070
92415,184830,277245,369660,462075
92416,184832,277248,369664,462080
92417,184834,277251,369668,462085
92418,184836,277254,369672,462090
92419,184838,277257,369676,462095
92420,184840,277260,369680,462100
92421,184842,277263,369684,462105
92422,184844,277266,369688,462110
92423,184846,277269,369692,462115
92424,184848,277272,369696,462120
92425,184850,277275,369700,462125
92426,184852,277278,369704,462130
92427,184854,277281,369708,462135
92428,184856,277284,369712,462140
92429,184858,277287,369716,462145
92430,184860,277290,369720,462150
92431,184862,277293,369724,462155
92432,184864,277296,369728,462160
92433,184866,277299,369732,462165
92434,184868,277302,369736,462170
92435,184870,277305,369740,462175
92436,184872,277308,369744,462180
92437,184874,277311,369748,462185
92438,184876,277314,369752,462190
92439,184878,277317,369756,462195
92440,184880,277320,369760,462200
92441,184882,277323,369764,462205
92442,184884,277326,369768,462210
92443,184886,277329,369772,462215
92444,184888,277332,369776,462220
92445,184890,277335,369780,462225
92446,184892,277338,369784,462230
92447,184894,277341,369788,462235
92448,184896,277344,369792,462240
92449,184898,277347,369796,462245
92450,184900,277350,369800,462250
92451,184902,277353,369804,462255
92452,184904,277356,369808,462260
92453,184906,277359,369812,462265
92454,184908,277362,369816,462270
92455,184910,277365,369820,462275
92456,184912,277368,369824,462280
92457,184914,277371,369828,462285
92458,184916,277374,369832,462290
92459,184918,277377,369836,462295
92460,184920,277380,369840,462300
92461,184922,277383,369844,462305
92462,184924,277386,369848,462310
92463,184926,277389,369852,462315
92464,184928,277392,369856,462320
92465,184930,277395,369860,462325
92466,184932,277398,369864,462330
92467,184934,277401,369868,462335
92468,184936,277404,369872,462340
92469,184938,277407,369876,462345
92470,184940,277410,369880,462350
92471,184942,277413,369884,462355
92472,184944,277416,369888,462360
92473,184946,277419,369892,462365
92474,184948,277422,369896,462370
92475,184950,277425,369900,462375
92476,184952,277428,369904,462380
92477,184954,277431,369908,462385
92478,184956,277434,369912,462390
92479,184958,277437,369916,462395
92480,184960,277440,369920,462400
92481,184962,277443,369924,462405
92482,184964,277446,369928,462410
92483,184966,277449,369932,462415
92484,184968,277452,369936,462420
92485,184970,277455,369940,462425
92486,184972,277458,369944,462430
92487,184974,277461,369948,462435
92488,184976,277464,369952,462440
92489,184978,277467,369956,462445
92490,184980,277470,369960,462450
92491,184982,277473,369964,462455
92492,184984,277476,369968,462460
92493,184986,277479,369972,462465
92494,184988,277482,369976,462470
92495,184990,277485,369980,462475
92496,184992,277488,369984,462480
92497,184994,277491,369988,462485
92498,184996,277494,369992,462490
92499,184998,277497,369996,462495
92500,185000,277500,370000,462500
92501,185002,277503,370004,462505
92502,185004,277506,370008,462510
92503,185006,277509,370012,462515
92504,185008,277512,370016,462520
92505,185010,277515,370020,462525
92506,185012,277518,370024,462530
92507,185014,277521,370028,462535
92508,185016,277524,370032,462540
92509,185018,277527,370036,462545
92510,185020,277530,370040,462550
92511,185022,277533,370044,462555
92512,185024,277536,370048,462560
92513,185026,277539,370052,462565
92514,185028,277542,370056,462570
92515,185030,277545,370060,462575
92516,185032,277548,370064,462580
92517,185034,277551,370068,462585
92518,185036,277554,370072,462590
92519,185038,277557,370076,462595
92520,185040,277560,370080,462600
92521,185042,277563,370084,462605
92522,185044,277566,370088,462610
92523,185046,277569,370092,462615
92524,185048,277572,370096,462620
92525,185050,277575,370100,462625
92526,185052,277578,370104,462630
92527,185054,277581,370108,462635
92528,185056,277584,370112,462640
92529,185058,277587,370116,462645
92530,185060,277590,370120,462650
92531,185062,277593,370124,462655
92532,185064,277596,370128,462660
92533,185066,277599,370132,462665
92534,185068,277602,370136,462670
92535,185070,277605,370140,462675
92536,185072,277608,370144,462680
92537,185074,277611,370148,462685
92538,185076,277614,370152,462690
92539,185078,277617,370156,462695
92540,185080,277620,370160,462700
92541,185082,277623,370164,462705
92542,185084,277626,370168,462710
92543,185086,277629,370172,462715
92544,185088,277632,370176,462720
92545,185090,277635,370180,462725
92546,185092,277638,370184,462730
92547,185094,277641,370188,462735
92548,185096,277644,370192,462740
92549,185098,277647,370196,462745
92550,185100,277650,370200,462750
92551,185102,277653,370204,462755
92552,185104,277656,370208,462760
92553,185106,277659,370212,462765
92554,185108,277662,370216,462770
92555,185110,277665,370220,462775
92556,185112,277668,370224,462780
92557,185114,277671,370228,462785
92558,185116,277674,370232,462790
92559,185118,277677,370236,462795
92560,185120,277680,370240,462800
92561,185122,277683,370244,462805
92562,185124,277686,370248,462810
92563,185126,277689,370252,462815
92564,185128,277692,370256,462820
92565,185130,277695,370260,462825
92566,185132,277698,370264,462830
92567,185134,277701,370268,462835
92568,185136,277704,370272,462840
92569,185138,277707,370276,462845
92570,185140,277710,370280,462850
92571,185142,277713,370284,462855
92572,185144,277716,370288,462860
92573,185146,277719,370292,462865
92574,185148,277722,370296,462870
92575,185150,277725,370300,462875
92576,185152,277728,370304,462880
92577,185154,277731,370308,462885
92578,185156,277734,370312,462890
92579,185158,277737,370316,462895
92580,185160,277740,370320,462900
92581,185162,277743,370324,462905
92582,185164,277746,370328,462910
92583,185166,277749,370332,462915
92584,185168,277752,370336,462920
92585,185170,277755,370340,462925
92586,185172,277758,370344,462930
92587,185174,277761,370348,462935
92588,185176,277764,370352,462940
92589,185178,277767,370356,462945
92590,185180,277770,370360,462950
92591,185182,277773,370364,462955
92592,185184,277776,370368,462960
92593,185186,277779,370372,462965
92594,185188,277782,370376,462970
92595,185190,277785,370380,462975
92596,185192,277788,370384,462980
92597,185194,277791,370388,462985
92598,185196,277794,370392,462990
92599,185198,277797,370396,462995
92600,185200,277800,370400,463000
92601,185202,277803,370404,463005
92602,185204,277806,370408,463010
92603,185206,277809,370412,463015
92604,185208,277812,370416,463020
92605,185210,277815,370420,463025
92606,185212,277818,370424,463030
92607,185214,277821,370428,463035
92608,185216,277824,370432,463040
92609,185218,277827,370436,463045
92610,185220,277830,370440,463050
92611,185222,277833,370444,463055
92612,185224,277836,370448,463060
92613,185226,277839,370452,463065
92614,185228,277842,370456,463070
92615,185230,277845,370460,463075
92616,185232,277848,370464,463080
92617,185234,277851,370468,463085
92618,185236,277854,370472,463090
92619,185238,277857,370476,463095
92620,185240,277860,370480,463100
92621,185242,277863,370484,463105
92622,185244,277866,370488,463110
92623,185246,277869,370492,463115
92624,185248,277872,370496,463120
92625,185250,277875,370500,463125
92626,185252,277878,370504,463130
92627,185254,277881,370508,463135
92628,185256,277884,370512,463140
92629,185258,277887,370516,463145
92630,185260,277890,370520,463150
92631,185262,277893,370524,463155
92632,185264,277896,370528,463160
92633,185266,277899,370532,463165
92634,185268,277902,370536,463170
92635,185270,277905,370540,463175
92636,185272,277908,370544,463180
92637,185274,277911,370548,463185
92638,185276,277914,370552,463190
92639,185278,277917,370556,463195
92640,185280,277920,370560,463200
92641,185282,277923,370564,463205
92642,185284,277926,370568,463210
92643,185286,277929,370572,463215
92644,185288,277932,370576,463220
92645,185290,277935,370580,463225
92646,185292,277938,370584,463230
92647,185294,277941,370588,463235
92648,185296,277944,370592,463240
92649,185298,277947,370596,463245
92650,185300,277950,370600,463250
92651,185302,277953,370604,463255
92652,185304,277956,370608,463260
92653,185306,277959,370612,463265
92654,185308,277962,370616,463270
92655,185310,277965,370620,463275
92656,185312,277968,370624,463280
92657,185314,277971,370628,463285
92658,185316,277974,370632,463290
92659,185318,277977,370636,463295
92660,185320,277980,370640,463300
92661,185322,277983,370644,463305
92662,185324,277986,370648,463310
92663,185326,277989,370652,463315
92664,185328,277992,370656,463320
92665,185330,277995,370660,463325
92666,185332,277998,370664,463330
92667,185334,278001,370668,463335
92668,185336,278004,370672,463340
92669,185338,278007,370676,463345
92670,185340,278010,370680,463350
92671,185342,278013,370684,463355
92672,185344,278016,370688,463360
92673,185346,278019,370692,463365
92674,185348,278022,370696,463370
92675,185350,278025,370700,463375
92676,185352,278028,370704,463380
92677,185354,278031,370708,463385
92678,185356,278034,370712,463390
92679,185358,278037,370716,463395
92680,185360,278040,370720,463400
92681,185362,278043,370724,463405
92682,185364,278046,370728,463410
92683,185366,278049,370732,463415
92684,185368,278052,370736,463420
92685,185370,278055,370740,463425
92686,185372,278058,370744,463430
92687,185374,278061,370748,463435
92688,185376,278064,370752,463440
92689,185378,278067,370756,463445
92690,185380,278070,370760,463450
92691,185382,278073,370764,463455
92692,185384,278076,370768,463460
92693,185386,278079,370772,463465
92694,185388,278082,370776,463470
92695,185390,278085,370780,463475
92696,185392,278088,370784,463480
92697,185394,278091,370788,463485
92698,185396,278094,370792,463490
92699,185398,278097,370796,463495
92700,185400,278100,370800,463500
92701,185402,278103,370804,463505
92702,185404,278106,370808,463510
92703,185406,278109,370812,463515
92704,185408,278112,370816,463520
92705,185410,278115,370820,463525
92706,185412,278118,370824,463530
92707,185414,278121,370828,463535
92708,185416,278124,370832,463540
92709,185418,278127,370836,463545
92710,185420,278130,370840,463550
92711,185422,278133,370844,463555
92712,185424,278136,370848,463560
92713,185426,278139,370852,463565
92714,185428,278142,370856,463570
92715,185430,278145,370860,463575
92716,185432,278148,370864,463580
92717,185434,278151,370868,463585
92718,185436,278154,370872,463590
92719,185438,278157,370876,463595
92720,185440,278160,370880,463600
92721,185442,278163,370884,463605
92722,185444,278166,370888,463610
92723,185446,278169,370892,463615
92724,185448,278172,370896,463620
92725,185450,278175,370900,463625
92726,185452,278178,370904,463630
92727,185454,278181,370908,463635
92728,185456,278184,370912,463640
92729,185458,278187,370916,463645
92730,185460,278190,370920,463650
92731,185462,278193,370924,463655
92732,185464,278196,370928,463660
92733,185466,278199,370932,463665
92734,185468,278202,370936,463670
92735,185470,278205,370940,463675
92736,185472,278208,370944,463680
92737,185474,278211,370948,463685
92738,185476,278214,370952,463690
92739,185478,278217,370956,463695
92740,185480,278220,370960,463700
92741,185482,278223,370964,463705
92742,185484,278226,370968,463710
92743,185486,278229,370972,463715
92744,185488,278232,370976,463720
92745,185490,278235,370980,463725
92746,185492,278238,370984,463730
92747,185494,278241,370988,463735
92748,185496,278244,370992,463740
92749,185498,278247,370996,463745
92750,185500,278250,371000,463750
92751,185502,278253,371004,463755
92752,185504,278256,371008,463760
92753,185506,278259,371012,463765
92754,185508,278262,371016,463770
92755,185510,278265,371020,463775
92756,185512,278268,371024,463780
92757,185514,278271,371028,463785
92758,185516,278274,371032,463790
92759,185518,278277,371036,463795
92760,185520,278280,371040,463800
92761,185522,278283,371044,463805
92762,185524,278286,371048,463810
92763,185526,278289,371052,463815
92764,185528,278292,371056,463820
92765,185530,278295,371060,463825
92766,185532,278298,371064,463830
92767,185534,278301,371068,463835
92768,185536,278304,371072,463840
92769,185538,278307,371076,463845
92770,185540,278310,371080,463850
92771,185542,278313,371084,463855
92772,185544,278316,371088,463860
92773,185546,278319,371092,463865
92774,185548,278322,371096,463870
92775,185550,278325,371100,463875
92776,185552,278328,371104,463880
92777,185554,278331,371108,463885
92778,185556,278334,371112,463890
92779,185558,278337,371116,463895
92780,185560,278340,371120,463900
92781,185562,278343,371124,463905
92782,185564,278346,371128,463910
92783,185566,278349,371132,463915
92784,185568,278352,371136,463920
92785,185570,278355,371140,463925
92786,185572,278358,371144,463930
92787,185574,278361,371148,463935
92788,185576,278364,371152,463940
92789,185578,278367,371156,463945
92790,185580,278370,371160,463950
92791,185582,278373,371164,463955
92792,185584,278376,371168,463960
92793,185586,278379,371172,463965
92794,185588,278382,371176,463970
92795,185590,278385,371180,463975
92796,185592,278388,371184,463980
92797,185594,278391,371188,463985
92798,185596,278394,371192,463990
92799,185598,278397,371196,463995
92800,185600,278400,371200,464000
92801,185602,278403,371204,464005
92802,185604,278406,371208,464010
92803,185606,278409,371212,464015
92804,185608,278412,371216,464020
92805,185610,278415,371220,464025
92806,185612,278418,371224,464030
92807,185614,278421,371228,464035
92808,185616,278424,371232,464040
92809,185618,278427,371236,464045
92810,185620,278430,371240,464050
92811,185622,278433,371244,464055
92812,185624,278436,371248,464060
92813,185626,278439,371252,464065
92814,185628,278442,371256,464070
92815,185630,278445,371260,464075
92816,185632,278448,371264,464080
92817,185634,278451,371268,464085
92818,185636,278454,371272,464090
92819,185638,278457,371276,464095
92820,185640,278460,371280,464100
92821,185642,278463,371284,464105
92822,185644,278466,371288,464110
92823,185646,278469,371292,464115
92824,185648,278472,371296,464120
92825,185650,278475,371300,464125
92826,185652,278478,371304,464130
92827,185654,278481,371308,464135
92828,185656,278484,371312,464140
92829,185658,278487,371316,464145
92830,185660,278490,371320,464150
92831,185662,278493,371324,464155
92832,185664,278496,371328,464160
92833,185666,278499,371332,464165
92834,185668,278502,371336,464170
92835,185670,278505,371340,464175
92836,185672,278508,371344,464180
92837,185674,278511,371348,464185
92838,185676,278514,371352,464190
92839,185678,278517,371356,464195
92840,185680,278520,371360,464200
92841,185682,278523,371364,464205
92842,185684,278526,371368,464210
92843,185686,278529,371372,464215
92844,185688,278532,371376,464220
92845,185690,278535,371380,464225
92846,185692,278538,371384,464230
92847,185694,278541,371388,464235
92848,185696,278544,371392,464240
92849,185698,278547,371396,464245
92850,185700,278550,371400,464250
92851,185702,278553,371404,464255
92852,185704,278556,371408,464260
92853,185706,278559,371412,464265
92854,185708,278562,371416,464270
92855,185710,278565,371420,464275
92856,185712,278568,371424,464280
92857,185714,278571,371428,464285
92858,185716,278574,371432,464290
92859,185718,278577,371436,464295
92860,185720,278580,371440,464300
92861,185722,278583,371444,464305
92862,185724,278586,371448,464310
92863,185726,278589,371452,464315
92864,185728,278592,371456,464320
92865,185730,278595,371460,464325
92866,185732,278598,371464,464330
92867,185734,278601,371468,464335
92868,185736,278604,371472,464340
92869,185738,278607,371476,464345
92870,185740,278610,371480,464350
92871,185742,278613,371484,464355
92872,185744,278616,371488,464360
92873,185746,278619,371492,464365
92874,185748,278622,371496,464370
92875,185750,278625,371500,464375
92876,185752,278628,371504,464380
92877,185754,278631,371508,464385
92878,185756,278634,371512,464390
92879,185758,278637,371516,464395
92880,185760,278640,371520,464400
92881,185762,278643,371524,464405
92882,185764,278646,371528,464410
92883,185766,278649,371532,464415
92884,185768,278652,371536,464420
92885,185770,278655,371540,464425
92886,185772,278658,371544,464430
92887,185774,278661,371548,464435
92888,185776,278664,371552,464440
92889,185778,278667,371556,464445
92890,185780,278670,371560,464450
92891,185782,278673,371564,464455
92892,185784,278676,371568,464460
92893,185786,278679,371572,464465
92894,185788,278682,371576,464470
92895,185790,278685,371580,464475
92896,185792,278688,371584,464480
92897,185794,278691,371588,464485
92898,185796,278694,371592,464490
92899,185798,278697,371596,464495
92900,185800,278700,371600,464500
92901,185802,278703,371604,464505
92902,185804,278706,371608,464510
92903,185806,278709,371612,464515
92904,185808,278712,371616,464520
92905,185810,278715,371620,464525
92906,185812,278718,371624,464530
92907,185814,278721,371628,464535
92908,185816,278724,371632,464540
92909,185818,278727,371636,464545
92910,185820,278730,371640,464550
92911,185822,278733,371644,464555
92912,185824,278736,371648,464560
92913,185826,278739,371652,464565
92914,185828,278742,371656,464570
92915,185830,278745,371660,464575
92916,185832,278748,371664,464580
92917,185834,278751,371668,464585
92918,185836,278754,371672,464590
92919,185838,278757,371676,464595
92920,185840,278760,371680,464600
92921,185842,278763,371684,464605
92922,185844,278766,371688,464610
92923,185846,278769,371692,464615
92924,185848,278772,371696,464620
92925,185850,278775,371700,464625
92926,185852,278778,371704,464630
92927,185854,278781,371708,464635
92928,185856,278784,371712,464640
92929,185858,278787,371716,464645
92930,185860,278790,371720,464650
92931,185862,278793,371724,464655
92932,185864,278796,371728,464660
92933,185866,278799,371732,464665
92934,185868,278802,371736,464670
92935,185870,278805,371740,464675
92936,185872,278808,371744,464680
92937,185874,278811,371748,464685
92938,185876,278814,371752,464690
92939,185878,278817,371756,464695
92940,185880,278820,371760,464700
92941,185882,278823,371764,464705
92942,185884,278826,371768,464710
92943,185886,278829,371772,464715
92944,185888,278832,371776,464720
92945,185890,278835,371780,464725
92946,185892,278838,371784,464730
92947,185894,278841,371788,464735
92948,185896,278844,371792,464740
92949,185898,278847,371796,464745
92950,185900,278850,371800,464750
92951,185902,278853,371804,464755
92952,185904,278856,371808,464760
92953,185906,278859,371812,464765
92954,185908,278862,371816,464770
92955,185910,278865,371820,464775
92956,185912,278868,371824,464780
92957,185914,278871,371828,464785
92958,185916,278874,371832,464790
92959,185918,278877,371836,464795
92960,185920,278880,371840,464800
92961,185922,278883,371844,464805
92962,185924,278886,371848,464810
92963,185926,278889,371852,464815
92964,185928,278892,371856,464820
92965,185930,278895,371860,464825
92966,185932,278898,371864,464830
92967,185934,278901,371868,464835
92968,185936,278904,371872,464840
92969,185938,278907,371876,464845
92970,185940,278910,371880,464850
92971,185942,278913,371884,464855
92972,185944,278916,371888,464860
92973,185946,278919,371892,464865
92974,185948,278922,371896,464870
92975,185950,278925,371900,464875
92976,185952,278928,371904,464880
92977,185954,278931,371908,464885
92978,185956,278934,371912,464890
92979,185958,278937,371916,464895
92980,185960,278940,371920,464900
92981,185962,278943,371924,464905
92982,185964,278946,371928,464910
92983,185966,278949,371932,464915
92984,185968,278952,371936,464920
92985,185970,278955,371940,464925
92986,185972,278958,371944,464930
92987,185974,278961,371948,464935
92988,185976,278964,371952,464940
92989,185978,278967,371956,464945
92990,185980,278970,371960,464950
92991,185982,278973,371964,464955
92992,185984,278976,371968,464960
92993,185986,278979,371972,464965
92994,185988,278982,371976,464970
92995,185990,278985,371980,464975
92996,185992,278988,371984,464980
92997,185994,278991,371988,464985
92998,185996,278994,371992,464990
92999,185998,278997,371996,464995
93000,186000,279000,372000,465000
93001,186002,279003,372004,465005
93002,186004,279006,372008,465010
93003,186006,279009,372012,465015
93004,186008,279012,372016,465020
93005,186010,279015,372020,465025
93006,186012,279018,372024,465030
93007,186014,279021,372028,465035
93008,186016,279024,372032,465040
93009,186018,279027,372036,465045
93010,186020,279030,372040,465050
93011,186022,279033,372044,465055
93012,186024,279036,372048,465060
93013,186026,279039,372052,465065
93014,186028,279042,372056,465070
93015,186030,279045,372060,465075
93016,186032,279048,372064,465080
93017,186034,279051,372068,465085
93018,186036,279054,372072,465090
93019,186038,279057,372076,465095
93020,186040,279060,372080,465100
93021,186042,279063,372084,465105
93022,186044,279066,372088,465110
93023,186046,279069,372092,465115
93024,186048,279072,372096,465120
93025,186050,279075,372100,465125
93026,186052,279078,372104,465130
93027,186054,279081,372108,465135
93028,186056,279084,372112,465140
93029,186058,279087,372116,465145
93030,186060,279090,372120,465150
93031,186062,279093,372124,465155
93032,186064,279096,372128,465160
93033,186066,279099,372132,465165
93034,186068,279102,372136,465170
93035,186070,279105,372140,465175
93036,186072,279108,372144,465180
93037,186074,279111,372148,465185
93038,186076,279114,372152,465190
93039,186078,279117,372156,465195
93040,186080,279120,372160,465200
93041,186082,279123,372164,465205
93042,186084,279126,372168,465210
93043,186086,279129,372172,465215
93044,186088,279132,372176,465220
93045,186090,279135,372180,465225
93046,186092,279138,372184,465230
93047,186094,279141,372188,465235
93048,186096,279144,372192,465240
93049,186098,279147,372196,465245
93050,186100,279150,372200,465250
93051,186102,279153,372204,465255
93052,186104,279156,372208,465260
93053,186106,279159,372212,465265
93054,186108,279162,372216,465270
93055,186110,279165,372220,465275
93056,186112,279168,372224,465280
93057,186114,279171,372228,465285
93058,186116,279174,372232,465290
93059,186118,279177,372236,465295
93060,186120,279180,372240,465300
93061,186122,279183,372244,465305
93062,186124,279186,372248,465310
93063,186126,279189,372252,465315
93064,186128,279192,372256,465320
93065,186130,279195,372260,465325
93066,186132,279198,372264,465330
93067,186134,279201,372268,465335
93068,186136,279204,372272,465340
93069,186138,279207,372276,465345
93070,186140,279210,372280,465350
93071,186142,279213,372284,465355
93072,186144,279216,372288,465360
93073,186146,279219,372292,465365
93074,186148,279222,372296,465370
93075,186150,279225,372300,465375
93076,186152,279228,372304,465380
93077,186154,279231,372308,465385
93078,186156,279234,372312,465390
93079,186158,279237,372316,465395
93080,186160,279240,372320,465400
93081,186162,279243,372324,465405
93082,186164,279246,372328,465410
93083,186166,279249,372332,465415
93084,186168,279252,372336,465420
93085,186170,279255,372340,465425
93086,186172,279258,372344,465430
93087,186174,279261,372348,465435
93088,186176,279264,372352,465440
93089,186178,279267,372356,465445
93090,186180,279270,372360,465450
93091,186182,279273,372364,465455
93092,186184,279276,372368,465460
93093,186186,279279,372372,465465
93094,186188,279282,372376,465470
93095,186190,279285,372380,465475
93096,186192,279288,372384,465480
93097,186194,279291,372388,465485
93098,186196,279294,372392,465490
93099,186198,279297,372396,465495
93100,186200,279300,372400,465500
93101,186202,279303,372404,465505
93102,186204,279306,372408,465510
93103,186206,279309,372412,465515
93104,186208,279312,372416,465520
93105,186210,279315,372420,465525
93106,186212,279318,372424,465530
93107,186214,279321,372428,465535
93108,186216,279324,372432,465540
93109,186218,279327,372436,465545
93110,186220,279330,372440,465550
93111,186222,279333,372444,465555
93112,186224,279336,372448,465560
93113,186226,279339,372452,465565
93114,186228,279342,372456,465570
93115,186230,279345,372460,465575
93116,186232,279348,372464,465580
93117,186234,279351,372468,465585
93118,186236,279354,372472,465590
93119,186238,279357,372476,465595
93120,186240,279360,372480,465600
93121,186242,279363,372484,465605
93122,186244,279366,372488,465610
93123,186246,279369,372492,465615
93124,186248,279372,372496,465620
93125,186250,279375,372500,465625
93126,186252,279378,372504,465630
93127,186254,279381,372508,465635
93128,186256,279384,372512,465640
93129,186258,279387,372516,465645
93130,186260,279390,372520,465650
93131,186262,279393,372524,465655
93132,186264,279396,372528,465660
93133,186266,279399,372532,465665
93134,186268,279402,372536,465670
93135,186270,279405,372540,465675
93136,186272,279408,372544,465680
93137,186274,279411,372548,465685
93138,186276,279414,372552,465690
93139,186278,279417,372556,465695
93140,186280,279420,372560,465700
93141,186282,279423,372564,465705
93142,186284,279426,372568,465710
93143,186286,279429,372572,465715
93144,186288,279432,372576,465720
93145,186290,279435,372580,465725
93146,186292,279438,372584,465730
93147,186294,279441,372588,465735
93148,186296,279444,372592,465740
93149,186298,279447,372596,465745
93150,186300,279450,372600,465750
93151,186302,279453,372604,465755
93152,186304,279456,372608,465760
93153,186306,279459,372612,465765
93154,186308,279462,372616,465770
93155,186310,279465,372620,465775
93156,186312,279468,372624,465780
93157,186314,279471,372628,465785
93158,186316,279474,372632,465790
93159,186318,279477,372636,465795
93160,186320,279480,372640,465800
93161,186322,279483,372644,465805
93162,186324,279486,372648,465810
93163,186326,279489,372652,465815
93164,186328,279492,372656,465820
93165,186330,279495,372660,465825
93166,186332,279498,372664,465830
93167,186334,279501,372668,465835
93168,186336,279504,372672,465840
93169,186338,279507,372676,465845
93170,186340,279510,372680,465850
93171,186342,279513,372684,465855
93172,186344,279516,372688,465860
93173,186346,279519,372692,465865
93174,186348,279522,372696,465870
93175,186350,279525,372700,465875
93176,186352,279528,372704,465880
93177,186354,279531,372708,465885
93178,186356,279534,372712,465890
93179,186358,279537,372716,465895
93180,186360,279540,372720,465900
93181,186362,279543,372724,465905
93182,186364,279546,372728,465910
93183,186366,279549,372732,465915
93184,186368,279552,372736,465920
93185,186370,279555,372740,465925
93186,186372,279558,372744,465930
93187,186374,279561,372748,465935
93188,186376,279564,372752,465940
93189,186378,279567,372756,465945
93190,186380,279570,372760,465950
93191,186382,279573,372764,465955
93192,186384,279576,372768,465960
93193,186386,279579,372772,465965
93194,186388,279582,372776,465970
93195,186390,279585,372780,465975
93196,186392,279588,372784,465980
93197,186394,279591,372788,465985
93198,186396,279594,372792,465990
93199,186398,279597,372796,465995
93200,186400,279600,372800,466000
93201,186402,279603,372804,466005
93202,186404,279606,372808,466010
93203,186406,279609,372812,466015
93204,186408,279612,372816,466020
93205,186410,279615,372820,466025
93206,186412,279618,372824,466030
93207,186414,279621,372828,466035
93208,186416,279624,372832,466040
93209,186418,279627,372836,466045
93210,186420,279630,372840,466050
93211,186422,279633,372844,466055
93212,186424,279636,372848,466060
93213,186426,279639,372852,466065
93214,186428,279642,372856,466070
93215,186430,279645,372860,466075
93216,186432,279648,372864,466080
93217,186434,279651,372868,466085
93218,186436,279654,372872,466090
93219,186438,279657,372876,466095
93220,186440,279660,372880,466100
93221,186442,279663,372884,466105
93222,186444,279666,372888,466110
93223,186446,279669,372892,466115
93224,186448,279672,372896,466120
93225,186450,279675,372900,466125
93226,186452,279678,372904,466130
93227,186454,279681,372908,466135
93228,186456,279684,372912,466140
93229,186458,279687,372916,466145
93230,186460,279690,372920,466150
93231,186462,279693,372924,466155
93232,186464,279696,372928,466160
93233,186466,279699,372932,466165
93234,186468,279702,372936,466170
93235,186470,279705,372940,466175
93236,186472,279708,372944,466180
93237,186474,279711,372948,466185
93238,186476,279714,372952,466190
93239,186478,279717,372956,466195
93240,186480,279720,372960,466200
93241,186482,279723,372964,466205
93242,186484,279726,372968,466210
93243,186486,279729,372972,466215
93244,186488,279732,372976,466220
93245,186490,279735,372980,466225
93246,186492,279738,372984,466230
93247,186494,279741,372988,466235
93248,186496,279744,372992,466240
93249,186498,279747,372996,466245
93250,186500,279750,373000,466250
93251,186502,279753,373004,466255
93252,186504,279756,373008,466260
93253,186506,279759,373012,466265
93254,186508,279762,373016,466270
93255,186510,279765,373020,466275
93256,186512,279768,373024,466280
93257,186514,279771,373028,466285
93258,186516,279774,373032,466290
93259,186518,279777,373036,466295
93260,186520,279780,373040,466300
93261,186522,279783,373044,466305
93262,186524,279786,373048,466310
93263,186526,279789,373052,466315
93264,186528,279792,373056,466320
93265,186530,279795,373060,466325
93266,186532,279798,373064,466330
93267,186534,279801,373068,466335
93268,186536,279804,373072,466340
93269,186538,279807,373076,466345
93270,186540,279810,373080,466350
93271,186542,279813,373084,466355
93272,186544,279816,373088,466360
93273,186546,279819,373092,466365
93274,186548,279822,373096,466370
93275,186550,279825,373100,466375
93276,186552,279828,373104,466380
93277,186554,279831,373108,466385
93278,186556,279834,373112,466390
93279,186558,279837,373116,466395
93280,186560,279840,373120,466400
93281,186562,279843,373124,466405
93282,186564,279846,373128,466410
93283,186566,279849,373132,466415
93284,186568,279852,373136,466420
93285,186570,279855,373140,466425
93286,186572,279858,373144,466430
93287,186574,279861,373148,466435
93288,186576,279864,373152,466440
93289,186578,279867,373156,466445
93290,186580,279870,373160,466450
93291,186582,279873,373164,466455
93292,186584,279876,373168,466460
93293,186586,279879,373172,466465
93294,186588,279882,373176,466470
93295,186590,279885,373180,466475
93296,186592,279888,373184,466480
93297,186594,279891,373188,466485
93298,186596,279894,373192,466490
93299,186598,279897,373196,466495
93300,186600,279900,373200,466500
93301,186602,279903,373204,466505
93302,186604,279906,373208,466510
93303,186606,279909,373212,466515
93304,186608,279912,373216,466520
93305,186610,279915,373220,466525
93306,186612,279918,373224,466530
93307,186614,279921,373228,466535
93308,186616,279924,373232,466540
93309,186618,279927,373236,466545
93310,186620,279930,373240,466550
93311,186622,279933,373244,466555
93312,186624,279936,373248,466560
93313,186626,279939,373252,466565
93314,186628,279942,373256,466570
93315,186630,279945,373260,466575
93316,186632,279948,373264,466580
93317,186634,279951,373268,466585
93318,186636,279954,373272,466590
93319,186638,279957,373276,466595
93320,186640,279960,373280,466600
93321,186642,279963,373284,466605
93322,186644,279966,373288,466610
93323,186646,279969,373292,466615
93324,186648,279972,373296,466620
93325,186650,279975,373300,466625
93326,186652,279978,373304,466630
93327,186654,279981,373308,466635
93328,186656,279984,373312,466640
93329,186658,279987,373316,466645
93330,186660,279990,373320,466650
93331,186662,279993,373324,466655
93332,186664,279996,373328,466660
93333,186666,279999,373332,466665
93334,186668,280002,373336,466670
93335,186670,280005,373340,466675
93336,186672,280008,373344,466680
93337,186674,280011,373348,466685
93338,186676,280014,373352,466690
93339,186678,280017,373356,466695
93340,186680,280020,373360,466700
93341,186682,280023,373364,466705
93342,186684,280026,373368,466710
93343,186686,280029,373372,466715
93344,186688,280032,373376,466720
93345,186690,280035,373380,466725
93346,186692,280038,373384,466730
93347,186694,280041,373388,466735
93348,186696,280044,373392,466740
93349,186698,280047,373396,466745
93350,186700,280050,373400,466750
93351,186702,280053,373404,466755
93352,186704,280056,373408,466760
93353,186706,280059,373412,466765
93354,186708,280062,373416,466770
93355,186710,280065,373420,466775
93356,186712,280068,373424,466780
93357,186714,280071,373428,466785
93358,186716,280074,373432,466790
93359,186718,280077,373436,466795
93360,186720,280080,373440,466800
93361,186722,280083,373444,466805
93362,186724,280086,373448,466810
93363,186726,280089,373452,466815
93364,186728,280092,373456,466820
93365,186730,280095,373460,466825
93366,186732,280098,373464,466830
93367,186734,280101,373468,466835
93368,186736,280104,373472,466840
93369,186738,280107,373476,466845
93370,186740,280110,373480,466850
93371,186742,280113,373484,466855
93372,186744,280116,373488,466860
93373,186746,280119,373492,466865
93374,186748,280122,373496,466870
93375,186750,280125,373500,466875
93376,186752,280128,373504,466880
93377,186754,280131,373508,466885
93378,186756,280134,373512,466890
93379,186758,280137,373516,466895
93380,186760,280140,373520,466900
93381,186762,280143,373524,466905
93382,186764,280146,373528,466910
93383,186766,280149,373532,466915
93384,186768,280152,373536,466920
93385,186770,280155,373540,466925
93386,186772,280158,373544,466930
93387,186774,280161,373548,466935
93388,186776,280164,373552,466940
93389,186778,280167,373556,466945
93390,186780,280170,373560,466950
93391,186782,280173,373564,466955
93392,186784,280176,373568,466960
93393,186786,280179,373572,466965
93394,186788,280182,373576,466970
93395,186790,280185,373580,466975
93396,186792,280188,373584,466980
93397,186794,280191,373588,466985
93398,186796,280194,373592,466990
93399,186798,280197,373596,466995
93400,186800,280200,373600,467000
93401,186802,280203,373604,467005
93402,186804,280206,373608,467010
93403,186806,280209,373612,467015
93404,186808,280212,373616,467020
93405,186810,280215,373620,467025
93406,186812,280218,373624,467030
93407,186814,280221,373628,467035
93408,186816,280224,373632,467040
93409,186818,280227,373636,467045
93410,186820,280230,373640,467050
93411,186822,280233,373644,467055
93412,186824,280236,373648,467060
93413,186826,280239,373652,467065
93414,186828,280242,373656,467070
93415,186830,280245,373660,467075
93416,186832,280248,373664,467080
93417,186834,280251,373668,467085
93418,186836,280254,373672,467090
93419,186838,280257,373676,467095
93420,186840,280260,373680,467100
93421,186842,280263,373684,467105
93422,186844,280266,373688,467110
93423,186846,280269,373692,467115
93424,186848,280272,373696,467120
93425,186850,280275,373700,467125
93426,186852,280278,373704,467130
93427,186854,280281,373708,467135
93428,186856,280284,373712,467140
93429,186858,280287,373716,467145
93430,186860,280290,373720,467150
93431,186862,280293,373724,467155
93432,186864,280296,373728,467160
93433,186866,280299,373732,467165
93434,186868,280302,373736,467170
93435,186870,280305,373740,467175
93436,186872,280308,373744,467180
93437,186874,280311,373748,467185
93438,186876,280314,373752,467190
93439,186878,280317,373756,467195
93440,186880,280320,373760,467200
93441,186882,280323,373764,467205
93442,186884,280326,373768,467210
93443,186886,280329,373772,467215
93444,186888,280332,373776,467220
93445,186890,280335,373780,467225
93446,186892,280338,373784,467230
93447,186894,280341,373788,467235
93448,186896,280344,373792,467240
93449,186898,280347,373796,467245
93450,186900,280350,373800,467250
93451,186902,280353,373804,467255
93452,186904,280356,373808,467260
93453,186906,280359,373812,467265
93454,186908,280362,373816,467270
93455,186910,280365,373820,467275
93456,186912,280368,373824,467280
93457,186914,280371,373828,467285
93458,186916,280374,373832,467290
93459,186918,280377,373836,467295
93460,186920,280380,373840,467300
93461,186922,280383,373844,467305
93462,186924,280386,373848,467310
93463,186926,280389,373852,467315
93464,186928,280392,373856,467320
93465,186930,280395,373860,467325
93466,186932,280398,373864,467330
93467,186934,280401,373868,467335
93468,186936,280404,373872,467340
93469,186938,280407,373876,467345
93470,186940,280410,373880,467350
93471,186942,280413,373884,467355
93472,186944,280416,373888,467360
93473,186946,280419,373892,467365
93474,186948,280422,373896,467370
93475,186950,280425,373900,467375
93476,186952,280428,373904,467380
93477,186954,280431,373908,467385
93478,186956,280434,373912,467390
93479,186958,280437,373916,467395
93480,186960,280440,373920,467400
93481,186962,280443,373924,467405
93482,186964,280446,373928,467410
93483,186966,280449,373932,467415
93484,186968,280452,373936,467420
93485,186970,280455,373940,467425
93486,186972,280458,373944,467430
93487,186974,280461,373948,467435
93488,186976,280464,373952,467440
93489,186978,280467,373956,467445
93490,186980,280470,373960,467450
93491,186982,280473,373964,467455
93492,186984,280476,373968,467460
93493,186986,280479,373972,467465
93494,186988,280482,373976,467470
93495,186990,280485,373980,467475
93496,186992,280488,373984,467480
93497,186994,280491,373988,467485
93498,186996,280494,373992,467490
93499,186998,280497,373996,467495
93500,187000,280500,374000,467500
93501,187002,280503,374004,467505
93502,187004,280506,374008,467510
93503,187006,280509,374012,467515
93504,187008,280512,374016,467520
93505,187010,280515,374020,467525
93506,187012,280518,374024,467530
93507,187014,280521,374028,467535
93508,187016,280524,374032,467540
93509,187018,280527,374036,467545
93510,187020,280530,374040,467550
93511,187022,280533,374044,467555
93512,187024,280536,374048,467560
93513,187026,280539,374052,467565
93514,187028,280542,374056,467570
93515,187030,280545,374060,467575
93516,187032,280548,374064,467580
93517,187034,280551,374068,467585
93518,187036,280554,374072,467590
93519,187038,280557,374076,467595
93520,187040,280560,374080,467600
93521,187042,280563,374084,467605
93522,187044,280566,374088,467610
93523,187046,280569,374092,467615
93524,187048,280572,374096,467620
93525,187050,280575,374100,467625
93526,187052,280578,374104,467630
93527,187054,280581,374108,467635
93528,187056,280584,374112,467640
93529,187058,280587,374116,467645
93530,187060,280590,374120,467650
93531,187062,280593,374124,467655
93532,187064,280596,374128,467660
93533,187066,280599,374132,467665
93534,187068,280602,374136,467670
93535,187070,280605,374140,467675
93536,187072,280608,374144,467680
93537,187074,280611,374148,467685
93538,187076,280614,374152,467690
93539,187078,280617,374156,467695
93540,187080,280620,374160,467700
93541,187082,280623,374164,467705
93542,187084,280626,374168,467710
93543,187086,280629,374172,467715
93544,187088,280632,374176,467720
93545,187090,280635,374180,467725
93546,187092,280638,374184,467730
93547,187094,280641,374188,467735
93548,187096,280644,374192,467740
93549,187098,280647,374196,467745
93550,187100,280650,374200,467750
93551,187102,280653,374204,467755
93552,187104,280656,374208,467760
93553,187106,280659,374212,467765
93554,187108,280662,374216,467770
93555,187110,280665,374220,467775
93556,187112,280668,374224,467780
93557,187114,280671,374228,467785
93558,187116,280674,374232,467790
93559,187118,280677,374236,467795
93560,187120,280680,374240,467800
93561,187122,280683,374244,467805
93562,187124,280686,374248,467810
93563,187126,280689,374252,467815
93564,187128,280692,374256,467820
93565,187130,280695,374260,467825
93566,187132,280698,374264,467830
93567,187134,280701,374268,467835
93568,187136,280704,374272,467840
93569,187138,280707,374276,467845
93570,187140,280710,374280,467850
93571,187142,280713,374284,467855
93572,187144,280716,374288,467860
93573,187146,280719,374292,467865
93574,187148,280722,374296,467870
93575,187150,280725,374300,467875
93576,187152,280728,374304,467880
93577,187154,280731,374308,467885
93578,187156,280734,374312,467890
93579,187158,280737,374316,467895
93580,187160,280740,374320,467900
93581,187162,280743,374324,467905
93582,187164,280746,374328,467910
93583,187166,280749,374332,467915
93584,187168,280752,374336,467920
93585,187170,280755,374340,467925
93586,187172,280758,374344,467930
93587,187174,280761,374348,467935
93588,187176,280764,374352,467940
93589,187178,280767,374356,467945
93590,187180,280770,374360,467950
93591,187182,280773,374364,467955
93592,187184,280776,374368,467960
93593,187186,280779,374372,467965
93594,187188,280782,374376,467970
93595,187190,280785,374380,467975
93596,187192,280788,374384,467980
93597,187194,280791,374388,467985
93598,187196,280794,374392,467990
93599,187198,280797,374396,467995
93600,187200,280800,374400,468000
93601,187202,280803,374404,468005
93602,187204,280806,374408,468010
93603,187206,280809,374412,468015
93604,187208,280812,374416,468020
93605,187210,280815,374420,468025
93606,187212,280818,374424,468030
93607,187214,280821,374428,468035
93608,187216,280824,374432,468040
93609,187218,280827,374436,468045
93610,187220,280830,374440,468050
93611,187222,280833,374444,468055
93612,187224,280836,374448,468060
93613,187226,280839,374452,468065
93614,187228,280842,374456,468070
93615,187230,280845,374460,468075
93616,187232,280848,374464,468080
93617,187234,280851,374468,468085
93618,187236,280854,374472,468090
93619,187238,280857,374476,468095
93620,187240,280860,374480,468100
93621,187242,280863,374484,468105
93622,187244,280866,374488,468110
93623,187246,280869,374492,468115
93624,187248,280872,374496,468120
93625,187250,280875,374500,468125
93626,187252,280878,374504,468130
93627,187254,280881,374508,468135
93628,187256,280884,374512,468140
93629,187258,280887,374516,468145
93630,187260,280890,374520,468150
93631,187262,280893,374524,468155
93632,187264,280896,374528,468160
93633,187266,280899,374532,468165
93634,187268,280902,374536,468170
93635,187270,280905,374540,468175
93636,187272,280908,374544,468180
93637,187274,280911,374548,468185
93638,187276,280914,374552,468190
93639,187278,280917,374556,468195
93640,187280,280920,374560,468200
93641,187282,280923,374564,468205
93642,187284,280926,374568,468210
93643,187286,280929,374572,468215
93644,187288,280932,374576,468220
93645,187290,280935,374580,468225
93646,187292,280938,374584,468230
93647,187294,280941,374588,468235
93648,187296,280944,374592,468240
93649,187298,280947,374596,468245
93650,187300,280950,374600,468250
93651,187302,280953,374604,468255
93652,187304,280956,374608,468260
93653,187306,280959,374612,468265
93654,187308,280962,374616,468270
93655,187310,280965,374620,468275
93656,187312,280968,374624,468280
93657,187314,280971,374628,468285
93658,187316,280974,374632,468290
93659,187318,280977,374636,468295
93660,187320,280980,374640,468300
93661,187322,280983,374644,468305
93662,187324,280986,374648,468310
93663,187326,280989,374652,468315
93664,187328,280992,374656,468320
93665,187330,280995,374660,468325
93666,187332,280998,374664,468330
93667,187334,281001,374668,468335
93668,187336,281004,374672,468340
93669,187338,281007,374676,468345
93670,187340,281010,374680,468350
93671,187342,281013,374684,468355
93672,187344,281016,374688,468360
93673,187346,281019,374692,468365
93674,187348,281022,374696,468370
93675,187350,281025,374700,468375
93676,187352,281028,374704,468380
93677,187354,281031,374708,468385
93678,187356,281034,374712,468390
93679,187358,281037,374716,468395
93680,187360,281040,374720,468400
93681,187362,281043,374724,468405
93682,187364,281046,374728,468410
93683,187366,281049,374732,468415
93684,187368,281052,374736,468420
93685,187370,281055,374740,468425
93686,187372,281058,374744,468430
93687,187374,281061,374748,468435
93688,187376,281064,374752,468440
93689,187378,281067,374756,468445
93690,187380,281070,374760,468450
93691,187382,281073,374764,468455
93692,187384,281076,374768,468460
93693,187386,281079,374772,468465
93694,187388,281082,374776,468470
93695,187390,281085,374780,468475
93696,187392,281088,374784,468480
93697,187394,281091,374788,468485
93698,187396,281094,374792,468490
93699,187398,281097,374796,468495
93700,187400,281100,374800,468500
93701,187402,281103,374804,468505
93702,187404,281106,374808,468510
93703,187406,281109,374812,468515
93704,187408,281112,374816,468520
93705,187410,281115,374820,468525
93706,187412,281118,374824,468530
93707,187414,281121,374828,468535
93708,187416,281124,374832,468540
93709,187418,281127,374836,468545
93710,187420,281130,374840,468550
93711,187422,281133,374844,468555
93712,187424,281136,374848,468560
93713,187426,281139,374852,468565
93714,187428,281142,374856,468570
93715,187430,281145,374860,468575
93716,187432,281148,374864,468580
93717,187434,281151,374868,468585
93718,187436,281154,374872,468590
93719,187438,281157,374876,468595
93720,187440,281160,374880,468600
93721,187442,281163,374884,468605
93722,187444,281166,374888,468610
93723,187446,281169,374892,468615
93724,187448,281172,374896,468620
93725,187450,281175,374900,468625
93726,187452,281178,374904,468630
93727,187454,281181,374908,468635
93728,187456,281184,374912,468640
93729,187458,281187,374916,468645
93730,187460,281190,374920,468650
93731,187462,281193,374924,468655
93732,187464,281196,374928,468660
93733,187466,281199,374932,468665
93734,187468,281202,374936,468670
93735,187470,281205,374940,468675
93736,187472,281208,374944,468680
93737,187474,281211,374948,468685
93738,187476,281214,374952,468690
93739,187478,281217,374956,468695
93740,187480,281220,374960,468700
93741,187482,281223,374964,468705
93742,187484,281226,374968,468710
93743,187486,281229,374972,468715
93744,187488,281232,374976,468720
93745,187490,281235,374980,468725
93746,187492,281238,374984,468730
93747,187494,281241,374988,468735
93748,187496,281244,374992,468740
93749,187498,281247,374996,468745
93750,187500,281250,375000,468750
93751,187502,281253,375004,468755
93752,187504,281256,375008,468760
93753,187506,281259,375012,468765
93754,187508,281262,375016,468770
93755,187510,281265,375020,468775
93756,187512,281268,375024,468780
93757,187514,281271,375028,468785
93758,187516,281274,375032,468790
93759,187518,281277,375036,468795
93760,187520,281280,375040,468800
93761,187522,281283,375044,468805
93762,187524,281286,375048,468810
93763,187526,281289,375052,468815
93764,187528,281292,375056,468820
93765,187530,281295,375060,468825
93766,187532,281298,375064,468830
93767,187534,281301,375068,468835
93768,187536,281304,375072,468840
93769,187538,281307,375076,468845
93770,187540,281310,375080,468850
93771,187542,281313,375084,468855
93772,187544,281316,375088,468860
93773,187546,281319,375092,468865
93774,187548,281322,375096,468870
93775,187550,281325,375100,468875
93776,187552,281328,375104,468880
93777,187554,281331,375108,468885
93778,187556,281334,375112,468890
93779,187558,281337,375116,468895
93780,187560,281340,375120,468900
93781,187562,281343,375124,468905
93782,187564,281346,375128,468910
93783,187566,281349,375132,468915
93784,187568,281352,375136,468920
93785,187570,281355,375140,468925
93786,187572,281358,375144,468930
93787,187574,281361,375148,468935
93788,187576,281364,375152,468940
93789,187578,281367,375156,468945
93790,187580,281370,375160,468950
93791,187582,281373,375164,468955
93792,187584,281376,375168,468960
93793,187586,281379,375172,468965
93794,187588,281382,375176,468970
93795,187590,281385,375180,468975
93796,187592,281388,375184,468980
93797,187594,281391,375188,468985
93798,187596,281394,375192,468990
93799,187598,281397,375196,468995
93800,187600,281400,375200,469000
93801,187602,281403,375204,469005
93802,187604,281406,375208,469010
93803,187606,281409,375212,469015
93804,187608,281412,375216,469020
93805,187610,281415,375220,469025
93806,187612,281418,375224,469030
93807,187614,281421,375228,469035
93808,187616,281424,375232,469040
93809,187618,281427,375236,469045
93810,187620,281430,375240,469050
93811,187622,281433,375244,469055
93812,187624,281436,375248,469060
93813,187626,281439,375252,469065
93814,187628,281442,375256,469070
93815,187630,281445,375260,469075
93816,187632,281448,375264,469080
93817,187634,281451,375268,469085
93818,187636,281454,375272,469090
93819,187638,281457,375276,469095
93820,187640,281460,375280,469100
93821,187642,281463,375284,469105
93822,187644,281466,375288,469110
93823,187646,281469,375292,469115
93824,187648,281472,375296,469120
93825,187650,281475,375300,469125
93826,187652,281478,375304,469130
93827,187654,281481,375308,469135
93828,187656,281484,375312,469140
93829,187658,281487,375316,469145
93830,187660,281490,375320,469150
93831,187662,281493,375324,469155
93832,187664,281496,375328,469160
93833,187666,281499,375332,469165
93834,187668,281502,375336,469170
93835,187670,281505,375340,469175
93836,187672,281508,375344,469180
93837,187674,281511,375348,469185
93838,187676,281514,375352,469190
93839,187678,281517,375356,469195
93840,187680,281520,375360,469200
93841,187682,281523,375364,469205
93842,187684,281526,375368,469210
93843,187686,281529,375372,469215
93844,187688,281532,375376,469220
93845,187690,281535,375380,469225
93846,187692,281538,375384,469230
93847,187694,281541,375388,469235
93848,187696,281544,375392,469240
93849,187698,281547,375396,469245
93850,187700,281550,375400,469250
93851,187702,281553,375404,469255
93852,187704,281556,375408,469260
93853,187706,281559,375412,469265
93854,187708,281562,375416,469270
93855,187710,281565,375420,469275
93856,187712,281568,375424,469280
93857,187714,281571,375428,469285
93858,187716,281574,375432,469290
93859,187718,281577,375436,469295
93860,187720,281580,375440,469300
93861,187722,281583,375444,469305
93862,187724,281586,375448,469310
93863,187726,281589,375452,469315
93864,187728,281592,375456,469320
93865,187730,281595,375460,469325
93866,187732,281598,375464,469330
93867,187734,281601,375468,469335
93868,187736,281604,375472,469340
93869,187738,281607,375476,469345
93870,187740,281610,375480,469350
93871,187742,281613,375484,469355
93872,187744,281616,375488,469360
93873,187746,281619,375492,469365
93874,187748,281622,375496,469370
93875,187750,281625,375500,469375
93876,187752,281628,375504,469380
93877,187754,281631,375508,469385
93878,187756,281634,375512,469390
93879,187758,281637,375516,469395
93880,187760,281640,375520,469400
93881,187762,281643,375524,469405
93882,187764,281646,375528,469410
93883,187766,281649,375532,469415
93884,187768,281652,375536,469420
93885,187770,281655,375540,469425
93886,187772,281658,375544,469430
93887,187774,281661,375548,469435
93888,187776,281664,375552,469440
93889,187778,281667,375556,469445
93890,187780,281670,375560,469450
93891,187782,281673,375564,469455
93892,187784,281676,375568,469460
93893,187786,281679,375572,469465
93894,187788,281682,375576,469470
93895,187790,281685,375580,469475
93896,187792,281688,375584,469480
93897,187794,281691,375588,469485
93898,187796,281694,375592,469490
93899,187798,281697,375596,469495
93900,187800,281700,375600,469500
93901,187802,281703,375604,469505
93902,187804,281706,375608,469510
93903,187806,281709,375612,469515
93904,187808,281712,375616,469520
93905,187810,281715,375620,469525
93906,187812,281718,375624,469530
93907,187814,281721,375628,469535
93908,187816,281724,375632,469540
93909,187818,281727,375636,469545
93910,187820,281730,375640,469550
93911,187822,281733,375644,469555
93912,187824,281736,375648,469560
93913,187826,281739,375652,469565
93914,187828,281742,375656,469570
93915,187830,281745,375660,469575
93916,187832,281748,375664,469580
93917,187834,281751,375668,469585
93918,187836,281754,375672,469590
93919,187838,281757,375676,469595
93920,187840,281760,375680,469600
93921,187842,281763,375684,469605
93922,187844,281766,375688,469610
93923,187846,281769,375692,469615
93924,187848,281772,375696,469620
93925,187850,281775,375700,469625
93926,187852,281778,375704,469630
93927,187854,281781,375708,469635
93928,187856,281784,375712,469640
93929,187858,281787,375716,469645
93930,187860,281790,375720,469650
93931,187862,281793,375724,469655
93932,187864,281796,375728,469660
93933,187866,281799,375732,469665
93934,187868,281802,375736,469670
93935,187870,281805,375740,469675
93936,187872,281808,375744,469680
93937,187874,281811,375748,469685
93938,187876,281814,375752,469690
93939,187878,281817,375756,469695
93940,187880,281820,375760,469700
93941,187882,281823,375764,469705
93942,187884,281826,375768,469710
93943,187886,281829,375772,469715
93944,187888,281832,375776,469720
93945,187890,281835,375780,469725
93946,187892,281838,375784,469730
93947,187894,281841,375788,469735
93948,187896,281844,375792,469740
93949,187898,281847,375796,469745
93950,187900,281850,375800,469750
93951,187902,281853,375804,469755
93952,187904,281856,375808,469760
93953,187906,281859,375812,469765
93954,187908,281862,375816,469770
93955,187910,281865,375820,469775
93956,187912,281868,375824,469780
93957,187914,281871,375828,469785
93958,187916,281874,375832,469790
93959,187918,281877,375836,469795
93960,187920,281880,375840,469800
93961,187922,281883,375844,469805
93962,187924,281886,375848,469810
93963,187926,281889,375852,469815
93964,187928,281892,375856,469820
93965,187930,281895,375860,469825
93966,187932,281898,375864,469830
93967,187934,281901,375868,469835
93968,187936,281904,375872,469840
93969,187938,281907,375876,469845
93970,187940,281910,375880,469850
93971,187942,281913,375884,469855
93972,187944,281916,375888,469860
93973,187946,281919,375892,469865
93974,187948,281922,375896,469870
93975,187950,281925,375900,469875
93976,187952,281928,375904,469880
93977,187954,281931,375908,469885
93978,187956,281934,375912,469890
93979,187958,281937,375916,469895
93980,187960,281940,375920,469900
93981,187962,281943,375924,469905
93982,187964,281946,375928,469910
93983,187966,281949,375932,469915
93984,187968,281952,375936,469920
93985,187970,281955,375940,469925
93986,187972,281958,375944,469930
93987,187974,281961,375948,469935
93988,187976,281964,375952,469940
93989,187978,281967,375956,469945
93990,187980,281970,375960,469950
93991,187982,281973,375964,469955
93992,187984,281976,375968,469960
93993,187986,281979,375972,469965
93994,187988,281982,375976,469970
93995,187990,281985,375980,469975
93996,187992,281988,375984,469980
93997,187994,281991,375988,469985
93998,187996,281994,375992,469990
93999,187998,281997,375996,469995
94000,188000,282000,376000,470000
94001,188002,282003,376004,470005
94002,188004,282006,376008,470010
94003,188006,282009,376012,470015
94004,188008,282012,376016,470020
94005,188010,282015,376020,470025
94006,188012,282018,376024,470030
94007,188014,282021,376028,470035
94008,188016,282024,376032,470040
94009,188018,282027,376036,470045
94010,188020,282030,376040,470050
94011,188022,282033,376044,470055
94012,188024,282036,376048,470060
94013,188026,282039,376052,470065
94014,188028,282042,376056,470070
94015,188030,282045,376060,470075
94016,188032,282048,376064,470080
94017,188034,282051,376068,470085
94018,188036,282054,376072,470090
94019,188038,282057,376076,470095
94020,188040,282060,376080,470100
94021,188042,282063,376084,470105
94022,188044,282066,376088,470110
94023,188046,282069,376092,470115
94024,188048,282072,376096,470120
94025,188050,282075,376100,470125
94026,188052,282078,376104,470130
94027,188054,282081,376108,470135
94028,188056,282084,376112,470140
94029,188058,282087,376116,470145
94030,188060,282090,376120,470150
94031,188062,282093,376124,470155
94032,188064,282096,376128,470160
94033,188066,282099,376132,470165
94034,188068,282102,376136,470170
94035,188070,282105,376140,470175
94036,188072,282108,376144,470180
94037,188074,282111,376148,470185
94038,188076,282114,376152,470190
94039,188078,282117,376156,470195
94040,188080,282120,376160,470200
94041,188082,282123,376164,470205
94042,188084,282126,376168,470210
94043,188086,282129,376172,470215
94044,188088,282132,376176,470220
94045,188090,282135,376180,470225
94046,188092,282138,376184,470230
94047,188094,282141,376188,470235
94048,188096,282144,376192,470240
94049,188098,282147,376196,470245
94050,188100,282150,376200,470250
94051,188102,282153,376204,470255
94052,188104,282156,376208,470260
94053,188106,282159,376212,470265
94054,188108,282162,376216,470270
94055,188110,282165,376220,470275
94056,188112,282168,376224,470280
94057,188114,282171,376228,470285
94058,188116,282174,376232,470290
94059,188118,282177,376236,470295
94060,188120,282180,376240,470300
94061,188122,282183,376244,470305
94062,188124,282186,376248,470310
94063,188126,282189,376252,470315
94064,188128,282192,376256,470320
94065,188130,282195,376260,470325
94066,188132,282198,376264,470330
94067,188134,282201,376268,470335
94068,188136,282204,376272,470340
94069,188138,282207,376276,470345
94070,188140,282210,376280,470350
94071,188142,282213,376284,470355
94072,188144,282216,376288,470360
94073,188146,282219,376292,470365
94074,188148,282222,376296,470370
94075,188150,282225,376300,470375
94076,188152,282228,376304,470380
94077,188154,282231,376308,470385
94078,188156,282234,376312,470390
94079,188158,282237,376316,470395
94080,188160,282240,376320,470400
94081,188162,282243,376324,470405
94082,188164,282246,376328,470410
94083,188166,282249,376332,470415
94084,188168,282252,376336,470420
94085,188170,282255,376340,470425
94086,188172,282258,376344,470430
94087,188174,282261,376348,470435
94088,188176,282264,376352,470440
94089,188178,282267,376356,470445
94090,188180,282270,376360,470450
94091,188182,282273,376364,470455
94092,188184,282276,376368,470460
94093,188186,282279,376372,470465
94094,188188,282282,376376,470470
94095,188190,282285,376380,470475
94096,188192,282288,376384,470480
94097,188194,282291,376388,470485
94098,188196,282294,376392,470490
94099,188198,282297,376396,470495
94100,188200,282300,376400,470500
94101,188202,282303,376404,470505
94102,188204,282306,376408,470510
94103,188206,282309,376412,470515
94104,188208,282312,376416,470520
94105,188210,282315,376420,470525
94106,188212,282318,376424,470530
94107,188214,282321,376428,470535
94108,188216,282324,376432,470540
94109,188218,282327,376436,470545
94110,188220,282330,376440,470550
94111,188222,282333,376444,470555
94112,188224,282336,376448,470560
94113,188226,282339,376452,470565
94114,188228,282342,376456,470570
94115,188230,282345,376460,470575
94116,188232,282348,376464,470580
94117,188234,282351,376468,470585
94118,188236,282354,376472,470590
94119,188238,282357,376476,470595
94120,188240,282360,376480,470600
94121,188242,282363,376484,470605
94122,188244,282366,376488,470610
94123,188246,282369,376492,470615
94124,188248,282372,376496,470620
94125,188250,282375,376500,470625
94126,188252,282378,376504,470630
94127,188254,282381,376508,470635
94128,188256,282384,376512,470640
94129,188258,282387,376516,470645
94130,188260,282390,376520,470650
94131,188262,282393,376524,470655
94132,188264,282396,376528,470660
94133,188266,282399,376532,470665
94134,188268,282402,376536,470670
94135,188270,282405,376540,470675
94136,188272,282408,376544,470680
94137,188274,282411,376548,470685
94138,188276,282414,376552,470690
94139,188278,282417,376556,470695
94140,188280,282420,376560,470700
94141,188282,282423,376564,470705
94142,188284,282426,376568,470710
94143,188286,282429,376572,470715
94144,188288,282432,376576,470720
94145,188290,282435,376580,470725
94146,188292,282438,376584,470730
94147,188294,282441,376588,470735
94148,188296,282444,376592,470740
94149,188298,282447,376596,470745
94150,188300,282450,376600,470750
94151,188302,282453,376604,470755
94152,188304,282456,376608,470760
94153,188306,282459,376612,470765
94154,188308,282462,376616,470770
94155,188310,282465,376620,470775
94156,188312,282468,376624,470780
94157,188314,282471,376628,470785
94158,188316,282474,376632,470790
94159,188318,282477,376636,470795
94160,188320,282480,376640,470800
94161,188322,282483,376644,470805
94162,188324,282486,376648,470810
94163,188326,282489,376652,470815
94164,188328,282492,376656,470820
94165,188330,282495,376660,470825
94166,188332,282498,376664,470830
94167,188334,282501,376668,470835
94168,188336,282504,376672,470840
94169,188338,282507,376676,470845
94170,188340,282510,376680,470850
94171,188342,282513,376684,470855
94172,188344,282516,376688,470860
94173,188346,282519,376692,470865
94174,188348,282522,376696,470870
94175,188350,282525,376700,470875
94176,188352,282528,376704,470880
94177,188354,282531,376708,470885
94178,188356,282534,376712,470890
94179,188358,282537,376716,470895
94180,188360,282540,376720,470900
94181,188362,282543,376724,470905
94182,188364,282546,376728,470910
94183,188366,282549,376732,470915
94184,188368,282552,376736,470920
94185,188370,282555,376740,470925
94186,188372,282558,376744,470930
94187,188374,282561,376748,470935
94188,188376,282564,376752,470940
94189,188378,282567,376756,470945
94190,188380,282570,376760,470950
94191,188382,282573,376764,470955
94192,188384,282576,376768,470960
94193,188386,282579,376772,470965
94194,188388,282582,376776,470970
94195,188390,282585,376780,470975
94196,188392,282588,376784,470980
94197,188394,282591,376788,470985
94198,188396,282594,376792,470990
94199,188398,282597,376796,470995
94200,188400,282600,376800,471000
94201,188402,282603,376804,471005
94202,188404,282606,376808,471010
94203,188406,282609,376812,471015
94204,188408,282612,376816,471020
94205,188410,282615,376820,471025
94206,188412,282618,376824,471030
94207,188414,282621,376828,471035
94208,188416,282624,376832,471040
94209,188418,282627,376836,471045
94210,188420,282630,376840,471050
94211,188422,282633,376844,471055
94212,188424,282636,376848,471060
94213,188426,282639,376852,471065
94214,188428,282642,376856,471070
94215,188430,282645,376860,471075
94216,188432,282648,376864,471080
94217,188434,282651,376868,471085
94218,188436,282654,376872,471090
94219,188438,282657,376876,471095
94220,188440,282660,376880,471100
94221,188442,282663,376884,471105
94222,188444,282666,376888,471110
94223,188446,282669,376892,471115
94224,188448,282672,376896,471120
94225,188450,282675,376900,471125
94226,188452,282678,376904,471130
94227,188454,282681,376908,471135
94228,188456,282684,376912,471140
94229,188458,282687,376916,471145
94230,188460,282690,376920,471150
94231,188462,282693,376924,471155
94232,188464,282696,376928,471160
94233,188466,282699,376932,471165
94234,188468,282702,376936,471170
94235,188470,282705,376940,471175
94236,188472,282708,376944,471180
94237,188474,282711,376948,471185
94238,188476,282714,376952,471190
94239,188478,282717,376956,471195
94240,188480,282720,376960,471200
94241,188482,282723,376964,471205
94242,188484,282726,376968,471210
94243,188486,282729,376972,471215
94244,188488,282732,376976,471220
94245,188490,282735,376980,471225
94246,188492,282738,376984,471230
94247,188494,282741,376988,471235
94248,188496,282744,376992,471240
94249,188498,282747,376996,471245
94250,188500,282750,377000,471250
94251,188502,282753,377004,471255
94252,188504,282756,377008,471260
94253,188506,282759,377012,471265
94254,188508,282762,377016,471270
94255,188510,282765,377020,471275
94256,188512,282768,377024,471280
94257,188514,282771,377028,471285
94258,188516,282774,377032,471290
94259,188518,282777,377036,471295
94260,188520,282780,377040,471300
94261,188522,282783,377044,471305
94262,188524,282786,377048,471310
94263,188526,282789,377052,471315
94264,188528,282792,377056,471320
94265,188530,282795,377060,471325
94266,188532,282798,377064,471330
94267,188534,282801,377068,471335
94268,188536,282804,377072,471340
94269,188538,282807,377076,471345
94270,188540,282810,377080,471350
94271,188542,282813,377084,471355
94272,188544,282816,377088,471360
94273,188546,282819,377092,471365
94274,188548,282822,377096,471370
94275,188550,282825,377100,471375
94276,188552,282828,377104,471380
94277,188554,282831,377108,471385
94278,188556,282834,377112,471390
94279,188558,282837,377116,471395
94280,188560,282840,377120,471400
94281,188562,282843,377124,471405
94282,188564,282846,377128,471410
94283,188566,282849,377132,471415
94284,188568,282852,377136,471420
94285,188570,282855,377140,471425
94286,188572,282858,377144,471430
94287,188574,282861,377148,471435
94288,188576,282864,377152,471440
94289,188578,282867,377156,471445
94290,188580,282870,377160,471450
94291,188582,282873,377164,471455
94292,188584,282876,377168,471460
94293,188586,282879,377172,471465
94294,188588,282882,377176,471470
94295,188590,282885,377180,471475
94296,188592,282888,377184,471480
94297,188594,282891,377188,471485
94298,188596,282894,377192,471490
94299,188598,282897,377196,471495
94300,188600,282900,377200,471500
94301,188602,282903,377204,471505
94302,188604,282906,377208,471510
94303,188606,282909,377212,471515
94304,188608,282912,377216,471520
94305,188610,282915,377220,471525
94306,188612,282918,377224,471530
94307,188614,282921,377228,471535
94308,188616,282924,377232,471540
94309,188618,282927,377236,471545
94310,188620,282930,377240,471550
94311,188622,282933,377244,471555
94312,188624,282936,377248,471560
94313,188626,282939,377252,471565
94314,188628,282942,377256,471570
94315,188630,282945,377260,471575
94316,188632,282948,377264,471580
94317,188634,282951,377268,471585
94318,188636,282954,377272,471590
94319,188638,282957,377276,471595
94320,188640,282960,377280,471600
94321,188642,282963,377284,471605
94322,188644,282966,377288,471610
94323,188646,282969,377292,471615
94324,188648,282972,377296,471620
94325,188650,282975,377300,471625
94326,188652,282978,377304,471630
94327,188654,282981,377308,471635
94328,188656,282984,377312,471640
94329,188658,282987,377316,471645
94330,188660,282990,377320,471650
94331,188662,282993,377324,471655
94332,188664,282996,377328,471660
94333,188666,282999,377332,471665
94334,188668,283002,377336,471670
94335,188670,283005,377340,471675
94336,188672,283008,377344,471680
94337,188674,283011,377348,471685
94338,188676,283014,377352,471690
94339,188678,283017,377356,471695
94340,188680,283020,377360,471700
94341,188682,283023,377364,471705
94342,188684,283026,377368,471710
94343,188686,283029,377372,471715
94344,188688,283032,377376,471720
94345,188690,283035,377380,471725
94346,188692,283038,377384,471730
94347,188694,283041,377388,471735
94348,188696,283044,377392,471740
94349,188698,283047,377396,471745
94350,188700,283050,377400,471750
94351,188702,283053,377404,471755
94352,188704,283056,377408,471760
94353,188706,283059,377412,471765
94354,188708,283062,377416,471770
94355,188710,283065,377420,471775
94356,188712,283068,377424,471780
94357,188714,283071,377428,471785
94358,188716,283074,377432,471790
94359,188718,283077,377436,471795
94360,188720,283080,377440,471800
94361,188722,283083,377444,471805
94362,188724,283086,377448,471810
94363,188726,283089,377452,471815
94364,188728,283092,377456,471820
94365,188730,283095,377460,471825
94366,188732,283098,377464,471830
94367,188734,283101,377468,471835
94368,188736,283104,377472,471840
94369,188738,283107,377476,471845
94370,188740,283110,377480,471850
94371,188742,283113,377484,471855
94372,188744,283116,377488,471860
94373,188746,283119,377492,471865
94374,188748,283122,377496,471870
94375,188750,283125,377500,471875
94376,188752,283128,377504,471880
94377,188754,283131,377508,471885
94378,188756,283134,377512,471890
94379,188758,283137,377516,471895
94380,188760,283140,377520,471900
94381,188762,283143,377524,471905
94382,188764,283146,377528,471910
94383,188766,283149,377532,471915
94384,188768,283152,377536,471920
94385,188770,283155,377540,471925
94386,188772,283158,377544,471930
94387,188774,283161,377548,471935
94388,188776,283164,377552,471940
94389,188778,283167,377556,471945
94390,188780,283170,377560,471950
94391,188782,283173,377564,471955
94392,188784,283176,377568,471960
94393,188786,283179,377572,471965
94394,188788,283182,377576,471970
94395,188790,283185,377580,471975
94396,188792,283188,377584,471980
94397,188794,283191,377588,471985
94398,188796,283194,377592,471990
94399,188798,283197,377596,471995
94400,188800,283200,377600,472000
94401,188802,283203,377604,472005
94402,188804,283206,377608,472010
94403,188806,283209,377612,472015
94404,188808,283212,377616,472020
94405,188810,283215,377620,472025
94406,188812,283218,377624,472030
94407,188814,283221,377628,472035
94408,188816,283224,377632,472040
94409,188818,283227,377636,472045
94410,188820,283230,377640,472050
94411,188822,283233,377644,472055
94412,188824,283236,377648,472060
94413,188826,283239,377652,472065
94414,188828,283242,377656,472070
94415,188830,283245,377660,472075
94416,188832,283248,377664,472080
94417,188834,283251,377668,472085
94418,188836,283254,377672,472090
94419,188838,283257,377676,472095
94420,188840,283260,377680,472100
94421,188842,283263,377684,472105
94422,188844,283266,377688,472110
94423,188846,283269,377692,472115
94424,188848,283272,377696,472120
94425,188850,283275,377700,472125
94426,188852,283278,377704,472130
94427,188854,283281,377708,472135
94428,188856,283284,377712,472140
94429,188858,283287,377716,472145
94430,188860,283290,377720,472150
94431,188862,283293,377724,472155
94432,188864,283296,377728,472160
94433,188866,283299,377732,472165
94434,188868,283302,377736,472170
94435,188870,283305,377740,472175
94436,188872,283308,377744,472180
94437,188874,283311,377748,472185
94438,188876,283314,377752,472190
94439,188878,283317,377756,472195
94440,188880,283320,377760,472200
94441,188882,283323,377764,472205
94442,188884,283326,377768,472210
94443,188886,283329,377772,472215
94444,188888,283332,377776,472220
94445,188890,283335,377780,472225
94446,188892,283338,377784,472230
94447,188894,283341,377788,472235
94448,188896,283344,377792,472240
94449,188898,283347,377796,472245
94450,188900,283350,377800,472250
94451,188902,283353,377804,472255
94452,188904,283356,377808,472260
94453,188906,283359,377812,472265
94454,188908,283362,377816,472270
94455,188910,283365,377820,472275
94456,188912,283368,377824,472280
94457,188914,283371,377828,472285
94458,188916,283374,377832,472290
94459,188918,283377,377836,472295
94460,188920,283380,377840,472300
94461,188922,283383,377844,472305
94462,188924,283386,377848,472310
94463,188926,283389,377852,472315
94464,188928,283392,377856,472320
94465,188930,283395,377860,472325
94466,188932,283398,377864,472330
94467,188934,283401,377868,472335
94468,188936,283404,377872,472340
94469,188938,283407,377876,472345
94470,188940,283410,377880,472350
94471,188942,283413,377884,472355
94472,188944,283416,377888,472360
94473,188946,283419,377892,472365
94474,188948,283422,377896,472370
94475,188950,283425,377900,472375
94476,188952,283428,377904,472380
94477,188954,283431,377908,472385
94478,188956,283434,377912,472390
94479,188958,283437,377916,472395
94480,188960,283440,377920,472400
94481,188962,283443,377924,472405
94482,188964,283446,377928,472410
94483,188966,283449,377932,472415
94484,188968,283452,377936,472420
94485,188970,283455,377940,472425
94486,188972,283458,377944,472430
94487,188974,283461,377948,472435
94488,188976,283464,377952,472440
94489,188978,283467,377956,472445
94490,188980,283470,377960,472450
94491,188982,283473,377964,472455
94492,188984,283476,377968,472460
94493,188986,283479,377972,472465
94494,188988,283482,377976,472470
94495,188990,283485,377980,472475
94496,188992,283488,377984,472480
94497,188994,283491,377988,472485
94498,188996,283494,377992,472490
94499,188998,283497,377996,472495
94500,189000,283500,378000,472500
94501,189002,283503,378004,472505
94502,189004,283506,378008,472510
94503,189006,283509,378012,472515
94504,189008,283512,378016,472520
94505,189010,283515,378020,472525
94506,189012,283518,378024,472530
94507,189014,283521,378028,472535
94508,189016,283524,378032,472540
94509,189018,283527,378036,472545
94510,189020,283530,378040,472550
94511,189022,283533,378044,472555
94512,189024,283536,378048,472560
94513,189026,283539,378052,472565
94514,189028,283542,378056,472570
94515,189030,283545,378060,472575
94516,189032,283548,378064,472580
94517,189034,283551,378068,472585
94518,189036,283554,378072,472590
94519,189038,283557,378076,472595
94520,189040,283560,378080,472600
94521,189042,283563,378084,472605
94522,189044,283566,378088,472610
94523,189046,283569,378092,472615
94524,189048,283572,378096,472620
94525,189050,283575,378100,472625
94526,189052,283578,378104,472630
94527,189054,283581,378108,472635
94528,189056,283584,378112,472640
94529,189058,283587,378116,472645
94530,189060,283590,378120,472650
94531,189062,283593,378124,472655
94532,189064,283596,378128,472660
94533,189066,283599,378132,472665
94534,189068,283602,378136,472670
94535,189070,283605,378140,472675
94536,189072,283608,378144,472680
94537,189074,283611,378148,472685
94538,189076,283614,378152,472690
94539,189078,283617,378156,472695
94540,189080,283620,378160,472700
94541,189082,283623,378164,472705
94542,189084,283626,378168,472710
94543,189086,283629,378172,472715
94544,189088,283632,378176,472720
94545,189090,283635,378180,472725
94546,189092,283638,378184,472730
94547,189094,283641,378188,472735
94548,189096,283644,378192,472740
94549,189098,283647,378196,472745
94550,189100,283650,378200,472750
94551,189102,283653,378204,472755
94552,189104,283656,378208,472760
94553,189106,283659,378212,472765
94554,189108,283662,378216,472770
94555,189110,283665,378220,472775
94556,189112,283668,378224,472780
94557,189114,283671,378228,472785
94558,189116,283674,378232,472790
94559,189118,283677,378236,472795
94560,189120,283680,378240,472800
94561,189122,283683,378244,472805
94562,189124,283686,378248,472810
94563,189126,283689,378252,472815
94564,189128,283692,378256,472820
94565,189130,283695,378260,472825
94566,189132,283698,378264,472830
94567,189134,283701,378268,472835
94568,189136,283704,378272,472840
94569,189138,283707,378276,472845
94570,189140,283710,378280,472850
94571,189142,283713,378284,472855
94572,189144,283716,378288,472860
94573,189146,283719,378292,472865
94574,189148,283722,378296,472870
94575,189150,283725,378300,472875
94576,189152,283728,378304,472880
94577,189154,283731,378308,472885
94578,189156,283734,378312,472890
94579,189158,283737,378316,472895
94580,189160,283740,378320,472900
94581,189162,283743,378324,472905
94582,189164,283746,378328,472910
94583,189166,283749,378332,472915
94584,189168,283752,378336,472920
94585,189170,283755,378340,472925
94586,189172,283758,378344,472930
94587,189174,283761,378348,472935
94588,189176,283764,378352,472940
94589,189178,283767,378356,472945
94590,189180,283770,378360,472950
94591,189182,283773,378364,472955
94592,189184,283776,378368,472960
94593,189186,283779,378372,472965
94594,189188,283782,378376,472970
94595,189190,283785,378380,472975
94596,189192,283788,378384,472980
94597,189194,283791,378388,472985
94598,189196,283794,378392,472990
94599,189198,283797,378396,472995
94600,189200,283800,378400,473000
94601,189202,283803,378404,473005
94602,189204,283806,378408,473010
94603,189206,283809,378412,473015
94604,189208,283812,378416,473020
94605,189210,283815,378420,473025
94606,189212,283818,378424,473030
94607,189214,283821,378428,473035
94608,189216,283824,378432,473040
94609,189218,283827,378436,473045
94610,189220,283830,378440,473050
94611,189222,283833,378444,473055
94612,189224,283836,378448,473060
94613,189226,283839,378452,473065
94614,189228,283842,378456,473070
94615,189230,283845,378460,473075
94616,189232,283848,378464,473080
94617,189234,283851,378468,473085
94618,189236,283854,378472,473090
94619,189238,283857,378476,473095
94620,189240,283860,378480,473100
94621,189242,283863,378484,473105
94622,189244,283866,378488,473110
94623,189246,283869,378492,473115
94624,189248,283872,378496,473120
94625,189250,283875,378500,473125
94626,189252,283878,378504,473130
94627,189254,283881,378508,473135
94628,189256,283884,378512,473140
94629,189258,283887,378516,473145
94630,189260,283890,378520,473150
94631,189262,283893,378524,473155
94632,189264,283896,378528,473160
94633,189266,283899,378532,473165
94634,189268,283902,378536,473170
94635,189270,283905,378540,473175
94636,189272,283908,378544,473180
94637,189274,283911,378548,473185
94638,189276,283914,378552,473190
94639,189278,283917,378556,473195
94640,189280,283920,378560,473200
94641,189282,283923,378564,473205
94642,189284,283926,378568,473210
94643,189286,283929,378572,473215
94644,189288,283932,378576,473220
94645,189290,283935,378580,473225
94646,189292,283938,378584,473230
94647,189294,283941,378588,473235
94648,189296,283944,378592,473240
94649,189298,283947,378596,473245
94650,189300,283950,378600,473250
94651,189302,283953,378604,473255
94652,189304,283956,378608,473260
94653,189306,283959,378612,473265
94654,189308,283962,378616,473270
94655,189310,283965,378620,473275
94656,189312,283968,378624,473280
94657,189314,283971,378628,473285
94658,189316,283974,378632,473290
94659,189318,283977,378636,473295
94660,189320,283980,378640,473300
94661,189322,283983,378644,473305
94662,189324,283986,378648,473310
94663,189326,283989,378652,473315
94664,189328,283992,378656,473320
94665,189330,283995,378660,473325
94666,189332,283998,378664,473330
94667,189334,284001,378668,473335
94668,189336,284004,378672,473340
94669,189338,284007,378676,473345
94670,189340,284010,378680,473350
94671,189342,284013,378684,473355
94672,189344,284016,378688,473360
94673,189346,284019,378692,473365
94674,189348,284022,378696,473370
94675,189350,284025,378700,473375
94676,189352,284028,378704,473380
94677,189354,284031,378708,473385
94678,189356,284034,378712,473390
94679,189358,284037,378716,473395
94680,189360,284040,378720,473400
94681,189362,284043,378724,473405
94682,189364,284046,378728,473410
94683,189366,284049,378732,473415
94684,189368,284052,378736,473420
94685,189370,284055,378740,473425
94686,189372,284058,378744,473430
94687,189374,284061,378748,473435
94688,189376,284064,378752,473440
94689,189378,284067,378756,473445
94690,189380,284070,378760,473450
94691,189382,284073,378764,473455
94692,189384,284076,378768,473460
94693,189386,284079,378772,473465
94694,189388,284082,378776,473470
94695,189390,284085,378780,473475
94696,189392,284088,378784,473480
94697,189394,284091,378788,473485
94698,189396,284094,378792,473490
94699,189398,284097,378796,473495
94700,189400,284100,378800,473500
94701,189402,284103,378804,473505
94702,189404,284106,378808,473510
94703,189406,284109,378812,473515
94704,189408,284112,378816,473520
94705,189410,284115,378820,473525
94706,189412,284118,378824,473530
94707,189414,284121,378828,473535
94708,189416,284124,378832,473540
94709,189418,284127,378836,473545
94710,189420,284130,378840,473550
94711,189422,284133,378844,473555
94712,189424,284136,378848,473560
94713,189426,284139,378852,473565
94714,189428,284142,378856,473570
94715,189430,284145,378860,473575
94716,189432,284148,378864,473580
94717,189434,284151,378868,473585
94718,189436,284154,378872,473590
94719,189438,284157,378876,473595
94720,189440,284160,378880,473600
94721,189442,284163,378884,473605
94722,189444,284166,378888,473610
94723,189446,284169,378892,473615
94724,189448,284172,378896,473620
94725,189450,284175,378900,473625
94726,189452,284178,378904,473630
94727,189454,284181,378908,473635
94728,189456,284184,378912,473640
94729,189458,284187,378916,473645
94730,189460,284190,378920,473650
94731,189462,284193,378924,473655
94732,189464,284196,378928,473660
94733,189466,284199,378932,473665
94734,189468,284202,378936,473670
94735,189470,284205,378940,473675
94736,189472,284208,378944,473680
94737,189474,284211,378948,473685
94738,189476,284214,378952,473690
94739,189478,284217,378956,473695
94740,189480,284220,378960,473700
94741,189482,284223,378964,473705
94742,189484,284226,378968,473710
94743,189486,284229,378972,473715
94744,189488,284232,378976,473720
94745,189490,284235,378980,473725
94746,189492,284238,378984,473730
94747,189494,284241,378988,473735
94748,189496,284244,378992,473740
94749,189498,284247,378996,473745
94750,189500,284250,379000,473750
94751,189502,284253,379004,473755
94752,189504,284256,379008,473760
94753,189506,284259,379012,473765
94754,189508,284262,379016,473770
94755,189510,284265,379020,473775
94756,189512,284268,379024,473780
94757,189514,284271,379028,473785
94758,189516,284274,379032,473790
94759,189518,284277,379036,473795
94760,189520,284280,379040,473800
94761,189522,284283,379044,473805
94762,189524,284286,379048,473810
94763,189526,284289,379052,473815
94764,189528,284292,379056,473820
94765,189530,284295,379060,473825
94766,189532,284298,379064,473830
94767,189534,284301,379068,473835
94768,189536,284304,379072,473840
94769,189538,284307,379076,473845
94770,189540,284310,379080,473850
94771,189542,284313,379084,473855
94772,189544,284316,379088,473860
94773,189546,284319,379092,473865
94774,189548,284322,379096,473870
94775,189550,284325,379100,473875
94776,189552,284328,379104,473880
94777,189554,284331,379108,473885
94778,189556,284334,379112,473890
94779,189558,284337,379116,473895
94780,189560,284340,379120,473900
94781,189562,284343,379124,473905
94782,189564,284346,379128,473910
94783,189566,284349,379132,473915
94784,189568,284352,379136,473920
94785,189570,284355,379140,473925
94786,189572,284358,379144,473930
94787,189574,284361,379148,473935
94788,189576,284364,379152,473940
94789,189578,284367,379156,473945
94790,189580,284370,379160,473950
94791,189582,284373,379164,473955
94792,189584,284376,379168,473960
94793,189586,284379,379172,473965
94794,189588,284382,379176,473970
94795,189590,284385,379180,473975
94796,189592,284388,379184,473980
94797,189594,284391,379188,473985
94798,189596,284394,379192,473990
94799,189598,284397,379196,473995
94800,189600,284400,379200,474000
94801,189602,284403,379204,474005
94802,189604,284406,379208,474010
94803,189606,284409,379212,474015
94804,189608,284412,379216,474020
94805,189610,284415,379220,474025
94806,189612,284418,379224,474030
94807,189614,284421,379228,474035
94808,189616,284424,379232,474040
94809,189618,284427,379236,474045
94810,189620,284430,379240,474050
94811,189622,284433,379244,474055
94812,189624,284436,379248,474060
94813,189626,284439,379252,474065
94814,189628,284442,379256,474070
94815,189630,284445,379260,474075
94816,189632,284448,379264,474080
94817,189634,284451,379268,474085
94818,189636,284454,379272,474090
94819,189638,284457,379276,474095
94820,189640,284460,379280,474100
94821,189642,284463,379284,474105
94822,189644,284466,379288,474110
94823,189646,284469,379292,474115
94824,189648,284472,379296,474120
94825,189650,284475,379300,474125
94826,189652,284478,379304,474130
94827,189654,284481,379308,474135
94828,189656,284484,379312,474140
94829,189658,284487,379316,474145
94830,189660,284490,379320,474150
94831,189662,284493,379324,474155
94832,189664,284496,379328,474160
94833,189666,284499,379332,474165
94834,189668,284502,379336,474170
94835,189670,284505,379340,474175
94836,189672,284508,379344,474180
94837,189674,284511,379348,474185
94838,189676,284514,379352,474190
94839,189678,284517,379356,474195
94840,189680,284520,379360,474200
94841,189682,284523,379364,474205
94842,189684,284526,379368,474210
94843,189686,284529,379372,474215
94844,189688,284532,379376,474220
94845,189690,284535,379380,474225
94846,189692,284538,379384,474230
94847,189694,284541,379388,474235
94848,189696,284544,379392,474240
94849,189698,284547,379396,474245
94850,189700,284550,379400,474250
94851,189702,284553,379404,474255
94852,189704,284556,379408,474260
94853,189706,284559,379412,474265
94854,189708,284562,379416,474270
94855,189710,284565,379420,474275
94856,189712,284568,379424,474280
94857,189714,284571,379428,474285
94858,189716,284574,379432,474290
94859,189718,284577,379436,474295
94860,189720,284580,379440,474300
94861,189722,284583,379444,474305
94862,189724,284586,379448,474310
94863,189726,284589,379452,474315
94864,189728,284592,379456,474320
94865,189730,284595,379460,474325
94866,189732,284598,379464,474330
94867,189734,284601,379468,474335
94868,189736,284604,379472,474340
94869,189738,284607,379476,474345
94870,189740,284610,379480,474350
94871,189742,284613,379484,474355
94872,189744,284616,379488,474360
94873,189746,284619,379492,474365
94874,189748,284622,379496,474370
94875,189750,284625,379500,474375
94876,189752,284628,379504,474380
94877,189754,284631,379508,474385
94878,189756,284634,379512,474390
94879,189758,284637,379516,474395
94880,189760,284640,379520,474400
94881,189762,284643,379524,474405
94882,189764,284646,379528,474410
94883,189766,284649,379532,474415
94884,189768,284652,379536,474420
94885,189770,284655,379540,474425
94886,189772,284658,379544,474430
94887,189774,284661,379548,474435
94888,189776,284664,379552,474440
94889,189778,284667,379556,474445
94890,189780,284670,379560,474450
94891,189782,284673,379564,474455
94892,189784,284676,379568,474460
94893,189786,284679,379572,474465
94894,189788,284682,379576,474470
94895,189790,284685,379580,474475
94896,189792,284688,379584,474480
94897,189794,284691,379588,474485
94898,189796,284694,379592,474490
94899,189798,284697,379596,474495
94900,189800,284700,379600,474500
94901,189802,284703,379604,474505
94902,189804,284706,379608,474510
94903,189806,284709,379612,474515
94904,189808,284712,379616,474520
94905,189810,284715,379620,474525
94906,189812,284718,379624,474530
94907,189814,284721,379628,474535
94908,189816,284724,379632,474540
94909,189818,284727,379636,474545
94910,189820,284730,379640,474550
94911,189822,284733,379644,474555
94912,189824,284736,379648,474560
94913,189826,284739,379652,474565
94914,189828,284742,379656,474570
94915,189830,284745,379660,474575
94916,189832,284748,379664,474580
94917,189834,284751,379668,474585
94918,189836,284754,379672,474590
94919,189838,284757,379676,474595
94920,189840,284760,379680,474600
94921,189842,284763,379684,474605
94922,189844,284766,379688,474610
94923,189846,284769,379692,474615
94924,189848,284772,379696,474620
94925,189850,284775,379700,474625
94926,189852,284778,379704,474630
94927,189854,284781,379708,474635
94928,189856,284784,379712,474640
94929,189858,284787,379716,474645
94930,189860,284790,379720,474650
94931,189862,284793,379724,474655
94932,189864,284796,379728,474660
94933,189866,284799,379732,474665
94934,189868,284802,379736,474670
94935,189870,284805,379740,474675
94936,189872,284808,379744,474680
94937,189874,284811,379748,474685
94938,189876,284814,379752,474690
94939,189878,284817,379756,474695
94940,189880,284820,379760,474700
94941,189882,284823,379764,474705
94942,189884,284826,379768,474710
94943,189886,284829,379772,474715
94944,189888,284832,379776,474720
94945,189890,284835,379780,474725
94946,189892,284838,379784,474730
94947,189894,284841,379788,474735
94948,189896,284844,379792,474740
94949,189898,284847,379796,474745
94950,189900,284850,379800,474750
94951,189902,284853,379804,474755
94952,189904,284856,379808,474760
94953,189906,284859,379812,474765
94954,189908,284862,379816,474770
94955,189910,284865,379820,474775
94956,189912,284868,379824,474780
94957,189914,284871,379828,474785
94958,189916,284874,379832,474790
94959,189918,284877,379836,474795
94960,189920,284880,379840,474800
94961,189922,284883,379844,474805
94962,189924,284886,379848,474810
94963,189926,284889,379852,474815
94964,189928,284892,379856,474820
94965,189930,284895,379860,474825
94966,189932,284898,379864,474830
94967,189934,284901,379868,474835
94968,189936,284904,379872,474840
94969,189938,284907,379876,474845
94970,189940,284910,379880,474850
94971,189942,284913,379884,474855
94972,189944,284916,379888,474860
94973,189946,284919,379892,474865
94974,189948,284922,379896,474870
94975,189950,284925,379900,474875
94976,189952,284928,379904,474880
94977,189954,284931,379908,474885
94978,189956,284934,379912,474890
94979,189958,284937,379916,474895
94980,189960,284940,379920,474900
94981,189962,284943,379924,474905
94982,189964,284946,379928,474910
94983,189966,284949,379932,474915
94984,189968,284952,379936,474920
94985,189970,284955,379940,474925
94986,189972,284958,379944,474930
94987,189974,284961,379948,474935
94988,189976,284964,379952,474940
94989,189978,284967,379956,474945
94990,189980,284970,379960,474950
94991,189982,284973,379964,474955
94992,189984,284976,379968,474960
94993,189986,284979,379972,474965
94994,189988,284982,379976,474970
94995,189990,284985,379980,474975
94996,189992,284988,379984,474980
94997,189994,284991,379988,474985
94998,189996,284994,379992,474990
94999,189998,284997,379996,474995
95000,190000,285000,380000,475000
95001,190002,285003,380004,475005
95002,190004,285006,380008,475010
95003,190006,285009,380012,475015
95004,190008,285012,380016,475020
95005,190010,285015,380020,475025
95006,190012,285018,380024,475030
95007,190014,285021,380028,475035
95008,190016,285024,380032,475040
95009,190018,285027,380036,475045
95010,190020,285030,380040,475050
95011,190022,285033,380044,475055
95012,190024,285036,380048,475060
95013,190026,285039,380052,475065
95014,190028,285042,380056,475070
95015,190030,285045,380060,475075
95016,190032,285048,380064,475080
95017,190034,285051,380068,475085
95018,190036,285054,380072,475090
95019,190038,285057,380076,475095
95020,190040,285060,380080,475100
95021,190042,285063,380084,475105
95022,190044,285066,380088,475110
95023,190046,285069,380092,475115
95024,190048,285072,380096,475120
95025,190050,285075,380100,475125
95026,190052,285078,380104,475130
95027,190054,285081,380108,475135
95028,190056,285084,380112,475140
95029,190058,285087,380116,475145
95030,190060,285090,380120,475150
95031,190062,285093,380124,475155
95032,190064,285096,380128,475160
95033,190066,285099,380132,475165
95034,190068,285102,380136,475170
95035,190070,285105,380140,475175
95036,190072,285108,380144,475180
95037,190074,285111,380148,475185
95038,190076,285114,380152,475190
95039,190078,285117,380156,475195
95040,190080,285120,380160,475200
95041,190082,285123,380164,475205
95042,190084,285126,380168,475210
95043,190086,285129,380172,475215
95044,190088,285132,380176,475220
95045,190090,285135,380180,475225
95046,190092,285138,380184,475230
95047,190094,285141,380188,475235
95048,190096,285144,380192,475240
95049,190098,285147,380196,475245
95050,190100,285150,380200,475250
95051,190102,285153,380204,475255
95052,190104,285156,380208,475260
95053,190106,285159,380212,475265
95054,190108,285162,380216,475270
95055,190110,285165,380220,475275
95056,190112,285168,380224,475280
95057,190114,285171,380228,475285
95058,190116,285174,380232,475290
95059,190118,285177,380236,475295
95060,190120,285180,380240,475300
95061,190122,285183,380244,475305
95062,190124,285186,380248,475310
95063,190126,285189,380252,475315
95064,190128,285192,380256,475320
95065,190130,285195,380260,475325
95066,190132,285198,380264,475330
95067,190134,285201,380268,475335
95068,190136,285204,380272,475340
95069,190138,285207,380276,475345
95070,190140,285210,380280,475350
95071,190142,285213,380284,475355
95072,190144,285216,380288,475360
95073,190146,285219,380292,475365
95074,190148,285222,380296,475370
95075,190150,285225,380300,475375
95076,190152,285228,380304,475380
95077,190154,285231,380308,475385
95078,190156,285234,380312,475390
95079,190158,285237,380316,475395
95080,190160,285240,380320,475400
95081,190162,285243,380324,475405
95082,190164,285246,380328,475410
95083,190166,285249,380332,475415
95084,190168,285252,380336,475420
95085,190170,285255,380340,475425
95086,190172,285258,380344,475430
95087,190174,285261,380348,475435
95088,190176,285264,380352,475440
95089,190178,285267,380356,475445
95090,190180,285270,380360,475450
95091,190182,285273,380364,475455
95092,190184,285276,380368,475460
95093,190186,285279,380372,475465
95094,190188,285282,380376,475470
95095,190190,285285,380380,475475
95096,190192,285288,380384,475480
95097,190194,285291,380388,475485
95098,190196,285294,380392,475490
95099,190198,285297,380396,475495
95100,190200,285300,380400,475500
95101,190202,285303,380404,475505
95102,190204,285306,380408,475510
95103,190206,285309,380412,475515
95104,190208,285312,380416,475520
95105,190210,285315,380420,475525
95106,190212,285318,380424,475530
95107,190214,285321,380428,475535
95108,190216,285324,380432,475540
95109,190218,285327,380436,475545
95110,190220,285330,380440,475550
95111,190222,285333,380444,475555
95112,190224,285336,380448,475560
95113,190226,285339,380452,475565
95114,190228,285342,380456,475570
95115,190230,285345,380460,475575
95116,190232,285348,380464,475580
95117,190234,285351,380468,475585
95118,190236,285354,380472,475590
95119,190238,285357,380476,475595
95120,190240,285360,380480,475600
95121,190242,285363,380484,475605
95122,190244,285366,380488,475610
95123,190246,285369,380492,475615
95124,190248,285372,380496,475620
95125,190250,285375,380500,475625
95126,190252,285378,380504,475630
95127,190254,285381,380508,475635
95128,190256,285384,380512,475640
95129,190258,285387,380516,475645
95130,190260,285390,380520,475650
95131,190262,285393,380524,475655
95132,190264,285396,380528,475660
95133,190266,285399,380532,475665
95134,190268,285402,380536,475670
95135,190270,285405,380540,475675
95136,190272,285408,380544,475680
95137,190274,285411,380548,475685
95138,190276,285414,380552,475690
95139,190278,285417,380556,475695
95140,190280,285420,380560,475700
95141,190282,285423,380564,475705
95142,190284,285426,380568,475710
95143,190286,285429,380572,475715
95144,190288,285432,380576,475720
95145,190290,285435,380580,475725
95146,190292,285438,380584,475730
95147,190294,285441,380588,475735
95148,190296,285444,380592,475740
95149,190298,285447,380596,475745
95150,190300,285450,380600,475750
95151,190302,285453,380604,475755
95152,190304,285456,380608,475760
95153,190306,285459,380612,475765
95154,190308,285462,380616,475770
95155,190310,285465,380620,475775
95156,190312,285468,380624,475780
95157,190314,285471,380628,475785
95158,190316,285474,380632,475790
95159,190318,285477,380636,475795
95160,190320,285480,380640,475800
95161,190322,285483,380644,475805
95162,190324,285486,380648,475810
95163,190326,285489,380652,475815
95164,190328,285492,380656,475820
95165,190330,285495,380660,475825
95166,190332,285498,380664,475830
95167,190334,285501,380668,475835
95168,190336,285504,380672,475840
95169,190338,285507,380676,475845
95170,190340,285510,380680,475850
95171,190342,285513,380684,475855
95172,190344,285516,380688,475860
95173,190346,285519,380692,475865
95174,190348,285522,380696,475870
95175,190350,285525,380700,475875
95176,190352,285528,380704,475880
95177,190354,285531,380708,475885
95178,190356,285534,380712,475890
95179,190358,285537,380716,475895
95180,190360,285540,380720,475900
95181,190362,285543,380724,475905
95182,190364,285546,380728,475910
95183,190366,285549,380732,475915
95184,190368,285552,380736,475920
95185,190370,285555,380740,475925
95186,190372,285558,380744,475930
95187,190374,285561,380748,475935
95188,190376,285564,380752,475940
95189,190378,285567,380756,475945
95190,190380,285570,380760,475950
95191,190382,285573,380764,475955
95192,190384,285576,380768,475960
95193,190386,285579,380772,475965
95194,190388,285582,380776,475970
95195,190390,285585,380780,475975
95196,190392,285588,380784,475980
95197,190394,285591,380788,475985
95198,190396,285594,380792,475990
95199,190398,285597,380796,475995
95200,190400,285600,380800,476000
95201,190402,285603,380804,476005
95202,190404,285606,380808,476010
95203,190406,285609,380812,476015
95204,190408,285612,380816,476020
95205,190410,285615,380820,476025
95206,190412,285618,380824,476030
95207,190414,285621,380828,476035
95208,190416,285624,380832,476040
95209,190418,285627,380836,476045
95210,190420,285630,380840,476050
95211,190422,285633,380844,476055
95212,190424,285636,380848,476060
95213,190426,285639,380852,476065
95214,190428,285642,380856,476070
95215,190430,285645,380860,476075
95216,190432,285648,380864,476080
95217,190434,285651,380868,476085
95218,190436,285654,380872,476090
95219,190438,285657,380876,476095
95220,190440,285660,380880,476100
95221,190442,285663,380884,476105
95222,190444,285666,380888,476110
95223,190446,285669,380892,476115
95224,190448,285672,380896,476120
95225,190450,285675,380900,476125
95226,190452,285678,380904,476130
95227,190454,285681,380908,476135
95228,190456,285684,380912,476140
95229,190458,285687,380916,476145
95230,190460,285690,380920,476150
95231,190462,285693,380924,476155
95232,190464,285696,380928,476160
95233,190466,285699,380932,476165
95234,190468,285702,380936,476170
95235,190470,285705,380940,476175
95236,190472,285708,380944,476180
95237,190474,285711,380948,476185
95238,190476,285714,380952,476190
95239,190478,285717,380956,476195
95240,190480,285720,380960,476200
95241,190482,285723,380964,476205
95242,190484,285726,380968,476210
95243,190486,285729,380972,476215
95244,190488,285732,380976,476220
95245,190490,285735,380980,476225
95246,190492,285738,380984,476230
95247,190494,285741,380988,476235
95248,190496,285744,380992,476240
95249,190498,285747,380996,476245
95250,190500,285750,381000,476250
95251,190502,285753,381004,476255
95252,190504,285756,381008,476260
95253,190506,285759,381012,476265
95254,190508,285762,381016,476270
95255,190510,285765,381020,476275
95256,190512,285768,381024,476280
95257,190514,285771,381028,476285
95258,190516,285774,381032,476290
95259,190518,285777,381036,476295
95260,190520,285780,381040,476300
95261,190522,285783,381044,476305
95262,190524,285786,381048,476310
95263,190526,285789,381052,476315
95264,190528,285792,381056,476320
95265,190530,285795,381060,476325
95266,190532,285798,381064,476330
95267,190534,285801,381068,476335
95268,190536,285804,381072,476340
95269,190538,285807,381076,476345
95270,190540,285810,381080,476350
95271,190542,285813,381084,476355
95272,190544,285816,381088,476360
95273,190546,285819,381092,476365
95274,190548,285822,381096,476370
95275,190550,285825,381100,476375
95276,190552,285828,381104,476380
95277,190554,285831,381108,476385
95278,190556,285834,381112,476390
95279,190558,285837,381116,476395
95280,190560,285840,381120,476400
95281,190562,285843,381124,476405
95282,190564,285846,381128,476410
95283,190566,285849,381132,476415
95284,190568,285852,381136,476420
95285,190570,285855,381140,476425
95286,190572,285858,381144,476430
95287,190574,285861,381148,476435
95288,190576,285864,381152,476440
95289,190578,285867,381156,476445
95290,190580,285870,381160,476450
95291,190582,285873,381164,476455
95292,190584,285876,381168,476460
95293,190586,285879,381172,476465
95294,190588,285882,381176,476470
95295,190590,285885,381180,476475
95296,190592,285888,381184,476480
95297,190594,285891,381188,476485
95298,190596,285894,381192,476490
95299,190598,285897,381196,476495
95300,190600,285900,381200,476500
95301,190602,285903,381204,476505
95302,190604,285906,381208,476510
95303,190606,285909,381212,476515
95304,190608,285912,381216,476520
95305,190610,285915,381220,476525
95306,190612,285918,381224,476530
95307,190614,285921,381228,476535
95308,190616,285924,381232,476540
95309,190618,285927,381236,476545
95310,190620,285930,381240,476550
95311,190622,285933,381244,476555
95312,190624,285936,381248,476560
95313,190626,285939,381252,476565
95314,190628,285942,381256,476570
95315,190630,285945,381260,476575
95316,190632,285948,381264,476580
95317,190634,285951,381268,476585
95318,190636,285954,381272,476590
95319,190638,285957,381276,476595
95320,190640,285960,381280,476600
95321,190642,285963,381284,476605
95322,190644,285966,381288,476610
95323,190646,285969,381292,476615
95324,190648,285972,381296,476620
95325,190650,285975,381300,476625
95326,190652,285978,381304,476630
95327,190654,285981,381308,476635
95328,190656,285984,381312,476640
95329,190658,285987,381316,476645
95330,190660,285990,381320,476650
95331,190662,285993,381324,476655
95332,190664,285996,381328,476660
95333,190666,285999,381332,476665
95334,190668,286002,381336,476670
95335,190670,286005,381340,476675
95336,190672,286008,381344,476680
95337,190674,286011,381348,476685
95338,190676,286014,381352,476690
95339,190678,286017,381356,476695
95340,190680,286020,381360,476700
95341,190682,286023,381364,476705
95342,190684,286026,381368,476710
95343,190686,286029,381372,476715
95344,190688,286032,381376,476720
95345,190690,286035,381380,476725
95346,190692,286038,381384,476730
95347,190694,286041,381388,476735
95348,190696,286044,381392,476740
95349,190698,286047,381396,476745
95350,190700,286050,381400,476750
95351,190702,286053,381404,476755
95352,190704,286056,381408,476760
95353,190706,286059,381412,476765
95354,190708,286062,381416,476770
95355,190710,286065,381420,476775
95356,190712,286068,381424,476780
95357,190714,286071,381428,476785
95358,190716,286074,381432,476790
95359,190718,286077,381436,476795
95360,190720,286080,381440,476800
95361,190722,286083,381444,476805
95362,190724,286086,381448,476810
95363,190726,286089,381452,476815
95364,190728,286092,381456,476820
95365,190730,286095,381460,476825
95366,190732,286098,381464,476830
95367,190734,286101,381468,476835
95368,190736,286104,381472,476840
95369,190738,286107,381476,476845
95370,190740,286110,381480,476850
95371,190742,286113,381484,476855
95372,190744,286116,381488,476860
95373,190746,286119,381492,476865
95374,190748,286122,381496,476870
95375,190750,286125,381500,476875
95376,190752,286128,381504,476880
95377,190754,286131,381508,476885
95378,190756,286134,381512,476890
95379,190758,286137,381516,476895
95380,190760,286140,381520,476900
95381,190762,286143,381524,476905
95382,190764,286146,381528,476910
95383,190766,286149,381532,476915
95384,190768,286152,381536,476920
95385,190770,286155,381540,476925
95386,190772,286158,381544,476930
95387,190774,286161,381548,476935
95388,190776,286164,381552,476940
95389,190778,286167,381556,476945
95390,190780,286170,381560,476950
95391,190782,286173,381564,476955
95392,190784,286176,381568,476960
95393,190786,286179,381572,476965
95394,190788,286182,381576,476970
95395,190790,286185,381580,476975
95396,190792,286188,381584,476980
95397,190794,286191,381588,476985
95398,190796,286194,381592,476990
95399,190798,286197,381596,476995
95400,190800,286200,381600,477000
95401,190802,286203,381604,477005
95402,190804,286206,381608,477010
95403,190806,286209,381612,477015
95404,190808,286212,381616,477020
95405,190810,286215,381620,477025
95406,190812,286218,381624,477030
95407,190814,286221,381628,477035
95408,190816,286224,381632,477040
95409,190818,286227,381636,477045
95410,190820,286230,381640,477050
95411,190822,286233,381644,477055
95412,190824,286236,381648,477060
95413,190826,286239,381652,477065
95414,190828,286242,381656,477070
95415,190830,286245,381660,477075
95416,190832,286248,381664,477080
95417,190834,286251,381668,477085
95418,190836,286254,381672,477090
95419,190838,286257,381676,477095
95420,190840,286260,381680,477100
95421,190842,286263,381684,477105
95422,190844,286266,381688,477110
95423,190846,286269,381692,477115
95424,190848,286272,381696,477120
95425,190850,286275,381700,477125
95426,190852,286278,381704,477130
95427,190854,286281,381708,477135
95428,190856,286284,381712,477140
95429,190858,286287,381716,477145
95430,190860,286290,381720,477150
95431,190862,286293,381724,477155
95432,190864,286296,381728,477160
95433,190866,286299,381732,477165
95434,190868,286302,381736,477170
95435,190870,286305,381740,477175
95436,190872,286308,381744,477180
95437,190874,286311,381748,477185
95438,190876,286314,381752,477190
95439,190878,286317,381756,477195
95440,190880,286320,381760,477200
95441,190882,286323,381764,477205
95442,190884,286326,381768,477210
95443,190886,286329,381772,477215
95444,190888,286332,381776,477220
95445,190890,286335,381780,477225
95446,190892,286338,381784,477230
95447,190894,286341,381788,477235
95448,190896,286344,381792,477240
95449,190898,286347,381796,477245
95450,190900,286350,381800,477250
95451,190902,286353,381804,477255
95452,190904,286356,381808,477260
95453,190906,286359,381812,477265
95454,190908,286362,381816,477270
95455,190910,286365,381820,477275
95456,190912,286368,381824,477280
95457,190914,286371,381828,477285
95458,190916,286374,381832,477290
95459,190918,286377,381836,477295
95460,190920,286380,381840,477300
95461,190922,286383,381844,477305
95462,190924,286386,381848,477310
95463,190926,286389,381852,477315
95464,190928,286392,381856,477320
95465,190930,286395,381860,477325
95466,190932,286398,381864,477330
95467,190934,286401,381868,477335
95468,190936,286404,381872,477340
95469,190938,286407,381876,477345
95470,190940,286410,381880,477350
95471,190942,286413,381884,477355
95472,190944,286416,381888,477360
95473,190946,286419,381892,477365
95474,190948,286422,381896,477370
95475,190950,286425,381900,477375
95476,190952,286428,381904,477380
95477,190954,286431,381908,477385
95478,190956,286434,381912,477390
95479,190958,286437,381916,477395
95480,190960,286440,381920,477400
95481,190962,286443,381924,477405
95482,190964,286446,381928,477410
95483,190966,286449,381932,477415
95484,190968,286452,381936,477420
95485,190970,286455,381940,477425
95486,190972,286458,381944,477430
95487,190974,286461,381948,477435
95488,190976,286464,381952,477440
95489,190978,286467,381956,477445
95490,190980,286470,381960,477450
95491,190982,286473,381964,477455
95492,190984,286476,381968,477460
95493,190986,286479,381972,477465
95494,190988,286482,381976,477470
95495,190990,286485,381980,477475
95496,190992,286488,381984,477480
95497,190994,286491,381988,477485
95498,190996,286494,381992,477490
95499,190998,286497,381996,477495
95500,191000,286500,382000,477500
95501,191002,286503,382004,477505
95502,191004,286506,382008,477510
95503,191006,286509,382012,477515
95504,191008,286512,382016,477520
95505,191010,286515,382020,477525
95506,191012,286518,382024,477530
95507,191014,286521,382028,477535
95508,191016,286524,382032,477540
95509,191018,286527,382036,477545
95510,191020,286530,382040,477550
95511,191022,286533,382044,477555
95512,191024,286536,382048,477560
95513,191026,286539,382052,477565
95514,191028,286542,382056,477570
95515,191030,286545,382060,477575
95516,191032,286548,382064,477580
95517,191034,286551,382068,477585
95518,191036,286554,382072,477590
95519,191038,286557,382076,477595
95520,191040,286560,382080,477600
95521,191042,286563,382084,477605
95522,191044,286566,382088,477610
95523,191046,286569,382092,477615
95524,191048,286572,382096,477620
95525,191050,286575,382100,477625
95526,191052,286578,382104,477630
95527,191054,286581,382108,477635
95528,191056,286584,382112,477640
95529,191058,286587,382116,477645
95530,191060,286590,382120,477650
95531,191062,286593,382124,477655
95532,191064,286596,382128,477660
95533,191066,286599,382132,477665
95534,191068,286602,382136,477670
95535,191070,286605,382140,477675
95536,191072,286608,382144,477680
95537,191074,286611,382148,477685
95538,191076,286614,382152,477690
95539,191078,286617,382156,477695
95540,191080,286620,382160,477700
95541,191082,286623,382164,477705
95542,191084,286626,382168,477710
95543,191086,286629,382172,477715
95544,191088,286632,382176,477720
95545,191090,286635,382180,477725
95546,191092,286638,382184,477730
95547,191094,286641,382188,477735
95548,191096,286644,382192,477740
95549,191098,286647,382196,477745
95550,191100,286650,382200,477750
95551,191102,286653,382204,477755
95552,191104,286656,382208,477760
95553,191106,286659,382212,477765
95554,191108,286662,382216,477770
95555,191110,286665,382220,477775
95556,191112,286668,382224,477780
95557,191114,286671,382228,477785
95558,191116,286674,382232,477790
95559,191118,286677,382236,477795
95560,191120,286680,382240,477800
95561,191122,286683,382244,477805
95562,191124,286686,382248,477810
95563,191126,286689,382252,477815
95564,191128,286692,382256,477820
95565,191130,286695,382260,477825
95566,191132,286698,382264,477830
95567,191134,286701,382268,477835
95568,191136,286704,382272,477840
95569,191138,286707,382276,477845
95570,191140,286710,382280,477850
95571,191142,286713,382284,477855
95572,191144,286716,382288,477860
95573,191146,286719,382292,477865
95574,191148,286722,382296,477870
95575,191150,286725,382300,477875
95576,191152,286728,382304,477880
95577,191154,286731,382308,477885
95578,191156,286734,382312,477890
95579,191158,286737,382316,477895
95580,191160,286740,382320,477900
95581,191162,286743,382324,477905
95582,191164,286746,382328,477910
95583,191166,286749,382332,477915
95584,191168,286752,382336,477920
95585,191170,286755,382340,477925
95586,191172,286758,382344,477930
95587,191174,286761,382348,477935
95588,191176,286764,382352,477940
95589,191178,286767,382356,477945
95590,191180,286770,382360,477950
95591,191182,286773,382364,477955
95592,191184,286776,382368,477960
95593,191186,286779,382372,477965
95594,191188,286782,382376,477970
95595,191190,286785,382380,477975
95596,191192,286788,382384,477980
95597,191194,286791,382388,477985
95598,191196,286794,382392,477990
95599,191198,286797,382396,477995
95600,191200,286800,382400,478000
95601,191202,286803,382404,478005
95602,191204,286806,382408,478010
95603,191206,286809,382412,478015
95604,191208,286812,382416,478020
95605,191210,286815,382420,478025
95606,191212,286818,382424,478030
95607,191214,286821,382428,478035
95608,191216,286824,382432,478040
95609,191218,286827,382436,478045
95610,191220,286830,382440,478050
95611,191222,286833,382444,478055
95612,191224,286836,382448,478060
95613,191226,286839,382452,478065
95614,191228,286842,382456,478070
95615,191230,286845,382460,478075
95616,191232,286848,382464,478080
95617,191234,286851,382468,478085
95618,191236,286854,382472,478090
95619,191238,286857,382476,478095
95620,191240,286860,382480,478100
95621,191242,286863,382484,478105
95622,191244,286866,382488,478110
95623,191246,286869,382492,478115
95624,191248,286872,382496,478120
95625,191250,286875,382500,478125
95626,191252,286878,382504,478130
95627,191254,286881,382508,478135
95628,191256,286884,382512,478140
95629,191258,286887,382516,478145
95630,191260,286890,382520,478150
95631,191262,286893,382524,478155
95632,191264,286896,382528,478160
95633,191266,286899,382532,478165
95634,191268,286902,382536,478170
95635,191270,286905,382540,478175
95636,191272,286908,382544,478180
95637,191274,286911,382548,478185
95638,191276,286914,382552,478190
95639,191278,286917,382556,478195
95640,191280,286920,382560,478200
95641,191282,286923,382564,478205
95642,191284,286926,382568,478210
95643,191286,286929,382572,478215
95644,191288,286932,382576,478220
95645,191290,286935,382580,478225
95646,191292,286938,382584,478230
95647,191294,286941,382588,478235
95648,191296,286944,382592,478240
95649,191298,286947,382596,478245
95650,191300,286950,382600,478250
95651,191302,286953,382604,478255
95652,191304,286956,382608,478260
95653,191306,286959,382612,478265
95654,191308,286962,382616,478270
95655,191310,286965,382620,478275
95656,191312,286968,382624,478280
95657,191314,286971,382628,478285
95658,191316,286974,382632,478290
95659,191318,286977,382636,478295
95660,191320,286980,382640,478300
95661,191322,286983,382644,478305
95662,191324,286986,382648,478310
95663,191326,286989,382652,478315
95664,191328,286992,382656,478320
95665,191330,286995,382660,478325
95666,191332,286998,382664,478330
95667,191334,287001,382668,478335
95668,191336,287004,382672,478340
95669,191338,287007,382676,478345
95670,191340,287010,382680,478350
95671,191342,287013,382684,478355
95672,191344,287016,382688,478360
95673,191346,287019,382692,478365
95674,191348,287022,382696,478370
95675,191350,287025,382700,478375
95676,191352,287028,382704,478380
95677,191354,287031,382708,478385
95678,191356,287034,382712,478390
95679,191358,287037,382716,478395
95680,191360,287040,382720,478400
95681,191362,287043,382724,478405
95682,191364,287046,382728,478410
95683,191366,287049,382732,478415
95684,191368,287052,382736,478420
95685,191370,287055,382740,478425
95686,191372,287058,382744,478430
95687,191374,287061,382748,478435
95688,191376,287064,382752,478440
95689,191378,287067,382756,478445
95690,191380,287070,382760,478450
95691,191382,287073,382764,478455
95692,191384,287076,382768,478460
95693,191386,287079,382772,478465
95694,191388,287082,382776,478470
95695,191390,287085,382780,478475
95696,191392,287088,382784,478480
95697,191394,287091,382788,478485
95698,191396,287094,382792,478490
95699,191398,287097,382796,478495
95700,191400,287100,382800,478500
95701,191402,287103,382804,478505
95702,191404,287106,382808,478510
95703,191406,287109,382812,478515
95704,191408,287112,382816,478520
95705,191410,287115,382820,478525
95706,191412,287118,382824,478530
95707,191414,287121,382828,478535
95708,191416,287124,382832,478540
95709,191418,287127,382836,478545
95710,191420,287130,382840,478550
95711,191422,287133,382844,478555
95712,191424,287136,382848,478560
95713,191426,287139,382852,478565
95714,191428,287142,382856,478570
95715,191430,287145,382860,478575
95716,191432,287148,382864,478580
95717,191434,287151,382868,478585
95718,191436,287154,382872,478590
95719,191438,287157,382876,478595
95720,191440,287160,382880,478600
95721,191442,287163,382884,478605
95722,191444,287166,382888,478610
95723,191446,287169,382892,478615
95724,191448,287172,382896,478620
95725,191450,287175,382900,478625
95726,191452,287178,382904,478630
95727,191454,287181,382908,478635
95728,191456,287184,382912,478640
95729,191458,287187,382916,478645
95730,191460,287190,382920,478650
95731,191462,287193,382924,478655
95732,191464,287196,382928,478660
95733,191466,287199,382932,478665
95734,191468,287202,382936,478670
95735,191470,287205,382940,478675
95736,191472,287208,382944,478680
95737,191474,287211,382948,478685
95738,191476,287214,382952,478690
95739,191478,287217,382956,478695
95740,191480,287220,382960,478700
95741,191482,287223,382964,478705
95742,191484,287226,382968,478710
95743,191486,287229,382972,478715
95744,191488,287232,382976,478720
95745,191490,287235,382980,478725
95746,191492,287238,382984,478730
95747,191494,287241,382988,478735
95748,191496,287244,382992,478740
95749,191498,287247,382996,478745
95750,191500,287250,383000,478750
95751,191502,287253,383004,478755
95752,191504,287256,383008,478760
95753,191506,287259,383012,478765
95754,191508,287262,383016,478770
95755,191510,287265,383020,478775
95756,191512,287268,383024,478780
95757,191514,287271,383028,478785
95758,191516,287274,383032,478790
95759,191518,287277,383036,478795
95760,191520,287280,383040,478800
95761,191522,287283,383044,478805
95762,191524,287286,383048,478810
95763,191526,287289,383052,478815
95764,191528,287292,383056,478820
95765,191530,287295,383060,478825
95766,191532,287298,383064,478830
95767,191534,287301,383068,478835
95768,191536,287304,383072,478840
95769,191538,287307,383076,478845
95770,191540,287310,383080,478850
95771,191542,287313,383084,478855
95772,191544,287316,383088,478860
95773,191546,287319,383092,478865
95774,191548,287322,383096,478870
95775,191550,287325,383100,478875
95776,191552,287328,383104,478880
95777,191554,287331,383108,478885
95778,191556,287334,383112,478890
95779,191558,287337,383116,478895
95780,191560,287340,383120,478900
95781,191562,287343,383124,478905
95782,191564,287346,383128,478910
95783,191566,287349,383132,478915
95784,191568,287352,383136,478920
95785,191570,287355,383140,478925
95786,191572,287358,383144,478930
95787,191574,287361,383148,478935
95788,191576,287364,383152,478940
95789,191578,287367,383156,478945
95790,191580,287370,383160,478950
95791,191582,287373,383164,478955
95792,191584,287376,383168,478960
95793,191586,287379,383172,478965
95794,191588,287382,383176,478970
95795,191590,287385,383180,478975
95796,191592,287388,383184,478980
95797,191594,287391,383188,478985
95798,191596,287394,383192,478990
95799,191598,287397,383196,478995
95800,191600,287400,383200,479000
95801,191602,287403,383204,479005
95802,191604,287406,383208,479010
95803,191606,287409,383212,479015
95804,191608,287412,383216,479020
95805,191610,287415,383220,479025
95806,191612,287418,383224,479030
95807,191614,287421,383228,479035
95808,191616,287424,383232,479040
95809,191618,287427,383236,479045
95810,191620,287430,383240,479050
95811,191622,287433,383244,479055
95812,191624,287436,383248,479060
95813,191626,287439,383252,479065
95814,191628,287442,383256,479070
95815,191630,287445,383260,479075
95816,191632,287448,383264,479080
95817,191634,287451,383268,479085
95818,191636,287454,383272,479090
95819,191638,287457,383276,479095
95820,191640,287460,383280,479100
95821,191642,287463,383284,479105
95822,191644,287466,383288,479110
95823,191646,287469,383292,479115
95824,191648,287472,383296,479120
95825,191650,287475,383300,479125
95826,191652,287478,383304,479130
95827,191654,287481,383308,479135
95828,191656,287484,383312,479140
95829,191658,287487,383316,479145
95830,191660,287490,383320,479150
95831,191662,287493,383324,479155
95832,191664,287496,383328,479160
95833,191666,287499,383332,479165
95834,191668,287502,383336,479170
95835,191670,287505,383340,479175
95836,191672,287508,383344,479180
95837,191674,287511,383348,479185
95838,191676,287514,383352,479190
95839,191678,287517,383356,479195
95840,191680,287520,383360,479200
95841,191682,287523,383364,479205
95842,191684,287526,383368,479210
95843,191686,287529,383372,479215
95844,191688,287532,383376,479220
95845,191690,287535,383380,479225
95846,191692,287538,383384,479230
95847,191694,287541,383388,479235
95848,191696,287544,383392,479240
95849,191698,287547,383396,479245
95850,191700,287550,383400,479250
95851,191702,287553,383404,479255
95852,191704,287556,383408,479260
95853,191706,287559,383412,479265
95854,191708,287562,383416,479270
95855,191710,287565,383420,479275
95856,191712,287568,383424,479280
95857,191714,287571,383428,479285
95858,191716,287574,383432,479290
95859,191718,287577,383436,479295
95860,191720,287580,383440,479300
95861,191722,287583,383444,479305
95862,191724,287586,383448,479310
95863,191726,287589,383452,479315
95864,191728,287592,383456,479320
95865,191730,287595,383460,479325
95866,191732,287598,383464,479330
95867,191734,287601,383468,479335
95868,191736,287604,383472,479340
95869,191738,287607,383476,479345
95870,191740,287610,383480,479350
95871,191742,287613,383484,479355
95872,191744,287616,383488,479360
95873,191746,287619,383492,479365
95874,191748,287622,383496,479370
95875,191750,287625,383500,479375
95876,191752,287628,383504,479380
95877,191754,287631,383508,479385
95878,191756,287634,383512,479390
95879,191758,287637,383516,479395
95880,191760,287640,383520,479400
95881,191762,287643,383524,479405
95882,191764,287646,383528,479410
95883,191766,287649,383532,479415
95884,191768,287652,383536,479420
95885,191770,287655,383540,479425
95886,191772,287658,383544,479430
95887,191774,287661,383548,479435
95888,191776,287664,383552,479440
95889,191778,287667,383556,479445
95890,191780,287670,383560,479450
95891,191782,287673,383564,479455
95892,191784,287676,383568,479460
95893,191786,287679,383572,479465
95894,191788,287682,383576,479470
95895,191790,287685,383580,479475
95896,191792,287688,383584,479480
95897,191794,287691,383588,479485
95898,191796,287694,383592,479490
95899,191798,287697,383596,479495
95900,191800,287700,383600,479500
95901,191802,287703,383604,479505
95902,191804,287706,383608,479510
95903,191806,287709,383612,479515
95904,191808,287712,383616,479520
95905,191810,287715,383620,479525
95906,191812,287718,383624,479530
95907,191814,287721,383628,479535
95908,191816,287724,383632,479540
95909,191818,287727,383636,479545
95910,191820,287730,383640,479550
95911,191822,287733,383644,479555
95912,191824,287736,383648,479560
95913,191826,287739,383652,479565
95914,191828,287742,383656,479570
95915,191830,287745,383660,479575
95916,191832,287748,383664,479580
95917,191834,287751,383668,479585
95918,191836,287754,383672,479590
95919,191838,287757,383676,479595
95920,191840,287760,383680,479600
95921,191842,287763,383684,479605
95922,191844,287766,383688,479610
95923,191846,287769,383692,479615
95924,191848,287772,383696,479620
95925,191850,287775,383700,479625
95926,191852,287778,383704,479630
95927,191854,287781,383708,479635
95928,191856,287784,383712,479640
95929,191858,287787,383716,479645
95930,191860,287790,383720,479650
95931,191862,287793,383724,479655
95932,191864,287796,383728,479660
95933,191866,287799,383732,479665
95934,191868,287802,383736,479670
95935,191870,287805,383740,479675
95936,191872,287808,383744,479680
95937,191874,287811,383748,479685
95938,191876,287814,383752,479690
95939,191878,287817,383756,479695
95940,191880,287820,383760,479700
95941,191882,287823,383764,479705
95942,191884,287826,383768,479710
95943,191886,287829,383772,479715
95944,191888,287832,383776,479720
95945,191890,287835,383780,479725
95946,191892,287838,383784,479730
95947,191894,287841,383788,479735
95948,191896,287844,383792,479740
95949,191898,287847,383796,479745
95950,191900,287850,383800,479750
95951,191902,287853,383804,479755
95952,191904,287856,383808,479760
95953,191906,287859,383812,479765
95954,191908,287862,383816,479770
95955,191910,287865,383820,479775
95956,191912,287868,383824,479780
95957,191914,287871,383828,479785
95958,191916,287874,383832,479790
95959,191918,287877,383836,479795
95960,191920,287880,383840,479800
95961,191922,287883,383844,479805
95962,191924,287886,383848,479810
95963,191926,287889,383852,479815
95964,191928,287892,383856,479820
95965,191930,287895,383860,479825
95966,191932,287898,383864,479830
95967,191934,287901,383868,479835
95968,191936,287904,383872,479840
95969,191938,287907,383876,479845
95970,191940,287910,383880,479850
95971,191942,287913,383884,479855
95972,191944,287916,383888,479860
95973,191946,287919,383892,479865
95974,191948,287922,383896,479870
95975,191950,287925,383900,479875
95976,191952,287928,383904,479880
95977,191954,287931,383908,479885
95978,191956,287934,383912,479890
95979,191958,287937,383916,479895
95980,191960,287940,383920,479900
95981,191962,287943,383924,479905
95982,191964,287946,383928,479910
95983,191966,287949,383932,479915
95984,191968,287952,383936,479920
95985,191970,287955,383940,479925
95986,191972,287958,383944,479930
95987,191974,287961,383948,479935
95988,191976,287964,383952,479940
95989,191978,287967,383956,479945
95990,191980,287970,383960,479950
95991,191982,287973,383964,479955
95992,191984,287976,383968,479960
95993,191986,287979,383972,479965
95994,191988,287982,383976,479970
95995,191990,287985,383980,479975
95996,191992,287988,383984,479980
95997,191994,287991,383988,479985
95998,191996,287994,383992,479990
95999,191998,287997,383996,479995
96000,192000,288000,384000,480000
96001,192002,288003,384004,480005
96002,192004,288006,384008,480010
96003,192006,288009,384012,480015
96004,192008,288012,384016,480020
96005,192010,288015,384020,480025
96006,192012,288018,384024,480030
96007,192014,288021,384028,480035
96008,192016,288024,384032,480040
96009,192018,288027,384036,480045
96010,192020,288030,384040,480050
96011,192022,288033,384044,480055
96012,192024,288036,384048,480060
96013,192026,288039,384052,480065
96014,192028,288042,384056,480070
96015,192030,288045,384060,480075
96016,192032,288048,384064,480080
96017,192034,288051,384068,480085
96018,192036,288054,384072,480090
96019,192038,288057,384076,480095
96020,192040,288060,384080,480100
96021,192042,288063,384084,480105
96022,192044,288066,384088,480110
96023,192046,288069,384092,480115
96024,192048,288072,384096,480120
96025,192050,288075,384100,480125
96026,192052,288078,384104,480130
96027,192054,288081,384108,480135
96028,192056,288084,384112,480140
96029,192058,288087,384116,480145
96030,192060,288090,384120,480150
96031,192062,288093,384124,480155
96032,192064,288096,384128,480160
96033,192066,288099,384132,480165
96034,192068,288102,384136,480170
96035,192070,288105,384140,480175
96036,192072,288108,384144,480180
96037,192074,288111,384148,480185
96038,192076,288114,384152,480190
96039,192078,288117,384156,480195
96040,192080,288120,384160,480200
96041,192082,288123,384164,480205
96042,192084,288126,384168,480210
96043,192086,288129,384172,480215
96044,192088,288132,384176,480220
96045,192090,288135,384180,480225
96046,192092,288138,384184,480230
96047,192094,288141,384188,480235
96048,192096,288144,384192,480240
96049,192098,288147,384196,480245
96050,192100,288150,384200,480250
96051,192102,288153,384204,480255
96052,192104,288156,384208,480260
96053,192106,288159,384212,480265
96054,192108,288162,384216,480270
96055,192110,288165,384220,480275
96056,192112,288168,384224,480280
96057,192114,288171,384228,480285
96058,192116,288174,384232,480290
96059,192118,288177,384236,480295
96060,192120,288180,384240,480300
96061,192122,288183,384244,480305
96062,192124,288186,384248,480310
96063,192126,288189,384252,480315
96064,192128,288192,384256,480320
96065,192130,288195,384260,480325
96066,192132,288198,384264,480330
96067,192134,288201,384268,480335
96068,192136,288204,384272,480340
96069,192138,288207,384276,480345
96070,192140,288210,384280,480350
96071,192142,288213,384284,480355
96072,192144,288216,384288,480360
96073,192146,288219,384292,480365
96074,192148,288222,384296,480370
96075,192150,288225,384300,480375
96076,192152,288228,384304,480380
96077,192154,288231,384308,480385
96078,192156,288234,384312,480390
96079,192158,288237,384316,480395
96080,192160,288240,384320,480400
96081,192162,288243,384324,480405
96082,192164,288246,384328,480410
96083,192166,288249,384332,480415
96084,192168,288252,384336,480420
96085,192170,288255,384340,480425
96086,192172,288258,384344,480430
96087,192174,288261,384348,480435
96088,192176,288264,384352,480440
96089,192178,288267,384356,480445
96090,192180,288270,384360,480450
96091,192182,288273,384364,480455
96092,192184,288276,384368,480460
96093,192186,288279,384372,480465
96094,192188,288282,384376,480470
96095,192190,288285,384380,480475
96096,192192,288288,384384,480480
96097,192194,288291,384388,480485
96098,192196,288294,384392,480490
96099,192198,288297,384396,480495
96100,192200,288300,384400,480500
96101,192202,288303,384404,480505
96102,192204,288306,384408,480510
96103,192206,288309,384412,480515
96104,192208,288312,384416,480520
96105,192210,288315,384420,480525
96106,192212,288318,384424,480530
96107,192214,288321,384428,480535
96108,192216,288324,384432,480540
96109,192218,288327,384436,480545
96110,192220,288330,384440,480550
96111,192222,288333,384444,480555
96112,192224,288336,384448,480560
96113,192226,288339,384452,480565
96114,192228,288342,384456,480570
96115,192230,288345,384460,480575
96116,192232,288348,384464,480580
96117,192234,288351,384468,480585
96118,192236,288354,384472,480590
96119,192238,288357,384476,480595
96120,192240,288360,384480,480600
96121,192242,288363,384484,480605
96122,192244,288366,384488,480610
96123,192246,288369,384492,480615
96124,192248,288372,384496,480620
96125,192250,288375,384500,480625
96126,192252,288378,384504,480630
96127,192254,288381,384508,480635
96128,192256,288384,384512,480640
96129,192258,288387,384516,480645
96130,192260,288390,384520,480650
96131,192262,288393,384524,480655
96132,192264,288396,384528,480660
96133,192266,288399,384532,480665
96134,192268,288402,384536,480670
96135,192270,288405,384540,480675
96136,192272,288408,384544,480680
96137,192274,288411,384548,480685
96138,192276,288414,384552,480690
96139,192278,288417,384556,480695
96140,192280,288420,384560,480700
96141,192282,288423,384564,480705
96142,192284,288426,384568,480710
96143,192286,288429,384572,480715
96144,192288,288432,384576,480720
96145,192290,288435,384580,480725
96146,192292,288438,384584,480730
96147,192294,288441,384588,480735
96148,192296,288444,384592,480740
96149,192298,288447,384596,480745
96150,192300,288450,384600,480750
96151,192302,288453,384604,480755
96152,192304,288456,384608,480760
96153,192306,288459,384612,480765
96154,192308,288462,384616,480770
96155,192310,288465,384620,480775
96156,192312,288468,384624,480780
96157,192314,288471,384628,480785
96158,192316,288474,384632,480790
96159,192318,288477,384636,480795
96160,192320,288480,384640,480800
96161,192322,288483,384644,480805
96162,192324,288486,384648,480810
96163,192326,288489,384652,480815
96164,192328,288492,384656,480820
96165,192330,288495,384660,480825
96166,192332,288498,384664,480830
96167,192334,288501,384668,480835
96168,192336,288504,384672,480840
96169,192338,288507,384676,480845
96170,192340,288510,384680,480850
96171,192342,288513,384684,480855
96172,192344,288516,384688,480860
96173,192346,288519,384692,480865
96174,192348,288522,384696,480870
96175,192350,288525,384700,480875
96176,192352,288528,384704,480880
96177,192354,288531,384708,480885
96178,192356,288534,384712,480890
96179,192358,288537,384716,480895
96180,192360,288540,384720,480900
96181,192362,288543,384724,480905
96182,192364,288546,384728,480910
96183,192366,288549,384732,480915
96184,192368,288552,384736,480920
96185,192370,288555,384740,480925
96186,192372,288558,384744,480930
96187,192374,288561,384748,480935
96188,192376,288564,384752,480940
96189,192378,288567,384756,480945
96190,192380,288570,384760,480950
96191,192382,288573,384764,480955
96192,192384,288576,384768,480960
96193,192386,288579,384772,480965
96194,192388,288582,384776,480970
96195,192390,288585,384780,480975
96196,192392,288588,384784,480980
96197,192394,288591,384788,480985
96198,192396,288594,384792,480990
96199,192398,288597,384796,480995
96200,192400,288600,384800,481000
96201,192402,288603,384804,481005
96202,192404,288606,384808,481010
96203,192406,288609,384812,481015
96204,192408,288612,384816,481020
96205,192410,288615,384820,481025
96206,192412,288618,384824,481030
96207,192414,288621,384828,481035
96208,192416,288624,384832,481040
96209,192418,288627,384836,481045
96210,192420,288630,384840,481050
96211,192422,288633,384844,481055
96212,192424,288636,384848,481060
96213,192426,288639,384852,481065
96214,192428,288642,384856,481070
96215,192430,288645,384860,481075
96216,192432,288648,384864,481080
96217,192434,288651,384868,481085
96218,192436,288654,384872,481090
96219,192438,288657,384876,481095
96220,192440,288660,384880,481100
96221,192442,288663,384884,481105
96222,192444,288666,384888,481110
96223,192446,288669,384892,481115
96224,192448,288672,384896,481120
96225,192450,288675,384900,481125
96226,192452,288678,384904,481130
96227,192454,288681,384908,481135
96228,192456,288684,384912,481140
96229,192458,288687,384916,481145
96230,192460,288690,384920,481150
96231,192462,288693,384924,481155
96232,192464,288696,384928,481160
96233,192466,288699,384932,481165
96234,192468,288702,384936,481170
96235,192470,288705,384940,481175
96236,192472,288708,384944,481180
96237,192474,288711,384948,481185
96238,192476,288714,384952,481190
96239,192478,288717,384956,481195
96240,192480,288720,384960,481200
96241,192482,288723,384964,481205
96242,192484,288726,384968,481210
96243,192486,288729,384972,481215
96244,192488,288732,384976,481220
96245,192490,288735,384980,481225
96246,192492,288738,384984,481230
96247,192494,288741,384988,481235
96248,192496,288744,384992,481240
96249,192498,288747,384996,481245
96250,192500,288750,385000,481250
96251,192502,288753,385004,481255
96252,192504,288756,385008,481260
96253,192506,288759,385012,481265
96254,192508,288762,385016,481270
96255,192510,288765,385020,481275
96256,192512,288768,385024,481280
96257,192514,288771,385028,481285
96258,192516,288774,385032,481290
96259,192518,288777,385036,481295
96260,192520,288780,385040,481300
96261,192522,288783,385044,481305
96262,192524,288786,385048,481310
96263,192526,288789,385052,481315
96264,192528,288792,385056,481320
96265,192530,288795,385060,481325
96266,192532,288798,385064,481330
96267,192534,288801,385068,481335
96268,192536,288804,385072,481340
96269,192538,288807,385076,481345
96270,192540,288810,385080,481350
96271,192542,288813,385084,481355
96272,192544,288816,385088,481360
96273,192546,288819,385092,481365
96274,192548,288822,385096,481370
96275,192550,288825,385100,481375
96276,192552,288828,385104,481380
96277,192554,288831,385108,481385
96278,192556,288834,385112,481390
96279,192558,288837,385116,481395
96280,192560,288840,385120,481400
96281,192562,288843,385124,481405
96282,192564,288846,385128,481410
96283,192566,288849,385132,481415
96284,192568,288852,385136,481420
96285,192570,288855,385140,481425
96286,192572,288858,385144,481430
96287,192574,288861,385148,481435
96288,192576,288864,385152,481440
96289,192578,288867,385156,481445
96290,192580,288870,385160,481450
96291,192582,288873,385164,481455
96292,192584,288876,385168,481460
96293,192586,288879,385172,481465
96294,192588,288882,385176,481470
96295,192590,288885,385180,481475
96296,192592,288888,385184,481480
96297,192594,288891,385188,481485
96298,192596,288894,385192,481490
96299,192598,288897,385196,481495
96300,192600,288900,385200,481500
96301,192602,288903,385204,481505
96302,192604,288906,385208,481510
96303,192606,288909,385212,481515
96304,192608,288912,385216,481520
96305,192610,288915,385220,481525
96306,192612,288918,385224,481530
96307,192614,288921,385228,481535
96308,192616,288924,385232,481540
96309,192618,288927,385236,481545
96310,192620,288930,385240,481550
96311,192622,288933,385244,481555
96312,192624,288936,385248,481560
96313,192626,288939,385252,481565
96314,192628,288942,385256,481570
96315,192630,288945,385260,481575
96316,192632,288948,385264,481580
96317,192634,288951,385268,481585
96318,192636,288954,385272,481590
96319,192638,288957,385276,481595
96320,192640,288960,385280,481600
96321,192642,288963,385284,481605
96322,192644,288966,385288,481610
96323,192646,288969,385292,481615
96324,192648,288972,385296,481620
96325,192650,288975,385300,481625
96326,192652,288978,385304,481630
96327,192654,288981,385308,481635
96328,192656,288984,385312,481640
96329,192658,288987,385316,481645
96330,192660,288990,385320,481650
96331,192662,288993,385324,481655
96332,192664,288996,385328,481660
96333,192666,288999,385332,481665
96334,192668,289002,385336,481670
96335,192670,289005,385340,481675
96336,192672,289008,385344,481680
96337,192674,289011,385348,481685
96338,192676,289014,385352,481690
96339,192678,289017,385356,481695
96340,192680,289020,385360,481700
96341,192682,289023,385364,481705
96342,192684,289026,385368,481710
96343,192686,289029,385372,481715
96344,192688,289032,385376,481720
96345,192690,289035,385380,481725
96346,192692,289038,385384,481730
96347,192694,289041,385388,481735
96348,192696,289044,385392,481740
96349,192698,289047,385396,481745
96350,192700,289050,385400,481750
96351,192702,289053,385404,481755
96352,192704,289056,385408,481760
96353,192706,289059,385412,481765
96354,192708,289062,385416,481770
96355,192710,289065,385420,481775
96356,192712,289068,385424,481780
96357,192714,289071,385428,481785
96358,192716,289074,385432,481790
96359,192718,289077,385436,481795
96360,192720,289080,385440,481800
96361,192722,289083,385444,481805
96362,192724,289086,385448,481810
96363,192726,289089,385452,481815
96364,192728,289092,385456,481820
96365,192730,289095,385460,481825
96366,192732,289098,385464,481830
96367,192734,289101,385468,481835
96368,192736,289104,385472,481840
96369,192738,289107,385476,481845
96370,192740,289110,385480,481850
96371,192742,289113,385484,481855
96372,192744,289116,385488,481860
96373,192746,289119,385492,481865
96374,192748,289122,385496,481870
96375,192750,289125,385500,481875
96376,192752,289128,385504,481880
96377,192754,289131,385508,481885
96378,192756,289134,385512,481890
96379,192758,289137,385516,481895
96380,192760,289140,385520,481900
96381,192762,289143,385524,481905
96382,192764,289146,385528,481910
96383,192766,289149,385532,481915
96384,192768,289152,385536,481920
96385,192770,289155,385540,481925
96386,192772,289158,385544,481930
96387,192774,289161,385548,481935
96388,192776,289164,385552,481940
96389,192778,289167,385556,481945
96390,192780,289170,385560,481950
96391,192782,289173,385564,481955
96392,192784,289176,385568,481960
96393,192786,289179,385572,481965
96394,192788,289182,385576,481970
96395,192790,289185,385580,481975
96396,192792,289188,385584,481980
96397,192794,289191,385588,481985
96398,192796,289194,385592,481990
96399,192798,289197,385596,481995
96400,192800,289200,385600,482000
96401,192802,289203,385604,482005
96402,192804,289206,385608,482010
96403,192806,289209,385612,482015
96404,192808,289212,385616,482020
96405,192810,289215,385620,482025
96406,192812,289218,385624,482030
96407,192814,289221,385628,482035
96408,192816,289224,385632,482040
96409,192818,289227,385636,482045
96410,192820,289230,385640,482050
96411,192822,289233,385644,482055
96412,192824,289236,385648,482060
96413,192826,289239,385652,482065
96414,192828,289242,385656,482070
96415,192830,289245,385660,482075
96416,192832,289248,385664,482080
96417,192834,289251,385668,482085
96418,192836,289254,385672,482090
96419,192838,289257,385676,482095
96420,192840,289260,385680,482100
96421,192842,289263,385684,482105
96422,192844,289266,385688,482110
96423,192846,289269,385692,482115
96424,192848,289272,385696,482120
96425,192850,289275,385700,482125
96426,192852,289278,385704,482130
96427,192854,289281,385708,482135
96428,192856,289284,385712,482140
96429,192858,289287,385716,482145
96430,192860,289290,385720,482150
96431,192862,289293,385724,482155
96432,192864,289296,385728,482160
96433,192866,289299,385732,482165
96434,192868,289302,385736,482170
96435,192870,289305,385740,482175
96436,192872,289308,385744,482180
96437,192874,289311,385748,482185
96438,192876,289314,385752,482190
96439,192878,289317,385756,482195
96440,192880,289320,385760,482200
96441,192882,289323,385764,482205
96442,192884,289326,385768,482210
96443,192886,289329,385772,482215
96444,192888,289332,385776,482220
96445,192890,289335,385780,482225
96446,192892,289338,385784,482230
96447,192894,289341,385788,482235
96448,192896,289344,385792,482240
96449,192898,289347,385796,482245
96450,192900,289350,385800,482250
96451,192902,289353,385804,482255
96452,192904,289356,385808,482260
96453,192906,289359,385812,482265
96454,192908,289362,385816,482270
96455,192910,289365,385820,482275
96456,192912,289368,385824,482280
96457,192914,289371,385828,482285
96458,192916,289374,385832,482290
96459,192918,289377,385836,482295
96460,192920,289380,385840,482300
96461,192922,289383,385844,482305
96462,192924,289386,385848,482310
96463,192926,289389,385852,482315
96464,192928,289392,385856,482320
96465,192930,289395,385860,482325
96466,192932,289398,385864,482330
96467,192934,289401,385868,482335
96468,192936,289404,385872,482340
96469,192938,289407,385876,482345
96470,192940,289410,385880,482350
96471,192942,289413,385884,482355
96472,192944,289416,385888,482360
96473,192946,289419,385892,482365
96474,192948,289422,385896,482370
96475,192950,289425,385900,482375
96476,192952,289428,385904,482380
96477,192954,289431,385908,482385
96478,192956,289434,385912,482390
96479,192958,289437,385916,482395
96480,192960,289440,385920,482400
96481,192962,289443,385924,482405
96482,192964,289446,385928,482410
96483,192966,289449,385932,482415
96484,192968,289452,385936,482420
96485,192970,289455,385940,482425
96486,192972,289458,385944,482430
96487,192974,289461,385948,482435
96488,192976,289464,385952,482440
96489,192978,289467,385956,482445
96490,192980,289470,385960,482450
96491,192982,289473,385964,482455
96492,192984,289476,385968,482460
96493,192986,289479,385972,482465
96494,192988,289482,385976,482470
96495,192990,289485,385980,482475
96496,192992,289488,385984,482480
96497,192994,289491,385988,482485
96498,192996,289494,385992,482490
96499,192998,289497,385996,482495
96500,193000,289500,386000,482500
96501,193002,289503,386004,482505
96502,193004,289506,386008,482510
96503,193006,289509,386012,482515
96504,193008,289512,386016,482520
96505,193010,289515,386020,482525
96506,193012,289518,386024,482530
96507,193014,289521,386028,482535
96508,193016,289524,386032,482540
96509,193018,289527,386036,482545
96510,193020,289530,386040,482550
96511,193022,289533,386044,482555
96512,193024,289536,386048,482560
96513,193026,289539,386052,482565
96514,193028,289542,386056,482570
96515,193030,289545,386060,482575
96516,193032,289548,386064,482580
96517,193034,289551,386068,482585
96518,193036,289554,386072,482590
96519,193038,289557,386076,482595
96520,193040,289560,386080,482600
96521,193042,289563,386084,482605
96522,193044,289566,386088,482610
96523,193046,289569,386092,482615
96524,193048,289572,386096,482620
96525,193050,289575,386100,482625
96526,193052,289578,386104,482630
96527,193054,289581,386108,482635
96528,193056,289584,386112,482640
96529,193058,289587,386116,482645
96530,193060,289590,386120,482650
96531,193062,289593,386124,482655
96532,193064,289596,386128,482660
96533,193066,289599,386132,482665
96534,193068,289602,386136,482670
96535,193070,289605,386140,482675
96536,193072,289608,386144,482680
96537,193074,289611,386148,482685
96538,193076,289614,386152,482690
96539,193078,289617,386156,482695
96540,193080,289620,386160,482700
96541,193082,289623,386164,482705
96542,193084,289626,386168,482710
96543,193086,289629,386172,482715
96544,193088,289632,386176,482720
96545,193090,289635,386180,482725
96546,193092,289638,386184,482730
96547,193094,289641,386188,482735
96548,193096,289644,386192,482740
96549,193098,289647,386196,482745
96550,193100,289650,386200,482750
96551,193102,289653,386204,482755
96552,193104,289656,386208,482760
96553,193106,289659,386212,482765
96554,193108,289662,386216,482770
96555,193110,289665,386220,482775
96556,193112,289668,386224,482780
96557,193114,289671,386228,482785
96558,193116,289674,386232,482790
96559,193118,289677,386236,482795
96560,193120,289680,386240,482800
96561,193122,289683,386244,482805
96562,193124,289686,386248,482810
96563,193126,289689,386252,482815
96564,193128,289692,386256,482820
96565,193130,289695,386260,482825
96566,193132,289698,386264,482830
96567,193134,289701,386268,482835
96568,193136,289704,386272,482840
96569,193138,289707,386276,482845
96570,193140,289710,386280,482850
96571,193142,289713,386284,482855
96572,193144,289716,386288,482860
96573,193146,289719,386292,482865
96574,193148,289722,386296,482870
96575,193150,289725,386300,482875
96576,193152,289728,386304,482880
96577,193154,289731,386308,482885
96578,193156,289734,386312,482890
96579,193158,289737,386316,482895
96580,193160,289740,386320,482900
96581,193162,289743,386324,482905
96582,193164,289746,386328,482910
96583,193166,289749,386332,482915
96584,193168,289752,386336,482920
96585,193170,289755,386340,482925
96586,193172,289758,386344,482930
96587,193174,289761,386348,482935
96588,193176,289764,386352,482940
96589,193178,289767,386356,482945
96590,193180,289770,386360,482950
96591,193182,289773,386364,482955
96592,193184,289776,386368,482960
96593,193186,289779,386372,482965
96594,193188,289782,386376,482970
96595,193190,289785,386380,482975
96596,193192,289788,386384,482980
96597,193194,289791,386388,482985
96598,193196,289794,386392,482990
96599,193198,289797,386396,482995
96600,193200,289800,386400,483000
96601,193202,289803,386404,483005
96602,193204,289806,386408,483010
96603,193206,289809,386412,483015
96604,193208,289812,386416,483020
96605,193210,289815,386420,483025
96606,193212,289818,386424,483030
96607,193214,289821,386428,483035
96608,193216,289824,386432,483040
96609,193218,289827,386436,483045
96610,193220,289830,386440,483050
96611,193222,289833,386444,483055
96612,193224,289836,386448,483060
96613,193226,289839,386452,483065
96614,193228,289842,386456,483070
96615,193230,289845,386460,483075
96616,193232,289848,386464,483080
96617,193234,289851,386468,483085
96618,193236,289854,386472,483090
96619,193238,289857,386476,483095
96620,193240,289860,386480,483100
96621,193242,289863,386484,483105
96622,193244,289866,386488,483110
96623,193246,289869,386492,483115
96624,193248,289872,386496,483120
96625,193250,289875,386500,483125
96626,193252,289878,386504,483130
96627,193254,289881,386508,483135
96628,193256,289884,386512,483140
96629,193258,289887,386516,483145
96630,193260,289890,386520,483150
96631,193262,289893,386524,483155
96632,193264,289896,386528,483160
96633,193266,289899,386532,483165
96634,193268,289902,386536,483170
96635,193270,289905,386540,483175
96636,193272,289908,386544,483180
96637,193274,289911,386548,483185
96638,193276,289914,386552,483190
96639,193278,289917,386556,483195
96640,193280,289920,386560,483200
96641,193282,289923,386564,483205
96642,193284,289926,386568,483210
96643,193286,289929,386572,483215
96644,193288,289932,386576,483220
96645,193290,289935,386580,483225
96646,193292,289938,386584,483230
96647,193294,289941,386588,483235
96648,193296,289944,386592,483240
96649,193298,289947,386596,483245
96650,193300,289950,386600,483250
96651,193302,289953,386604,483255
96652,193304,289956,386608,483260
96653,193306,289959,386612,483265
96654,193308,289962,386616,483270
96655,193310,289965,386620,483275
96656,193312,289968,386624,483280
96657,193314,289971,386628,483285
96658,193316,289974,386632,483290
96659,193318,289977,386636,483295
96660,193320,289980,386640,483300
96661,193322,289983,386644,483305
96662,193324,289986,386648,483310
96663,193326,289989,386652,483315
96664,193328,289992,386656,483320
96665,193330,289995,386660,483325
96666,193332,289998,386664,483330
96667,193334,290001,386668,483335
96668,193336,290004,386672,483340
96669,193338,290007,386676,483345
96670,193340,290010,386680,483350
96671,193342,290013,386684,483355
96672,193344,290016,386688,483360
96673,193346,290019,386692,483365
96674,193348,290022,386696,483370
96675,193350,290025,386700,483375
96676,193352,290028,386704,483380
96677,193354,290031,386708,483385
96678,193356,290034,386712,483390
96679,193358,290037,386716,483395
96680,193360,290040,386720,483400
96681,193362,290043,386724,483405
96682,193364,290046,386728,483410
96683,193366,290049,386732,483415
96684,193368,290052,386736,483420
96685,193370,290055,386740,483425
96686,193372,290058,386744,483430
96687,193374,290061,386748,483435
96688,193376,290064,386752,483440
96689,193378,290067,386756,483445
96690,193380,290070,386760,483450
96691,193382,290073,386764,483455
96692,193384,290076,386768,483460
96693,193386,290079,386772,483465
96694,193388,290082,386776,483470
96695,193390,290085,386780,483475
96696,193392,290088,386784,483480
96697,193394,290091,386788,483485
96698,193396,290094,386792,483490
96699,193398,290097,386796,483495
96700,193400,290100,386800,483500
96701,193402,290103,386804,483505
96702,193404,290106,386808,483510
96703,193406,290109,386812,483515
96704,193408,290112,386816,483520
96705,193410,290115,386820,483525
96706,193412,290118,386824,483530
96707,193414,290121,386828,483535
96708,193416,290124,386832,483540
96709,193418,290127,386836,483545
96710,193420,290130,386840,483550
96711,193422,290133,386844,483555
96712,193424,290136,386848,483560
96713,193426,290139,386852,483565
96714,193428,290142,386856,483570
96715,193430,290145,386860,483575
96716,193432,290148,386864,483580
96717,193434,290151,386868,483585
96718,193436,290154,386872,483590
96719,193438,290157,386876,483595
96720,193440,290160,386880,483600
96721,193442,290163,386884,483605
96722,193444,290166,386888,483610
96723,193446,290169,386892,483615
96724,193448,290172,386896,483620
96725,193450,290175,386900,483625
96726,193452,290178,386904,483630
96727,193454,290181,386908,483635
96728,193456,290184,386912,483640
96729,193458,290187,386916,483645
96730,193460,290190,386920,483650
96731,193462,290193,386924,483655
96732,193464,290196,386928,483660
96733,193466,290199,386932,483665
96734,193468,290202,386936,483670
96735,193470,290205,386940,483675
96736,193472,290208,386944,483680
96737,193474,290211,386948,483685
96738,193476,290214,386952,483690
96739,193478,290217,386956,483695
96740,193480,290220,386960,483700
96741,193482,290223,386964,483705
96742,193484,290226,386968,483710
96743,193486,290229,386972,483715
96744,193488,290232,386976,483720
96745,193490,290235,386980,483725
96746,193492,290238,386984,483730
96747,193494,290241,386988,483735
96748,193496,290244,386992,483740
96749,193498,290247,386996,483745
96750,193500,290250,387000,483750
96751,193502,290253,387004,483755
96752,193504,290256,387008,483760
96753,193506,290259,387012,483765
96754,193508,290262,387016,483770
96755,193510,290265,387020,483775
96756,193512,290268,387024,483780
96757,193514,290271,387028,483785
96758,193516,290274,387032,483790
96759,193518,290277,387036,483795
96760,193520,290280,387040,483800
96761,193522,290283,387044,483805
96762,193524,290286,387048,483810
96763,193526,290289,387052,483815
96764,193528,290292,387056,483820
96765,193530,290295,387060,483825
96766,193532,290298,387064,483830
96767,193534,290301,387068,483835
96768,193536,290304,387072,483840
96769,193538,290307,387076,483845
96770,193540,290310,387080,483850
96771,193542,290313,387084,483855
96772,193544,290316,387088,483860
96773,193546,290319,387092,483865
96774,193548,290322,387096,483870
96775,193550,290325,387100,483875
96776,193552,290328,387104,483880
96777,193554,290331,387108,483885
96778,193556,290334,387112,483890
96779,193558,290337,387116,483895
96780,193560,290340,387120,483900
96781,193562,290343,387124,483905
96782,193564,290346,387128,483910
96783,193566,290349,387132,483915
96784,193568,290352,387136,483920
96785,193570,290355,387140,483925
96786,193572,290358,387144,483930
96787,193574,290361,387148,483935
96788,193576,290364,387152,483940
96789,193578,290367,387156,483945
96790,193580,290370,387160,483950
96791,193582,290373,387164,483955
96792,193584,290376,387168,483960
96793,193586,290379,387172,483965
96794,193588,290382,387176,483970
96795,193590,290385,387180,483975
96796,193592,290388,387184,483980
96797,193594,290391,387188,483985
96798,193596,290394,387192,483990
96799,193598,290397,387196,483995
96800,193600,290400,387200,484000
96801,193602,290403,387204,484005
96802,193604,290406,387208,484010
96803,193606,290409,387212,484015
96804,193608,290412,387216,484020
96805,193610,290415,387220,484025
96806,193612,290418,387224,484030
96807,193614,290421,387228,484035
96808,193616,290424,387232,484040
96809,193618,290427,387236,484045
96810,193620,290430,387240,484050
96811,193622,290433,387244,484055
96812,193624,290436,387248,484060
96813,193626,290439,387252,484065
96814,193628,290442,387256,484070
96815,193630,290445,387260,484075
96816,193632,290448,387264,484080
96817,193634,290451,387268,484085
96818,193636,290454,387272,484090
96819,193638,290457,387276,484095
96820,193640,290460,387280,484100
96821,193642,290463,387284,484105
96822,193644,290466,387288,484110
96823,193646,290469,387292,484115
96824,193648,290472,387296,484120
96825,193650,290475,387300,484125
96826,193652,290478,387304,484130
96827,193654,290481,387308,484135
96828,193656,290484,387312,484140
96829,193658,290487,387316,484145
96830,193660,290490,387320,484150
96831,193662,290493,387324,484155
96832,193664,290496,387328,484160
96833,193666,290499,387332,484165
96834,193668,290502,387336,484170
96835,193670,290505,387340,484175
96836,193672,290508,387344,484180
96837,193674,290511,387348,484185
96838,193676,290514,387352,484190
96839,193678,290517,387356,484195
96840,193680,290520,387360,484200
96841,193682,290523,387364,484205
96842,193684,290526,387368,484210
96843,193686,290529,387372,484215
96844,193688,290532,387376,484220
96845,193690,290535,387380,484225
96846,193692,290538,387384,484230
96847,193694,290541,387388,484235
96848,193696,290544,387392,484240
96849,193698,290547,387396,484245
96850,193700,290550,387400,484250
96851,193702,290553,387404,484255
96852,193704,290556,387408,484260
96853,193706,290559,387412,484265
96854,193708,290562,387416,484270
96855,193710,290565,387420,484275
96856,193712,290568,387424,484280
96857,193714,290571,387428,484285
96858,193716,290574,387432,484290
96859,193718,290577,387436,484295
96860,193720,290580,387440,484300
96861,193722,290583,387444,484305
96862,193724,290586,387448,484310
96863,193726,290589,387452,484315
96864,193728,290592,387456,484320
96865,193730,290595,387460,484325
96866,193732,290598,387464,484330
96867,193734,290601,387468,484335
96868,193736,290604,387472,484340
96869,193738,290607,387476,484345
96870,193740,290610,387480,484350
96871,193742,290613,387484,484355
96872,193744,290616,387488,484360
96873,193746,290619,387492,484365
96874,193748,290622,387496,484370
96875,193750,290625,387500,484375
96876,193752,290628,387504,484380
96877,193754,290631,387508,484385
96878,193756,290634,387512,484390
96879,193758,290637,387516,484395
96880,193760,290640,387520,484400
96881,193762,290643,387524,484405
96882,193764,290646,387528,484410
96883,193766,290649,387532,484415
96884,193768,290652,387536,484420
96885,193770,290655,387540,484425
96886,193772,290658,387544,484430
96887,193774,290661,387548,484435
96888,193776,290664,387552,484440
96889,193778,290667,387556,484445
96890,193780,290670,387560,484450
96891,193782,290673,387564,484455
96892,193784,290676,387568,484460
96893,193786,290679,387572,484465
96894,193788,290682,387576,484470
96895,193790,290685,387580,484475
96896,193792,290688,387584,484480
96897,193794,290691,387588,484485
96898,193796,290694,387592,484490
96899,193798,290697,387596,484495
96900,193800,290700,387600,484500
96901,193802,290703,387604,484505
96902,193804,290706,387608,484510
96903,193806,290709,387612,484515
96904,193808,290712,387616,484520
96905,193810,290715,387620,484525
96906,193812,290718,387624,484530
96907,193814,290721,387628,484535
96908,193816,290724,387632,484540
96909,193818,290727,387636,484545
96910,193820,290730,387640,484550
96911,193822,290733,387644,484555
96912,193824,290736,387648,484560
96913,193826,290739,387652,484565
96914,193828,290742,387656,484570
96915,193830,290745,387660,484575
96916,193832,290748,387664,484580
96917,193834,290751,387668,484585
96918,193836,290754,387672,484590
96919,193838,290757,387676,484595
96920,193840,290760,387680,484600
96921,193842,290763,387684,484605
96922,193844,290766,387688,484610
96923,193846,290769,387692,484615
96924,193848,290772,387696,484620
96925,193850,290775,387700,484625
96926,193852,290778,387704,484630
96927,193854,290781,387708,484635
96928,193856,290784,387712,484640
96929,193858,290787,387716,484645
96930,193860,290790,387720,484650
96931,193862,290793,387724,484655
96932,193864,290796,387728,484660
96933,193866,290799,387732,484665
96934,193868,290802,387736,484670
96935,193870,290805,387740,484675
96936,193872,290808,387744,484680
96937,193874,290811,387748,484685
96938,193876,290814,387752,484690
96939,193878,290817,387756,484695
96940,193880,290820,387760,484700
96941,193882,290823,387764,484705
96942,193884,290826,387768,484710
96943,193886,290829,387772,484715
96944,193888,290832,387776,484720
96945,193890,290835,387780,484725
96946,193892,290838,387784,484730
96947,193894,290841,387788,484735
96948,193896,290844,387792,484740
96949,193898,290847,387796,484745
96950,193900,290850,387800,484750
96951,193902,290853,387804,484755
96952,193904,290856,387808,484760
96953,193906,290859,387812,484765
96954,193908,290862,387816,484770
96955,193910,290865,387820,484775
96956,193912,290868,387824,484780
96957,193914,290871,387828,484785
96958,193916,290874,387832,484790
96959,193918,290877,387836,484795
96960,193920,290880,387840,484800
96961,193922,290883,387844,484805
96962,193924,290886,387848,484810
96963,193926,290889,387852,484815
96964,193928,290892,387856,484820
96965,193930,290895,387860,484825
96966,193932,290898,387864,484830
96967,193934,290901,387868,484835
96968,193936,290904,387872,484840
96969,193938,290907,387876,484845
96970,193940,290910,387880,484850
96971,193942,290913,387884,484855
96972,193944,290916,387888,484860
96973,193946,290919,387892,484865
96974,193948,290922,387896,484870
96975,193950,290925,387900,484875
96976,193952,290928,387904,484880
96977,193954,290931,387908,484885
96978,193956,290934,387912,484890
96979,193958,290937,387916,484895
96980,193960,290940,387920,484900
96981,193962,290943,387924,484905
96982,193964,290946,387928,484910
96983,193966,290949,387932,484915
96984,193968,290952,387936,484920
96985,193970,290955,387940,484925
96986,193972,290958,387944,484930
96987,193974,290961,387948,484935
96988,193976,290964,387952,484940
96989,193978,290967,387956,484945
96990,193980,290970,387960,484950
96991,193982,290973,387964,484955
96992,193984,290976,387968,484960
96993,193986,290979,387972,484965
96994,193988,290982,387976,484970
96995,193990,290985,387980,484975
96996,193992,290988,387984,484980
96997,193994,290991,387988,484985
96998,193996,290994,387992,484990
96999,193998,290997,387996,484995
97000,194000,291000,388000,485000
97001,194002,291003,388004,485005
97002,194004,291006,388008,485010
97003,194006,291009,388012,485015
97004,194008,291012,388016,485020
97005,194010,291015,388020,485025
97006,194012,291018,388024,485030
97007,194014,291021,388028,485035
97008,194016,291024,388032,485040
97009,194018,291027,388036,485045
97010,194020,291030,388040,485050
97011,194022,291033,388044,485055
97012,194024,291036,388048,485060
97013,194026,291039,388052,485065
97014,194028,291042,388056,485070
97015,194030,291045,388060,485075
97016,194032,291048,388064,485080
97017,194034,291051,388068,485085
97018,194036,291054,388072,485090
97019,194038,291057,388076,485095
97020,194040,291060,388080,485100
97021,194042,291063,388084,485105
97022,194044,291066,388088,485110
97023,194046,291069,388092,485115
97024,194048,291072,388096,485120
97025,194050,291075,388100,485125
97026,194052,291078,388104,485130
97027,194054,291081,388108,485135
97028,194056,291084,388112,485140
97029,194058,291087,388116,485145
97030,194060,291090,388120,485150
97031,194062,291093,388124,485155
97032,194064,291096,388128,485160
97033,194066,291099,388132,485165
97034,194068,291102,388136,485170
97035,194070,291105,388140,485175
97036,194072,291108,388144,485180
97037,194074,291111,388148,485185
97038,194076,291114,388152,485190
97039,194078,291117,388156,485195
97040,194080,291120,388160,485200
97041,194082,291123,388164,485205
97042,194084,291126,388168,485210
97043,194086,291129,388172,485215
97044,194088,291132,388176,485220
97045,194090,291135,388180,485225
97046,194092,291138,388184,485230
97047,194094,291141,388188,485235
97048,194096,291144,388192,485240
97049,194098,291147,388196,485245
97050,194100,291150,388200,485250
97051,194102,291153,388204,485255
97052,194104,291156,388208,485260
97053,194106,291159,388212,485265
97054,194108,291162,388216,485270
97055,194110,291165,388220,485275
97056,194112,291168,388224,485280
97057,194114,291171,388228,485285
97058,194116,291174,388232,485290
97059,194118,291177,388236,485295
97060,194120,291180,388240,485300
97061,194122,291183,388244,485305
97062,194124,291186,388248,485310
97063,194126,291189,388252,485315
97064,194128,291192,388256,485320
97065,194130,291195,388260,485325
97066,194132,291198,388264,485330
97067,194134,291201,388268,485335
97068,194136,291204,388272,485340
97069,194138,291207,388276,485345
97070,194140,291210,388280,485350
97071,194142,291213,388284,485355
97072,194144,291216,388288,485360
97073,194146,291219,388292,485365
97074,194148,291222,388296,485370
97075,194150,291225,388300,485375
97076,194152,291228,388304,485380
97077,194154,291231,388308,485385
97078,194156,291234,388312,485390
97079,194158,291237,388316,485395
97080,194160,291240,388320,485400
97081,194162,291243,388324,485405
97082,194164,291246,388328,485410
97083,194166,291249,388332,485415
97084,194168,291252,388336,485420
97085,194170,291255,388340,485425
97086,194172,291258,388344,485430
97087,194174,291261,388348,485435
97088,194176,291264,388352,485440
97089,194178,291267,388356,485445
97090,194180,291270,388360,485450
97091,194182,291273,388364,485455
97092,194184,291276,388368,485460
97093,194186,291279,388372,485465
97094,194188,291282,388376,485470
97095,194190,291285,388380,485475
97096,194192,291288,388384,485480
97097,194194,291291,388388,485485
97098,194196,291294,388392,485490
97099,194198,291297,388396,485495
97100,194200,291300,388400,485500
97101,194202,291303,388404,485505
97102,194204,291306,388408,485510
97103,194206,291309,388412,485515
97104,194208,291312,388416,485520
97105,194210,291315,388420,485525
97106,194212,291318,388424,485530
97107,194214,291321,388428,485535
97108,194216,291324,388432,485540
97109,194218,291327,388436,485545
97110,194220,291330,388440,485550
97111,194222,291333,388444,485555
97112,194224,291336,388448,485560
97113,194226,291339,388452,485565
97114,194228,291342,388456,485570
97115,194230,291345,388460,485575
97116,194232,291348,388464,485580
97117,194234,291351,388468,485585
97118,194236,291354,388472,485590
97119,194238,291357,388476,485595
97120,194240,291360,388480,485600
97121,194242,291363,388484,485605
97122,194244,291366,388488,485610
97123,194246,291369,388492,485615
97124,194248,291372,388496,485620
97125,194250,291375,388500,485625
97126,194252,291378,388504,485630
97127,194254,291381,388508,485635
97128,194256,291384,388512,485640
97129,194258,291387,388516,485645
97130,194260,291390,388520,485650
97131,194262,291393,388524,485655
97132,194264,291396,388528,485660
97133,194266,291399,388532,485665
97134,194268,291402,388536,485670
97135,194270,291405,388540,485675
97136,194272,291408,388544,485680
97137,194274,291411,388548,485685
97138,194276,291414,388552,485690
97139,194278,291417,388556,485695
97140,194280,291420,388560,485700
97141,194282,291423,388564,485705
97142,194284,291426,388568,485710
97143,194286,291429,388572,485715
97144,194288,291432,388576,485720
97145,194290,291435,388580,485725
97146,194292,291438,388584,485730
97147,194294,291441,388588,485735
97148,194296,291444,388592,485740
97149,194298,291447,388596,485745
97150,194300,291450,388600,485750
97151,194302,291453,388604,485755
97152,194304,291456,388608,485760
97153,194306,291459,388612,485765
97154,194308,291462,388616,485770
97155,194310,291465,388620,485775
97156,194312,291468,388624,485780
97157,194314,291471,388628,485785
97158,194316,291474,388632,485790
97159,194318,291477,388636,485795
97160,194320,291480,388640,485800
97161,194322,291483,388644,485805
97162,194324,291486,388648,485810
97163,194326,291489,388652,485815
97164,194328,291492,388656,485820
97165,194330,291495,388660,485825
97166,194332,291498,388664,485830
97167,194334,291501,388668,485835
97168,194336,291504,388672,485840
97169,194338,291507,388676,485845
97170,194340,291510,388680,485850
97171,194342,291513,388684,485855
97172,194344,291516,388688,485860
97173,194346,291519,388692,485865
97174,194348,291522,388696,485870
97175,194350,291525,388700,485875
97176,194352,291528,388704,485880
97177,194354,291531,388708,485885
97178,194356,291534,388712,485890
97179,194358,291537,388716,485895
97180,194360,291540,388720,485900
97181,194362,291543,388724,485905
97182,194364,291546,388728,485910
97183,194366,291549,388732,485915
97184,194368,291552,388736,485920
97185,194370,291555,388740,485925
97186,194372,291558,388744,485930
97187,194374,291561,388748,485935
97188,194376,291564,388752,485940
97189,194378,291567,388756,485945
97190,194380,291570,388760,485950
97191,194382,291573,388764,485955
97192,194384,291576,388768,485960
97193,194386,291579,388772,485965
97194,194388,291582,388776,485970
97195,194390,291585,388780,485975
97196,194392,291588,388784,485980
97197,194394,291591,388788,485985
97198,194396,291594,388792,485990
97199,194398,291597,388796,485995
97200,194400,291600,388800,486000
97201,194402,291603,388804,486005
97202,194404,291606,388808,486010
97203,194406,291609,388812,486015
97204,194408,291612,388816,486020
97205,194410,291615,388820,486025
97206,194412,291618,388824,486030
97207,194414,291621,388828,486035
97208,194416,291624,388832,486040
97209,194418,291627,388836,486045
97210,194420,291630,388840,486050
97211,194422,291633,388844,486055
97212,194424,291636,388848,486060
97213,194426,291639,388852,486065
97214,194428,291642,388856,486070
97215,194430,291645,388860,486075
97216,194432,291648,388864,486080
97217,194434,291651,388868,486085
97218,194436,291654,388872,486090
97219,194438,291657,388876,486095
97220,194440,291660,388880,486100
97221,194442,291663,388884,486105
97222,194444,291666,388888,486110
97223,194446,291669,388892,486115
97224,194448,291672,388896,486120
97225,194450,291675,388900,486125
97226,194452,291678,388904,486130
97227,194454,291681,388908,486135
97228,194456,291684,388912,486140
97229,194458,291687,388916,486145
97230,194460,291690,388920,486150
97231,194462,291693,388924,486155
97232,194464,291696,388928,486160
97233,194466,291699,388932,486165
97234,194468,291702,388936,486170
97235,194470,291705,388940,486175
97236,194472,291708,388944,486180
97237,194474,291711,388948,486185
97238,194476,291714,388952,486190
97239,194478,291717,388956,486195
97240,194480,291720,388960,486200
97241,194482,291723,388964,486205
97242,194484,291726,388968,486210
97243,194486,291729,388972,486215
97244,194488,291732,388976,486220
97245,194490,291735,388980,486225
97246,194492,291738,388984,486230
97247,194494,291741,388988,486235
97248,194496,291744,388992,486240
97249,194498,291747,388996,486245
97250,194500,291750,389000,486250
97251,194502,291753,389004,486255
97252,194504,291756,389008,486260
97253,194506,291759,389012,486265
97254,194508,291762,389016,486270
97255,194510,291765,389020,486275
97256,194512,291768,389024,486280
97257,194514,291771,389028,486285
97258,194516,291774,389032,486290
97259,194518,291777,389036,486295
97260,194520,291780,389040,486300
97261,194522,291783,389044,486305
97262,194524,291786,389048,486310
97263,194526,291789,389052,486315
97264,194528,291792,389056,486320
97265,194530,291795,389060,486325
97266,194532,291798,389064,486330
97267,194534,291801,389068,486335
97268,194536,291804,389072,486340
97269,194538,291807,389076,486345
97270,194540,291810,389080,486350
97271,194542,291813,389084,486355
97272,194544,291816,389088,486360
97273,194546,291819,389092,486365
97274,194548,291822,389096,486370
97275,194550,291825,389100,486375
97276,194552,291828,389104,486380
97277,194554,291831,389108,486385
97278,194556,291834,389112,486390
97279,194558,291837,389116,486395
97280,194560,291840,389120,486400
97281,194562,291843,389124,486405
97282,194564,291846,389128,486410
97283,194566,291849,389132,486415
97284,194568,291852,389136,486420
97285,194570,291855,389140,486425
97286,194572,291858,389144,486430
97287,194574,291861,389148,486435
97288,194576,291864,389152,486440
97289,194578,291867,389156,486445
97290,194580,291870,389160,486450
97291,194582,291873,389164,486455
97292,194584,291876,389168,486460
97293,194586,291879,389172,486465
97294,194588,291882,389176,486470
97295,194590,291885,389180,486475
97296,194592,291888,389184,486480
97297,194594,291891,389188,486485
97298,194596,291894,389192,486490
97299,194598,291897,389196,486495
97300,194600,291900,389200,486500
97301,194602,291903,389204,486505
97302,194604,291906,389208,486510
97303,194606,291909,389212,486515
97304,194608,291912,389216,486520
97305,194610,291915,389220,486525
97306,194612,291918,389224,486530
97307,194614,291921,389228,486535
97308,194616,291924,389232,486540
97309,194618,291927,389236,486545
97310,194620,291930,389240,486550
97311,194622,291933,389244,486555
97312,194624,291936,389248,486560
97313,194626,291939,389252,486565
97314,194628,291942,389256,486570
97315,194630,291945,389260,486575
97316,194632,291948,389264,486580
97317,194634,291951,389268,486585
97318,194636,291954,389272,486590
97319,194638,291957,389276,486595
97320,194640,291960,389280,486600
97321,194642,291963,389284,486605
97322,194644,291966,389288,486610
97323,194646,291969,389292,486615
97324,194648,291972,389296,486620
97325,194650,291975,389300,486625
97326,194652,291978,389304,486630
97327,194654,291981,389308,486635
97328,194656,291984,389312,486640
97329,194658,291987,389316,486645
97330,194660,291990,389320,486650
97331,194662,291993,389324,486655
97332,194664,291996,389328,486660
97333,194666,291999,389332,486665
97334,194668,292002,389336,486670
97335,194670,292005,389340,486675
97336,194672,292008,389344,486680
97337,194674,292011,389348,486685
97338,194676,292014,389352,486690
97339,194678,292017,389356,486695
97340,194680,292020,389360,486700
97341,194682,292023,389364,486705
97342,194684,292026,389368,486710
97343,194686,292029,389372,486715
97344,194688,292032,389376,486720
97345,194690,292035,389380,486725
97346,194692,292038,389384,486730
97347,194694,292041,389388,486735
97348,194696,292044,389392,486740
97349,194698,292047,389396,486745
97350,194700,292050,389400,486750
97351,194702,292053,389404,486755
97352,194704,292056,389408,486760
97353,194706,292059,389412,486765
97354,194708,292062,389416,486770
97355,194710,292065,389420,486775
97356,194712,292068,389424,486780
97357,194714,292071,389428,486785
97358,194716,292074,389432,486790
97359,194718,292077,389436,486795
97360,194720,292080,389440,486800
97361,194722,292083,389444,486805
97362,194724,292086,389448,486810
97363,194726,292089,389452,486815
97364,194728,292092,389456,486820
97365,194730,292095,389460,486825
97366,194732,292098,389464,486830
97367,194734,292101,389468,486835
97368,194736,292104,389472,486840
97369,194738,292107,389476,486845
97370,194740,292110,389480,486850
97371,194742,292113,389484,486855
97372,194744,292116,389488,486860
97373,194746,292119,389492,486865
97374,194748,292122,389496,486870
97375,194750,292125,389500,486875
97376,194752,292128,389504,486880
97377,194754,292131,389508,486885
97378,194756,292134,389512,486890
97379,194758,292137,389516,486895
97380,194760,292140,389520,486900
97381,194762,292143,389524,486905
97382,194764,292146,389528,486910
97383,194766,292149,389532,486915
97384,194768,292152,389536,486920
97385,194770,292155,389540,486925
97386,194772,292158,389544,486930
97387,194774,292161,389548,486935
97388,194776,292164,389552,486940
97389,194778,292167,389556,486945
97390,194780,292170,389560,486950
97391,194782,292173,389564,486955
97392,194784,292176,389568,486960
97393,194786,292179,389572,486965
97394,194788,292182,389576,486970
97395,194790,292185,389580,486975
97396,194792,292188,389584,486980
97397,194794,292191,389588,486985
97398,194796,292194,389592,486990
97399,194798,292197,389596,486995
97400,194800,292200,389600,487000
97401,194802,292203,389604,487005
97402,194804,292206,389608,487010
97403,194806,292209,389612,487015
97404,194808,292212,389616,487020
97405,194810,292215,389620,487025
97406,194812,292218,389624,487030
97407,194814,292221,389628,487035
97408,194816,292224,389632,487040
97409,194818,292227,389636,487045
97410,194820,292230,389640,487050
97411,194822,292233,389644,487055
97412,194824,292236,389648,487060
97413,194826,292239,389652,487065
97414,194828,292242,389656,487070
97415,194830,292245,389660,487075
97416,194832,292248,389664,487080
97417,194834,292251,389668,487085
97418,194836,292254,389672,487090
97419,194838,292257,389676,487095
97420,194840,292260,389680,487100
97421,194842,292263,389684,487105
97422,194844,292266,389688,487110
97423,194846,292269,389692,487115
97424,194848,292272,389696,487120
97425,194850,292275,389700,487125
97426,194852,292278,389704,487130
97427,194854,292281,389708,487135
97428,194856,292284,389712,487140
97429,194858,292287,389716,487145
97430,194860,292290,389720,487150
97431,194862,292293,389724,487155
97432,194864,292296,389728,487160
97433,194866,292299,389732,487165
97434,194868,292302,389736,487170
97435,194870,292305,389740,487175
97436,194872,292308,389744,487180
97437,194874,292311,389748,487185
97438,194876,292314,389752,487190
97439,194878,292317,389756,487195
97440,194880,292320,389760,487200
97441,194882,292323,389764,487205
97442,194884,292326,389768,487210
97443,194886,292329,389772,487215
97444,194888,292332,389776,487220
97445,194890,292335,389780,487225
97446,194892,292338,389784,487230
97447,194894,292341,389788,487235
97448,194896,292344,389792,487240
97449,194898,292347,389796,487245
97450,194900,292350,389800,487250
97451,194902,292353,389804,487255
97452,194904,292356,389808,487260
97453,194906,292359,389812,487265
97454,194908,292362,389816,487270
97455,194910,292365,389820,487275
97456,194912,292368,389824,487280
97457,194914,292371,389828,487285
97458,194916,292374,389832,487290
97459,194918,292377,389836,487295
97460,194920,292380,389840,487300
97461,194922,292383,389844,487305
97462,194924,292386,389848,487310
97463,194926,292389,389852,487315
97464,194928,292392,389856,487320
97465,194930,292395,389860,487325
97466,194932,292398,389864,487330
97467,194934,292401,389868,487335
97468,194936,292404,389872,487340
97469,194938,292407,389876,487345
97470,194940,292410,389880,487350
97471,194942,292413,389884,487355
97472,194944,292416,389888,487360
97473,194946,292419,389892,487365
97474,194948,292422,389896,487370
97475,194950,292425,389900,487375
97476,194952,292428,389904,487380
97477,194954,292431,389908,487385
97478,194956,292434,389912,487390
97479,194958,292437,389916,487395
97480,194960,292440,389920,487400
97481,194962,292443,389924,487405
97482,194964,292446,389928,487410
97483,194966,292449,389932,487415
97484,194968,292452,389936,487420
97485,194970,292455,389940,487425
97486,194972,292458,389944,487430
97487,194974,292461,389948,487435
97488,194976,292464,389952,487440
97489,194978,292467,389956,487445
97490,194980,292470,389960,487450
97491,194982,292473,389964,487455
97492,194984,292476,389968,487460
97493,194986,292479,389972,487465
97494,194988,292482,389976,487470
97495,194990,292485,389980,487475
97496,194992,292488,389984,487480
97497,194994,292491,389988,487485
97498,194996,292494,389992,487490
97499,194998,292497,389996,487495
97500,195000,292500,390000,487500
97501,195002,292503,390004,487505
97502,195004,292506,390008,487510
97503,195006,292509,390012,487515
97504,195008,292512,390016,487520
97505,195010,292515,390020,487525
97506,195012,292518,390024,487530
97507,195014,292521,390028,487535
97508,195016,292524,390032,487540
97509,195018,292527,390036,487545
97510,195020,292530,390040,487550
97511,195022,292533,390044,487555
97512,195024,292536,390048,487560
97513,195026,292539,390052,487565
97514,195028,292542,390056,487570
97515,195030,292545,390060,487575
97516,195032,292548,390064,487580
97517,195034,292551,390068,487585
97518,195036,292554,390072,487590
97519,195038,292557,390076,487595
97520,195040,292560,390080,487600
97521,195042,292563,390084,487605
97522,195044,292566,390088,487610
97523,195046,292569,390092,487615
97524,195048,292572,390096,487620
97525,195050,292575,390100,487625
97526,195052,292578,390104,487630
97527,195054,292581,390108,487635
97528,195056,292584,390112,487640
97529,195058,292587,390116,487645
97530,195060,292590,390120,487650
97531,195062,292593,390124,487655
97532,195064,292596,390128,487660
97533,195066,292599,390132,487665
97534,195068,292602,390136,487670
97535,195070,292605,390140,487675
97536,195072,292608,390144,487680
97537,195074,292611,390148,487685
97538,195076,292614,390152,487690
97539,195078,292617,390156,487695
97540,195080,292620,390160,487700
97541,195082,292623,390164,487705
97542,195084,292626,390168,487710
97543,195086,292629,390172,487715
97544,195088,292632,390176,487720
97545,195090,292635,390180,487725
97546,195092,292638,390184,487730
97547,195094,292641,390188,487735
97548,195096,292644,390192,487740
97549,195098,292647,390196,487745
97550,195100,292650,390200,487750
97551,195102,292653,390204,487755
97552,195104,292656,390208,487760
97553,195106,292659,390212,487765
97554,195108,292662,390216,487770
97555,195110,292665,390220,487775
97556,195112,292668,390224,487780
97557,195114,292671,390228,487785
97558,195116,292674,390232,487790
97559,195118,292677,390236,487795
97560,195120,292680,390240,487800
97561,195122,292683,390244,487805
97562,195124,292686,390248,487810
97563,195126,292689,390252,487815
97564,195128,292692,390256,487820
97565,195130,292695,390260,487825
97566,195132,292698,390264,487830
97567,195134,292701,390268,487835
97568,195136,292704,390272,487840
97569,195138,292707,390276,487845
97570,195140,292710,390280,487850
97571,195142,292713,390284,487855
97572,195144,292716,390288,487860
97573,195146,292719,390292,487865
97574,195148,292722,390296,487870
97575,195150,292725,390300,487875
97576,195152,292728,390304,487880
97577,195154,292731,390308,487885
97578,195156,292734,390312,487890
97579,195158,292737,390316,487895
97580,195160,292740,390320,487900
97581,195162,292743,390324,487905
97582,195164,292746,390328,487910
97583,195166,292749,390332,487915
97584,195168,292752,390336,487920
97585,195170,292755,390340,487925
97586,195172,292758,390344,487930
97587,195174,292761,390348,487935
97588,195176,292764,390352,487940
97589,195178,292767,390356,487945
97590,195180,292770,390360,487950
97591,195182,292773,390364,487955
97592,195184,292776,390368,487960
97593,195186,292779,390372,487965
97594,195188,292782,390376,487970
97595,195190,292785,390380,487975
97596,195192,292788,390384,487980
97597,195194,292791,390388,487985
97598,195196,292794,390392,487990
97599,195198,292797,390396,487995
97600,195200,292800,390400,488000
97601,195202,292803,390404,488005
97602,195204,292806,390408,488010
97603,195206,292809,390412,488015
97604,195208,292812,390416,488020
97605,195210,292815,390420,488025
97606,195212,292818,390424,488030
97607,195214,292821,390428,488035
97608,195216,292824,390432,488040
97609,195218,292827,390436,488045
97610,195220,292830,390440,488050
97611,195222,292833,390444,488055
97612,195224,292836,390448,488060
97613,195226,292839,390452,488065
97614,195228,292842,390456,488070
97615,195230,292845,390460,488075
97616,195232,292848,390464,488080
97617,195234,292851,390468,488085
97618,195236,292854,390472,488090
97619,195238,292857,390476,488095
97620,195240,292860,390480,488100
97621,195242,292863,390484,488105
97622,195244,292866,390488,488110
97623,195246,292869,390492,488115
97624,195248,292872,390496,488120
97625,195250,292875,390500,488125
97626,195252,292878,390504,488130
97627,195254,292881,390508,488135
97628,195256,292884,390512,488140
97629,195258,292887,390516,488145
97630,195260,292890,390520,488150
97631,195262,292893,390524,488155
97632,195264,292896,390528,488160
97633,195266,292899,390532,488165
97634,195268,292902,390536,488170
97635,195270,292905,390540,488175
97636,195272,292908,390544,488180
97637,195274,292911,390548,488185
97638,195276,292914,390552,488190
97639,195278,292917,390556,488195
97640,195280,292920,390560,488200
97641,195282,292923,390564,488205
97642,195284,292926,390568,488210
97643,195286,292929,390572,488215
97644,195288,292932,390576,488220
97645,195290,292935,390580,488225
97646,195292,292938,390584,488230
97647,195294,292941,390588,488235
97648,195296,292944,390592,488240
97649,195298,292947,390596,488245
97650,195300,292950,390600,488250
97651,195302,292953,390604,488255
97652,195304,292956,390608,488260
97653,195306,292959,390612,488265
97654,195308,292962,390616,488270
97655,195310,292965,390620,488275
97656,195312,292968,390624,488280
97657,195314,292971,390628,488285
97658,195316,292974,390632,488290
97659,195318,292977,390636,488295
97660,195320,292980,390640,488300
97661,195322,292983,390644,488305
97662,195324,292986,390648,488310
97663,195326,292989,390652,488315
97664,195328,292992,390656,488320
97665,195330,292995,390660,488325
97666,195332,292998,390664,488330
97667,195334,293001,390668,488335
97668,195336,293004,390672,488340
97669,195338,293007,390676,488345
97670,195340,293010,390680,488350
97671,195342,293013,390684,488355
97672,195344,293016,390688,488360
97673,195346,293019,390692,488365
97674,195348,293022,390696,488370
97675,195350,293025,390700,488375
97676,195352,293028,390704,488380
97677,195354,293031,390708,488385
97678,195356,293034,390712,488390
97679,195358,293037,390716,488395
97680,195360,293040,390720,488400
97681,195362,293043,390724,488405
97682,195364,293046,390728,488410
97683,195366,293049,390732,488415
97684,195368,293052,390736,488420
97685,195370,293055,390740,488425
97686,195372,293058,390744,488430
97687,195374,293061,390748,488435
97688,195376,293064,390752,488440
97689,195378,293067,390756,488445
97690,195380,293070,390760,488450
97691,195382,293073,390764,488455
97692,195384,293076,390768,488460
97693,195386,293079,390772,488465
97694,195388,293082,390776,488470
97695,195390,293085,390780,488475
97696,195392,293088,390784,488480
97697,195394,293091,390788,488485
97698,195396,293094,390792,488490
97699,195398,293097,390796,488495
97700,195400,293100,390800,488500
97701,195402,293103,390804,488505
97702,195404,293106,390808,488510
97703,195406,293109,390812,488515
97704,195408,293112,390816,488520
97705,195410,293115,390820,488525
97706,195412,293118,390824,488530
97707,195414,293121,390828,488535
97708,195416,293124,390832,488540
97709,195418,293127,390836,488545
97710,195420,293130,390840,488550
97711,195422,293133,390844,488555
97712,195424,293136,390848,488560
97713,195426,293139,390852,488565
97714,195428,293142,390856,488570
97715,195430,293145,390860,488575
97716,195432,293148,390864,488580
97717,195434,293151,390868,488585
97718,195436,293154,390872,488590
97719,195438,293157,390876,488595
97720,195440,293160,390880,488600
97721,195442,293163,390884,488605
97722,195444,293166,390888,488610
97723,195446,293169,390892,488615
97724,195448,293172,390896,488620
97725,195450,293175,390900,488625
97726,195452,293178,390904,488630
97727,195454,293181,390908,488635
97728,195456,293184,390912,488640
97729,195458,293187,390916,488645
97730,195460,293190,390920,488650
97731,195462,293193,390924,488655
97732,195464,293196,390928,488660
97733,195466,293199,390932,488665
97734,195468,293202,390936,488670
97735,195470,293205,390940,488675
97736,195472,293208,390944,488680
97737,195474,293211,390948,488685
97738,195476,293214,390952,488690
97739,195478,293217,390956,488695
97740,195480,293220,390960,488700
97741,195482,293223,390964,488705
97742,195484,293226,390968,488710
97743,195486,293229,390972,488715
97744,195488,293232,390976,488720
97745,195490,293235,390980,488725
97746,195492,293238,390984,488730
97747,195494,293241,390988,488735
97748,195496,293244,390992,488740
97749,195498,293247,390996,488745
97750,195500,293250,391000,488750
97751,195502,293253,391004,488755
97752,195504,293256,391008,488760
97753,195506,293259,391012,488765
97754,195508,293262,391016,488770
97755,195510,293265,391020,488775
97756,195512,293268,391024,488780
97757,195514,293271,391028,488785
97758,195516,293274,391032,488790
97759,195518,293277,391036,488795
97760,195520,293280,391040,488800
97761,195522,293283,391044,488805
97762,195524,293286,391048,488810
97763,195526,293289,391052,488815
97764,195528,293292,391056,488820
97765,195530,293295,391060,488825
97766,195532,293298,391064,488830
97767,195534,293301,391068,488835
97768,195536,293304,391072,488840
97769,195538,293307,391076,488845
97770,195540,293310,391080,488850
97771,195542,293313,391084,488855
97772,195544,293316,391088,488860
97773,195546,293319,391092,488865
97774,195548,293322,391096,488870
97775,195550,293325,391100,488875
97776,195552,293328,391104,488880
97777,195554,293331,391108,488885
97778,195556,293334,391112,488890
97779,195558,293337,391116,488895
97780,195560,293340,391120,488900
97781,195562,293343,391124,488905
97782,195564,293346,391128,488910
97783,195566,293349,391132,488915
97784,195568,293352,391136,488920
97785,195570,293355,391140,488925
97786,195572,293358,391144,488930
97787,195574,293361,391148,488935
97788,195576,293364,391152,488940
97789,195578,293367,391156,488945
97790,195580,293370,391160,488950
97791,195582,293373,391164,488955
97792,195584,293376,391168,488960
97793,195586,293379,391172,488965
97794,195588,293382,391176,488970
97795,195590,293385,391180,488975
97796,195592,293388,391184,488980
97797,195594,293391,391188,488985
97798,195596,293394,391192,488990
97799,195598,293397,391196,488995
97800,195600,293400,391200,489000
97801,195602,293403,391204,489005
97802,195604,293406,391208,489010
97803,195606,293409,391212,489015
97804,195608,293412,391216,489020
97805,195610,293415,391220,489025
97806,195612,293418,391224,489030
97807,195614,293421,391228,489035
97808,195616,293424,391232,489040
97809,195618,293427,391236,489045
97810,195620,293430,391240,489050
97811,195622,293433,391244,489055
97812,195624,293436,391248,489060
97813,195626,293439,391252,489065
97814,195628,293442,391256,489070
97815,195630,293445,391260,489075
97816,195632,293448,391264,489080
97817,195634,293451,391268,489085
97818,195636,293454,391272,489090
97819,195638,293457,391276,489095
97820,195640,293460,391280,489100
97821,195642,293463,391284,489105
97822,195644,293466,391288,489110
97823,195646,293469,391292,489115
97824,195648,293472,391296,489120
97825,195650,293475,391300,489125
97826,195652,293478,391304,489130
97827,195654,293481,391308,489135
97828,195656,293484,391312,489140
97829,195658,293487,391316,489145
97830,195660,293490,391320,489150
97831,195662,293493,391324,489155
97832,195664,293496,391328,489160
97833,195666,293499,391332,489165
97834,195668,293502,391336,489170
97835,195670,293505,391340,489175
97836,195672,293508,391344,489180
97837,195674,293511,391348,489185
97838,195676,293514,391352,489190
97839,195678,293517,391356,489195
97840,195680,293520,391360,489200
97841,195682,293523,391364,489205
97842,195684,293526,391368,489210
97843,195686,293529,391372,489215
97844,195688,293532,391376,489220
97845,195690,293535,391380,489225
97846,195692,293538,391384,489230
97847,195694,293541,391388,489235
97848,195696,293544,391392,489240
97849,195698,293547,391396,489245
97850,195700,293550,391400,489250
97851,195702,293553,391404,489255
97852,195704,293556,391408,489260
97853,195706,293559,391412,489265
97854,195708,293562,391416,489270
97855,195710,293565,391420,489275
97856,195712,293568,391424,489280
97857,195714,293571,391428,489285
97858,195716,293574,391432,489290
97859,195718,293577,391436,489295
97860,195720,293580,391440,489300
97861,195722,293583,391444,489305
97862,195724,293586,391448,489310
97863,195726,293589,391452,489315
97864,195728,293592,391456,489320
97865,195730,293595,391460,489325
97866,195732,293598,391464,489330
97867,195734,293601,391468,489335
97868,195736,293604,391472,489340
97869,195738,293607,391476,489345
97870,195740,293610,391480,489350
97871,195742,293613,391484,489355
97872,195744,293616,391488,489360
97873,195746,293619,391492,489365
97874,195748,293622,391496,489370
97875,195750,293625,391500,489375
97876,195752,293628,391504,489380
97877,195754,293631,391508,489385
97878,195756,293634,391512,489390
97879,195758,293637,391516,489395
97880,195760,293640,391520,489400
97881,195762,293643,391524,489405
97882,195764,293646,391528,489410
97883,195766,293649,391532,489415
97884,195768,293652,391536,489420
97885,195770,293655,391540,489425
97886,195772,293658,391544,489430
97887,195774,293661,391548,489435
97888,195776,293664,391552,489440
97889,195778,293667,391556,489445
97890,195780,293670,391560,489450
97891,195782,293673,391564,489455
97892,195784,293676,391568,489460
97893,195786,293679,391572,489465
97894,195788,293682,391576,489470
97895,195790,293685,391580,489475
97896,195792,293688,391584,489480
97897,195794,293691,391588,489485
97898,195796,293694,391592,489490
97899,195798,293697,391596,489495
97900,195800,293700,391600,489500
97901,195802,293703,391604,489505
97902,195804,293706,391608,489510
97903,195806,293709,391612,489515
97904,195808,293712,391616,489520
97905,195810,293715,391620,489525
97906,195812,293718,391624,489530
97907,195814,293721,391628,489535
97908,195816,293724,391632,489540
97909,195818,293727,391636,489545
97910,195820,293730,391640,489550
97911,195822,293733,391644,489555
97912,195824,293736,391648,489560
97913,195826,293739,391652,489565
97914,195828,293742,391656,489570
97915,195830,293745,391660,489575
97916,195832,293748,391664,489580
97917,195834,293751,391668,489585
97918,195836,293754,391672,489590
97919,195838,293757,391676,489595
97920,195840,293760,391680,489600
97921,195842,293763,391684,489605
97922,195844,293766,391688,489610
97923,195846,293769,391692,489615
97924,195848,293772,391696,489620
97925,195850,293775,391700,489625
97926,195852,293778,391704,489630
97927,195854,293781,391708,489635
97928,195856,293784,391712,489640
97929,195858,293787,391716,489645
97930,195860,293790,391720,489650
97931,195862,293793,391724,489655
97932,195864,293796,391728,489660
97933,195866,293799,391732,489665
97934,195868,293802,391736,489670
97935,195870,293805,391740,489675
97936,195872,293808,391744,489680
97937,195874,293811,391748,489685
97938,195876,293814,391752,489690
97939,195878,293817,391756,489695
97940,195880,293820,391760,489700
97941,195882,293823,391764,489705
97942,195884,293826,391768,489710
97943,195886,293829,391772,489715
97944,195888,293832,391776,489720
97945,195890,293835,391780,489725
97946,195892,293838,391784,489730
97947,195894,293841,391788,489735
97948,195896,293844,391792,489740
97949,195898,293847,391796,489745
97950,195900,293850,391800,489750
97951,195902,293853,391804,489755
97952,195904,293856,391808,489760
97953,195906,293859,391812,489765
97954,195908,293862,391816,489770
97955,195910,293865,391820,489775
97956,195912,293868,391824,489780
97957,195914,293871,391828,489785
97958,195916,293874,391832,489790
97959,195918,293877,391836,489795
97960,195920,293880,391840,489800
97961,195922,293883,391844,489805
97962,195924,293886,391848,489810
97963,195926,293889,391852,489815
97964,195928,293892,391856,489820
97965,195930,293895,391860,489825
97966,195932,293898,391864,489830
97967,195934,293901,391868,489835
97968,195936,293904,391872,489840
97969,195938,293907,391876,489845
97970,195940,293910,391880,489850
97971,195942,293913,391884,489855
97972,195944,293916,391888,489860
97973,195946,293919,391892,489865
97974,195948,293922,391896,489870
97975,195950,293925,391900,489875
97976,195952,293928,391904,489880
97977,195954,293931,391908,489885
97978,195956,293934,391912,489890
97979,195958,293937,391916,489895
97980,195960,293940,391920,489900
97981,195962,293943,391924,489905
97982,195964,293946,391928,489910
97983,195966,293949,391932,489915
97984,195968,293952,391936,489920
97985,195970,293955,391940,489925
97986,195972,293958,391944,489930
97987,195974,293961,391948,489935
97988,195976,293964,391952,489940
97989,195978,293967,391956,489945
97990,195980,293970,391960,489950
97991,195982,293973,391964,489955
97992,195984,293976,391968,489960
97993,195986,293979,391972,489965
97994,195988,293982,391976,489970
97995,195990,293985,391980,489975
97996,195992,293988,391984,489980
97997,195994,293991,391988,489985
97998,195996,293994,391992,489990
97999,195998,293997,391996,489995
98000,196000,294000,392000,490000
98001,196002,294003,392004,490005
98002,196004,294006,392008,490010
98003,196006,294009,392012,490015
98004,196008,294012,392016,490020
98005,196010,294015,392020,490025
98006,196012,294018,392024,490030
98007,196014,294021,392028,490035
98008,196016,294024,392032,490040
98009,196018,294027,392036,490045
98010,196020,294030,392040,490050
98011,196022,294033,392044,490055
98012,196024,294036,392048,490060
98013,196026,294039,392052,490065
98014,196028,294042,392056,490070
98015,196030,294045,392060,490075
98016,196032,294048,392064,490080
98017,196034,294051,392068,490085
98018,196036,294054,392072,490090
98019,196038,294057,392076,490095
98020,196040,294060,392080,490100
98021,196042,294063,392084,490105
98022,196044,294066,392088,490110
98023,196046,294069,392092,490115
98024,196048,294072,392096,490120
98025,196050,294075,392100,490125
98026,196052,294078,392104,490130
98027,196054,294081,392108,490135
98028,196056,294084,392112,490140
98029,196058,294087,392116,490145
98030,196060,294090,392120,490150
98031,196062,294093,392124,490155
98032,196064,294096,392128,490160
98033,196066,294099,392132,490165
98034,196068,294102,392136,490170
98035,196070,294105,392140,490175
98036,196072,294108,392144,490180
98037,196074,294111,392148,490185
98038,196076,294114,392152,490190
98039,196078,294117,392156,490195
98040,196080,294120,392160,490200
98041,196082,294123,392164,490205
98042,196084,294126,392168,490210
98043,196086,294129,392172,490215
98044,196088,294132,392176,490220
98045,196090,294135,392180,490225
98046,196092,294138,392184,490230
98047,196094,294141,392188,490235
98048,196096,294144,392192,490240
98049,196098,294147,392196,490245
98050,196100,294150,392200,490250
98051,196102,294153,392204,490255
98052,196104,294156,392208,490260
98053,196106,294159,392212,490265
98054,196108,294162,392216,490270
98055,196110,294165,392220,490275
98056,196112,294168,392224,490280
98057,196114,294171,392228,490285
98058,196116,294174,392232,490290
98059,196118,294177,392236,490295
98060,196120,294180,392240,490300
98061,196122,294183,392244,490305
98062,196124,294186,392248,490310
98063,196126,294189,392252,490315
98064,196128,294192,392256,490320
98065,196130,294195,392260,490325
98066,196132,294198,392264,490330
98067,196134,294201,392268,490335
98068,196136,294204,392272,490340
98069,196138,294207,392276,490345
98070,196140,294210,392280,490350
98071,196142,294213,392284,490355
98072,196144,294216,392288,490360
98073,196146,294219,392292,490365
98074,196148,294222,392296,490370
98075,196150,294225,392300,490375
98076,196152,294228,392304,490380
98077,196154,294231,392308,490385
98078,196156,294234,392312,490390
98079,196158,294237,392316,490395
98080,196160,294240,392320,490400
98081,196162,294243,392324,490405
98082,196164,294246,392328,490410
98083,196166,294249,392332,490415
98084,196168,294252,392336,490420
98085,196170,294255,392340,490425
98086,196172,294258,392344,490430
98087,196174,294261,392348,490435
98088,196176,294264,392352,490440
98089,196178,294267,392356,490445
98090,196180,294270,392360,490450
98091,196182,294273,392364,490455
98092,196184,294276,392368,490460
98093,196186,294279,392372,490465
98094,196188,294282,392376,490470
98095,196190,294285,392380,490475
98096,196192,294288,392384,490480
98097,196194,294291,392388,490485
98098,196196,294294,392392,490490
98099,196198,294297,392396,490495
98100,196200,294300,392400,490500
98101,196202,294303,392404,490505
98102,196204,294306,392408,490510
98103,196206,294309,392412,490515
98104,196208,294312,392416,490520
98105,196210,294315,392420,490525
98106,196212,294318,392424,490530
98107,196214,294321,392428,490535
98108,196216,294324,392432,490540
98109,196218,294327,392436,490545
98110,196220,294330,392440,490550
98111,196222,294333,392444,490555
98112,196224,294336,392448,490560
98113,196226,294339,392452,490565
98114,196228,294342,392456,490570
98115,196230,294345,392460,490575
98116,196232,294348,392464,490580
98117,196234,294351,392468,490585
98118,196236,294354,392472,490590
98119,196238,294357,392476,490595
98120,196240,294360,392480,490600
98121,196242,294363,392484,490605
98122,196244,294366,392488,490610
98123,196246,294369,392492,490615
98124,196248,294372,392496,490620
98125,196250,294375,392500,490625
98126,196252,294378,392504,490630
98127,196254,294381,392508,490635
98128,196256,294384,392512,490640
98129,196258,294387,392516,490645
98130,196260,294390,392520,490650
98131,196262,294393,392524,490655
98132,196264,294396,392528,490660
98133,196266,294399,392532,490665
98134,196268,294402,392536,490670
98135,196270,294405,392540,490675
98136,196272,294408,392544,490680
98137,196274,294411,392548,490685
98138,196276,294414,392552,490690
98139,196278,294417,392556,490695
98140,196280,294420,392560,490700
98141,196282,294423,392564,490705
98142,196284,294426,392568,490710
98143,196286,294429,392572,490715
98144,196288,294432,392576,490720
98145,196290,294435,392580,490725
98146,196292,294438,392584,490730
98147,196294,294441,392588,490735
98148,196296,294444,392592,490740
98149,196298,294447,392596,490745
98150,196300,294450,392600,490750
98151,196302,294453,392604,490755
98152,196304,294456,392608,490760
98153,196306,294459,392612,490765
98154,196308,294462,392616,490770
98155,196310,294465,392620,490775
98156,196312,294468,392624,490780
98157,196314,294471,392628,490785
98158,196316,294474,392632,490790
98159,196318,294477,392636,490795
98160,196320,294480,392640,490800
98161,196322,294483,392644,490805
98162,196324,294486,392648,490810
98163,196326,294489,392652,490815
98164,196328,294492,392656,490820
98165,196330,294495,392660,490825
98166,196332,294498,392664,490830
98167,196334,294501,392668,490835
98168,196336,294504,392672,490840
98169,196338,294507,392676,490845
98170,196340,294510,392680,490850
98171,196342,294513,392684,490855
98172,196344,294516,392688,490860
98173,196346,294519,392692,490865
98174,196348,294522,392696,490870
98175,196350,294525,392700,490875
98176,196352,294528,392704,490880
98177,196354,294531,392708,490885
98178,196356,294534,392712,490890
98179,196358,294537,392716,490895
98180,196360,294540,392720,490900
98181,196362,294543,392724,490905
98182,196364,294546,392728,490910
98183,196366,294549,392732,490915
98184,196368,294552,392736,490920
98185,196370,294555,392740,490925
98186,196372,294558,392744,490930
98187,196374,294561,392748,490935
98188,196376,294564,392752,490940
98189,196378,294567,392756,490945
98190,196380,294570,392760,490950
98191,196382,294573,392764,490955
98192,196384,294576,392768,490960
98193,196386,294579,392772,490965
98194,196388,294582,392776,490970
98195,196390,294585,392780,490975
98196,196392,294588,392784,490980
98197,196394,294591,392788,490985
98198,196396,294594,392792,490990
98199,196398,294597,392796,490995
98200,196400,294600,392800,491000
98201,196402,294603,392804,491005
98202,196404,294606,392808,491010
98203,196406,294609,392812,491015
98204,196408,294612,392816,491020
98205,196410,294615,392820,491025
98206,196412,294618,392824,491030
98207,196414,294621,392828,491035
98208,196416,294624,392832,491040
98209,196418,294627,392836,491045
98210,196420,294630,392840,491050
98211,196422,294633,392844,491055
98212,196424,294636,392848,491060
98213,196426,294639,392852,491065
98214,196428,294642,392856,491070
98215,196430,294645,392860,491075
98216,196432,294648,392864,491080
98217,196434,294651,392868,491085
98218,196436,294654,392872,491090
98219,196438,294657,392876,491095
98220,196440,294660,392880,491100
98221,196442,294663,392884,491105
98222,196444,294666,392888,491110
98223,196446,294669,392892,491115
98224,196448,294672,392896,491120
98225,196450,294675,392900,491125
98226,196452,294678,392904,491130
98227,196454,294681,392908,491135
98228,196456,294684,392912,491140
98229,196458,294687,392916,491145
98230,196460,294690,392920,491150
98231,196462,294693,392924,491155
98232,196464,294696,392928,491160
98233,196466,294699,392932,491165
98234,196468,294702,392936,491170
98235,196470,294705,392940,491175
98236,196472,294708,392944,491180
98237,196474,294711,392948,491185
98238,196476,294714,392952,491190
98239,196478,294717,392956,491195
98240,196480,294720,392960,491200
98241,196482,294723,392964,491205
98242,196484,294726,392968,491210
98243,196486,294729,392972,491215
98244,196488,294732,392976,491220
98245,196490,294735,392980,491225
98246,196492,294738,392984,491230
98247,196494,294741,392988,491235
98248,196496,294744,392992,491240
98249,196498,294747,392996,491245
98250,196500,294750,393000,491250
98251,196502,294753,393004,491255
98252,196504,294756,393008,491260
98253,196506,294759,393012,491265
98254,196508,294762,393016,491270
98255,196510,294765,393020,491275
98256,196512,294768,393024,491280
98257,196514,294771,393028,491285
98258,196516,294774,393032,491290
98259,196518,294777,393036,491295
98260,196520,294780,393040,491300
98261,196522,294783,393044,491305
98262,196524,294786,393048,491310
98263,196526,294789,393052,491315
98264,196528,294792,393056,491320
98265,196530,294795,393060,491325
98266,196532,294798,393064,491330
98267,196534,294801,393068,491335
98268,196536,294804,393072,491340
98269,196538,294807,393076,491345
98270,196540,294810,393080,491350
98271,196542,294813,393084,491355
98272,196544,294816,393088,491360
98273,196546,294819,393092,491365
98274,196548,294822,393096,491370
98275,196550,294825,393100,491375
98276,196552,294828,393104,491380
98277,196554,294831,393108,491385
98278,196556,294834,393112,491390
98279,196558,294837,393116,491395
98280,196560,294840,393120,491400
98281,196562,294843,393124,491405
98282,196564,294846,393128,491410
98283,196566,294849,393132,491415
98284,196568,294852,393136,491420
98285,196570,294855,393140,491425
98286,196572,294858,393144,491430
98287,196574,294861,393148,491435
98288,196576,294864,393152,491440
98289,196578,294867,393156,491445
98290,196580,294870,393160,491450
98291,196582,294873,393164,491455
98292,196584,294876,393168,491460
98293,196586,294879,393172,491465
98294,196588,294882,393176,491470
98295,196590,294885,393180,491475
98296,196592,294888,393184,491480
98297,196594,294891,393188,491485
98298,196596,294894,393192,491490
98299,196598,294897,393196,491495
98300,196600,294900,393200,491500
98301,196602,294903,393204,491505
98302,196604,294906,393208,491510
98303,196606,294909,393212,491515
98304,196608,294912,393216,491520
98305,196610,294915,393220,491525
98306,196612,294918,393224,491530
98307,196614,294921,393228,491535
98308,196616,294924,393232,491540
98309,196618,294927,393236,491545
98310,196620,294930,393240,491550
98311,196622,294933,393244,491555
98312,196624,294936,393248,491560
98313,196626,294939,393252,491565
98314,196628,294942,393256,491570
98315,196630,294945,393260,491575
98316,196632,294948,393264,491580
98317,196634,294951,393268,491585
98318,196636,294954,393272,491590
98319,196638,294957,393276,491595
98320,196640,294960,393280,491600
98321,196642,294963,393284,491605
98322,196644,294966,393288,491610
98323,196646,294969,393292,491615
98324,196648,294972,393296,491620
98325,196650,294975,393300,491625
98326,196652,294978,393304,491630
98327,196654,294981,393308,491635
98328,196656,294984,393312,491640
98329,196658,294987,393316,491645
98330,196660,294990,393320,491650
98331,196662,294993,393324,491655
98332,196664,294996,393328,491660
98333,196666,294999,393332,491665
98334,196668,295002,393336,491670
98335,196670,295005,393340,491675
98336,196672,295008,393344,491680
98337,196674,295011,393348,491685
98338,196676,295014,393352,491690
98339,196678,295017,393356,491695
98340,196680,295020,393360,491700
98341,196682,295023,393364,491705
98342,196684,295026,393368,491710
98343,196686,295029,393372,491715
98344,196688,295032,393376,491720
98345,196690,295035,393380,491725
98346,196692,295038,393384,491730
98347,196694,295041,393388,491735
98348,196696,295044,393392,491740
98349,196698,295047,393396,491745
98350,196700,295050,393400,491750
98351,196702,295053,393404,491755
98352,196704,295056,393408,491760
98353,196706,295059,393412,491765
98354,196708,295062,393416,491770
98355,196710,295065,393420,491775
98356,196712,295068,393424,491780
98357,196714,295071,393428,491785
98358,196716,295074,393432,491790
98359,196718,295077,393436,491795
98360,196720,295080,393440,491800
98361,196722,295083,393444,491805
98362,196724,295086,393448,491810
98363,196726,295089,393452,491815
98364,196728,295092,393456,491820
98365,196730,295095,393460,491825
98366,196732,295098,393464,491830
98367,196734,295101,393468,491835
98368,196736,295104,393472,491840
98369,196738,295107,393476,491845
98370,196740,295110,393480,491850
98371,196742,295113,393484,491855
98372,196744,295116,393488,491860
98373,196746,295119,393492,491865
98374,196748,295122,393496,491870
98375,196750,295125,393500,491875
98376,196752,295128,393504,491880
98377,196754,295131,393508,491885
98378,196756,295134,393512,491890
98379,196758,295137,393516,491895
98380,196760,295140,393520,491900
98381,196762,295143,393524,491905
98382,196764,295146,393528,491910
98383,196766,295149,393532,491915
98384,196768,295152,393536,491920
98385,196770,295155,393540,491925
98386,196772,295158,393544,491930
98387,196774,295161,393548,491935
98388,196776,295164,393552,491940
98389,196778,295167,393556,491945
98390,196780,295170,393560,491950
98391,196782,295173,393564,491955
98392,196784,295176,393568,491960
98393,196786,295179,393572,491965
98394,196788,295182,393576,491970
98395,196790,295185,393580,491975
98396,196792,295188,393584,491980
98397,196794,295191,393588,491985
98398,196796,295194,393592,491990
98399,196798,295197,393596,491995
98400,196800,295200,393600,492000
98401,196802,295203,393604,492005
98402,196804,295206,393608,492010
98403,196806,295209,393612,492015
98404,196808,295212,393616,492020
98405,196810,295215,393620,492025
98406,196812,295218,393624,492030
98407,196814,295221,393628,492035
98408,196816,295224,393632,492040
98409,196818,295227,393636,492045
98410,196820,295230,393640,492050
98411,196822,295233,393644,492055
98412,196824,295236,393648,492060
98413,196826,295239,393652,492065
98414,196828,295242,393656,492070
98415,196830,295245,393660,492075
98416,196832,295248,393664,492080
98417,196834,295251,393668,492085
98418,196836,295254,393672,492090
98419,196838,295257,393676,492095
98420,196840,295260,393680,492100
98421,196842,295263,393684,492105
98422,196844,295266,393688,492110
98423,196846,295269,393692,492115
98424,196848,295272,393696,492120
98425,196850,295275,393700,492125
98426,196852,295278,393704,492130
98427,196854,295281,393708,492135
98428,196856,295284,393712,492140
98429,196858,295287,393716,492145
98430,196860,295290,393720,492150
98431,196862,295293,393724,492155
98432,196864,295296,393728,492160
98433,196866,295299,393732,492165
98434,196868,295302,393736,492170
98435,196870,295305,393740,492175
98436,196872,295308,393744,492180
98437,196874,295311,393748,492185
98438,196876,295314,393752,492190
98439,196878,295317,393756,492195
98440,196880,295320,393760,492200
98441,196882,295323,393764,492205
98442,196884,295326,393768,492210
98443,196886,295329,393772,492215
98444,196888,295332,393776,492220
98445,196890,295335,393780,492225
98446,196892,295338,393784,492230
98447,196894,295341,393788,492235
98448,196896,295344,393792,492240
98449,196898,295347,393796,492245
98450,196900,295350,393800,492250
98451,196902,295353,393804,492255
98452,196904,295356,393808,492260
98453,196906,295359,393812,492265
98454,196908,295362,393816,492270
98455,196910,295365,393820,492275
98456,196912,295368,393824,492280
98457,196914,295371,393828,492285
98458,196916,295374,393832,492290
98459,196918,295377,393836,492295
98460,196920,295380,393840,492300
98461,196922,295383,393844,492305
98462,196924,295386,393848,492310
98463,196926,295389,393852,492315
98464,196928,295392,393856,492320
98465,196930,295395,393860,492325
98466,196932,295398,393864,492330
98467,196934,295401,393868,492335
98468,196936,295404,393872,492340
98469,196938,295407,393876,492345
98470,196940,295410,393880,492350
98471,196942,295413,393884,492355
98472,196944,295416,393888,492360
98473,196946,295419,393892,492365
98474,196948,295422,393896,492370
98475,196950,295425,393900,492375
98476,196952,295428,393904,492380
98477,196954,295431,393908,492385
98478,196956,295434,393912,492390
98479,196958,295437,393916,492395
98480,196960,295440,393920,492400
98481,196962,295443,393924,492405
98482,196964,295446,393928,492410
98483,196966,295449,393932,492415
98484,196968,295452,393936,492420
98485,196970,295455,393940,492425
98486,196972,295458,393944,492430
98487,196974,295461,393948,492435
98488,196976,295464,393952,492440
98489,196978,295467,393956,492445
98490,196980,295470,393960,492450
98491,196982,295473,393964,492455
98492,196984,295476,393968,492460
98493,196986,295479,393972,492465
98494,196988,295482,393976,492470
98495,196990,295485,393980,492475
98496,196992,295488,393984,492480
98497,196994,295491,393988,492485
98498,196996,295494,393992,492490
98499,196998,295497,393996,492495
98500,197000,295500,394000,492500
98501,197002,295503,394004,492505
98502,197004,295506,394008,492510
98503,197006,295509,394012,492515
98504,197008,295512,394016,492520
98505,197010,295515,394020,492525
98506,197012,295518,394024,492530
98507,197014,295521,394028,492535
98508,197016,295524,394032,492540
98509,197018,295527,394036,492545
98510,197020,295530,394040,492550
98511,197022,295533,394044,492555
98512,197024,295536,394048,492560
98513,197026,295539,394052,492565
98514,197028,295542,394056,492570
98515,197030,295545,394060,492575
98516,197032,295548,394064,492580
98517,197034,295551,394068,492585
98518,197036,295554,394072,492590
98519,197038,295557,394076,492595
98520,197040,295560,394080,492600
98521,197042,295563,394084,492605
98522,197044,295566,394088,492610
98523,197046,295569,394092,492615
98524,197048,295572,394096,492620
98525,197050,295575,394100,492625
98526,197052,295578,394104,492630
98527,197054,295581,394108,492635
98528,197056,295584,394112,492640
98529,197058,295587,394116,492645
98530,197060,295590,394120,492650
98531,197062,295593,394124,492655
98532,197064,295596,394128,492660
98533,197066,295599,394132,492665
98534,197068,295602,394136,492670
98535,197070,295605,394140,492675
98536,197072,295608,394144,492680
98537,197074,295611,394148,492685
98538,197076,295614,394152,492690
98539,197078,295617,394156,492695
98540,197080,295620,394160,492700
98541,197082,295623,394164,492705
98542,197084,295626,394168,492710
98543,197086,295629,394172,492715
98544,197088,295632,394176,492720
98545,197090,295635,394180,492725
98546,197092,295638,394184,492730
98547,197094,295641,394188,492735
98548,197096,295644,394192,492740
98549,197098,295647,394196,492745
98550,197100,295650,394200,492750
98551,197102,295653,394204,492755
98552,197104,295656,394208,492760
98553,197106,295659,394212,492765
98554,197108,295662,394216,492770
98555,197110,295665,394220,492775
98556,197112,295668,394224,492780
98557,197114,295671,394228,492785
98558,197116,295674,394232,492790
98559,197118,295677,394236,492795
98560,197120,295680,394240,492800
98561,197122,295683,394244,492805
98562,197124,295686,394248,492810
98563,197126,295689,394252,492815
98564,197128,295692,394256,492820
98565,197130,295695,394260,492825
98566,197132,295698,394264,492830
98567,197134,295701,394268,492835
98568,197136,295704,394272,492840
98569,197138,295707,394276,492845
98570,197140,295710,394280,492850
98571,197142,295713,394284,492855
98572,197144,295716,394288,492860
98573,197146,295719,394292,492865
98574,197148,295722,394296,492870
98575,197150,295725,394300,492875
98576,197152,295728,394304,492880
98577,197154,295731,394308,492885
98578,197156,295734,394312,492890
98579,197158,295737,394316,492895
98580,197160,295740,394320,492900
98581,197162,295743,394324,492905
98582,197164,295746,394328,492910
98583,197166,295749,394332,492915
98584,197168,295752,394336,492920
98585,197170,295755,394340,492925
98586,197172,295758,394344,492930
98587,197174,295761,394348,492935
98588,197176,295764,394352,492940
98589,197178,295767,394356,492945
98590,197180,295770,394360,492950
98591,197182,295773,394364,492955
98592,197184,295776,394368,492960
98593,197186,295779,394372,492965
98594,197188,295782,394376,492970
98595,197190,295785,394380,492975
98596,197192,295788,394384,492980
98597,197194,295791,394388,492985
98598,197196,295794,394392,492990
98599,197198,295797,394396,492995
98600,197200,295800,394400,493000
98601,197202,295803,394404,493005
98602,197204,295806,394408,493010
98603,197206,295809,394412,493015
98604,197208,295812,394416,493020
98605,197210,295815,394420,493025
98606,197212,295818,394424,493030
98607,197214,295821,394428,493035
98608,197216,295824,394432,493040
98609,197218,295827,394436,493045
98610,197220,295830,394440,493050
98611,197222,295833,394444,493055
98612,197224,295836,394448,493060
98613,197226,295839,394452,493065
98614,197228,295842,394456,493070
98615,197230,295845,394460,493075
98616,197232,295848,394464,493080
98617,197234,295851,394468,493085
98618,197236,295854,394472,493090
98619,197238,295857,394476,493095
98620,197240,295860,394480,493100
98621,197242,295863,394484,493105
98622,197244,295866,394488,493110
98623,197246,295869,394492,493115
98624,197248,295872,394496,493120
98625,197250,295875,394500,493125
98626,197252,295878,394504,493130
98627,197254,295881,394508,493135
98628,197256,295884,394512,493140
98629,197258,295887,394516,493145
98630,197260,295890,394520,493150
98631,197262,295893,394524,493155
98632,197264,295896,394528,493160
98633,197266,295899,394532,493165
98634,197268,295902,394536,493170
98635,197270,295905,394540,493175
98636,197272,295908,394544,493180
98637,197274,295911,394548,493185
98638,197276,295914,394552,493190
98639,197278,295917,394556,493195
98640,197280,295920,394560,493200
98641,197282,295923,394564,493205
98642,197284,295926,394568,493210
98643,197286,295929,394572,493215
98644,197288,295932,394576,493220
98645,197290,295935,394580,493225
98646,197292,295938,394584,493230
98647,197294,295941,394588,493235
98648,197296,295944,394592,493240
98649,197298,295947,394596,493245
98650,197300,295950,394600,493250
98651,197302,295953,394604,493255
98652,197304,295956,394608,493260
98653,197306,295959,394612,493265
98654,197308,295962,394616,493270
98655,197310,295965,394620,493275
98656,197312,295968,394624,493280
98657,197314,295971,394628,493285
98658,197316,295974,394632,493290
98659,197318,295977,394636,493295
98660,197320,295980,394640,493300
98661,197322,295983,394644,493305
98662,197324,295986,394648,493310
98663,197326,295989,394652,493315
98664,197328,295992,394656,493320
98665,197330,295995,394660,493325
98666,197332,295998,394664,493330
98667,197334,296001,394668,493335
98668,197336,296004,394672,493340
98669,197338,296007,394676,493345
98670,197340,296010,394680,493350
98671,197342,296013,394684,493355
98672,197344,296016,394688,493360
98673,197346,296019,394692,493365
98674,197348,296022,394696,493370
98675,197350,296025,394700,493375
98676,197352,296028,394704,493380
98677,197354,296031,394708,493385
98678,197356,296034,394712,493390
98679,197358,296037,394716,493395
98680,197360,296040,394720,493400
98681,197362,296043,394724,493405
98682,197364,296046,394728,493410
98683,197366,296049,394732,493415
98684,197368,296052,394736,493420
98685,197370,296055,394740,493425
98686,197372,296058,394744,493430
98687,197374,296061,394748,493435
98688,197376,296064,394752,493440
98689,197378,296067,394756,493445
98690,197380,296070,394760,493450
98691,197382,296073,394764,493455
98692,197384,296076,394768,493460
98693,197386,296079,394772,493465
98694,197388,296082,394776,493470
98695,197390,296085,394780,493475
98696,197392,296088,394784,493480
98697,197394,296091,394788,493485
98698,197396,296094,394792,493490
98699,197398,296097,394796,493495
98700,197400,296100,394800,493500
98701,197402,296103,394804,493505
98702,197404,296106,394808,493510
98703,197406,296109,394812,493515
98704,197408,296112,394816,493520
98705,197410,296115,394820,493525
98706,197412,296118,394824,493530
98707,197414,296121,394828,493535
98708,197416,296124,394832,493540
98709,197418,296127,394836,493545
98710,197420,296130,394840,493550
98711,197422,296133,394844,493555
98712,197424,296136,394848,493560
98713,197426,296139,394852,493565
98714,197428,296142,394856,493570
98715,197430,296145,394860,493575
98716,197432,296148,394864,493580
98717,197434,296151,394868,493585
98718,197436,296154,394872,493590
98719,197438,296157,394876,493595
98720,197440,296160,394880,493600
98721,197442,296163,394884,493605
98722,197444,296166,394888,493610
98723,197446,296169,394892,493615
98724,197448,296172,394896,493620
98725,197450,296175,394900,493625
98726,197452,296178,394904,493630
98727,197454,296181,394908,493635
98728,197456,296184,394912,493640
98729,197458,296187,394916,493645
98730,197460,296190,394920,493650
98731,197462,296193,394924,493655
98732,197464,296196,394928,493660
98733,197466,296199,394932,493665
98734,197468,296202,394936,493670
98735,197470,296205,394940,493675
98736,197472,296208,394944,493680
98737,197474,296211,394948,493685
98738,197476,296214,394952,493690
98739,197478,296217,394956,493695
98740,197480,296220,394960,493700
98741,197482,296223,394964,493705
98742,197484,296226,394968,493710
98743,197486,296229,394972,493715
98744,197488,296232,394976,493720
98745,197490,296235,394980,493725
98746,197492,296238,394984,493730
98747,197494,296241,394988,493735
98748,197496,296244,394992,493740
98749,197498,296247,394996,493745
98750,197500,296250,395000,493750
98751,197502,296253,395004,493755
98752,197504,296256,395008,493760
98753,197506,296259,395012,493765
98754,197508,296262,395016,493770
98755,197510,296265,395020,493775
98756,197512,296268,395024,493780
98757,197514,296271,395028,493785
98758,197516,296274,395032,493790
98759,197518,296277,395036,493795
98760,197520,296280,395040,493800
98761,197522,296283,395044,493805
98762,197524,296286,395048,493810
98763,197526,296289,395052,493815
98764,197528,296292,395056,493820
98765,197530,296295,395060,493825
98766,197532,296298,395064,493830
98767,197534,296301,395068,493835
98768,197536,296304,395072,493840
98769,197538,296307,395076,493845
98770,197540,296310,395080,493850
98771,197542,296313,395084,493855
98772,197544,296316,395088,493860
98773,197546,296319,395092,493865
98774,197548,296322,395096,493870
98775,197550,296325,395100,493875
98776,197552,296328,395104,493880
98777,197554,296331,395108,493885
98778,197556,296334,395112,493890
98779,197558,296337,395116,493895
98780,197560,296340,395120,493900
98781,197562,296343,395124,493905
98782,197564,296346,395128,493910
98783,197566,296349,395132,493915
98784,197568,296352,395136,493920
98785,197570,296355,395140,493925
98786,197572,296358,395144,493930
98787,197574,296361,395148,493935
98788,197576,296364,395152,493940
98789,197578,296367,395156,493945
98790,197580,296370,395160,493950
98791,197582,296373,395164,493955
98792,197584,296376,395168,493960
98793,197586,296379,395172,493965
98794,197588,296382,395176,493970
98795,197590,296385,395180,493975
98796,197592,296388,395184,493980
98797,197594,296391,395188,493985
98798,197596,296394,395192,493990
98799,197598,296397,395196,493995
98800,197600,296400,395200,494000
98801,197602,296403,395204,494005
98802,197604,296406,395208,494010
98803,197606,296409,395212,494015
98804,197608,296412,395216,494020
98805,197610,296415,395220,494025
98806,197612,296418,395224,494030
98807,197614,296421,395228,494035
98808,197616,296424,395232,494040
98809,197618,296427,395236,494045
98810,197620,296430,395240,494050
98811,197622,296433,395244,494055
98812,197624,296436,395248,494060
98813,197626,296439,395252,494065
98814,197628,296442,395256,494070
98815,197630,296445,395260,494075
98816,197632,296448,395264,494080
98817,197634,296451,395268,494085
98818,197636,296454,395272,494090
98819,197638,296457,395276,494095
98820,197640,296460,395280,494100
98821,197642,296463,395284,494105
98822,197644,296466,395288,494110
98823,197646,296469,395292,494115
98824,197648,296472,395296,494120
98825,197650,296475,395300,494125
98826,197652,296478,395304,494130
98827,197654,296481,395308,494135
98828,197656,296484,395312,494140
98829,197658,296487,395316,494145
98830,197660,296490,395320,494150
98831,197662,296493,395324,494155
98832,197664,296496,395328,494160
98833,197666,296499,395332,494165
98834,197668,296502,395336,494170
98835,197670,296505,395340,494175
98836,197672,296508,395344,494180
98837,197674,296511,395348,494185
98838,197676,296514,395352,494190
98839,197678,296517,395356,494195
98840,197680,296520,395360,494200
98841,197682,296523,395364,494205
98842,197684,296526,395368,494210
98843,197686,296529,395372,494215
98844,197688,296532,395376,494220
98845,197690,296535,395380,494225
98846,197692,296538,395384,494230
98847,197694,296541,395388,494235
98848,197696,296544,395392,494240
98849,197698,296547,395396,494245
98850,197700,296550,395400,494250
98851,197702,296553,395404,494255
98852,197704,296556,395408,494260
98853,197706,296559,395412,494265
98854,197708,296562,395416,494270
98855,197710,296565,395420,494275
98856,197712,296568,395424,494280
98857,197714,296571,395428,494285
98858,197716,296574,395432,494290
98859,197718,296577,395436,494295
98860,197720,296580,395440,494300
98861,197722,296583,395444,494305
98862,197724,296586,395448,494310
98863,197726,296589,395452,494315
98864,197728,296592,395456,494320
98865,197730,296595,395460,494325
98866,197732,296598,395464,494330
98867,197734,296601,395468,494335
98868,197736,296604,395472,494340
98869,197738,296607,395476,494345
98870,197740,296610,395480,494350
98871,197742,296613,395484,494355
98872,197744,296616,395488,494360
98873,197746,296619,395492,494365
98874,197748,296622,395496,494370
98875,197750,296625,395500,494375
98876,197752,296628,395504,494380
98877,197754,296631,395508,494385
98878,197756,296634,395512,494390
98879,197758,296637,395516,494395
98880,197760,296640,395520,494400
98881,197762,296643,395524,494405
98882,197764,296646,395528,494410
98883,197766,296649,395532,494415
98884,197768,296652,395536,494420
98885,197770,296655,395540,494425
98886,197772,296658,395544,494430
98887,197774,296661,395548,494435
98888,197776,296664,395552,494440
98889,197778,296667,395556,494445
98890,197780,296670,395560,494450
98891,197782,296673,395564,494455
98892,197784,296676,395568,494460
98893,197786,296679,395572,494465
98894,197788,296682,395576,494470
98895,197790,296685,395580,494475
98896,197792,296688,395584,494480
98897,197794,296691,395588,494485
98898,197796,296694,395592,494490
98899,197798,296697,395596,494495
98900,197800,296700,395600,494500
98901,197802,296703,395604,494505
98902,197804,296706,395608,494510
98903,197806,296709,395612,494515
98904,197808,296712,395616,494520
98905,197810,296715,395620,494525
98906,197812,296718,395624,494530
98907,197814,296721,395628,494535
98908,197816,296724,395632,494540
98909,197818,296727,395636,494545
98910,197820,296730,395640,494550
98911,197822,296733,395644,494555
98912,197824,296736,395648,494560
98913,197826,296739,395652,494565
98914,197828,296742,395656,494570
98915,197830,296745,395660,494575
98916,197832,296748,395664,494580
98917,197834,296751,395668,494585
98918,197836,296754,395672,494590
98919,197838,296757,395676,494595
98920,197840,296760,395680,494600
98921,197842,296763,395684,494605
98922,197844,296766,395688,494610
98923,197846,296769,395692,494615
98924,197848,296772,395696,494620
98925,197850,296775,395700,494625
98926,197852,296778,395704,494630
98927,197854,296781,395708,494635
98928,197856,296784,395712,494640
98929,197858,296787,395716,494645
98930,197860,296790,395720,494650
98931,197862,296793,395724,494655
98932,197864,296796,395728,494660
98933,197866,296799,395732,494665
98934,197868,296802,395736,494670
98935,197870,296805,395740,494675
98936,197872,296808,395744,494680
98937,197874,296811,395748,494685
98938,197876,296814,395752,494690
98939,197878,296817,395756,494695
98940,197880,296820,395760,494700
98941,197882,296823,395764,494705
98942,197884,296826,395768,494710
98943,197886,296829,395772,494715
98944,197888,296832,395776,494720
98945,197890,296835,395780,494725
98946,197892,296838,395784,494730
98947,197894,296841,395788,494735
98948,197896,296844,395792,494740
98949,197898,296847,395796,494745
98950,197900,296850,395800,494750
98951,197902,296853,395804,494755
98952,197904,296856,395808,494760
98953,197906,296859,395812,494765
98954,197908,296862,395816,494770
98955,197910,296865,395820,494775
98956,197912,296868,395824,494780
98957,197914,296871,395828,494785
98958,197916,296874,395832,494790
98959,197918,296877,395836,494795
98960,197920,296880,395840,494800
98961,197922,296883,395844,494805
98962,197924,296886,395848,494810
98963,197926,296889,395852,494815
98964,197928,296892,395856,494820
98965,197930,296895,395860,494825
98966,197932,296898,395864,494830
98967,197934,296901,395868,494835
98968,197936,296904,395872,494840
98969,197938,296907,395876,494845
98970,197940,296910,395880,494850
98971,197942,296913,395884,494855
98972,197944,296916,395888,494860
98973,197946,296919,395892,494865
98974,197948,296922,395896,494870
98975,197950,296925,395900,494875
98976,197952,296928,395904,494880
98977,197954,296931,395908,494885
98978,197956,296934,395912,494890
98979,197958,296937,395916,494895
98980,197960,296940,395920,494900
98981,197962,296943,395924,494905
98982,197964,296946,395928,494910
98983,197966,296949,395932,494915
98984,197968,296952,395936,494920
98985,197970,296955,395940,494925
98986,197972,296958,395944,494930
98987,197974,296961,395948,494935
98988,197976,296964,395952,494940
98989,197978,296967,395956,494945
98990,197980,296970,395960,494950
98991,197982,296973,395964,494955
98992,197984,296976,395968,494960
98993,197986,296979,395972,494965
98994,197988,296982,395976,494970
98995,197990,296985,395980,494975
98996,197992,296988,395984,494980
98997,197994,296991,395988,494985
98998,197996,296994,395992,494990
98999,197998,296997,395996,494995
99000,198000,297000,396000,495000
99001,198002,297003,396004,495005
99002,198004,297006,396008,495010
99003,198006,297009,396012,495015
99004,198008,297012,396016,495020
99005,198010,297015,396020,495025
99006,198012,297018,396024,495030
99007,198014,297021,396028,495035
99008,198016,297024,396032,495040
99009,198018,297027,396036,495045
99010,198020,297030,396040,495050
99011,198022,297033,396044,495055
99012,198024,297036,396048,495060
99013,198026,297039,396052,495065
99014,198028,297042,396056,495070
99015,198030,297045,396060,495075
99016,198032,297048,396064,495080
99017,198034,297051,396068,495085
99018,198036,297054,396072,495090
99019,198038,297057,396076,495095
99020,198040,297060,396080,495100
99021,198042,297063,396084,495105
99022,198044,297066,396088,495110
99023,198046,297069,396092,495115
99024,198048,297072,396096,495120
99025,198050,297075,396100,495125
99026,198052,297078,396104,495130
99027,198054,297081,396108,495135
99028,198056,297084,396112,495140
99029,198058,297087,396116,495145
99030,198060,297090,396120,495150
99031,198062,297093,396124,495155
99032,198064,297096,396128,495160
99033,198066,297099,396132,495165
99034,198068,297102,396136,495170
99035,198070,297105,396140,495175
99036,198072,297108,396144,495180
99037,198074,297111,396148,495185
99038,198076,297114,396152,495190
99039,198078,297117,396156,495195
99040,198080,297120,396160,495200
99041,198082,297123,396164,495205
99042,198084,297126,396168,495210
99043,198086,297129,396172,495215
99044,198088,297132,396176,495220
99045,198090,297135,396180,495225
99046,198092,297138,396184,495230
99047,198094,297141,396188,495235
99048,198096,297144,396192,495240
99049,198098,297147,396196,495245
99050,198100,297150,396200,495250
99051,198102,297153,396204,495255
99052,198104,297156,396208,495260
99053,198106,297159,396212,495265
99054,198108,297162,396216,495270
99055,198110,297165,396220,495275
99056,198112,297168,396224,495280
99057,198114,297171,396228,495285
99058,198116,297174,396232,495290
99059,198118,297177,396236,495295
99060,198120,297180,396240,495300
99061,198122,297183,396244,495305
99062,198124,297186,396248,495310
99063,198126,297189,396252,495315
99064,198128,297192,396256,495320
99065,198130,297195,396260,495325
99066,198132,297198,396264,495330
99067,198134,297201,396268,495335
99068,198136,297204,396272,495340
99069,198138,297207,396276,495345
99070,198140,297210,396280,495350
99071,198142,297213,396284,495355
99072,198144,297216,396288,495360
99073,198146,297219,396292,495365
99074,198148,297222,396296,495370
99075,198150,297225,396300,495375
99076,198152,297228,396304,495380
99077,198154,297231,396308,495385
99078,198156,297234,396312,495390
99079,198158,297237,396316,495395
99080,198160,297240,396320,495400
99081,198162,297243,396324,495405
99082,198164,297246,396328,495410
99083,198166,297249,396332,495415
99084,198168,297252,396336,495420
99085,198170,297255,396340,495425
99086,198172,297258,396344,495430
99087,198174,297261,396348,495435
99088,198176,297264,396352,495440
99089,198178,297267,396356,495445
99090,198180,297270,396360,495450
99091,198182,297273,396364,495455
99092,198184,297276,396368,495460
99093,198186,297279,396372,495465
99094,198188,297282,396376,495470
99095,198190,297285,396380,495475
99096,198192,297288,396384,495480
99097,198194,297291,396388,495485
99098,198196,297294,396392,495490
99099,198198,297297,396396,495495
99100,198200,297300,396400,495500
99101,198202,297303,396404,495505
99102,198204,297306,396408,495510
99103,198206,297309,396412,495515
99104,198208,297312,396416,495520
99105,198210,297315,396420,495525
99106,198212,297318,396424,495530
99107,198214,297321,396428,495535
99108,198216,297324,396432,495540
99109,198218,297327,396436,495545
99110,198220,297330,396440,495550
99111,198222,297333,396444,495555
99112,198224,297336,396448,495560
99113,198226,297339,396452,495565
99114,198228,297342,396456,495570
99115,198230,297345,396460,495575
99116,198232,297348,396464,495580
99117,198234,297351,396468,495585
99118,198236,297354,396472,495590
99119,198238,297357,396476,495595
99120,198240,297360,396480,495600
99121,198242,297363,396484,495605
99122,198244,297366,396488,495610
99123,198246,297369,396492,495615
99124,198248,297372,396496,495620
99125,198250,297375,396500,495625
99126,198252,297378,396504,495630
99127,198254,297381,396508,495635
99128,198256,297384,396512,495640
99129,198258,297387,396516,495645
99130,198260,297390,396520,495650
99131,198262,297393,396524,495655
99132,198264,297396,396528,495660
99133,198266,297399,396532,495665
99134,198268,297402,396536,495670
99135,198270,297405,396540,495675
99136,198272,297408,396544,495680
99137,198274,297411,396548,495685
99138,198276,297414,396552,495690
99139,198278,297417,396556,495695
99140,198280,297420,396560,495700
99141,198282,297423,396564,495705
99142,198284,297426,396568,495710
99143,198286,297429,396572,495715
99144,198288,297432,396576,495720
99145,198290,297435,396580,495725
99146,198292,297438,396584,495730
99147,198294,297441,396588,495735
99148,198296,297444,396592,495740
99149,198298,297447,396596,495745
99150,198300,297450,396600,495750
99151,198302,297453,396604,495755
99152,198304,297456,396608,495760
99153,198306,297459,396612,495765
99154,198308,297462,396616,495770
99155,198310,297465,396620,495775
99156,198312,297468,396624,495780
99157,198314,297471,396628,495785
99158,198316,297474,396632,495790
99159,198318,297477,396636,495795
99160,198320,297480,396640,495800
99161,198322,297483,396644,495805
99162,198324,297486,396648,495810
99163,198326,297489,396652,495815
99164,198328,297492,396656,495820
99165,198330,297495,396660,495825
99166,198332,297498,396664,495830
99167,198334,297501,396668,495835
99168,198336,297504,396672,495840
99169,198338,297507,396676,495845
99170,198340,297510,396680,495850
99171,198342,297513,396684,495855
99172,198344,297516,396688,495860
99173,198346,297519,396692,495865
99174,198348,297522,396696,495870
99175,198350,297525,396700,495875
99176,198352,297528,396704,495880
99177,198354,297531,396708,495885
99178,198356,297534,396712,495890
99179,198358,297537,396716,495895
99180,198360,297540,396720,495900
99181,198362,297543,396724,495905
99182,198364,297546,396728,495910
99183,198366,297549,396732,495915
99184,198368,297552,396736,495920
99185,198370,297555,396740,495925
99186,198372,297558,396744,495930
99187,198374,297561,396748,495935
99188,198376,297564,396752,495940
99189,198378,297567,396756,495945
99190,198380,297570,396760,495950
99191,198382,297573,396764,495955
99192,198384,297576,396768,495960
99193,198386,297579,396772,495965
99194,198388,297582,396776,495970
99195,198390,297585,396780,495975
99196,198392,297588,396784,495980
99197,198394,297591,396788,495985
99198,198396,297594,396792,495990
99199,198398,297597,396796,495995
99200,198400,297600,396800,496000
99201,198402,297603,396804,496005
99202,198404,297606,396808,496010
99203,198406,297609,396812,496015
99204,198408,297612,396816,496020
99205,198410,297615,396820,496025
99206,198412,297618,396824,496030
99207,198414,297621,396828,496035
99208,198416,297624,396832,496040
99209,198418,297627,396836,496045
99210,198420,297630,396840,496050
99211,198422,297633,396844,496055
99212,198424,297636,396848,496060
99213,198426,297639,396852,496065
99214,198428,297642,396856,496070
99215,198430,297645,396860,496075
99216,198432,297648,396864,496080
99217,198434,297651,396868,496085
99218,198436,297654,396872,496090
99219,198438,297657,396876,496095
99220,198440,297660,396880,496100
99221,198442,297663,396884,496105
99222,198444,297666,396888,496110
99223,198446,297669,396892,496115
99224,198448,297672,396896,496120
99225,198450,297675,396900,496125
99226,198452,297678,396904,496130
99227,198454,297681,396908,496135
99228,198456,297684,396912,496140
99229,198458,297687,396916,496145
99230,198460,297690,396920,496150
99231,198462,297693,396924,496155
99232,198464,297696,396928,496160
99233,198466,297699,396932,496165
99234,198468,297702,396936,496170
99235,198470,297705,396940,496175
99236,198472,297708,396944,496180
99237,198474,297711,396948,496185
99238,198476,297714,396952,496190
99239,198478,297717,396956,496195
99240,198480,297720,396960,496200
99241,198482,297723,396964,496205
99242,198484,297726,396968,496210
99243,198486,297729,396972,496215
99244,198488,297732,396976,496220
99245,198490,297735,396980,496225
99246,198492,297738,396984,496230
99247,198494,297741,396988,496235
99248,198496,297744,396992,496240
99249,198498,297747,396996,496245
99250,198500,297750,397000,496250
99251,198502,297753,397004,496255
99252,198504,297756,397008,496260
99253,198506,297759,397012,496265
99254,198508,297762,397016,496270
99255,198510,297765,397020,496275
99256,198512,297768,397024,496280
99257,198514,297771,397028,496285
99258,198516,297774,397032,496290
99259,198518,297777,397036,496295
99260,198520,297780,397040,496300
99261,198522,297783,397044,496305
99262,198524,297786,397048,496310
99263,198526,297789,397052,496315
99264,198528,297792,397056,496320
99265,198530,297795,397060,496325
99266,198532,297798,397064,496330
99267,198534,297801,397068,496335
99268,198536,297804,397072,496340
99269,198538,297807,397076,496345
99270,198540,297810,397080,496350
99271,198542,297813,397084,496355
99272,198544,297816,397088,496360
99273,198546,297819,397092,496365
99274,198548,297822,397096,496370
99275,198550,297825,397100,496375
99276,198552,297828,397104,496380
99277,198554,297831,397108,496385
99278,198556,297834,397112,496390
99279,198558,297837,397116,496395
99280,198560,297840,397120,496400
99281,198562,297843,397124,496405
99282,198564,297846,397128,496410
99283,198566,297849,397132,496415
99284,198568,297852,397136,496420
99285,198570,297855,397140,496425
99286,198572,297858,397144,496430
99287,198574,297861,397148,496435
99288,198576,297864,397152,496440
99289,198578,297867,397156,496445
99290,198580,297870,397160,496450
99291,198582,297873,397164,496455
99292,198584,297876,397168,496460
99293,198586,297879,397172,496465
99294,198588,297882,397176,496470
99295,198590,297885,397180,496475
99296,198592,297888,397184,496480
99297,198594,297891,397188,496485
99298,198596,297894,397192,496490
99299,198598,297897,397196,496495
99300,198600,297900,397200,496500
99301,198602,297903,397204,496505
99302,198604,297906,397208,496510
99303,198606,297909,397212,496515
99304,198608,297912,397216,496520
99305,198610,297915,397220,496525
99306,198612,297918,397224,496530
99307,198614,297921,397228,496535
99308,198616,297924,397232,496540
99309,198618,297927,397236,496545
99310,198620,297930,397240,496550
99311,198622,297933,397244,496555
99312,198624,297936,397248,496560
99313,198626,297939,397252,496565
99314,198628,297942,397256,496570
99315,198630,297945,397260,496575
99316,198632,297948,397264,496580
99317,198634,297951,397268,496585
99318,198636,297954,397272,496590
99319,198638,297957,397276,496595
99320,198640,297960,397280,496600
99321,198642,297963,397284,496605
99322,198644,297966,397288,496610
99323,198646,297969,397292,496615
99324,198648,297972,397296,496620
99325,198650,297975,397300,496625
99326,198652,297978,397304,496630
99327,198654,297981,397308,496635
99328,198656,297984,397312,496640
99329,198658,297987,397316,496645
99330,198660,297990,397320,496650
99331,198662,297993,397324,496655
99332,198664,297996,397328,496660
99333,198666,297999,397332,496665
99334,198668,298002,397336,496670
99335,198670,298005,397340,496675
99336,198672,298008,397344,496680
99337,198674,298011,397348,496685
99338,198676,298014,397352,496690
99339,198678,298017,397356,496695
99340,198680,298020,397360,496700
99341,198682,298023,397364,496705
99342,198684,298026,397368,496710
99343,198686,298029,397372,496715
99344,198688,298032,397376,496720
99345,198690,298035,397380,496725
99346,198692,298038,397384,496730
99347,198694,298041,397388,496735
99348,198696,298044,397392,496740
99349,198698,298047,397396,496745
99350,198700,298050,397400,496750
99351,198702,298053,397404,496755
99352,198704,298056,397408,496760
99353,198706,298059,397412,496765
99354,198708,298062,397416,496770
99355,198710,298065,397420,496775
99356,198712,298068,397424,496780
99357,198714,298071,397428,496785
99358,198716,298074,397432,496790
99359,198718,298077,397436,496795
99360,198720,298080,397440,496800
99361,198722,298083,397444,496805
99362,198724,298086,397448,496810
99363,198726,298089,397452,496815
99364,198728,298092,397456,496820
99365,198730,298095,397460,496825
99366,198732,298098,397464,496830
99367,198734,298101,397468,496835
99368,198736,298104,397472,496840
99369,198738,298107,397476,496845
99370,198740,298110,397480,496850
99371,198742,298113,397484,496855
99372,198744,298116,397488,496860
99373,198746,298119,397492,496865
99374,198748,298122,397496,496870
99375,198750,298125,397500,496875
99376,198752,298128,397504,496880
99377,198754,298131,397508,496885
99378,198756,298134,397512,496890
99379,198758,298137,397516,496895
99380,198760,298140,397520,496900
99381,198762,298143,397524,496905
99382,198764,298146,397528,496910
99383,198766,298149,397532,496915
99384,198768,298152,397536,496920
99385,198770,298155,397540,496925
99386,198772,298158,397544,496930
99387,198774,298161,397548,496935
99388,198776,298164,397552,496940
99389,198778,298167,397556,496945
99390,198780,298170,397560,496950
99391,198782,298173,397564,496955
99392,198784,298176,397568,496960
99393,198786,298179,397572,496965
99394,198788,298182,397576,496970
99395,198790,298185,397580,496975
99396,198792,298188,397584,496980
99397,198794,298191,397588,496985
99398,198796,298194,397592,496990
99399,198798,298197,397596,496995
99400,198800,298200,397600,497000
99401,198802,298203,397604,497005
99402,198804,298206,397608,497010
99403,198806,298209,397612,497015
99404,198808,298212,397616,497020
99405,198810,298215,397620,497025
99406,198812,298218,397624,497030
99407,198814,298221,397628,497035
99408,198816,298224,397632,497040
99409,198818,298227,397636,497045
99410,198820,298230,397640,497050
99411,198822,298233,397644,497055
99412,198824,298236,397648,497060
99413,198826,298239,397652,497065
99414,198828,298242,397656,497070
99415,198830,298245,397660,497075
99416,198832,298248,397664,497080
99417,198834,298251,397668,497085
99418,198836,298254,397672,497090
99419,198838,298257,397676,497095
99420,198840,298260,397680,497100
99421,198842,298263,397684,497105
99422,198844,298266,397688,497110
99423,198846,298269,397692,497115
99424,198848,298272,397696,497120
99425,198850,298275,397700,497125
99426,198852,298278,397704,497130
99427,198854,298281,397708,497135
99428,198856,298284,397712,497140
99429,198858,298287,397716,497145
99430,198860,298290,397720,497150
99431,198862,298293,397724,497155
99432,198864,298296,397728,497160
99433,198866,298299,397732,497165
99434,198868,298302,397736,497170
99435,198870,298305,397740,497175
99436,198872,298308,397744,497180
99437,198874,298311,397748,497185
99438,198876,298314,397752,497190
99439,198878,298317,397756,497195
99440,198880,298320,397760,497200
99441,198882,298323,397764,497205
99442,198884,298326,397768,497210
99443,198886,298329,397772,497215
99444,198888,298332,397776,497220
99445,198890,298335,397780,497225
99446,198892,298338,397784,497230
99447,198894,298341,397788,497235
99448,198896,298344,397792,497240
99449,198898,298347,397796,497245
99450,198900,298350,397800,497250
99451,198902,298353,397804,497255
99452,198904,298356,397808,497260
99453,198906,298359,397812,497265
99454,198908,298362,397816,497270
99455,198910,298365,397820,497275
99456,198912,298368,397824,497280
99457,198914,298371,397828,497285
99458,198916,298374,397832,497290
99459,198918,298377,397836,497295
99460,198920,298380,397840,497300
99461,198922,298383,397844,497305
99462,198924,298386,397848,497310
99463,198926,298389,397852,497315
99464,198928,298392,397856,497320
99465,198930,298395,397860,497325
99466,198932,298398,397864,497330
99467,198934,298401,397868,497335
99468,198936,298404,397872,497340
99469,198938,298407,397876,497345
99470,198940,298410,397880,497350
99471,198942,298413,397884,497355
99472,198944,298416,397888,497360
99473,198946,298419,397892,497365
99474,198948,298422,397896,497370
99475,198950,298425,397900,497375
99476,198952,298428,397904,497380
99477,198954,298431,397908,497385
99478,198956,298434,397912,497390
99479,198958,298437,397916,497395
99480,198960,298440,397920,497400
99481,198962,298443,397924,497405
99482,198964,298446,397928,497410
99483,198966,298449,397932,497415
99484,198968,298452,397936,497420
99485,198970,298455,397940,497425
99486,198972,298458,397944,497430
99487,198974,298461,397948,497435
99488,198976,298464,397952,497440
99489,198978,298467,397956,497445
99490,198980,298470,397960,497450
99491,198982,298473,397964,497455
99492,198984,298476,397968,497460
99493,198986,298479,397972,497465
99494,198988,298482,397976,497470
99495,198990,298485,397980,497475
99496,198992,298488,397984,497480
99497,198994,298491,397988,497485
99498,198996,298494,397992,497490
99499,198998,298497,397996,497495
99500,199000,298500,398000,497500
99501,199002,298503,398004,497505
99502,199004,298506,398008,497510
99503,199006,298509,398012,497515
99504,199008,298512,398016,497520
99505,199010,298515,398020,497525
99506,199012,298518,398024,497530
99507,199014,298521,398028,497535
99508,199016,298524,398032,497540
99509,199018,298527,398036,497545
99510,199020,298530,398040,497550
99511,199022,298533,398044,497555
99512,199024,298536,398048,497560
99513,199026,298539,398052,497565
99514,199028,298542,398056,497570
99515,199030,298545,398060,497575
99516,199032,298548,398064,497580
99517,199034,298551,398068,497585
99518,199036,298554,398072,497590
99519,199038,298557,398076,497595
99520,199040,298560,398080,497600
99521,199042,298563,398084,497605
99522,199044,298566,398088,497610
99523,199046,298569,398092,497615
99524,199048,298572,398096,497620
99525,199050,298575,398100,497625
99526,199052,298578,398104,497630
99527,199054,298581,398108,497635
99528,199056,298584,398112,497640
99529,199058,298587,398116,497645
99530,199060,298590,398120,497650
99531,199062,298593,398124,497655
99532,199064,298596,398128,497660
99533,199066,298599,398132,497665
99534,199068,298602,398136,497670
99535,199070,298605,398140,497675
99536,199072,298608,398144,497680
99537,199074,298611,398148,497685
99538,199076,298614,398152,497690
99539,199078,298617,398156,497695
99540,199080,298620,398160,497700
99541,199082,298623,398164,497705
99542,199084,298626,398168,497710
99543,199086,298629,398172,497715
99544,199088,298632,398176,497720
99545,199090,298635,398180,497725
99546,199092,298638,398184,497730
99547,199094,298641,398188,497735
99548,199096,298644,398192,497740
99549,199098,298647,398196,497745
99550,199100,298650,398200,497750
99551,199102,298653,398204,497755
99552,199104,298656,398208,497760
99553,199106,298659,398212,497765
99554,199108,298662,398216,497770
99555,199110,298665,398220,497775
99556,199112,298668,398224,497780
99557,199114,298671,398228,497785
99558,199116,298674,398232,497790
99559,199118,298677,398236,497795
99560,199120,298680,398240,497800
99561,199122,298683,398244,497805
99562,199124,298686,398248,497810
99563,199126,298689,398252,497815
99564,199128,298692,398256,497820
99565,199130,298695,398260,497825
99566,199132,298698,398264,497830
99567,199134,298701,398268,497835
99568,199136,298704,398272,497840
99569,199138,298707,398276,497845
99570,199140,298710,398280,497850
99571,199142,298713,398284,497855
99572,199144,298716,398288,497860
99573,199146,298719,398292,497865
99574,199148,298722,398296,497870
99575,199150,298725,398300,497875
99576,199152,298728,398304,497880
99577,199154,298731,398308,497885
99578,199156,298734,398312,497890
99579,199158,298737,398316,497895
99580,199160,298740,398320,497900
99581,199162,298743,398324,497905
99582,199164,298746,398328,497910
99583,199166,298749,398332,497915
99584,199168,298752,398336,497920
99585,199170,298755,398340,497925
99586,199172,298758,398344,497930
99587,199174,298761,398348,497935
99588,199176,298764,398352,497940
99589,199178,298767,398356,497945
99590,199180,298770,398360,497950
99591,199182,298773,398364,497955
99592,199184,298776,398368,497960
99593,199186,298779,398372,497965
99594,199188,298782,398376,497970
99595,199190,298785,398380,497975
99596,199192,298788,398384,497980
99597,199194,298791,398388,497985
99598,199196,298794,398392,497990
99599,199198,298797,398396,497995
99600,199200,298800,398400,498000
99601,199202,298803,398404,498005
99602,199204,298806,398408,498010
99603,199206,298809,398412,498015
99604,199208,298812,398416,498020
99605,199210,298815,398420,498025
99606,199212,298818,398424,498030
99607,199214,298821,398428,498035
99608,199216,298824,398432,498040
99609,199218,298827,398436,498045
99610,199220,298830,398440,498050
99611,199222,298833,398444,498055
99612,199224,298836,398448,498060
99613,199226,298839,398452,498065
99614,199228,298842,398456,498070
99615,199230,298845,398460,498075
99616,199232,298848,398464,498080
99617,199234,298851,398468,498085
99618,199236,298854,398472,498090
99619,199238,298857,398476,498095
99620,199240,298860,398480,498100
99621,199242,298863,398484,498105
99622,199244,298866,398488,498110
99623,199246,298869,398492,498115
99624,199248,298872,398496,498120
99625,199250,298875,398500,498125
99626,199252,298878,398504,498130
99627,199254,298881,398508,498135
99628,199256,298884,398512,498140
99629,199258,298887,398516,498145
99630,199260,298890,398520,498150
99631,199262,298893,398524,498155
99632,199264,298896,398528,498160
99633,199266,298899,398532,498165
99634,199268,298902,398536,498170
99635,199270,298905,398540,498175
99636,199272,298908,398544,498180
99637,199274,298911,398548,498185
99638,199276,298914,398552,498190
99639,199278,298917,398556,498195
99640,199280,298920,398560,498200
99641,199282,298923,398564,498205
99642,199284,298926,398568,498210
99643,199286,298929,398572,498215
99644,199288,298932,398576,498220
99645,199290,298935,398580,498225
99646,199292,298938,398584,498230
99647,199294,298941,398588,498235
99648,199296,298944,398592,498240
99649,199298,298947,398596,498245
99650,199300,298950,398600,498250
99651,199302,298953,398604,498255
99652,199304,298956,398608,498260
99653,199306,298959,398612,498265
99654,199308,298962,398616,498270
99655,199310,298965,398620,498275
99656,199312,298968,398624,498280
99657,199314,298971,398628,498285
99658,199316,298974,398632,498290
99659,199318,298977,398636,498295
99660,199320,298980,398640,498300
99661,199322,298983,398644,498305
99662,199324,298986,398648,498310
99663,199326,298989,398652,498315
99664,199328,298992,398656,498320
99665,199330,298995,398660,498325
99666,199332,298998,398664,498330
99667,199334,299001,398668,498335
99668,199336,299004,398672,498340
99669,199338,299007,398676,498345
99670,199340,299010,398680,498350
99671,199342,299013,398684,498355
99672,199344,299016,398688,498360
99673,199346,299019,398692,498365
99674,199348,299022,398696,498370
99675,199350,299025,398700,498375
99676,199352,299028,398704,498380
99677,199354,299031,398708,498385
99678,199356,299034,398712,498390
99679,199358,299037,398716,498395
99680,199360,299040,398720,498400
99681,199362,299043,398724,498405
99682,199364,299046,398728,498410
99683,199366,299049,398732,498415
99684,199368,299052,398736,498420
99685,199370,299055,398740,498425
99686,199372,299058,398744,498430
99687,199374,299061,398748,498435
99688,199376,299064,398752,498440
99689,199378,299067,398756,498445
99690,199380,299070,398760,498450
99691,199382,299073,398764,498455
99692,199384,299076,398768,498460
99693,199386,299079,398772,498465
99694,199388,299082,398776,498470
99695,199390,299085,398780,498475
99696,199392,299088,398784,498480
99697,199394,299091,398788,498485
99698,199396,299094,398792,498490
99699,199398,299097,398796,498495
99700,199400,299100,398800,498500
99701,199402,299103,398804,498505
99702,199404,299106,398808,498510
99703,199406,299109,398812,498515
99704,199408,299112,398816,498520
99705,199410,299115,398820,498525
99706,199412,299118,398824,498530
99707,199414,299121,398828,498535
99708,199416,299124,398832,498540
99709,199418,299127,398836,498545
99710,199420,299130,398840,498550
99711,199422,299133,398844,498555
99712,199424,299136,398848,498560
99713,199426,299139,398852,498565
99714,199428,299142,398856,498570
99715,199430,299145,398860,498575
99716,199432,299148,398864,498580
99717,199434,299151,398868,498585
99718,199436,299154,398872,498590
99719,199438,299157,398876,498595
99720,199440,299160,398880,498600
99721,199442,299163,398884,498605
99722,199444,299166,398888,498610
99723,199446,299169,398892,498615
99724,199448,299172,398896,498620
99725,199450,299175,398900,498625
99726,199452,299178,398904,498630
99727,199454,299181,398908,498635
99728,199456,299184,398912,498640
99729,199458,299187,398916,498645
99730,199460,299190,398920,498650
99731,199462,299193,398924,498655
99732,199464,299196,398928,498660
99733,199466,299199,398932,498665
99734,199468,299202,398936,498670
99735,199470,299205,398940,498675
99736,199472,299208,398944,498680
99737,199474,299211,398948,498685
99738,199476,299214,398952,498690
99739,199478,299217,398956,498695
99740,199480,299220,398960,498700
99741,199482,299223,398964,498705
99742,199484,299226,398968,498710
99743,199486,299229,398972,498715
99744,199488,299232,398976,498720
99745,199490,299235,398980,498725
99746,199492,299238,398984,498730
99747,199494,299241,398988,498735
99748,199496,299244,398992,498740
99749,199498,299247,398996,498745
99750,199500,299250,399000,498750
99751,199502,299253,399004,498755
99752,199504,299256,399008,498760
99753,199506,299259,399012,498765
99754,199508,299262,399016,498770
99755,199510,299265,399020,498775
99756,199512,299268,399024,498780
99757,199514,299271,399028,498785
99758,199516,299274,399032,498790
99759,199518,299277,399036,498795
99760,199520,299280,399040,498800
99761,199522,299283,399044,498805
99762,199524,299286,399048,498810
99763,199526,299289,399052,498815
99764,199528,299292,399056,498820
99765,199530,299295,399060,498825
99766,199532,299298,399064,498830
99767,199534,299301,399068,498835
99768,199536,299304,399072,498840
99769,199538,299307,399076,498845
99770,199540,299310,399080,498850
99771,199542,299313,399084,498855
99772,199544,299316,399088,498860
99773,199546,299319,399092,498865
99774,199548,299322,399096,498870
99775,199550,299325,399100,498875
99776,199552,299328,399104,498880
99777,199554,299331,399108,498885
99778,199556,299334,399112,498890
99779,199558,299337,399116,498895
99780,199560,299340,399120,498900
99781,199562,299343,399124,498905
99782,199564,299346,399128,498910
99783,199566,299349,399132,498915
99784,199568,299352,399136,498920
99785,199570,299355,399140,498925
99786,199572,299358,399144,498930
99787,199574,299361,399148,498935
99788,199576,299364,399152,498940
99789,199578,299367,399156,498945
99790,199580,299370,399160,498950
99791,199582,299373,399164,498955
99792,199584,299376,399168,498960
99793,199586,299379,399172,498965
99794,199588,299382,399176,498970
99795,199590,299385,399180,498975
99796,199592,299388,399184,498980
99797,199594,299391,399188,498985
99798,199596,299394,399192,498990
99799,199598,299397,399196,498995
99800,199600,299400,399200,499000
99801,199602,299403,399204,499005
99802,199604,299406,399208,499010
99803,199606,299409,399212,499015
99804,199608,299412,399216,499020
99805,199610,299415,399220,499025
99806,199612,299418,399224,499030
99807,199614,299421,399228,499035
99808,199616,299424,399232,499040
99809,199618,299427,399236,499045
99810,199620,299430,399240,499050
99811,199622,299433,399244,499055
99812,199624,299436,399248,499060
99813,199626,299439,399252,499065
99814,199628,299442,399256,499070
99815,199630,299445,399260,499075
99816,199632,299448,399264,499080
99817,199634,299451,399268,499085
99818,199636,299454,399272,499090
99819,199638,299457,399276,499095
99820,199640,299460,399280,499100
99821,199642,299463,399284,499105
99822,199644,299466,399288,499110
99823,199646,299469,399292,499115
99824,199648,299472,399296,499120
99825,199650,299475,399300,499125
99826,199652,299478,399304,499130
99827,199654,299481,399308,499135
99828,199656,299484,399312,499140
99829,199658,299487,399316,499145
99830,199660,299490,399320,499150
99831,199662,299493,399324,499155
99832,199664,299496,399328,499160
99833,199666,299499,399332,499165
99834,199668,299502,399336,499170
99835,199670,299505,399340,499175
99836,199672,299508,399344,499180
99837,199674,299511,399348,499185
99838,199676,299514,399352,499190
99839,199678,299517,399356,499195
99840,199680,299520,399360,499200
99841,199682,299523,399364,499205
99842,199684,299526,399368,499210
99843,199686,299529,399372,499215
99844,199688,299532,399376,499220
99845,199690,299535,399380,499225
99846,199692,299538,399384,499230
99847,199694,299541,399388,499235
99848,199696,299544,399392,499240
99849,199698,299547,399396,499245
99850,199700,299550,399400,499250
99851,199702,299553,399404,499255
99852,199704,299556,399408,499260
99853,199706,299559,399412,499265
99854,199708,299562,399416,499270
99855,199710,299565,399420,499275
99856,199712,299568,399424,499280
99857,199714,299571,399428,499285
99858,199716,299574,399432,499290
99859,199718,299577,399436,499295
99860,199720,299580,399440,499300
99861,199722,299583,399444,499305
99862,199724,299586,399448,499310
99863,199726,299589,399452,499315
99864,199728,299592,399456,499320
99865,199730,299595,399460,499325
99866,199732,299598,399464,499330
99867,199734,299601,399468,499335
99868,199736,299604,399472,499340
99869,199738,299607,399476,499345
99870,199740,299610,399480,499350
99871,199742,299613,399484,499355
99872,199744,299616,399488,499360
99873,199746,299619,399492,499365
99874,199748,299622,399496,499370
99875,199750,299625,399500,499375
99876,199752,299628,399504,499380
99877,199754,299631,399508,499385
99878,199756,299634,399512,499390
99879,199758,299637,399516,499395
99880,199760,299640,399520,499400
99881,199762,299643,399524,499405
99882,199764,299646,399528,499410
99883,199766,299649,399532,499415
99884,199768,299652,399536,499420
99885,199770,299655,399540,499425
99886,199772,299658,399544,499430
99887,199774,299661,399548,499435
99888,199776,299664,399552,499440
99889,199778,299667,399556,499445
99890,199780,299670,399560,499450
99891,199782,299673,399564,499455
99892,199784,299676,399568,499460
99893,199786,299679,399572,499465
99894,199788,299682,399576,499470
99895,199790,299685,399580,499475
99896,199792,299688,399584,499480
99897,199794,299691,399588,499485
99898,199796,299694,399592,499490
99899,199798,299697,399596,499495
99900,199800,299700,399600,499500
99901,199802,299703,399604,499505
99902,199804,299706,399608,499510
99903,199806,299709,399612,499515
99904,199808,299712,399616,499520
99905,199810,299715,399620,499525
99906,199812,299718,399624,499530
99907,199814,299721,399628,499535
99908,199816,299724,399632,499540
99909,199818,299727,399636,499545
99910,199820,299730,399640,499550
99911,199822,299733,399644,499555
99912,199824,299736,399648,499560
99913,199826,299739,399652,499565
99914,199828,299742,399656,499570
99915,199830,299745,399660,499575
99916,199832,299748,399664,499580
99917,199834,299751,399668,499585
99918,199836,299754,399672,499590
99919,199838,299757,399676,499595
99920,199840,299760,399680,499600
99921,199842,299763,399684,499605
99922,199844,299766,399688,499610
99923,199846,299769,399692,499615
99924,199848,299772,399696,499620
99925,199850,299775,399700,499625
99926,199852,299778,399704,499630
99927,199854,299781,399708,499635
99928,199856,299784,399712,499640
99929,199858,299787,399716,499645
99930,199860,299790,399720,499650
99931,199862,299793,399724,499655
99932,199864,299796,399728,499660
99933,199866,299799,399732,499665
99934,199868,299802,399736,499670
99935,199870,299805,399740,499675
99936,199872,299808,399744,499680
99937,199874,299811,399748,499685
99938,199876,299814,399752,499690
99939,199878,299817,399756,499695
99940,199880,299820,399760,499700
99941,199882,299823,399764,499705
99942,199884,299826,399768,499710
99943,199886,299829,399772,499715
99944,199888,299832,399776,499720
99945,199890,299835,399780,499725
99946,199892,299838,399784,499730
99947,199894,299841,399788,499735
99948,199896,299844,399792,499740
99949,199898,299847,399796,499745
99950,199900,299850,399800,499750
99951,199902,299853,399804,499755
99952,199904,299856,399808,499760
99953,199906,299859,399812,499765
99954,199908,299862,399816,499770
99955,199910,299865,399820,499775
99956,199912,299868,399824,499780
99957,199914,299871,399828,499785
99958,199916,299874,399832,499790
99959,199918,299877,399836,499795
99960,199920,299880,399840,499800
99961,199922,299883,399844,499805
99962,199924,299886,399848,499810
99963,199926,299889,399852,499815
99964,199928,299892,399856,499820
99965,199930,299895,399860,499825
99966,199932,299898,399864,499830
99967,199934,299901,399868,499835
99968,199936,299904,399872,499840
99969,199938,299907,399876,499845
99970,199940,299910,399880,499850
99971,199942,299913,399884,499855
99972,199944,299916,399888,499860
99973,199946,299919,399892,499865
99974,199948,299922,399896,499870
99975,199950,299925,399900,499875
99976,199952,299928,399904,499880
99977,199954,299931,399908,499885
99978,199956,299934,399912,499890
99979,199958,299937,399916,499895
99980,199960,299940,399920,499900
99981,199962,299943,399924,499905
99982,199964,299946,399928,499910
99983,199966,299949,399932,499915
99984,199968,299952,399936,499920
99985,199970,299955,399940,499925
99986,199972,299958,399944,499930
99987,199974,299961,399948,499935
99988,199976,299964,399952,499940
99989,199978,299967,399956,499945
99990,199980,299970,399960,499950
99991,199982,299973,399964,499955
99992,199984,299976,399968,499960
99993,199986,299979,399972,499965
99994,199988,299982,399976,499970
99995,199990,299985,399980,499975
99996,199992,299988,399984,499980
99997,199994,299991,399988,499985
99998,199996,299994,399992,499990
99999,199998,299997,399996,499995
100000,200000,300000,400000,500000
